1.0000000000,0.8401262918,1.3354937448,0.3457641484,0.3388704287,1.3010600506,185.0000000000,12.0000000000,13.0000000000,215.0000000000,-0.0022000000,0.3000000000,0.1300000000

optimal_chisq=0.0238199624,optimal_hour=8.9200000879, source_hour=8.9200000000 
parameter is :
0.7891308428,0.8144898911,0.8495068641,0.7401952313,0.6355790746,0.9488423030,185.3466146141,11.8728819136,8.9200000879,215.9823097556,-0.0042838981,0.2999838734,0.0331047449,

##################################
1.0000000000,0.8662161850,0.2517144947,1.5871241391,0.7964350012,0.9512625781,183.0000000000,-74.0000000000,16.0000000000,161.0000000000,-0.0015000000,0.4800000000,0.0600000000

optimal_chisq=0.0263678442,optimal_hour=9.0799999838, source_hour=9.0800000000 
parameter is :
1.4463903519,0.3454225487,0.8778843447,1.2355504708,1.0295329998,1.0614090241,183.3537098772,-73.9936069068,9.0799999838,160.7150028822,-0.0024076133,0.4799992267,-0.0074551777,

##################################
1.0000000000,0.4846337258,0.5911944459,0.8089943162,1.1915584834,0.0103530414,248.0000000000,-24.0000000000,4.0000000000,266.0000000000,-0.0016000000,0.4800000000,0.1300000000

optimal_chisq=0.0217210984,optimal_hour=9.0800006411, source_hour=9.0800000000 
parameter is :
0.9447657223,0.6802201672,0.7555246591,0.8420493587,1.0597222082,0.6373351330,247.9957157236,-21.7950378238,9.0800006411,264.7980189553,0.0042325712,0.4802301211,-0.1185882613,

##################################
1.0000000000,0.5796074600,1.2889842216,0.1057931339,0.4554150241,0.8706770520,207.0000000000,64.0000000000,10.0000000000,125.0000000000,-0.0017000000,0.2500000000,0.1800000000

optimal_chisq=0.0196675346,optimal_hour=9.3500005635, source_hour=9.3500000000 
parameter is :
0.9399922165,0.5535432556,0.9066688592,0.6065649038,0.2214316840,0.3845515029,221.5642214257,58.4922398893,9.3500005635,130.5023785472,0.0015817231,0.2502109517,-0.2271383599,

##################################
1.0000000000,0.5042821805,0.7131397366,0.6894537134,0.8181555954,0.4560163144,269.0000000000,38.0000000000,6.0000000000,92.0000000000,-0.0016000000,0.2200000000,0.1500000000

optimal_chisq=0.0227848894,optimal_hour=9.0599997900, source_hour=9.0600000000 
parameter is :
0.8745728751,0.6065522434,0.6366092742,0.8228323505,0.5571543474,0.8807337015,268.8032899700,38.1752056765,9.0599997900,91.8911058554,-0.0005794017,0.2200194928,-0.0657226649,

##################################
1.0000000000,0.3123443459,0.2004212861,1.0806330063,0.1490044537,1.1083485467,49.0000000000,-59.0000000000,9.0000000000,165.0000000000,-0.0015000000,0.4800000000,0.0900000000

optimal_chisq=0.0248642177,optimal_hour=9.2100001746, source_hour=9.2100000000 
parameter is :
0.8974820912,0.9081965142,0.4604631054,0.7151598792,1.0179279083,0.8521851079,48.6479622496,-55.7413773852,9.2100001746,165.9656347438,-0.0058425467,0.4799913185,-0.1181536335,

##################################
1.0000000000,0.7699835039,1.5513999045,0.0212912150,1.2080912092,0.1920304477,235.0000000000,-73.0000000000,24.0000000000,284.0000000000,-0.0023000000,0.4700000000,0.1300000000

optimal_chisq=0.0240019911,optimal_hour=9.2100004641, source_hour=9.2100000000 
parameter is :
0.9476891616,0.9897267682,1.2342722666,0.6454715768,1.1090838450,0.8328198739,236.1717771546,-55.9183901056,9.2100004641,284.5467500400,-0.0036834998,0.4700830718,0.1449863749,

##################################
1.0000000000,0.4844601888,1.1792498530,0.1242783283,1.0623215775,0.0502376025,114.0000000000,-60.0000000000,10.0000000000,199.0000000000,-0.0016000000,0.4000000000,0.1900000000

optimal_chisq=0.0247591450,optimal_hour=8.4999968078, source_hour=8.5000000000 
parameter is :
1.3979761363,1.2716593904,1.3343569839,1.3618292325,1.4551613765,1.2109165983,106.0702541683,-85.0893829267,8.4999968078,191.1572273504,-0.0034799649,0.4008972074,-0.1781893092,

##################################
1.0000000000,0.4911007106,0.5468542768,0.8668835350,1.1816021386,0.0384365465,58.0000000000,-42.0000000000,22.0000000000,288.0000000000,-0.0023000000,0.3700000000,0.1100000000

optimal_chisq=0.0233030204,optimal_hour=9.0700002151, source_hour=9.0700000000 
parameter is :
0.8192158980,0.8056510363,0.7734567691,0.8528906482,1.0813653971,0.5683754904,58.2136527998,-42.1716721155,9.0700002151,287.7860859004,-0.0011851296,0.3700069157,-0.0877243940,

##################################
1.0000000000,0.8295765695,0.1927970252,1.6154554171,1.0644822714,0.6171706500,120.0000000000,-64.0000000000,20.0000000000,230.0000000000,-0.0024000000,0.4000000000,0.1400000000

optimal_chisq=0.0226357425,optimal_hour=9.3399998554, source_hour=9.3400000000 
parameter is :
-0.1290913509,0.9051004786,1.0798898623,1.4115064480,1.1810597018,1.3336016319,123.9400849663,-70.4077446956,9.3399998554,229.1419563813,-0.0002624865,0.4000392943,0.1988949194,

##################################
1.0000000000,0.6261981580,0.5048021835,1.0567417335,0.3451178948,1.1708963858,138.0000000000,-7.0000000000,22.0000000000,3.0000000000,-0.0023000000,0.2200000000,0.1000000000

optimal_chisq=0.0248066796,optimal_hour=8.8099981227, source_hour=8.8100000000 
parameter is :
1.0498088722,0.9136142028,1.0686419674,0.9076435485,1.2138590963,0.4970616948,137.6068390138,-6.1115340013,8.8099981227,2.9572400565,-0.0026176819,0.2199981336,-0.1141711914,

##################################
1.0000000000,0.6233192871,1.1823195000,0.2792074200,0.0875022855,1.3619507997,348.0000000000,15.0000000000,20.0000000000,83.0000000000,-0.0021000000,0.4100000000,0.1100000000

optimal_chisq=0.0246329264,optimal_hour=9.3200003460, source_hour=9.3200000000 
parameter is :
1.2317165438,1.1571807417,1.5170226570,0.8740418043,0.9278345806,1.4522593783,356.1916971470,22.5979343121,9.3200003460,83.4649926435,-0.0031622047,0.4100487163,-0.0762557606,

##################################
1.0000000000,0.5876983821,0.7975210028,0.6823984016,0.6519237296,0.7339118237,227.0000000000,67.0000000000,7.0000000000,149.0000000000,-0.0023000000,0.4800000000,0.1700000000

optimal_chisq=0.0217020133,optimal_hour=8.6199998479, source_hour=8.6200000000 
parameter is :
0.7613871103,0.7300968869,1.1010692129,0.3080602029,0.7436411304,0.7380186316,228.0077099980,67.0177827077,8.6199998479,149.8942342622,-0.0062003860,0.4799943717,0.4516252565,

##################################
1.0000000000,0.1933148509,0.8800359160,0.1408772108,0.6787031086,0.1850596696,181.0000000000,-75.0000000000,8.0000000000,60.0000000000,-0.0023000000,0.2900000000,0.0500000000

optimal_chisq=0.0258349689,optimal_hour=8.5000019452, source_hour=8.5000000000 
parameter is :
0.6650095534,0.5224959947,0.8243962107,0.2548996718,0.5985418476,0.5930435406,186.0908780259,-87.3863081037,8.5000019452,58.0113010258,-0.0022928806,0.2906414804,-0.0624872964,

##################################
1.0000000000,0.3189028959,1.0849331658,0.0413047206,0.1823459169,0.9105217977,296.0000000000,11.0000000000,14.0000000000,191.0000000000,-0.0024000000,0.4400000000,0.1500000000

optimal_chisq=0.0224106260,optimal_hour=8.9800007568, source_hour=8.9800000000 
parameter is :
0.4558756816,0.4237204928,0.5256228426,0.3202982017,0.3125880152,0.5596606623,291.7038248018,10.3715100241,8.9800007568,194.9717526807,-0.0031327721,0.4399958856,-0.0017570371,

##################################
1.0000000000,0.0738558462,0.7765138733,0.1250903719,0.0161175038,0.8818971556,264.0000000000,-57.0000000000,14.0000000000,326.0000000000,-0.0019000000,0.2900000000,0.0900000000

optimal_chisq=0.0241507672,optimal_hour=9.3400004648, source_hour=9.3400000000 
parameter is :
0.5310777146,0.4746036116,0.6495567349,0.3551156783,0.4439223265,0.5624489241,262.1488408199,-42.9852436764,9.3400004648,323.1354149491,-0.0040198323,0.2903058957,0.1084833375,

##################################
1.0000000000,0.9980213521,1.0470765247,0.8399696383,1.6525635390,0.0391059837,227.0000000000,-44.0000000000,24.0000000000,42.0000000000,-0.0013000000,0.3300000000,0.0600000000

optimal_chisq=0.0163586604,optimal_hour=9.3600007714, source_hour=9.3600000000 
parameter is :
0.9660283201,1.0147541904,1.0467665444,0.8549495704,1.6558194368,0.0168775731,227.0007877538,-43.9991471842,9.3600007714,41.9999878940,0.0007744900,0.3300198926,0.1227943922,

##################################
1.0000000000,0.4645130636,0.3364041488,1.0806288419,0.1708994290,1.2215876348,263.0000000000,30.0000000000,19.0000000000,325.0000000000,-0.0023000000,0.3900000000,0.1800000000

optimal_chisq=0.0218460471,optimal_hour=9.3800005657, source_hour=9.3800000000 
parameter is :
0.8811722570,0.7352589256,0.6362832163,0.9680054088,0.6399814553,0.9386415443,260.5715975277,28.0206366785,9.3800005657,324.6352614576,0.0005359797,0.3900723840,-0.0608217121,

##################################
1.0000000000,0.6477185984,1.2076760963,0.2774009625,0.4007391273,1.0282508878,204.0000000000,-83.0000000000,15.0000000000,142.0000000000,-0.0019000000,0.2300000000,0.1400000000

optimal_chisq=0.0241625124,optimal_hour=9.3800017615, source_hour=9.3800000000 
parameter is :
-1.9703760926,0.0740370348,-1.1557493313,-1.1747970034,-1.1442580235,-1.1520707623,198.4333450874,-83.4818513592,9.3800017615,144.0060185416,0.0027390336,0.2304412169,-0.1079923725,

##################################
1.0000000000,0.7222597072,1.0177443339,0.5768674607,0.6599216275,0.8471112374,22.0000000000,54.0000000000,20.0000000000,287.0000000000,-0.0019000000,0.3000000000,0.0800000000

optimal_chisq=0.0240263496,optimal_hour=9.2300001000, source_hour=9.2300000000 
parameter is :
0.8541238490,0.8171962449,0.9663687727,0.6812640245,0.9592683718,0.6759397686,22.2273858727,53.9556580319,9.2300001000,287.1760087972,-0.0022745327,0.2999985994,-0.0038896968,

##################################
1.0000000000,0.7249369559,0.8331299529,0.7890923568,0.6028800604,0.9412558509,125.0000000000,48.0000000000,11.0000000000,103.0000000000,-0.0024000000,0.3000000000,0.0800000000

optimal_chisq=0.0211198547,optimal_hour=9.0499997454, source_hour=9.0500000000 
parameter is :
0.8877336044,0.7585281774,0.8579404231,0.8023651552,0.3787123502,1.1366988899,125.0271437944,48.0023100127,9.0499997454,103.0535274395,0.0005099691,0.3000532180,0.0334239378,

##################################
1.0000000000,0.3339534627,0.8467286328,0.3451406910,0.3594773958,0.7686627171,284.0000000000,-37.0000000000,8.0000000000,330.0000000000,-0.0023000000,0.3500000000,0.1800000000

optimal_chisq=0.0233726824,optimal_hour=8.9299999749, source_hour=8.9300000000 
parameter is :
0.8575590926,0.4592937033,0.6965650601,0.6228105544,0.5981213809,0.7168053799,283.5709073018,-37.1227124596,8.9299999749,330.4411552165,-0.0045762746,0.3499820055,0.0697288871,

##################################
1.0000000000,0.5454035842,1.1552561471,0.2224388929,0.8632394143,0.3750287305,70.0000000000,-29.0000000000,13.0000000000,3.0000000000,-0.0015000000,0.4400000000,0.1100000000

optimal_chisq=0.0205493825,optimal_hour=8.5500007729, source_hour=8.5500000000 
parameter is :
0.6207815223,0.9238324891,1.0026869041,0.5264845376,0.7607953442,0.7930765747,69.7088767078,-28.3398824220,8.5500007729,2.9779918811,-0.0030100487,0.4399978569,-0.1192793174,

##################################
1.0000000000,0.5804139816,1.0634219863,0.3684567984,0.3259986238,1.0587976207,130.0000000000,58.0000000000,21.0000000000,274.0000000000,-0.0015000000,0.3500000000,0.0500000000

optimal_chisq=0.0232294699,optimal_hour=8.9799981929, source_hour=8.9800000000 
parameter is :
1.1502581742,1.1993494657,1.1910844833,1.1278129597,1.5688657414,0.6417703501,133.2819605734,59.7900499375,8.9799981929,274.8596900800,-0.0008667998,0.3500822797,0.0129915514,

##################################
1.0000000000,0.1412568521,0.1936879533,0.9125515350,0.5459082855,0.4507876012,265.0000000000,1.0000000000,18.0000000000,54.0000000000,-0.0023000000,0.3300000000,0.0600000000

optimal_chisq=0.0222187503,optimal_hour=9.0699998298, source_hour=9.0700000000 
parameter is :
1.0130603362,0.7464208642,1.0249729446,0.7416301740,0.8613719817,0.9407907550,260.3673666703,-2.7624756845,9.0699998298,56.0632350688,-0.0023144487,0.3301785190,-0.0519944198,

##################################
1.0000000000,0.5538216334,0.4676108120,1.0234906337,0.2186052044,1.2425745002,107.0000000000,40.0000000000,3.0000000000,129.0000000000,-0.0018000000,0.4800000000,0.1300000000

optimal_chisq=0.0238303160,optimal_hour=9.4000020485, source_hour=9.4000000000 
parameter is :
0.9388141632,0.5313605891,0.7525901338,0.7404147092,0.6422494852,0.8437278402,112.3154472310,40.4488175641,9.4000020485,134.3360909894,-0.0055880977,0.4800067953,-0.0171154070,

##################################
1.0000000000,0.5155609928,0.7351043719,0.6762894706,0.4788838438,0.8610302137,181.0000000000,-65.0000000000,18.0000000000,60.0000000000,-0.0023000000,0.3900000000,0.1100000000

optimal_chisq=0.0255137864,optimal_hour=8.8000004333, source_hour=8.8000000000 
parameter is :
1.2169407359,1.3139736829,1.3970271797,1.1114477839,0.2519907090,0.7246655705,175.8461551648,-40.2675059364,8.8000004333,73.0590492323,0.0013404021,0.3902191639,-0.1154263232,

##################################
1.0000000000,0.2423681176,0.2156629857,0.9909585486,0.2521402886,0.9111310343,317.0000000000,52.0000000000,11.0000000000,56.0000000000,-0.0023000000,0.3100000000,0.1700000000

optimal_chisq=0.0244312939,optimal_hour=8.9199995477, source_hour=8.9200000000 
parameter is :
0.7962780150,0.4653283615,0.6193739750,0.6493304835,0.5784604297,0.6966548313,317.1110873749,50.9843907724,8.9199995477,55.9808889249,-0.0050010494,0.3100114085,0.0051061992,

##################################
1.0000000000,0.6445216200,1.3368312122,0.1247625292,1.1601998012,0.1201642682,204.0000000000,-65.0000000000,9.0000000000,22.0000000000,-0.0022000000,0.4300000000,0.1200000000

optimal_chisq=0.0252433561,optimal_hour=9.5500005001, source_hour=9.5500000000 
parameter is :
-0.0000429053,-0.1280596664,0.9055278780,0.9635090709,0.9286003746,0.9297217838,182.3809530366,-78.4347738661,9.5500005001,25.8245314224,-0.0113997735,0.4305060878,0.3846818078,

##################################
1.0000000000,0.8272965186,0.9224421675,0.7975960150,0.1688723255,1.5313005447,358.0000000000,16.0000000000,7.0000000000,293.0000000000,-0.0014000000,0.2100000000,0.1300000000

optimal_chisq=0.0227725674,optimal_hour=9.2600016466, source_hour=9.2600000000 
parameter is :
-5.2350756852,-4.2819339981,-5.5566877894,-4.1840984660,-2.8846627980,-4.7920023431,384.6963907314,24.7646362404,9.2600016466,286.4907678448,-0.0010867116,0.2107444131,0.1348041865,

##################################
1,chisq=0.016358660434336601968707824994,optimalHour=9.3600007714,InitHout=9.3600000000,deviation=0.0000007714
2,chisq=0.019667534559977026958899060105,optimalHour=9.3500005635,InitHout=9.3500000000,deviation=0.0000005635
3,chisq=0.020549382490250883009919036226,optimalHour=8.5500007729,InitHout=8.5500000000,deviation=0.0000007729
4,chisq=0.021119854687506073309677390171,optimalHour=9.0499997454,InitHout=9.0500000000,deviation=0.0000002546
5,chisq=0.021702013314597493054414201197,optimalHour=8.6199998479,InitHout=8.6200000000,deviation=0.0000001521
6,chisq=0.021721098380876591865673574944,optimalHour=9.0800006411,InitHout=9.0800000000,deviation=0.0000006411
7,chisq=0.021846047113526667615701626346,optimalHour=9.3800005657,InitHout=9.3800000000,deviation=0.0000005657
8,chisq=0.022218750255517439456953709964,optimalHour=9.0699998298,InitHout=9.0700000000,deviation=0.0000001702
9,chisq=0.022410626044910564313994427721,optimalHour=8.9800007568,InitHout=8.9800000000,deviation=0.0000007568
10,chisq=0.022635742470760410183228117376,optimalHour=9.3399998554,InitHout=9.3400000000,deviation=0.0000001446
11,chisq=0.022772567417198803785272076539,optimalHour=9.2600016466,InitHout=9.2600000000,deviation=0.0000016466
12,chisq=0.022784889376468948907206168997,optimalHour=9.0599997900,InitHout=9.0600000000,deviation=0.0000002100
13,chisq=0.023229469851163565830010071522,optimalHour=8.9799981929,InitHout=8.9800000000,deviation=0.0000018071
14,chisq=0.023303020415944897258953005803,optimalHour=9.0700002151,InitHout=9.0700000000,deviation=0.0000002151
15,chisq=0.023372682448121184783929038531,optimalHour=8.9299999749,InitHout=8.9300000000,deviation=0.0000000251
16,chisq=0.023819962391049560868072632047,optimalHour=8.9200000879,InitHout=8.9200000000,deviation=0.0000000879
17,chisq=0.023830315957398918308429713875,optimalHour=9.4000020485,InitHout=9.4000000000,deviation=0.0000020485
18,chisq=0.024001991111573868498130224225,optimalHour=9.2100004641,InitHout=9.2100000000,deviation=0.0000004641
19,chisq=0.024026349631224991343358965423,optimalHour=9.2300001000,InitHout=9.2300000000,deviation=0.0000001000
20,chisq=0.024150767230667218032902354707,optimalHour=9.3400004648,InitHout=9.3400000000,deviation=0.0000004648
21,chisq=0.024162512411857014343885552421,optimalHour=9.3800017615,InitHout=9.3800000000,deviation=0.0000017615
22,chisq=0.024431293943955656455813141292,optimalHour=8.9199995477,InitHout=8.9200000000,deviation=0.0000004523
23,chisq=0.024632926416304996852790765161,optimalHour=9.3200003460,InitHout=9.3200000000,deviation=0.0000003460
24,chisq=0.024759144968266325048666942621,optimalHour=8.4999968078,InitHout=8.5000000000,deviation=0.0000031922
25,chisq=0.024806679622782965705107827148,optimalHour=8.8099981227,InitHout=8.8100000000,deviation=0.0000018773
26,chisq=0.024864217747763751181766522791,optimalHour=9.2100001746,InitHout=9.2100000000,deviation=0.0000001746
27,chisq=0.025243356081089723258470414180,optimalHour=9.5500005001,InitHout=9.5500000000,deviation=0.0000005001
28,chisq=0.025513786385597009287451442106,optimalHour=8.8000004333,InitHout=8.8000000000,deviation=0.0000004333
29,chisq=0.025834968879968906591004795814,optimalHour=8.5000019452,InitHout=8.5000000000,deviation=0.0000019452
30,chisq=0.026367844218275246492844132717,optimalHour=9.0799999838,InitHout=9.0800000000,deviation=0.0000000162


1.0000000000,0.9980213521,1.0470765247,0.8399696383,1.6525635390,0.0391059837,227.0000000000,-44.0000000000,24.0000000000,42.0000000000,-0.0013000000,0.3300000000,0.0600000000

optimal_chisq=0.0163586604,optimal_hour=9.3600007714, source_hour=9.3600000000 
parameter is :
0.9660283201,1.0147541904,1.0467665444,0.8549495704,1.6558194368,0.0168775731,227.0007877538,-43.9991471842,9.3600007714,41.9999878940,0.0007744900,0.3300198926,0.1227943922,

run over!

##################################
1.0000000000,0.5796074600,1.2889842216,0.1057931339,0.4554150241,0.8706770520,207.0000000000,64.0000000000,10.0000000000,125.0000000000,-0.0017000000,0.2500000000,0.1800000000

optimal_chisq=0.0196675346,optimal_hour=9.3500005635, source_hour=9.3500000000 
parameter is :
0.9399922165,0.5535432556,0.9066688592,0.6065649038,0.2214316840,0.3845515029,221.5642214257,58.4922398893,9.3500005635,130.5023785472,0.0015817231,0.2502109517,-0.2271383599,

run over!

##################################
1.0000000000,0.5454035842,1.1552561471,0.2224388929,0.8632394143,0.3750287305,70.0000000000,-29.0000000000,13.0000000000,3.0000000000,-0.0015000000,0.4400000000,0.1100000000

optimal_chisq=0.0205493825,optimal_hour=8.5500007729, source_hour=8.5500000000 
parameter is :
0.6207815223,0.9238324891,1.0026869041,0.5264845376,0.7607953442,0.7930765747,69.7088767078,-28.3398824220,8.5500007729,2.9779918811,-0.0030100487,0.4399978569,-0.1192793174,

run over!

##################################
1.0000000000,0.7249369559,0.8331299529,0.7890923568,0.6028800604,0.9412558509,125.0000000000,48.0000000000,11.0000000000,103.0000000000,-0.0024000000,0.3000000000,0.0800000000

optimal_chisq=0.0195313844,optimal_hour=9.0730001205, source_hour=9.0730000000 
parameter is :
0.9001719530,0.8008171140,1.0043066160,0.6407000969,0.9058458021,0.7706633391,125.0051693252,47.9983045672,9.0730001205,103.0001881438,-0.0022510226,0.3000086430,-0.1101369438,

run over!

##################################
1.0000000000,0.5876983821,0.7975210028,0.6823984016,0.6519237296,0.7339118237,227.0000000000,67.0000000000,7.0000000000,149.0000000000,-0.0023000000,0.4800000000,0.1700000000

optimal_chisq=0.0217020133,optimal_hour=8.6199998479, source_hour=8.6200000000 
parameter is :
0.7613871103,0.7300968869,1.1010692129,0.3080602029,0.7436411304,0.7380186316,228.0077099980,67.0177827077,8.6199998479,149.8942342622,-0.0062003860,0.4799943717,0.4516252565,

run over!

##################################
1.0000000000,0.4846337258,0.5911944459,0.8089943162,1.1915584834,0.0103530414,248.0000000000,-24.0000000000,4.0000000000,266.0000000000,-0.0016000000,0.4800000000,0.1300000000

optimal_chisq=0.0157933184,optimal_hour=9.0730036004, source_hour=9.0730000000 
parameter is :
1.0068535009,0.7271695181,0.9814412949,0.7941701904,1.1451241820,0.5786887676,245.6495641286,-21.1203916112,9.0730036004,265.4058797572,-0.0003653440,0.4800557656,-0.0424368747,

run over!

##################################
1,chisq=0.015793318360555027440872422062,optimalHour=9.0730036004,InitHout=9.0730000000,deviation=0.0000036004
2,chisq=0.016358660434336601968707824994,optimalHour=9.3600007714,InitHout=9.3600000000,deviation=0.0000007714
3,chisq=0.019531384416592634245546378224,optimalHour=9.0730001205,InitHout=9.0730000000,deviation=0.0000001205
4,chisq=0.019667534559977026958899060105,optimalHour=9.3500005635,InitHout=9.3500000000,deviation=0.0000005635
5,chisq=0.020549382490250883009919036226,optimalHour=8.5500007729,InitHout=8.5500000000,deviation=0.0000007729
6,chisq=0.021702013314597493054414201197,optimalHour=8.6199998479,InitHout=8.6200000000,deviation=0.0000001521







1.0000000000,0.7249369559,0.8331299529,0.7890923568,0.6028800604,0.9412558509,125.0000000000,48.0000000000,11.0000000000,103.0000000000,-0.0024000000,0.3000000000,0.0800000000


1.0000000000,0.7249369559,0.8331299529,0.7890923568,0.6028800604,0.9412558509,125.0000000000,48.0000000000,11.0000000000,103.0000000000,-0.0024000000,0.3000000000,0.0800000000

optimal_chisq=0.0141067184,optimal_hour=9.0736003730 
parameter is :
0.9490573888,0.7127149185,0.7928395168,0.8434847563,0.4283687619,1.0948704597,124.0690240100,48.2456481003,9.0736003730,102.1294973356,0.0001814294,0.3000339450,-0.0021994751,


Pole:
optimalLambda,optimalBeta:(342.8584343467,75.9717059551)
optimalParameter:{0.8996374108,0.7830190805,0.8629554448,0.7984825330,0.0199537001,0.2207818127,342.8584343467,75.9717059551,9.0735983312,290.7068248880,0.0083260870,0.3900000151,-0.1396921551}

