1.0000000000,0.8918029172,0.7215610519,1.0906067393,0.2953868392,1.4835719947,99.0000000000,11.0000000000,15.0000000000,186.0000000000,-0.0021000000,0.4700000000,0.1300000000

optimal_chisq=1.4260344685,optimal_hour=8.7100011655, source_hour=8.7100000000 
parameter is :
1.0563142032,0.9167962724,0.7209274440,1.0778096883,0.2877497266,1.4415818637,98.9994451604,11.0001325349,8.7100011655,185.9997265078,0.0172981608,0.4700309593,0.1772298122,

##################################
1.0000000000,0.6686846393,0.0146767435,1.6522469582,0.7881992753,0.7780782426,142.0000000000,-19.0000000000,4.0000000000,194.0000000000,-0.0014000000,0.3500000000,0.1700000000

optimal_chisq=0.9286681910,optimal_hour=9.0200015901, source_hour=9.0200000000 
parameter is :
0.8497020414,0.8939025889,-0.4194956379,2.1362641587,0.5754489820,0.8230326973,142.0649419429,-19.0210116115,9.0200015901,193.9055871515,-0.0479239241,0.3498788997,0.0780043703,

##################################
1.0000000000,0.1137852725,0.8996872785,0.0180265775,0.2073836911,0.6626580399,349.0000000000,-43.0000000000,9.0000000000,73.0000000000,-0.0016000000,0.4900000000,0.1200000000

optimal_chisq=0.8191763315,optimal_hour=8.9399999114, source_hour=8.9400000000 
parameter is :
0.8848984625,0.4838136568,1.2219791975,-0.0380069557,0.2895875318,0.9014344422,349.4752525642,-36.5645851555,8.9399999114,75.7903340223,0.2410583044,0.4732566493,0.6570998606,

##################################
1.0000000000,0.1434670524,0.2213241211,0.8820243041,0.8957935997,0.0096965494,131.0000000000,-60.0000000000,13.0000000000,90.0000000000,-0.0024000000,0.4000000000,0.0900000000

optimal_chisq=1.3730701423,optimal_hour=8.8600005429, source_hour=8.8600000000 
parameter is :
1.0494773232,0.2328304172,0.2205219876,0.8525617564,0.9013224657,0.1985895063,142.6453867209,-60.7207986154,8.8600005429,82.9142723446,0.0946270977,0.4004402924,0.1048505650,

##################################
1.0000000000,0.4794410292,0.6080079814,0.7840811740,0.7125226990,0.5683068942,266.0000000000,42.0000000000,15.0000000000,331.0000000000,-0.0018000000,0.4800000000,0.1100000000

optimal_chisq=1.1909905632,optimal_hour=9.2199969535, source_hour=9.2200000000 
parameter is :
0.7606863582,0.5930824149,0.7887375841,0.8948175628,0.7036412036,0.5668014752,265.9950156102,42.0024107547,9.2199969535,330.9961891235,-0.1000120137,0.4782596053,0.0288946537,

##################################
1.0000000000,0.5974131807,1.3502150222,0.0550302833,0.2938283735,1.0682735568,225.0000000000,-18.0000000000,24.0000000000,236.0000000000,-0.0013000000,0.2000000000,0.1700000000

optimal_chisq=1.3661617454,optimal_hour=9.1000005464, source_hour=9.1000000000 
parameter is :
0.8499650041,0.6637730692,1.3871812704,0.0526304534,0.4003095695,1.0528870677,223.3825070976,-24.0143254761,9.1000005464,236.2493624804,-0.0015278458,0.1999982117,0.5368840400,

##################################
1.0000000000,0.6274246944,0.3428727722,1.2412636333,0.9649119356,0.4862386980,71.0000000000,-7.0000000000,16.0000000000,24.0000000000,-0.0018000000,0.2400000000,0.1900000000

optimal_chisq=1.2946769362,optimal_hour=8.9800014065, source_hour=8.9800000000 
parameter is :
0.9895534150,0.8938513867,-0.0033909575,1.7173680879,0.9173987876,-0.0232392099,71.0051079515,-7.0885817676,8.9800014065,23.9983266433,-0.0192744516,0.2443727580,-0.2677580074,

##################################
1.0000000000,0.8979088035,0.1070198394,1.7795434833,1.5042817636,0.2064136974,191.0000000000,58.0000000000,10.0000000000,188.0000000000,-0.0014000000,0.2900000000,0.0700000000

optimal_chisq=1.3626458172,optimal_hour=8.9400005718, source_hour=8.9400000000 
parameter is :
0.8686638317,1.1077812501,0.4461189132,1.5620266993,1.7318833140,-0.0240708143,193.2680658415,51.4898612375,8.9400005718,189.8246998330,0.0854099228,0.2904217651,-0.1990829270,

##################################
1.0000000000,0.2650336229,0.0489702663,1.2082732562,0.2243098898,0.9961761640,229.0000000000,-4.0000000000,15.0000000000,178.0000000000,-0.0017000000,0.2100000000,0.0600000000

optimal_chisq=1.8335294158,optimal_hour=9.0500066941, source_hour=9.0500000000 
parameter is :
0.4417377218,0.1222801568,3.8363160312,1.1538439685,-0.5395555511,0.2794110226,228.7382557458,-1.9986637550,9.0500066941,177.1518112618,0.8361859477,-0.6382090047,-0.0815674116,

##################################
1.0000000000,0.5849442932,1.3739442773,0.0128537459,0.3588092363,0.9741523931,110.0000000000,-65.0000000000,20.0000000000,29.0000000000,-0.0020000000,0.3500000000,0.1100000000

optimal_chisq=1.3139266585,optimal_hour=9.0600024987, source_hour=9.0600000000 
parameter is :
2.4176829852,0.5180282212,1.1223418353,1.3921996890,1.8876060443,0.8026527107,109.9699692552,-58.5932111871,9.0600024987,26.2132099945,-0.6034353584,-0.0731140996,0.0224548910,

##################################
1.0000000000,0.3223476230,0.3812881603,0.8806295042,0.6518889266,0.4964974491,118.0000000000,47.0000000000,19.0000000000,353.0000000000,-0.0023000000,0.3900000000,0.1500000000

optimal_chisq=1.3934051536,optimal_hour=9.2199975241, source_hour=9.2200000000 
parameter is :
0.7021454202,1.0068107192,0.6199488710,0.8073763679,0.7113531499,0.4026748433,116.2309119063,45.6629386901,9.2199975241,351.1472415098,-0.2158986007,0.3684203314,0.1486531318,

##################################
1.0000000000,0.3213251635,0.1348942080,1.1656872791,0.8471718905,0.3065507481,277.0000000000,13.0000000000,19.0000000000,189.0000000000,-0.0021000000,0.3400000000,0.1800000000

optimal_chisq=1.3744932442,optimal_hour=9.0500011355, source_hour=9.0500000000 
parameter is :
1.0846551909,0.8709141378,0.2514943483,1.2497289196,1.0035105738,0.7377455357,277.1724798203,12.3930338374,9.0500011355,188.8176913044,0.3767880311,0.2533138522,0.1387289654,

##################################
1.0000000000,0.9091084110,1.4965758213,0.2401922725,1.0931003234,0.5070424189,91.0000000000,60.0000000000,20.0000000000,223.0000000000,-0.0018000000,0.2200000000,0.0700000000

optimal_chisq=1.1584433184,optimal_hour=9.0200007484, source_hour=9.0200000000 
parameter is :
0.9079998385,0.8570373677,1.1358304351,0.3760406621,1.1358668987,0.3472416193,99.5297827021,55.1328984636,9.0200007484,234.5049211478,0.0303712874,0.2202632736,-0.0342377551,

##################################
1.0000000000,0.0819055546,0.5844334186,0.3757367528,0.4695361870,0.3801087073,279.0000000000,-20.0000000000,3.0000000000,10.0000000000,-0.0019000000,0.4400000000,0.1600000000

optimal_chisq=1.1277938815,optimal_hour=8.8999977546, source_hour=8.9000000000 
parameter is :
0.9239516845,0.4007153291,0.6298042140,0.4353252310,0.6710914190,0.4804822586,279.0770134072,-19.9564618263,8.8999977546,9.8014813366,0.1839425724,0.4200274195,0.0040219258,

##################################
1.0000000000,0.4764797825,0.9185968290,0.4207077602,0.5081758466,0.7503728959,188.0000000000,-5.0000000000,6.0000000000,98.0000000000,-0.0013000000,0.3700000000,0.1000000000

optimal_chisq=1.7245144119,optimal_hour=9.1400092838, source_hour=9.1400000000 
parameter is :
1.2463948157,2.1169804354,3.1098792647,-2.2272872779,-2.9278278355,0.5175502614,186.4223493271,-4.6374878555,9.1400092838,98.7870224115,-0.0199557388,0.3699364257,1.3871337129,

##################################
1.0000000000,0.0639403616,0.1563237134,0.8773710239,0.7029014815,0.1696858290,244.0000000000,-90.0000000000,9.0000000000,206.0000000000,-0.0018000000,0.2100000000,0.1600000000

optimal_chisq=1.2665445244,optimal_hour=8.9000001708, source_hour=8.9000000000 
parameter is :
1.3791156862,0.0630921568,0.8074093023,0.8394912140,0.8604320996,1.0659135783,240.2570902927,-88.5495709909,8.9000001708,209.2797497123,0.0603258489,0.2075410742,-0.0764924699,

##################################
1.0000000000,0.8812255593,0.3402821470,1.5040429608,0.8990884654,0.8419550827,102.0000000000,22.0000000000,6.0000000000,16.0000000000,-0.0018000000,0.4600000000,0.1500000000

optimal_chisq=1.3895224877,optimal_hour=9.0200015738, source_hour=9.0200000000 
parameter is :
0.6701156543,1.3112839729,0.6935498575,1.0672927349,1.4848520479,-0.2165214350,100.4897493247,21.4568201550,9.0200015738,18.5518281929,0.0466260540,0.4601432715,0.1450173895,

##################################
1.0000000000,0.1545819171,0.7815805338,0.2163631842,0.2403651154,0.7068253208,62.0000000000,87.0000000000,3.0000000000,224.0000000000,-0.0023000000,0.2200000000,0.0700000000

optimal_chisq=1.1582897757,optimal_hour=8.7499987136, source_hour=8.7500000000 
parameter is :
0.7877159086,0.5427565079,0.9286304468,0.2086221148,0.6675825830,0.5114704914,62.7951621601,86.8793580881,8.7499987136,224.2793579614,0.1116446149,0.2200135775,0.0858507637,

##################################
1.0000000000,0.2344273186,0.6988310412,0.4094900330,0.8167920661,0.1164931044,312.0000000000,29.0000000000,9.0000000000,23.0000000000,-0.0022000000,0.4500000000,0.1600000000

optimal_chisq=1.0109680816,optimal_hour=8.7500006271, source_hour=8.7500000000 
parameter is :
0.9971518071,0.6076701091,0.7748396139,0.4848783290,0.6928943473,0.2168265812,304.9260481723,27.4415179835,8.7500006271,17.8749301387,0.2084863773,0.4359963527,-0.1152814147,

##################################
1.0000000000,0.9067444531,1.5065548196,0.2263093173,0.7704044399,0.8684417930,189.0000000000,89.0000000000,12.0000000000,109.0000000000,-0.0014000000,0.2600000000,0.0600000000

optimal_chisq=0.9112858988,optimal_hour=9.0199995368, source_hour=9.0200000000 
parameter is :
1.3133224666,0.9904480735,1.2279137428,0.6605738944,0.6564169306,0.8977344275,189.0954801713,88.9989778689,9.0199995368,109.1279984510,0.1141204318,0.2482646156,0.0089782096,

##################################
1.0000000000,0.7878700135,0.7566213758,0.9421710849,0.9621966388,0.6145472583,74.0000000000,2.0000000000,21.0000000000,186.0000000000,-0.0023000000,0.3800000000,0.1600000000

optimal_chisq=1.3098036309,optimal_hour=9.0499976538, source_hour=9.0500000000 
parameter is :
0.7580986209,0.6232009883,0.9163600443,1.1949980883,0.9539967354,0.6477519038,73.9991424373,2.0041829181,9.0499976538,185.9950455344,-0.0342705946,0.3798064955,0.1331124714,

##################################
1.0000000000,0.8024326413,0.0217542623,1.7782612596,1.2876221585,0.3556820023,69.0000000000,39.0000000000,13.0000000000,173.0000000000,-0.0018000000,0.2900000000,0.1200000000

optimal_chisq=1.1974882310,optimal_hour=9.0200010402, source_hour=9.0200000000 
parameter is :
1.4518533530,1.0927690140,0.8059280056,1.2297432480,1.2897509069,0.7142153010,80.7508202457,26.5717191002,9.0200010402,170.2038306379,-0.0662573653,0.2904001434,-0.2208116945,

##################################
1.0000000000,0.4570769549,0.5720798679,0.8017123112,0.4458201704,0.8596728831,53.0000000000,-41.0000000000,11.0000000000,287.0000000000,-0.0021000000,0.2300000000,0.0700000000

optimal_chisq=1.1941971291,optimal_hour=9.1100007241, source_hour=9.1100000000 
parameter is :
1.1501941201,0.5908393095,0.5493392757,0.6775022437,0.4750822781,0.7284708583,52.9995332048,-41.0009340312,9.1100007241,287.0002821187,-0.0097855881,0.2299372945,0.0918033418,

##################################
1.0000000000,0.4320594102,0.8305460905,0.4742019858,0.9863268168,0.1438824672,87.0000000000,-53.0000000000,7.0000000000,153.0000000000,-0.0014000000,0.3300000000,0.1500000000

optimal_chisq=1.1830193355,optimal_hour=9.0199995870, source_hour=9.0200000000 
parameter is :
1.3090966028,1.0533142197,1.0893185953,0.9354161903,1.3024379969,0.7291906039,73.8738371959,-39.4645900166,9.0199995870,144.0060418283,-0.6497941893,-0.2428075158,-0.2287640686,

##################################
1.0000000000,0.0347433021,0.8256456554,0.0119513759,0.1044469582,0.7074200058,123.0000000000,37.0000000000,12.0000000000,95.0000000000,-0.0021000000,0.2000000000,0.1200000000

optimal_chisq=0.9535418912,optimal_hour=8.8999987860, source_hour=8.9000000000 
parameter is :
0.4402880043,0.8164370076,0.8415036980,0.1967299301,0.6660879951,0.4183081463,119.6444952242,39.5856686288,8.8999987860,98.8800549683,-0.1266424894,0.1794454546,-0.0148084150,

##################################
1.0000000000,0.0422488577,0.7678523049,0.0967837095,0.3869570836,0.3762800112,349.0000000000,89.0000000000,4.0000000000,191.0000000000,-0.0018000000,0.4300000000,0.1700000000

optimal_chisq=1.2490647710,optimal_hour=8.7500011713, source_hour=8.7500000000 
parameter is :
-0.8313111156,1.4532209988,1.2836893119,-0.6241568901,0.7187389416,0.7992398883,335.4054292781,103.5234152289,8.7500011713,184.9636997271,1.1816371492,0.0794356803,0.4161259398,

##################################
1.0000000000,0.9242606558,1.1016953514,0.7002895458,0.6508623187,1.0757298688,224.0000000000,2.0000000000,16.0000000000,283.0000000000,-0.0016000000,0.4300000000,0.1700000000

optimal_chisq=1.8960654820,optimal_hour=8.7900024934, source_hour=8.7900000000 
parameter is :
1.3299921591,1.3223758741,1.6582793182,-2.7366259517,2.1430534013,0.3016008111,250.5357959618,-8.8367384230,8.7900024934,273.7710570136,0.0981488604,0.4251173972,-0.3855053877,

##################################
1.0000000000,0.7686182674,0.4871979202,1.2244944741,0.0194121002,1.6900091043,300.0000000000,74.0000000000,19.0000000000,202.0000000000,-0.0016000000,0.4500000000,0.1200000000

optimal_chisq=1.0149715440,optimal_hour=9.0199999979, source_hour=9.0200000000 
parameter is :
1.3537842196,0.4966923825,-0.0389010967,1.4902357010,0.4497503873,1.4650616961,306.7366812264,73.7071568214,9.0199999979,208.6714197047,0.0750998491,0.4484534198,0.0384172422,

##################################
1.0000000000,0.8044817335,1.2015047721,0.4581907977,0.4763314136,1.1238286868,173.0000000000,-79.0000000000,24.0000000000,14.0000000000,-0.0015000000,0.2300000000,0.1000000000

optimal_chisq=0.9026446596,optimal_hour=9.0199984061, source_hour=9.0200000000 
parameter is :
0.1478789847,0.3176460974,1.4591091539,0.6079747353,0.6501410436,2.0072271829,182.7750899920,-80.2028032736,9.0199984061,5.1090147294,0.1166490977,0.2270616086,0.1315354951,

##################################
1.0000000000,0.2644225817,0.5905346477,0.5723217098,0.5690981755,0.4858689054,261.0000000000,-19.0000000000,16.0000000000,12.0000000000,-0.0021000000,0.4200000000,0.0600000000

optimal_chisq=1.0314796244,optimal_hour=8.8999990607, source_hour=8.9000000000 
parameter is :
0.8811487969,0.2795659296,0.9903778783,0.5583962477,0.5944449010,0.3878268199,261.0206729528,-18.9715596660,8.8999990607,11.9349254518,0.0148905675,0.4220890650,-0.0320274906,

##################################
1,chisq=0.819176331465354068406270471314,optimalHour=8.9399999114,InitHout=8.9400000000,deviation=0.0000000886
2,chisq=0.902644659550794314917254723696,optimalHour=9.0199984061,InitHout=9.0200000000,deviation=0.0000015939
3,chisq=0.911285898819247264235343664041,optimalHour=9.0199995368,InitHout=9.0200000000,deviation=0.0000004632
4,chisq=0.928668191011939647694362065522,optimalHour=9.0200015901,InitHout=9.0200000000,deviation=0.0000015901
5,chisq=0.953541891177936973278406185273,optimalHour=8.8999987860,InitHout=8.9000000000,deviation=0.0000012140
6,chisq=1.010968081592281908598351947148,optimalHour=8.7500006271,InitHout=8.7500000000,deviation=0.0000006271
7,chisq=1.014971543971740164380435089697,optimalHour=9.0199999979,InitHout=9.0200000000,deviation=0.0000000021
8,chisq=1.031479624385545745823833385657,optimalHour=8.8999990607,InitHout=8.9000000000,deviation=0.0000009393
9,chisq=1.127793881476562232180071987386,optimalHour=8.8999977546,InitHout=8.9000000000,deviation=0.0000022454
10,chisq=1.158289775702165291804135449638,optimalHour=8.7499987136,InitHout=8.7500000000,deviation=0.0000012864
11,chisq=1.158443318427915036394892922544,optimalHour=9.0200007484,InitHout=9.0200000000,deviation=0.0000007484
12,chisq=1.183019335460591792141826772422,optimalHour=9.0199995870,InitHout=9.0200000000,deviation=0.0000004130
13,chisq=1.190990563217903641657358093653,optimalHour=9.2199969535,InitHout=9.2200000000,deviation=0.0000030465
14,chisq=1.194197129131988166506062043482,optimalHour=9.1100007241,InitHout=9.1100000000,deviation=0.0000007241
15,chisq=1.197488231007053149923535784183,optimalHour=9.0200010402,InitHout=9.0200000000,deviation=0.0000010402
16,chisq=1.249064771028639997396680882957,optimalHour=8.7500011713,InitHout=8.7500000000,deviation=0.0000011713
17,chisq=1.266544524446258535022025171202,optimalHour=8.9000001708,InitHout=8.9000000000,deviation=0.0000001708
18,chisq=1.294676936164123048911278601736,optimalHour=8.9800014065,InitHout=8.9800000000,deviation=0.0000014065
19,chisq=1.309803630937390828137267817510,optimalHour=9.0499976538,InitHout=9.0500000000,deviation=0.0000023462
20,chisq=1.313926658462016394679494624143,optimalHour=9.0600024987,InitHout=9.0600000000,deviation=0.0000024987
21,chisq=1.362645817163683048534039699007,optimalHour=8.9400005718,InitHout=8.9400000000,deviation=0.0000005718
22,chisq=1.366161745417476591768490834511,optimalHour=9.1000005464,InitHout=9.1000000000,deviation=0.0000005464
23,chisq=1.373070142293324025217771122698,optimalHour=8.8600005429,InitHout=8.8600000000,deviation=0.0000005429
24,chisq=1.374493244160754690241788011917,optimalHour=9.0500011355,InitHout=9.0500000000,deviation=0.0000011355
25,chisq=1.389522487714738074870979289699,optimalHour=9.0200015738,InitHout=9.0200000000,deviation=0.0000015738
26,chisq=1.393405153640611571219665165700,optimalHour=9.2199975241,InitHout=9.2200000000,deviation=0.0000024759
27,chisq=1.426034468514251862814035121119,optimalHour=8.7100011655,InitHout=8.7100000000,deviation=0.0000011655
28,chisq=1.724514411936134417047128408740,optimalHour=9.1400092838,InitHout=9.1400000000,deviation=0.0000092838
29,chisq=1.833529415758178515716281253844,optimalHour=9.0500066941,InitHout=9.0500000000,deviation=0.0000066941
30,chisq=1.896065481967087240633418332436,optimalHour=8.7900024934,InitHout=8.7900000000,deviation=0.0000024934
1.0000000000,0.1137852725,0.8996872785,0.0180265775,0.2073836911,0.6626580399,349.0000000000,-43.0000000000,9.0000000000,73.0000000000,-0.0016000000,0.4900000000,0.1200000000

optimal_chisq=0.6684460316,optimal_hour=8.9019999605, source_hour=8.9020000000 
parameter is :
1.0665521826,0.0825674069,0.8067822941,0.0459428306,0.3529858629,0.4696773388,345.8785970972,-38.6536340951,8.9019999605,75.7303907692,0.1863512473,0.4904732905,0.3034201598,

run over!

##################################
1.0000000000,0.8044817335,1.2015047721,0.4581907977,0.4763314136,1.1238286868,173.0000000000,-79.0000000000,24.0000000000,14.0000000000,-0.0015000000,0.2300000000,0.1000000000

optimal_chisq=0.4406385473,optimal_hour=8.9809949892, source_hour=8.9810000000 
parameter is :
0.8330166766,1.9191610003,1.0346557894,1.1821696007,0.3019024146,1.4912274841,182.4854087900,-81.0602020702,8.9809949892,5.0319073862,0.2847168483,0.1578795518,0.0134445580,

run over!

##################################
1.0000000000,0.9067444531,1.5065548196,0.2263093173,0.7704044399,0.8684417930,189.0000000000,89.0000000000,12.0000000000,109.0000000000,-0.0014000000,0.2600000000,0.0600000000

optimal_chisq=0.7289035999,optimal_hour=8.9390009370, source_hour=8.9390000000 
parameter is :
0.8655125644,0.9690008266,1.4992824942,0.6694817498,1.1114202143,0.7187990587,189.0564437233,89.0390300279,8.9390009370,109.0612800481,0.0001809537,0.2606045474,0.0036974389,

run over!

##################################
1.0000000000,0.6686846393,0.0146767435,1.6522469582,0.7881992753,0.7780782426,142.0000000000,-19.0000000000,4.0000000000,194.0000000000,-0.0014000000,0.3500000000,0.1700000000

optimal_chisq=0.9286681910,optimal_hour=9.0200015901, source_hour=9.0200000000 
parameter is :
0.8497020414,0.8939025889,-0.4194956379,2.1362641587,0.5754489820,0.8230326973,142.0649419429,-19.0210116115,9.0200015901,193.9055871515,-0.0479239241,0.3498788997,0.0780043703,

run over!

##################################
1.0000000000,0.0347433021,0.8256456554,0.0119513759,0.1044469582,0.7074200058,123.0000000000,37.0000000000,12.0000000000,95.0000000000,-0.0021000000,0.2000000000,0.1200000000

optimal_chisq=0.8946733182,optimal_hour=8.9740010659, source_hour=8.9740000000 
parameter is :
0.2039921738,0.0844502892,0.3415808434,-0.0740665011,0.2182044896,0.1135497540,123.3261177743,17.8112322009,8.9740010659,76.8938185003,0.2883541658,0.1273325276,0.0766509291,

run over!

##################################
1.0000000000,0.2344273186,0.6988310412,0.4094900330,0.8167920661,0.1164931044,312.0000000000,29.0000000000,9.0000000000,23.0000000000,-0.0022000000,0.4500000000,0.1600000000

optimal_chisq=0.8852258287,optimal_hour=8.8269984382, source_hour=8.8270000000 
parameter is :
1.5588463187,0.4560944550,0.7825186037,0.7184960185,0.5619686106,0.8927014652,318.4444780644,29.4068662887,8.8269984382,31.7676529602,0.3239877222,0.4132439385,0.0639521781,

run over!

##################################
1,chisq=0.440638547276463787838451935386,optimalHour=8.9809949892,InitHout=8.9810000000,deviation=0.0000050108
2,chisq=0.668446031595492318189144498319,optimalHour=8.9019999605,InitHout=8.9020000000,deviation=0.0000000395
3,chisq=0.728903599910365573855131060554,optimalHour=8.9390009370,InitHout=8.9390000000,deviation=0.0000009370
4,chisq=0.885225828681172943745991688047,optimalHour=8.8269984382,InitHout=8.8270000000,deviation=0.0000015618
5,chisq=0.894673318187856669858604163892,optimalHour=8.9740010659,InitHout=8.9740000000,deviation=0.0000010659
6,chisq=0.928668191011939647694362065522,optimalHour=9.0200015901,InitHout=9.0200000000,deviation=0.0000015901



1.0000000000,0.8044817335,1.2015047721,0.4581907977,0.4763314136,1.1238286868,173.0000000000,-79.0000000000,24.0000000000,14.0000000000,-0.0015000000,0.2300000000,0.1000000000


1.0000000000,0.8044817335,1.2015047721,0.4581907977,0.4763314136,1.1238286868,173.0000000000,-79.0000000000,24.0000000000,14.0000000000,-0.0015000000,0.2300000000,0.1000000000

optimal_chisq=0.4223725147,optimal_hour=8.9822008057 
parameter is :
1.0337232337,0.8691377204,1.1643270665,0.3957357454,0.4905735368,1.1067101919,172.9969263035,-79.0000662832,8.9822008057,14.0028025271,0.0211392551,0.2301476476,0.1136247997,


Pole:
optimalLambda,optimalBeta:(114.1008272306,4.4808842123)
optimalParameter:{0.8746511192,1.0714983547,1.0652674434,1.4588996790,0.6332908297,0.9586738250,114.1008272306,4.4808842123,8.9822123234,10.1505773175,-0.0806550084,0.4895774077,-0.0617819782}

