1.0000000000,0.9694987945,0.9988136405,0.8634143304,0.1813166349,1.6612302483,120.0000000000,46.0000000000,12.0000000000,57.0000000000,-0.0019000000,0.4800000000,0.1000000000

optimal_chisq=1.0913520604,optimal_hour=9.1799997657, source_hour=9.1800000000 
parameter is :
0.0731204220,1.0776233092,0.9731644285,1.1581123589,0.9495770553,0.7896937965,119.6331522497,39.7621108688,9.1799997657,30.1138461761,1.2660977213,0.1947939970,0.0827458213,

##################################
1.0000000000,0.9385190392,1.2184814603,0.5849049827,1.3251972803,0.3167737333,116.0000000000,89.0000000000,11.0000000000,219.0000000000,-0.0013000000,0.4800000000,0.1900000000

optimal_chisq=1.8026506142,optimal_hour=9.1300004406, source_hour=9.1300000000 
parameter is :
-2.3698004006,-2.8024549841,1.6923631632,4.2642381816,3.2001047009,1.9495636735,116.8548482576,67.0993414034,9.1300004406,217.1997556668,1.6150331392,-0.2762962067,-0.0208697870,

##################################
1.0000000000,0.0417294535,0.5270700766,0.4010857601,0.4875140783,0.3198792907,36.0000000000,78.0000000000,5.0000000000,21.0000000000,-0.0016000000,0.3200000000,0.1900000000

optimal_chisq=2.3030383503,optimal_hour=9.0199998677, source_hour=9.0200000000 
parameter is :
0.6268395759,0.4656362964,0.6840799467,0.6413387024,0.6212917303,0.4935589576,35.9478819123,78.0155066288,9.0199998677,20.9504420519,0.1555527722,0.3132761912,-0.0564383282,

##################################
1.0000000000,0.2361216495,0.9114382585,0.1535135276,0.5688986620,0.3755855372,326.0000000000,-19.0000000000,23.0000000000,89.0000000000,-0.0015000000,0.4700000000,0.0700000000

optimal_chisq=0.6908021976,optimal_hour=9.1300003775, source_hour=9.1300000000 
parameter is :
0.5984010201,0.6051228450,1.1070519292,0.5006022297,0.8929756698,0.2374187708,330.5592438732,-21.8262900702,9.1300003775,80.5520298625,0.1195628229,0.4701880855,-0.0117255830,

##################################
1.0000000000,0.0735877371,0.8719135958,0.0021708569,0.2988475105,0.5004603719,343.0000000000,81.0000000000,7.0000000000,292.0000000000,-0.0012000000,0.2100000000,0.0700000000

optimal_chisq=0.6591590714,optimal_hour=9.1700016411, source_hour=9.1700000000 
parameter is :
0.5210511717,0.4933307824,0.7776649079,0.4935687139,0.6232943867,1.0332084516,322.7456744781,159.2588734511,9.1700016411,283.6261591689,2.6862681360,0.9360311252,0.0216299572,

##################################
1.0000000000,0.2796323426,0.2072154779,1.0391661371,0.9077317102,0.1702342512,257.0000000000,58.0000000000,15.0000000000,146.0000000000,-0.0017000000,0.4700000000,0.0500000000

optimal_chisq=1.9385396904,optimal_hour=9.0199999423, source_hour=9.0200000000 
parameter is :
0.9923038971,0.5006470127,0.3861917495,0.9609792142,0.7521822026,0.5995442478,256.9980301699,58.0009229826,9.0199999423,145.9917702164,0.1355944750,0.4657661154,-0.0002307547,

##################################
1.0000000000,0.4687771487,0.4466900413,0.9585104068,0.1112303208,1.2779563950,56.0000000000,-72.0000000000,9.0000000000,231.0000000000,-0.0014000000,0.3400000000,0.1200000000

optimal_chisq=1.9125576524,optimal_hour=9.6099992122, source_hour=9.6100000000 
parameter is :
1.0505620012,0.0146469557,0.7235655587,0.5715860622,0.5296000774,0.8034733541,66.8154213943,-75.3315130275,9.6099992122,232.2329050441,-0.0546152515,-8.2731413586,0.2493504672,

##################################
1.0000000000,0.4468910696,0.0172503713,1.4272522816,0.9906900480,0.3003397669,273.0000000000,-18.0000000000,10.0000000000,265.0000000000,-0.0023000000,0.4700000000,0.1400000000

optimal_chisq=1.1613986163,optimal_hour=9.1100013982, source_hour=9.1100000000 
parameter is :
0.8848220298,0.5535331018,-0.4487177542,1.3942544412,0.6510907041,-0.8191488500,283.4469585360,-13.9577728833,9.1100013982,292.7658945407,-0.3359681455,0.9299819276,0.0709014671,

##################################
1.0000000000,0.4896409784,0.2023418574,1.2596182205,1.0790584978,0.2162974068,159.0000000000,29.0000000000,20.0000000000,352.0000000000,-0.0014000000,0.2600000000,0.1200000000

optimal_chisq=1.2892442775,optimal_hour=9.1299936857, source_hour=9.1300000000 
parameter is :
2.2839991538,2.2424009257,2.9966716648,0.9670435509,0.9484644354,1.2356874928,128.6293907687,33.3610769535,9.1299936857,293.5303396256,3.0151821858,-1.5008002594,0.0008788901,

##################################
1.0000000000,0.8884182563,0.0651827061,1.8163067090,0.5829475886,1.2343877230,139.0000000000,-60.0000000000,14.0000000000,71.0000000000,-0.0022000000,0.2700000000,0.0500000000

optimal_chisq=1.1786066059,optimal_hour=9.1199993779, source_hour=9.1200000000 
parameter is :
2.0179692932,4.5259904915,4.2871792280,5.0224930027,1.6538083183,4.7815201183,139.0836619325,-11.4892800301,9.1199993779,91.7317844290,0.7932416462,-8.9011039307,-0.2684088132,

##################################
1.0000000000,0.2972387431,0.6257100535,0.5665682906,0.8082723411,0.2280116301,113.0000000000,1.0000000000,5.0000000000,325.0000000000,-0.0013000000,0.3000000000,0.1300000000

optimal_chisq=0.4177825634,optimal_hour=9.1299999807, source_hour=9.1300000000 
parameter is :
0.9906987492,0.4566140135,0.5323010842,0.6054259525,0.7718628433,0.3518767635,113.0068874811,0.9984088834,9.1299999807,324.9943525698,0.0887042345,0.3003266119,0.0567125691,

##################################
1.0000000000,0.3562862744,1.0919999505,0.0775474240,0.6586541146,0.3846274160,174.0000000000,42.0000000000,8.0000000000,64.0000000000,-0.0022000000,0.2200000000,0.1900000000

optimal_chisq=1.3122250630,optimal_hour=9.1599999125, source_hour=9.1600000000 
parameter is :
1.8457878688,0.3934105606,0.9680173170,0.8075659518,0.8622020339,0.7141055355,159.2079320864,44.1900066711,9.1599999125,94.7456472243,0.3487632655,0.1730364313,-0.0221752877,

##################################
1.0000000000,0.7905989973,0.9602535890,0.7157574277,1.1394137066,0.3873373939,242.0000000000,-53.0000000000,14.0000000000,35.0000000000,-0.0016000000,0.4300000000,0.1200000000

optimal_chisq=1.4241077676,optimal_hour=9.1300006365, source_hour=9.1300000000 
parameter is :
1.5611675341,0.7025247962,1.5872564087,0.6594985641,1.2145248586,1.3544582942,246.3288724534,-52.1173405810,9.1300006365,35.3221359899,1.3402370587,-0.2495138384,-0.2880021281,

##################################
1.0000000000,0.3155405067,0.3346273831,0.9279041698,0.0293075482,1.2285641419,79.0000000000,11.0000000000,3.0000000000,292.0000000000,-0.0021000000,0.2600000000,0.0800000000

optimal_chisq=2.1417395341,optimal_hour=9.1300019711, source_hour=9.1300000000 
parameter is :
1.8557628681,1.2713608367,0.3026588973,2.3279527669,0.1816736121,2.4051167531,80.8923091327,16.0045940342,9.1300019711,286.0276338072,2.4952424830,-4.8414576078,0.5233078289,

##################################
1.0000000000,0.6162917398,0.7760029345,0.7377626348,1.0840847019,0.2695011993,192.0000000000,6.0000000000,18.0000000000,120.0000000000,-0.0022000000,0.2900000000,0.1900000000

optimal_chisq=2.5057194471,optimal_hour=9.4400000936, source_hour=9.4400000000 
parameter is :
0.8450993445,0.6636099595,0.6728950145,0.8182659267,1.1647020179,0.2763056317,191.8781149806,6.0151350830,9.4400000936,119.9533411431,0.3359943205,0.1662771193,0.0423599398,

##################################
1.0000000000,0.1554329200,0.9444520398,0.0138769531,0.6773819607,0.1085759883,263.0000000000,16.0000000000,14.0000000000,27.0000000000,-0.0018000000,0.3500000000,0.1100000000

optimal_chisq=1.8333538260,optimal_hour=9.1300004886, source_hour=9.1300000000 
parameter is :
0.9142333165,0.7582339545,1.2980974713,0.2772223272,0.9789596855,0.6113952680,269.1400210081,16.1083649053,9.1300004886,27.6585811697,1.5363791151,-0.5837479304,-0.2056004552,

##################################
1.0000000000,0.2501521652,0.6017638714,0.5432808013,0.1945314313,0.9154623363,58.0000000000,-67.0000000000,13.0000000000,123.0000000000,-0.0012000000,0.2900000000,0.0800000000

optimal_chisq=2.0391278287,optimal_hour=9.1999992029, source_hour=9.2000000000 
parameter is :
1.2033412401,0.5160470777,0.8203995984,0.9155879190,0.7345262337,1.1356004332,55.4791423976,-71.6680468835,9.1999992029,121.8537120912,0.1487245113,0.2826398591,-0.1372129223,

##################################
1.0000000000,0.8925423012,0.5395886793,1.2941008362,0.4961643698,1.2817096767,262.0000000000,-88.0000000000,2.0000000000,186.0000000000,-0.0024000000,0.3300000000,0.1500000000

optimal_chisq=1.9200572676,optimal_hour=9.1499982618, source_hour=9.1500000000 
parameter is :
-0.5868645304,0.3729461504,0.9770664674,0.6731254558,0.9250061128,0.5494431638,264.8065108307,-95.6351460585,9.1499982618,187.0770740358,0.3440389798,0.2879453443,-0.0163781200,

##################################
1.0000000000,0.7455564494,0.5626359528,1.1158808393,1.1580282492,0.3687976021,172.0000000000,2.0000000000,16.0000000000,104.0000000000,-0.0013000000,0.4300000000,0.1500000000

optimal_chisq=1.2666866617,optimal_hour=9.4699994386, source_hour=9.4700000000 
parameter is :
0.5573207980,1.6834799516,0.8932875745,1.3980060877,1.2540345125,1.5535270600,170.0251180228,6.0837275774,9.4699994386,104.2043850176,0.2753376847,0.4269116586,0.2871851850,

##################################
1.0000000000,0.7524222549,1.1133538640,0.5011493243,1.1128660648,0.3494289807,1.0000000000,-4.0000000000,21.0000000000,238.0000000000,-0.0023000000,0.3600000000,0.1700000000

optimal_chisq=1.2326618477,optimal_hour=9.0999989887, source_hour=9.1000000000 
parameter is :
1.1605686521,1.1209734937,0.6254649956,0.5130573590,0.9735766102,0.5786186635,-17.3612665724,-6.3896220014,9.0999989887,225.6325403420,4.1030315892,-2.0147463881,0.0905631495,

##################################
1.0000000000,0.9455873114,0.7166224862,1.1522755157,0.3876795510,1.4387666614,77.0000000000,-47.0000000000,11.0000000000,175.0000000000,-0.0015000000,0.3600000000,0.1400000000

optimal_chisq=1.9528877410,optimal_hour=9.1900000190, source_hour=9.1900000000 
parameter is :
1.0737013503,0.9647756261,0.7362479057,1.1450752978,0.5130284166,1.3373045358,77.0132939306,-47.0027300171,9.1900000190,175.0027620946,0.1728401476,0.3598602550,-0.1500152473,

##################################
1.0000000000,0.0369884037,0.3804030412,0.5771305998,0.2809292467,0.6138085092,246.0000000000,-14.0000000000,3.0000000000,332.0000000000,-0.0019000000,0.2600000000,0.1400000000

optimal_chisq=2.2655418215,optimal_hour=8.9900007139, source_hour=8.9900000000 
parameter is :
5.8543151491,1.8390112321,2.7127199851,4.0373472182,2.0872854474,4.8603548303,269.7597139649,1.0385856393,8.9900007139,317.0288178370,1.4687156279,-0.1911180077,0.1351053055,

##################################
1.0000000000,0.2058937159,0.3663667379,0.7753486844,0.7058350496,0.2948034388,191.0000000000,4.0000000000,20.0000000000,256.0000000000,-0.0021000000,0.4500000000,0.0600000000

optimal_chisq=2.2958663559,optimal_hour=9.1300005848, source_hour=9.1300000000 
parameter is :
1.0879344946,0.1196096840,0.5288359254,0.7162483440,0.4592583863,0.5934960376,191.0077945030,3.9904789499,9.1300005848,256.0033589460,0.1453689694,0.4501728765,0.0585760344,

##################################
1.0000000000,0.5038550950,0.0239469186,1.4767166658,0.5562271613,0.8662298916,62.0000000000,58.0000000000,21.0000000000,112.0000000000,-0.0022000000,0.4200000000,0.0600000000

optimal_chisq=1.8956842352,optimal_hour=9.4300013498, source_hour=9.4300000000 
parameter is :
1.0606477383,0.5275569172,0.3476471491,1.5205609254,1.0611846940,0.6101026715,143.4265102642,59.7080319520,9.4300013498,72.8774069694,-12.1860892838,-29.2713392832,-0.0491187493,

##################################
1.0000000000,0.6754468110,0.9964530380,0.5501355850,0.0903084215,1.4445122571,119.0000000000,86.0000000000,21.0000000000,94.0000000000,-0.0012000000,0.3700000000,0.1600000000

optimal_chisq=1.2372752981,optimal_hour=9.1800016468, source_hour=9.1800000000 
parameter is :
1.4164809920,1.4178953580,2.3115337302,-0.1541049682,-0.2963171599,2.2193231431,129.3275916862,94.1285702798,9.1800016468,104.5113630140,2.0954539554,-2.7124394415,1.3910608016,

##################################
1.0000000000,0.7661210293,0.9971187159,0.6477633851,1.2511100788,0.2241611684,128.0000000000,-21.0000000000,23.0000000000,62.0000000000,-0.0023000000,0.2300000000,0.1100000000

optimal_chisq=1.6416341546,optimal_hour=9.1800009617, source_hour=9.1800000000 
parameter is :
0.6725063594,1.3604932278,1.7778410031,0.9037039352,1.2989077975,0.9035128086,148.5430917353,-17.9405476147,9.1800009617,91.4029935596,0.2777145114,0.1919133716,-0.0591617483,

##################################
1.0000000000,0.0920738457,0.6414333562,0.3167560262,0.6807987894,0.1038641679,10.0000000000,35.0000000000,6.0000000000,70.0000000000,-0.0016000000,0.3200000000,0.0500000000

optimal_chisq=1.6231923680,optimal_hour=9.4500013517, source_hour=9.4500000000 
parameter is :
2.8717207576,5.2865967987,2.4494514936,3.5460789097,8.6902497143,3.3539265502,-22.1345140340,4.6570986121,9.4500013517,106.7418208716,-38.6359255138,-30.1348761174,0.0143104389,

##################################
1.0000000000,0.3436051762,0.1709440750,1.1467144587,0.2734211271,1.0013397735,90.0000000000,72.0000000000,6.0000000000,351.0000000000,-0.0019000000,0.2300000000,0.0800000000

optimal_chisq=1.7385429833,optimal_hour=9.1400005366, source_hour=9.1400000000 
parameter is :
1.2684915051,1.3450473914,0.6356572235,1.7612932341,0.6465298247,1.7514969974,82.6037747196,71.1612572713,9.1400005366,351.4390958277,1.5463161441,-0.5750007078,1.3028127753,

##################################
1.0000000000,0.7746401503,0.8419358502,0.8321178175,0.5641401785,1.0395586092,218.0000000000,32.0000000000,11.0000000000,114.0000000000,-0.0019000000,0.3600000000,0.1900000000

optimal_chisq=2.0211658795,optimal_hour=9.0999997047, source_hour=9.1000000000 
parameter is :
0.9496056777,0.6815671159,0.8961255042,0.8988716776,0.5743117126,1.0540320686,217.9993199031,31.9994698477,9.0999997047,113.9995563539,0.0380694485,0.3599764918,0.1898694619,

##################################
1.0000000000,0.6583823607,0.7077000690,0.8604214191,0.3038511882,1.2245085634,338.0000000000,9.0000000000,16.0000000000,154.0000000000,-0.0019000000,0.4400000000,0.1200000000

optimal_chisq=1.1453586665,optimal_hour=9.1800000668, source_hour=9.1800000000 
parameter is :
3.3799802530,1.6073603843,2.1981679784,1.6892071894,1.4528957133,2.4347081680,334.9635691956,12.6855109033,9.1800000668,154.4578483598,0.2479160639,0.4249643064,-0.1849780861,

##################################
1,chisq=0.417782563393718220368100446649,optimalHour=9.1299999807,InitHout=9.1300000000,deviation=0.0000000193
2,chisq=0.659159071372140692446350840328,optimalHour=9.1700016411,InitHout=9.1700000000,deviation=0.0000016411
3,chisq=0.690802197637526815832131887873,optimalHour=9.1300003775,InitHout=9.1300000000,deviation=0.0000003775
4,chisq=1.091352060447302152468296299048,optimalHour=9.1799997657,InitHout=9.1800000000,deviation=0.0000002343
5,chisq=1.145358666505713607364214112749,optimalHour=9.1800000668,InitHout=9.1800000000,deviation=0.0000000668
6,chisq=1.161398616254151416882223202265,optimalHour=9.1100013982,InitHout=9.1100000000,deviation=0.0000013982
7,chisq=1.178606605864157552687743191200,optimalHour=9.1199993779,InitHout=9.1200000000,deviation=0.0000006221
8,chisq=1.232661847718781178429026113008,optimalHour=9.0999989887,InitHout=9.1000000000,deviation=0.0000010113
9,chisq=1.237275298084653307739699812373,optimalHour=9.1800016468,InitHout=9.1800000000,deviation=0.0000016468
10,chisq=1.266686661661931667666181056120,optimalHour=9.4699994386,InitHout=9.4700000000,deviation=0.0000005614
11,chisq=1.289244277537859861837432617904,optimalHour=9.1299936857,InitHout=9.1300000000,deviation=0.0000063143
12,chisq=1.312225062955745702453214107663,optimalHour=9.1599999125,InitHout=9.1600000000,deviation=0.0000000875
13,chisq=1.424107767595041762476171243179,optimalHour=9.1300006365,InitHout=9.1300000000,deviation=0.0000006365
14,chisq=1.623192367950007097832099134394,optimalHour=9.4500013517,InitHout=9.4500000000,deviation=0.0000013517
15,chisq=1.641634154588475835723215823236,optimalHour=9.1800009617,InitHout=9.1800000000,deviation=0.0000009617
16,chisq=1.738542983323301260867310702452,optimalHour=9.1400005366,InitHout=9.1400000000,deviation=0.0000005366
17,chisq=1.802650614184495125869034382049,optimalHour=9.1300004406,InitHout=9.1300000000,deviation=0.0000004406
18,chisq=1.833353826024367361213762706029,optimalHour=9.1300004886,InitHout=9.1300000000,deviation=0.0000004886
19,chisq=1.895684235203985545936689049995,optimalHour=9.4300013498,InitHout=9.4300000000,deviation=0.0000013498
20,chisq=1.912557652364005322809248355043,optimalHour=9.6099992122,InitHout=9.6100000000,deviation=0.0000007878
21,chisq=1.920057267647145460287561036239,optimalHour=9.1499982618,InitHout=9.1500000000,deviation=0.0000017382
22,chisq=1.938539690379430746602906765474,optimalHour=9.0199999423,InitHout=9.0200000000,deviation=0.0000000577
23,chisq=1.952887741006531507892418630945,optimalHour=9.1900000190,InitHout=9.1900000000,deviation=0.0000000190
24,chisq=2.021165879523156849728593442705,optimalHour=9.0999997047,InitHout=9.1000000000,deviation=0.0000002953
25,chisq=2.039127828657688823454918747302,optimalHour=9.1999992029,InitHout=9.2000000000,deviation=0.0000007971
26,chisq=2.141739534080709272956255517784,optimalHour=9.1300019711,InitHout=9.1300000000,deviation=0.0000019711
27,chisq=2.265541821483160855876803907449,optimalHour=8.9900007139,InitHout=8.9900000000,deviation=0.0000007139
28,chisq=2.295866355910696210429478014703,optimalHour=9.1300005848,InitHout=9.1300000000,deviation=0.0000005848
29,chisq=2.303038350336946482599387309165,optimalHour=9.0199998677,InitHout=9.0200000000,deviation=0.0000001323
30,chisq=2.505719447083470274861838333891,optimalHour=9.4400000936,InitHout=9.4400000000,deviation=0.0000000936
1.0000000000,0.2972387431,0.6257100535,0.5665682906,0.8082723411,0.2280116301,113.0000000000,1.0000000000,5.0000000000,325.0000000000,-0.0013000000,0.3000000000,0.1300000000

optimal_chisq=0.4177825634,optimal_hour=9.1299999807, source_hour=9.1300000000 
parameter is :
0.9906987492,0.4566140135,0.5323010842,0.6054259525,0.7718628433,0.3518767635,113.0068874811,0.9984088834,9.1299999807,324.9943525698,0.0887042345,0.3003266119,0.0567125691,

run over!

##################################
1.0000000000,0.0735877371,0.8719135958,0.0021708569,0.2988475105,0.5004603719,343.0000000000,81.0000000000,7.0000000000,292.0000000000,-0.0012000000,0.2100000000,0.0700000000

optimal_chisq=0.6591590714,optimal_hour=9.1700016411, source_hour=9.1700000000 
parameter is :
0.5210511717,0.4933307824,0.7776649079,0.4935687139,0.6232943867,1.0332084516,322.7456744781,159.2588734511,9.1700016411,283.6261591689,2.6862681360,0.9360311252,0.0216299572,

run over!

##################################
1.0000000000,0.2361216495,0.9114382585,0.1535135276,0.5688986620,0.3755855372,326.0000000000,-19.0000000000,23.0000000000,89.0000000000,-0.0015000000,0.4700000000,0.0700000000

optimal_chisq=0.5254779144,optimal_hour=9.1600008108, source_hour=9.1600000000 
parameter is :
0.9152501975,0.7292620054,0.8875999726,0.3446827496,0.6129428311,0.3886882080,323.8541056026,-13.1132446332,9.1600008108,102.7511282781,0.1031212438,0.4763363734,0.0521523971,

run over!

##################################
1.0000000000,0.9694987945,0.9988136405,0.8634143304,0.1813166349,1.6612302483,120.0000000000,46.0000000000,12.0000000000,57.0000000000,-0.0019000000,0.4800000000,0.1000000000

optimal_chisq=0.3048878916,optimal_hour=9.1280002904, source_hour=9.1280000000 
parameter is :
0.4819808740,1.0311986295,0.6436305684,1.7774773903,0.7301504649,1.1587864279,131.9944013748,45.4262895984,9.1280002904,47.4618535025,0.2182142208,0.5162837741,0.0573322179,

run over!

##################################
1.0000000000,0.6583823607,0.7077000690,0.8604214191,0.3038511882,1.2245085634,338.0000000000,9.0000000000,16.0000000000,154.0000000000,-0.0019000000,0.4400000000,0.1200000000

optimal_chisq=1.1453586665,optimal_hour=9.1800000668, source_hour=9.1800000000 
parameter is :
3.3799802530,1.6073603843,2.1981679784,1.6892071894,1.4528957133,2.4347081680,334.9635691956,12.6855109033,9.1800000668,154.4578483598,0.2479160639,0.4249643064,-0.1849780861,

run over!

##################################
1.0000000000,0.4468910696,0.0172503713,1.4272522816,0.9906900480,0.3003397669,273.0000000000,-18.0000000000,10.0000000000,265.0000000000,-0.0023000000,0.4700000000,0.1400000000

optimal_chisq=0.6202970270,optimal_hour=9.1040012516, source_hour=9.1040000000 
parameter is :
0.3837755151,0.3965090518,-0.2384587912,0.5371319641,-0.3352054297,-0.6560190054,285.4988475227,-13.1315665286,9.1040012516,290.3606192190,1.6025206296,-0.6296980739,0.0558163390,

run over!

##################################
1,chisq=0.304887891592556026232330168568,optimalHour=9.1280002904,InitHout=9.1280000000,deviation=0.0000002904
2,chisq=0.417782563393718220368100446649,optimalHour=9.1299999807,InitHout=9.1300000000,deviation=0.0000000193
3,chisq=0.525477914439685722669537426555,optimalHour=9.1600008108,InitHout=9.1600000000,deviation=0.0000008108
4,chisq=0.620297026957389197043823969580,optimalHour=9.1040012516,InitHout=9.1040000000,deviation=0.0000012516
5,chisq=0.659159071372140692446350840328,optimalHour=9.1700016411,InitHout=9.1700000000,deviation=0.0000016411
6,chisq=1.145358666505713607364214112749,optimalHour=9.1800000668,InitHout=9.1800000000,deviation=0.0000000668




1.0000000000,0.2361216495,0.9114382585,0.1535135276,0.5688986620,0.3755855372,326.0000000000,-19.0000000000,23.0000000000,89.0000000000,-0.0015000000,0.4700000000,0.0700000000


1.0000000000,0.2361216495,0.9114382585,0.1535135276,0.5688986620,0.3755855372,326.0000000000,-19.0000000000,23.0000000000,89.0000000000,-0.0015000000,0.4700000000,0.0700000000

optimal_chisq=0.3512097353,optimal_hour=9.1245992320 
parameter is :
0.8178825090,0.5458733454,0.7051651112,0.7210063425,1.0288183925,0.9193869332,325.8952333684,-20.4390163711,9.1245992320,90.4188165737,-0.0251225641,0.4697840264,-0.0484646841,


Pole:
optimalLambda,optimalBeta:(121.1894501070,-11.7898633065)
optimalParameter:{0.6858097572,1.5578258126,0.9160267932,0.9242931237,1.4822115851,0.2967784180,121.1894501070,-11.7898633065,9.1245994458,337.1515287561,0.1800452744,0.3016011134,-0.0502773093}

