1.0000000000,0.8529715402,0.6832398644,1.0927916133,0.0931060894,1.6723780162,218.0000000000,-88.0000000000,17.0000000000,111.0000000000,-0.0024000000,0.4100000000,0.1100000000

optimal_chisq=11.9083337193,optimal_hour=5.5500004289, source_hour=5.5500000000 
parameter is :
0.6609724813,1.4063058967,1.8511163255,0.6141196602,0.5172356085,1.4021115723,218.0115699956,-88.2223424739,5.5500004289,110.9646248125,-0.0196178120,0.4098978923,-0.0080758216,

##################################
1.0000000000,0.5016234766,0.7504864916,0.6434589560,0.6147374108,0.6845836305,8.0000000000,-27.0000000000,21.0000000000,233.0000000000,-0.0015000000,0.3900000000,0.1500000000

optimal_chisq=11.5802013157,optimal_hour=5.4499925127, source_hour=5.4500000000 
parameter is :
0.6088460130,1.1312398346,0.5550870576,1.7843794288,-0.8131854556,0.6875033118,8.7423488377,-27.1393537850,5.4499925127,232.8312601392,-0.0596979146,0.3922851200,-0.0793142615,

##################################
1.0000000000,0.0739466325,0.5715393201,0.3826059970,0.5754966898,0.2369846503,157.0000000000,32.0000000000,10.0000000000,345.0000000000,-0.0015000000,0.2500000000,0.1200000000

optimal_chisq=11.9097486605,optimal_hour=5.4500185958, source_hour=5.4500000000 
parameter is :
0.9494149402,0.0121975407,1.5204721231,-0.3495194166,-0.1827387440,0.1783545962,155.9270729144,32.4772408845,5.4500185958,344.3346294095,-0.0353084843,0.2516486118,0.0682417723,

##################################
1.0000000000,0.9018850168,1.1425742206,0.6304247397,0.3916466868,1.3360138903,328.0000000000,36.0000000000,1.0000000000,145.0000000000,-0.0024000000,0.4700000000,0.0700000000

optimal_chisq=12.5678232690,optimal_hour=5.4500130845, source_hour=5.4500000000 
parameter is :
1.1568837570,0.7646808972,1.4661019630,-1.0496696388,-1.7449289950,2.0567202647,327.9811244400,35.9431485519,5.4500130845,144.8130684566,0.0765429785,0.4675585902,-0.2710505768,

##################################
1.0000000000,0.9851038014,1.1717129108,0.6873357835,1.1599251018,0.5646026992,300.0000000000,-73.0000000000,6.0000000000,211.0000000000,-0.0020000000,0.4100000000,0.1100000000

optimal_chisq=10.5000655354,optimal_hour=5.5500014652, source_hour=5.5500000000 
parameter is :
-0.8762935330,-0.3781934186,1.7789842799,1.2812086750,1.6122707156,0.4242424762,309.4305241448,-122.6056654330,5.5500014652,204.5814130228,0.0361442472,0.4098318606,0.0744238861,

##################################
1.0000000000,0.3806850390,0.5398293263,0.7576432691,0.0083744341,1.2878059902,27.0000000000,-85.0000000000,14.0000000000,327.0000000000,-0.0014000000,0.2400000000,0.1500000000

optimal_chisq=13.2794580102,optimal_hour=5.5500000535, source_hour=5.5500000000 
parameter is :
0.1400568488,0.4851373779,0.0466635117,0.5253412824,0.2110619934,0.2938416730,20.2439092932,-82.4370096928,5.5500000535,330.3400202212,-0.0048015938,0.2399854868,0.1242076954,

##################################
1.0000000000,0.2085049400,0.3942155851,0.7450863503,0.7612602584,0.2234210376,243.0000000000,-34.0000000000,2.0000000000,16.0000000000,-0.0022000000,0.4900000000,0.1200000000

optimal_chisq=14.1257967058,optimal_hour=5.5500011141, source_hour=5.5500000000 
parameter is :
1.7190916583,0.1267770364,0.0511557461,0.9216255750,-0.7066296672,2.2343757725,243.5163776663,-33.0642259166,5.5500011141,16.5857052096,0.0742629004,0.4903425929,-0.0185225892,

##################################
1.0000000000,0.6972704989,1.3391815935,0.1820199857,1.2750917752,0.0542754042,272.0000000000,48.0000000000,15.0000000000,119.0000000000,-0.0014000000,0.4400000000,0.1700000000

optimal_chisq=10.0946147052,optimal_hour=5.5500008497, source_hour=5.5500000000 
parameter is :
0.8391259153,1.1207861372,1.3775134837,0.4829233624,1.3303721271,-0.5394155383,272.4234163563,49.9585165212,5.5500008497,118.8004669313,-0.0383606173,0.4398747702,-0.3061136888,

##################################
1.0000000000,0.5451982466,0.9755248955,0.4309546788,0.1709852635,1.2107448667,118.0000000000,-13.0000000000,21.0000000000,153.0000000000,-0.0020000000,0.3400000000,0.1800000000

optimal_chisq=12.7148453443,optimal_hour=5.5499973640, source_hour=5.5500000000 
parameter is :
-2.4183929319,1.2285570885,3.1622993020,6.3481581910,-2.0852195592,-2.4389908919,121.2487192834,-8.3886145122,5.5499973640,152.9595616780,-0.0549041911,0.3500276094,-3.1914888871,

##################################
1.0000000000,0.6520223746,0.4864404457,1.1044278475,0.8900132728,0.5797448516,79.0000000000,12.0000000000,13.0000000000,111.0000000000,-0.0021000000,0.2600000000,0.1800000000

optimal_chisq=16.3453177539,optimal_hour=5.7600084126, source_hour=5.7600000000 
parameter is :
6.5185054222,-3.9345138314,-2.2133540521,2.3817328983,-0.0863369742,-0.8606230391,82.4538191714,15.0337698319,5.7600084126,110.6316886579,-0.0724277017,0.2605853647,-0.4816772695,

##################################
1.0000000000,0.3026511992,0.9970222559,0.1284558356,0.0937220920,1.0148473442,288.0000000000,59.0000000000,10.0000000000,243.0000000000,-0.0018000000,0.3600000000,0.0600000000

optimal_chisq=12.1858167903,optimal_hour=5.4500042045, source_hour=5.4500000000 
parameter is :
0.5979924043,0.5789401500,1.4054292532,0.1795279063,0.0827491869,1.1381522536,288.0028309479,58.9948532716,5.4500042045,242.9971665686,-0.0460235202,0.3598788996,0.1294200811,

##################################
1.0000000000,0.4212612055,0.2534243741,1.1312321768,1.0536609772,0.1569203692,291.0000000000,-14.0000000000,13.0000000000,357.0000000000,-0.0013000000,0.2300000000,0.1100000000

optimal_chisq=16.1126349527,optimal_hour=5.2000038508, source_hour=5.2000000000 
parameter is :
8.4387061988,-5.8589218082,-2.4287206465,2.9947812542,0.4073685483,-1.9958804903,282.2172803823,-26.5136559002,5.2000038508,356.4883465185,-0.0065355967,0.2299480624,-6.8594519539,

##################################
1.0000000000,0.4427955753,1.1505938324,0.1095951965,1.0088427070,0.0631234581,241.0000000000,76.0000000000,16.0000000000,192.0000000000,-0.0013000000,0.3800000000,0.1800000000

optimal_chisq=12.0632332887,optimal_hour=5.4500038327, source_hour=5.4500000000 
parameter is :
0.9124940061,0.7828020217,1.1668605645,0.4615713876,1.2518656385,0.7404068034,245.3098252169,64.1629032108,5.4500038327,195.4938821442,0.0126338837,0.3799569492,0.3072714451,

##################################
1.0000000000,0.6095473383,0.7553456801,0.7541204911,0.0740385167,1.4255531643,276.0000000000,83.0000000000,6.0000000000,94.0000000000,-0.0018000000,0.2500000000,0.1600000000

optimal_chisq=13.4513405686,optimal_hour=5.4500213123, source_hour=5.4500000000 
parameter is :
2.7585553439,1.8063194674,3.0813073386,2.1693393101,-0.7245890670,3.6917071976,277.0610674713,79.4874878522,5.4500213123,94.0020377006,-0.0168041696,0.2498839083,-0.0335829196,

##################################
1.0000000000,0.3647719689,1.0780225391,0.1044095671,0.3601419121,0.7578644589,171.0000000000,5.0000000000,14.0000000000,226.0000000000,-0.0014000000,0.4000000000,0.0500000000

optimal_chisq=15.1178508342,optimal_hour=5.5099740234, source_hour=5.5100000000 
parameter is :
0.7119895408,0.7331070505,0.5411706659,0.5436066059,-0.2563628134,0.7853705708,160.1980405471,34.5546061069,5.5099740234,227.3787581402,-0.0259399896,0.4000564751,-0.5286125484,

##################################
1.0000000000,0.6672620441,0.6766341366,0.9050703134,0.2399974625,1.3107545910,113.0000000000,14.0000000000,23.0000000000,298.0000000000,-0.0016000000,0.2300000000,0.0900000000

optimal_chisq=16.7825318901,optimal_hour=5.9400005142, source_hour=5.9400000000 
parameter is :
1.0021116062,0.6366424120,0.6496517781,0.9547741830,0.2352254333,1.3057008169,112.9998264123,13.9997730904,5.9400005142,297.9995610677,-0.0275163761,0.2298197112,-0.0439167704,

##################################
1.0000000000,0.5361182310,0.2806186029,1.2180505894,1.2020187452,0.1139714677,228.0000000000,39.0000000000,16.0000000000,352.0000000000,-0.0022000000,0.3000000000,0.1500000000

optimal_chisq=8.6130124380,optimal_hour=5.5499997686, source_hour=5.5500000000 
parameter is :
0.8109234745,0.7515623572,0.0454407311,1.3447324969,1.1356428696,0.2635027014,228.0005636777,38.9997998215,5.5499997686,351.9998584412,0.0037157326,0.3001446536,0.5476127242,

##################################
1.0000000000,0.6731149967,1.2988580596,0.2010672373,0.9413450995,0.4203159666,141.0000000000,27.0000000000,14.0000000000,36.0000000000,-0.0019000000,0.4900000000,0.1700000000

optimal_chisq=13.0627456663,optimal_hour=5.4500043994, source_hour=5.4500000000 
parameter is :
-1.4672483080,-0.2836118093,4.6662794173,-0.7561628916,-0.8144262022,0.5870156649,137.0028288456,22.1846998371,5.4500043994,35.3745804577,-0.0760525205,0.4922692932,-0.1093829893,

##################################
1.0000000000,0.8037530066,1.4583835115,0.1657841554,0.5818387755,0.9672066563,290.0000000000,-68.0000000000,5.0000000000,320.0000000000,-0.0020000000,0.2800000000,0.1200000000

optimal_chisq=14.3160238845,optimal_hour=5.4700032929, source_hour=5.4700000000 
parameter is :
2.9652952979,0.8550075584,0.9735847957,1.3428378418,1.4612634719,1.2695863782,290.1092029174,-68.5670877310,5.4700032929,320.1480898476,-0.0775308573,0.2800497739,-0.1709310406,

##################################
1.0000000000,0.0328983665,0.1656057120,0.8341638789,0.6319476750,0.2193560638,35.0000000000,51.0000000000,21.0000000000,132.0000000000,-0.0021000000,0.4000000000,0.1100000000

optimal_chisq=10.2871488613,optimal_hour=5.5499979230, source_hour=5.5500000000 
parameter is :
-1.0674964681,-0.9840987065,0.3502552486,0.2728634657,-1.1018992904,-1.8785026944,-13.1921600742,219.5802361177,5.5499979230,141.4901949449,-0.0542416106,0.3999162158,-0.0507863008,

##################################
1.0000000000,0.1225979012,0.6383154418,0.3558731293,0.0553736653,0.9275477456,199.0000000000,-38.0000000000,3.0000000000,172.0000000000,-0.0019000000,0.4100000000,0.1200000000

optimal_chisq=12.8302251085,optimal_hour=5.4500009143, source_hour=5.4500000000 
parameter is :
-2.2246966025,1.4889500213,-2.0056307144,0.7315038519,0.7001889046,-2.1516400931,182.1082135944,-41.9292320542,5.4500009143,171.6291577401,-0.0309415541,0.4107922593,-0.0662257220,

##################################
1.0000000000,0.0085013574,0.7904111128,0.0239790900,0.4344427392,0.2536781581,354.0000000000,-19.0000000000,6.0000000000,274.0000000000,-0.0015000000,0.2500000000,0.0500000000

optimal_chisq=13.2938782205,optimal_hour=5.4699983946, source_hour=5.4700000000 
parameter is :
4.2089638119,3.9935288584,5.7839577715,-4.4366402984,-0.1215177017,1.8669764660,365.8765338472,-25.1994555178,5.4699983946,271.9126325792,-0.0681930181,0.2465522691,-0.0320902129,

##################################
1.0000000000,0.5164810408,1.0026973322,0.3674167211,0.7840191027,0.4600543005,201.0000000000,82.0000000000,5.0000000000,305.0000000000,-0.0021000000,0.2400000000,0.0700000000

optimal_chisq=11.8887031826,optimal_hour=5.4500057555, source_hour=5.4500000000 
parameter is :
1.7538584855,-0.1688922500,0.7403755296,0.7360004461,0.6042544398,0.1928945228,201.1642232313,81.9880984137,5.4500057555,305.3868730574,-0.0024751889,0.2399973262,0.0488231225,

##################################
1.0000000000,0.4357260272,0.7139784489,0.6142382462,0.3909448176,0.8755346230,87.0000000000,77.0000000000,5.0000000000,259.0000000000,-0.0019000000,0.3200000000,0.1200000000

optimal_chisq=13.0042186706,optimal_hour=5.4500173910, source_hour=5.4500000000 
parameter is :
4.0978869989,2.0384222670,6.1987594982,0.9402986696,2.5496098788,3.0287321799,39.0093396930,83.5713331570,5.4500173910,256.0642800740,-0.0243406921,0.3195122707,0.0114003543,

##################################
1.0000000000,0.5386397659,0.3196626422,1.1762386566,1.2082893168,0.1033743009,226.0000000000,-49.0000000000,19.0000000000,262.0000000000,-0.0023000000,0.2500000000,0.1400000000

optimal_chisq=13.3844553991,optimal_hour=5.4500025854, source_hour=5.4500000000 
parameter is :
-1.1075372866,0.9895313736,-0.2657681009,-0.2214681382,-0.3348022478,0.0363191921,241.7946611416,-28.3845525181,5.4500025854,266.1964177357,-0.0159215771,0.2496566245,-0.0892287263,

##################################
1.0000000000,0.4036631325,0.7536727448,0.5328236814,0.9824103441,0.1269775421,76.0000000000,-32.0000000000,23.0000000000,190.0000000000,-0.0023000000,0.3200000000,0.1500000000

optimal_chisq=12.4115819275,optimal_hour=5.5499982502, source_hour=5.5500000000 
parameter is :
0.6159791858,0.3468132275,0.9935923870,0.7395289114,1.0472425380,0.1902260474,76.0026799162,-32.0041161848,5.5499982502,189.9988707892,0.0056399624,0.3200737430,-0.0688171882,

##################################
1.0000000000,0.3444301269,1.0053338029,0.1676869423,0.9148630023,0.0729226084,71.0000000000,87.0000000000,10.0000000000,330.0000000000,-0.0022000000,0.2600000000,0.1100000000

optimal_chisq=12.1811043700,optimal_hour=5.4499982307, source_hour=5.4500000000 
parameter is :
-1.4101401585,0.5069505341,-0.6593169540,-1.0486492113,-1.2984968777,-0.0077749180,107.8271365094,93.4426145218,5.4499982307,342.0575146076,-0.0334592996,0.2599765900,0.0684726841,

##################################
1.0000000000,0.4414337754,0.7894416015,0.5325610019,0.9465411058,0.2120689777,349.0000000000,-76.0000000000,7.0000000000,198.0000000000,-0.0022000000,0.4600000000,0.1900000000

optimal_chisq=13.2713179373,optimal_hour=5.4499953001, source_hour=5.4500000000 
parameter is :
0.4494023023,0.8011624594,0.4819753523,1.0270940145,1.2731657531,0.4940820585,348.8426957406,-75.6751948499,5.4499953001,197.9392882233,-0.0568127154,0.4597375093,0.1852253930,

##################################
1.0000000000,0.4289585680,1.0794049130,0.1778447319,0.2526805456,0.9629988384,354.0000000000,86.0000000000,18.0000000000,60.0000000000,-0.0015000000,0.3200000000,0.1500000000

optimal_chisq=11.7367844088,optimal_hour=5.4499985661, source_hour=5.4500000000 
parameter is :
-1.0112040167,1.2327043717,1.3095247695,0.6764783201,1.0038189616,1.6395894620,354.0268294801,86.4074616085,5.4499985661,59.2461169470,-0.0299349493,0.3194192299,-0.0491626353,

##################################
1.0000000000,0.4032810444,0.5936777637,0.7191614739,1.0361227512,0.0932262129,210.0000000000,-19.0000000000,4.0000000000,221.0000000000,-0.0019000000,0.3100000000,0.0800000000

optimal_chisq=11.2184970453,optimal_hour=5.4499955381, source_hour=5.4500000000 
parameter is :
1.2902818553,0.2050509881,0.5572541965,1.4237928460,-0.5111063053,0.6750747606,200.3819778542,-5.6042237188,5.4499955381,222.1153612565,-0.0120418425,0.3099158546,0.0167994481,

##################################
1,chisq=8.613012437984332692053612845484,optimalHour=5.5499997686,InitHout=5.5500000000,deviation=0.0000002314
2,chisq=10.094614705188559966586581140291,optimalHour=5.5500008497,InitHout=5.5500000000,deviation=0.0000008497
3,chisq=10.287148861341790961887454614043,optimalHour=5.5499979230,InitHout=5.5500000000,deviation=0.0000020770
4,chisq=10.500065535428419138952449429780,optimalHour=5.5500014652,InitHout=5.5500000000,deviation=0.0000014652
5,chisq=11.218497045273354117966846388299,optimalHour=5.4499955381,InitHout=5.4500000000,deviation=0.0000044619
6,chisq=11.580201315661048155902790313121,optimalHour=5.4499925127,InitHout=5.4500000000,deviation=0.0000074873
7,chisq=11.736784408755218223063820914831,optimalHour=5.4499985661,InitHout=5.4500000000,deviation=0.0000014339
8,chisq=11.888703182645292244501433742698,optimalHour=5.4500057555,InitHout=5.4500000000,deviation=0.0000057555
9,chisq=11.908333719262021332951917429455,optimalHour=5.5500004289,InitHout=5.5500000000,deviation=0.0000004289
10,chisq=11.909748660510276252466610458214,optimalHour=5.4500185958,InitHout=5.4500000000,deviation=0.0000185958
11,chisq=12.063233288661157516230559849646,optimalHour=5.4500038327,InitHout=5.4500000000,deviation=0.0000038327
12,chisq=12.181104369954601551739870046731,optimalHour=5.4499982307,InitHout=5.4500000000,deviation=0.0000017693
13,chisq=12.185816790276801313552823557984,optimalHour=5.4500042045,InitHout=5.4500000000,deviation=0.0000042045
14,chisq=12.411581927491285526343745004851,optimalHour=5.5499982502,InitHout=5.5500000000,deviation=0.0000017498
15,chisq=12.567823269008739472951674542855,optimalHour=5.4500130845,InitHout=5.4500000000,deviation=0.0000130845
16,chisq=12.714845344291706652484208461829,optimalHour=5.5499973640,InitHout=5.5500000000,deviation=0.0000026360
17,chisq=12.830225108474648365586290310603,optimalHour=5.4500009143,InitHout=5.4500000000,deviation=0.0000009143
18,chisq=13.004218670635983912120536842849,optimalHour=5.4500173910,InitHout=5.4500000000,deviation=0.0000173910
19,chisq=13.062745666313416492698706861120,optimalHour=5.4500043994,InitHout=5.4500000000,deviation=0.0000043994
20,chisq=13.271317937339428993936962797306,optimalHour=5.4499953001,InitHout=5.4500000000,deviation=0.0000046999
21,chisq=13.279458010166669268414807447698,optimalHour=5.5500000535,InitHout=5.5500000000,deviation=0.0000000535
22,chisq=13.293878220514384835837518039625,optimalHour=5.4699983946,InitHout=5.4700000000,deviation=0.0000016054
23,chisq=13.384455399050480650657846126705,optimalHour=5.4500025854,InitHout=5.4500000000,deviation=0.0000025854
24,chisq=13.451340568587170309911016374826,optimalHour=5.4500213123,InitHout=5.4500000000,deviation=0.0000213123
25,chisq=14.125796705848721046550053870305,optimalHour=5.5500011141,InitHout=5.5500000000,deviation=0.0000011141
26,chisq=14.316023884544751609837476280518,optimalHour=5.4700032929,InitHout=5.4700000000,deviation=0.0000032929
27,chisq=15.117850834150329930594125471544,optimalHour=5.5099740234,InitHout=5.5100000000,deviation=0.0000259766
28,chisq=16.112634952748987160475735436194,optimalHour=5.2000038508,InitHout=5.2000000000,deviation=0.0000038508
29,chisq=16.345317753882017797195658204146,optimalHour=5.7600084126,InitHout=5.7600000000,deviation=0.0000084126
30,chisq=16.782531890147222242148927762173,optimalHour=5.9400005142,InitHout=5.9400000000,deviation=0.0000005142
1.0000000000,0.5361182310,0.2806186029,1.2180505894,1.2020187452,0.1139714677,228.0000000000,39.0000000000,16.0000000000,352.0000000000,-0.0022000000,0.3000000000,0.1500000000

optimal_chisq=8.6130124380,optimal_hour=5.5499997686, source_hour=5.5500000000 
parameter is :
0.8109234745,0.7515623572,0.0454407311,1.3447324969,1.1356428696,0.2635027014,228.0005636777,38.9997998215,5.5499997686,351.9998584412,0.0037157326,0.3001446536,0.5476127242,

run over!

##################################
1.0000000000,0.6972704989,1.3391815935,0.1820199857,1.2750917752,0.0542754042,272.0000000000,48.0000000000,15.0000000000,119.0000000000,-0.0014000000,0.4400000000,0.1700000000

optimal_chisq=8.5080048271,optimal_hour=5.5519981397, source_hour=5.5520000000 
parameter is :
0.2079188909,1.4801737943,0.9623706076,1.0184428950,1.4837418561,-0.2136011838,272.0399647227,47.7129953323,5.5519981397,118.9623526522,-0.0690235456,0.4400972165,-0.2199036202,

run over!

##################################
1.0000000000,0.0328983665,0.1656057120,0.8341638789,0.6319476750,0.2193560638,35.0000000000,51.0000000000,21.0000000000,132.0000000000,-0.0021000000,0.4000000000,0.1100000000

optimal_chisq=10.2871488613,optimal_hour=5.5499979230, source_hour=5.5500000000 
parameter is :
-1.0674964681,-0.9840987065,0.3502552486,0.2728634657,-1.1018992904,-1.8785026944,-13.1921600742,219.5802361177,5.5499979230,141.4901949449,-0.0542416106,0.3999162158,-0.0507863008,

run over!

##################################
1.0000000000,0.9851038014,1.1717129108,0.6873357835,1.1599251018,0.5646026992,300.0000000000,-73.0000000000,6.0000000000,211.0000000000,-0.0020000000,0.4100000000,0.1100000000

optimal_chisq=7.2858379351,optimal_hour=5.5510053973, source_hour=5.5510000000 
parameter is :
1.7036235275,0.6632639291,2.9845383575,-0.4455389431,1.2912078006,-0.9461111762,300.0142763683,-74.3052443330,5.5510053973,211.0521610620,0.0526396900,0.4149160461,0.2267319944,

run over!

##################################
1.0000000000,0.4032810444,0.5936777637,0.7191614739,1.0361227512,0.0932262129,210.0000000000,-19.0000000000,4.0000000000,221.0000000000,-0.0019000000,0.3100000000,0.0800000000

optimal_chisq=11.0161637085,optimal_hour=5.4489851857, source_hour=5.4490000000 
parameter is :
0.9644695052,0.7810265839,0.5742981424,0.8073260902,0.8419140479,0.4308687015,208.2804235613,-18.5543035287,5.4489851857,221.3856435729,-0.0373302061,0.3100060632,0.5894229532,

run over!

##################################
1.0000000000,0.5016234766,0.7504864916,0.6434589560,0.6147374108,0.6845836305,8.0000000000,-27.0000000000,21.0000000000,233.0000000000,-0.0015000000,0.3900000000,0.1500000000

optimal_chisq=10.2731380361,optimal_hour=5.4489884325, source_hour=5.4490000000 
parameter is :
0.9898131885,1.3989358853,0.7965130476,1.0086644981,0.5696812050,-0.2699490208,8.0408570341,-26.9626942086,5.4489884325,233.0167645022,-0.0335744771,0.3899120427,0.2595223091,

run over!

##################################
1,chisq=7.285837935073995019763515301747,optimalHour=5.5510053973,InitHout=5.5510000000,deviation=0.0000053973
2,chisq=8.508004827072767284334986470640,optimalHour=5.5519981397,InitHout=5.5520000000,deviation=0.0000018603
3,chisq=8.613012437984332692053612845484,optimalHour=5.5499997686,InitHout=5.5500000000,deviation=0.0000002314
4,chisq=10.273138036065255107587290694937,optimalHour=5.4489884325,InitHout=5.4490000000,deviation=0.0000115675
5,chisq=10.287148861341790961887454614043,optimalHour=5.5499979230,InitHout=5.5500000000,deviation=0.0000020770
6,chisq=11.016163708469573379034045501612,optimalHour=5.4489851857,InitHout=5.4490000000,deviation=0.0000148143



1.0000000000,0.9851038014,1.1717129108,0.6873357835,1.1599251018,0.5646026992,300.0000000000,-73.0000000000,6.0000000000,211.0000000000,-0.0020000000,0.4100000000,0.1100000000


1.0000000000,0.9851038014,1.1717129108,0.6873357835,1.1599251018,0.5646026992,300.0000000000,-73.0000000000,6.0000000000,211.0000000000,-0.0020000000,0.4100000000,0.1100000000

optimal_chisq=2.4572062468,optimal_hour=5.5509046788 
parameter is :
1.9717803670,0.5549744729,1.3119519143,-0.2729357244,0.8331048256,0.7027093130,299.9823871290,-72.9578242360,5.5509046788,211.0109870213,0.0482327730,0.4087532827,0.1609603619,


Pole:
optimalLambda,optimalBeta:(5.6695878439,25.7083166457)
optimalParameter:{1.3392044832,0.4355924227,0.5657556160,0.5116017098,0.1541464846,0.3664683049,5.6695878439,25.7083166457,5.5509052148,276.9156911130,-0.0463657867,0.3897148543,-0.0865831271}






