1.0000000000,0.5303947337,0.2844313338,1.2078428814,0.0764709761,1.4054829484,320.0000000000,-67.0000000000,7.0000000000,215.0000000000,-0.0015000000,0.3200000000,0.1900000000

optimal_chisq=4.8004448865,optimal_hour=3.6299993245, source_hour=3.6300000000 
parameter is :
-0.6433862327,-0.3808631913,-0.3026661666,-0.3844093645,0.4807669131,-0.7874334781,312.2992261102,-19.3122142262,3.6299993245,216.7665582761,-0.0385962851,0.3202568726,0.0161880034,

##################################
1.0000000000,0.9963798160,0.6739085118,1.2525062558,0.1015519311,1.8142613933,141.0000000000,-53.0000000000,11.0000000000,253.0000000000,-0.0020000000,0.2300000000,0.1200000000

optimal_chisq=5.1583544577,optimal_hour=4.3999992888, source_hour=4.4000000000 
parameter is :
1.2184830856,1.0104030372,0.5371434578,1.4598448505,0.4575534466,1.5468822340,141.0573727451,-52.6503125975,4.3999992888,253.0612855592,-0.0146340708,0.2299119564,0.0261584660,

##################################
1.0000000000,0.3504451804,0.6585619752,0.5860577973,0.9949430061,0.0612804583,0.0000000000,-78.0000000000,5.0000000000,346.0000000000,-0.0017000000,0.3800000000,0.0600000000

optimal_chisq=5.3110111091,optimal_hour=4.0800006070, source_hour=4.0800000000 
parameter is :
0.7426373224,0.7324153212,0.6790891669,0.6741698014,1.0359297003,-0.2419783092,-0.1394767822,-78.1126741515,4.0800006070,346.1440707650,-0.0464220428,0.3800435667,0.1169713581,

##################################
1.0000000000,0.9481663797,0.0534882284,1.8891714504,1.5719945725,0.1924826319,248.0000000000,0.0000000000,15.0000000000,317.0000000000,-0.0014000000,0.2600000000,0.1300000000

optimal_chisq=4.9636684433,optimal_hour=3.6400004518, source_hour=3.6400000000 
parameter is :
0.9664200064,1.0660289981,0.1924841971,1.7514103572,1.6854363441,0.1730690912,248.0191004527,0.0054077062,3.6400004518,317.0151883969,-0.0413830071,0.2597847106,0.1552628355,

##################################
1.0000000000,0.1627113508,0.6550974077,0.3811812719,0.2200139219,0.7719034156,89.0000000000,-11.0000000000,2.0000000000,300.0000000000,-0.0024000000,0.2600000000,0.1400000000

optimal_chisq=5.0847497391,optimal_hour=4.4200155207, source_hour=4.4200000000 
parameter is :
2.1627726147,2.1706555384,3.4590962549,0.8777455752,0.7164480882,3.5445087759,61.4582169637,-2.4201096470,4.4200155207,303.1410716048,-0.0287505344,0.2597449541,0.0360017957,

##################################
1.0000000000,0.9906551819,0.8392440193,1.0631823587,0.7929252034,1.0221291112,280.0000000000,88.0000000000,23.0000000000,66.0000000000,-0.0019000000,0.2700000000,0.1200000000

optimal_chisq=5.2826323960,optimal_hour=4.2000008410, source_hour=4.2000000000 
parameter is :
1.1863666287,1.5444421466,1.5482946097,1.4837819413,0.8067319428,0.4223214418,272.2563158618,89.1290556410,4.2000008410,62.4183889013,-0.0341001408,0.2695760145,-0.2054807203,

##################################
1.0000000000,0.3368231870,0.6028421144,0.6367136251,0.0837867133,1.1420994513,45.0000000000,55.0000000000,17.0000000000,16.0000000000,-0.0016000000,0.2800000000,0.1700000000

optimal_chisq=4.8577425694,optimal_hour=3.9900010904, source_hour=3.9900000000 
parameter is :
0.8941437294,0.4493472550,0.9439883313,0.6383884484,0.4289029886,0.9361463553,44.9955254268,54.9969335701,3.9900010904,16.0007042038,-0.0346935568,0.2797459128,-0.2542390347,

##################################
1.0000000000,0.0033047786,0.2724311277,0.6732583030,0.4161462190,0.4313354954,248.0000000000,-16.0000000000,2.0000000000,97.0000000000,-0.0024000000,0.2200000000,0.1000000000

optimal_chisq=4.8279979912,optimal_hour=4.5800008800, source_hour=4.5800000000 
parameter is :
0.9776593737,0.1321101250,0.5280965281,0.6317921536,0.3913668875,0.5158986887,247.9978585540,-15.9997615602,4.5800008800,96.9976937567,-0.0228347891,0.2196127083,0.1329432866,

##################################
1.0000000000,0.2036532947,0.8711320606,0.1642483912,0.8008961123,0.0451596836,46.0000000000,73.0000000000,5.0000000000,51.0000000000,-0.0019000000,0.4400000000,0.1900000000

optimal_chisq=5.0066519217,optimal_hour=4.1299995593, source_hour=4.1300000000 
parameter is :
0.8090022985,0.5998302747,0.8933559620,0.3914329123,0.8025539391,0.4713871123,50.4384997202,72.4576513211,4.1299995593,52.5059256319,-0.0338300838,0.4397531819,0.0376253678,

##################################
1.0000000000,0.1031739410,0.5930975824,0.3893358451,0.3951229997,0.4989203019,130.0000000000,77.0000000000,13.0000000000,342.0000000000,-0.0023000000,0.2200000000,0.0900000000

optimal_chisq=5.1924863363,optimal_hour=3.8500078986, source_hour=3.8500000000 
parameter is :
-9.9230752842,-22.7901775914,-23.0661021405,-9.6111887917,-16.6743028158,-20.3020158782,145.7429359390,70.9771717125,3.8500078986,337.0753278486,-0.0310947964,0.2194281547,-0.1248981494,

##################################
1.0000000000,0.3687564239,0.4563901094,0.8420691355,0.6565040965,0.5314260768,166.0000000000,61.0000000000,3.0000000000,201.0000000000,-0.0014000000,0.2800000000,0.1500000000

optimal_chisq=4.8593107322,optimal_hour=4.1300011023, source_hour=4.1300000000 
parameter is :
0.9118690562,0.4443584430,0.8906646530,0.6203508111,0.6590608399,0.6255235534,165.9852063272,60.9893856939,4.1300011023,200.9654698295,-0.0184625695,0.2797003561,0.3866704389,

##################################
1.0000000000,0.0102872504,0.2430667832,0.7165619633,0.0326949717,0.9200706024,302.0000000000,-69.0000000000,24.0000000000,159.0000000000,-0.0020000000,0.2400000000,0.0800000000

optimal_chisq=5.4819044297,optimal_hour=4.3999995253, source_hour=4.4000000000 
parameter is :
0.4542978079,0.3331813636,0.4961282926,0.2554349669,0.2871991253,0.4532638299,303.2739766344,-70.9723332269,4.3999995253,158.8401576325,-0.0339382854,0.2397499637,-0.0540117824,

##################################
1.0000000000,0.4820711601,0.6632875686,0.7230976974,0.8388215790,0.4136131399,130.0000000000,23.0000000000,5.0000000000,310.0000000000,-0.0013000000,0.2800000000,0.1800000000

optimal_chisq=4.8777565113,optimal_hour=4.0199991632, source_hour=4.0200000000 
parameter is :
0.9968420724,0.5242314295,0.6637375601,0.7151934945,0.8221875808,0.4189411855,130.0000355914,22.9996549543,4.0199991632,309.9992540221,-0.0102376179,0.2799585038,0.1464393071,

##################################
1.0000000000,0.5670432158,0.4599307998,1.0460310825,0.9760340381,0.3866792132,152.0000000000,-86.0000000000,2.0000000000,261.0000000000,-0.0020000000,0.4100000000,0.0600000000

optimal_chisq=5.1343449215,optimal_hour=4.3300040620, source_hour=4.3300000000 
parameter is :
0.7040091463,0.9797321347,0.8131678327,0.7876279540,1.0831798776,0.4970585346,151.9867383847,-86.0240879908,4.3300040620,260.9949876749,-0.0581864394,0.4098084976,0.1812431260,

##################################
1.0000000000,0.3248949742,0.8459090167,0.3358215048,0.5517346051,0.5277765759,320.0000000000,4.0000000000,17.0000000000,282.0000000000,-0.0021000000,0.4800000000,0.0800000000

optimal_chisq=4.5208383926,optimal_hour=3.6300009654, source_hour=3.6300000000 
parameter is :
2.0458581374,0.1850354346,2.2603510198,-1.0252607954,0.6697092053,0.1704317150,326.2084437085,5.5365862818,3.6300009654,276.8938050415,-0.0527772340,0.4805475172,0.2528741348,

##################################
1.0000000000,0.9473769334,0.8657367358,0.9882482054,1.5876795343,0.0753694108,165.0000000000,-68.0000000000,9.0000000000,167.0000000000,-0.0016000000,0.4100000000,0.1700000000

optimal_chisq=5.0162307198,optimal_hour=4.3300016126, source_hour=4.3300000000 
parameter is :
0.9256985364,1.1059656346,0.8974457050,0.9045580467,1.5816910701,0.0735252618,165.0189333363,-67.9643708594,4.3300016126,166.9667889054,-0.0581457129,0.4096624318,0.1902892273,

##################################
1.0000000000,0.5246069639,0.5525027675,0.8958080358,1.0904568728,0.1871510302,43.0000000000,36.0000000000,16.0000000000,257.0000000000,-0.0016000000,0.4000000000,0.1400000000

optimal_chisq=5.3002745703,optimal_hour=3.8000000868, source_hour=3.8000000000 
parameter is :
1.1544396138,0.3408229594,0.7985112361,0.7672372402,1.0091837021,0.2320592246,43.0003986091,35.9995765257,3.8000000868,256.9996385821,-0.0269420992,0.3998186663,0.1084350187,

##################################
1.0000000000,0.6356302917,1.2350891980,0.2321901680,0.3979539900,1.0129126759,20.0000000000,73.0000000000,6.0000000000,154.0000000000,-0.0012000000,0.2000000000,0.1700000000

optimal_chisq=5.2776922115,optimal_hour=4.2699999996, source_hour=4.2700000000 
parameter is :
0.9029652618,0.4299738342,0.8215312370,0.4649046989,0.3777354578,0.7705077089,22.2539166673,75.8085402960,4.2699999996,152.3413773203,0.0118517317,0.2000806874,-0.0388610241,

##################################
1.0000000000,0.4414503111,0.1401187449,1.2816206764,0.3816439640,0.9842119700,265.0000000000,-11.0000000000,8.0000000000,276.0000000000,-0.0015000000,0.2500000000,0.1900000000

optimal_chisq=4.9464145121,optimal_hour=4.3200005800, source_hour=4.3200000000 
parameter is :
1.2125580790,1.0377553536,0.4829055501,1.6288031799,0.6562037262,1.4742733765,261.7263311515,-10.6980591598,4.3200005800,276.5138615874,0.0186098618,0.2501367448,0.4099775702,

##################################
1.0000000000,0.9239376164,1.0613429373,0.7450874748,0.7991308630,0.9140050403,323.0000000000,-59.0000000000,10.0000000000,225.0000000000,-0.0024000000,0.3900000000,0.0700000000

optimal_chisq=5.0949708970,optimal_hour=3.7200000000, source_hour=3.7200000000 
parameter is :
1.0000000000,0.9239376164,1.0613429373,0.7450874748,0.7991308630,0.9140050403,323.0000000000,-59.0000000000,3.7200000000,225.0000000000,-0.0024000000,0.3900000000,0.0700000000,

##################################
1.0000000000,0.1210537791,0.7483824282,0.2177476027,0.4714947987,0.3844681242,239.0000000000,68.0000000000,23.0000000000,18.0000000000,-0.0020000000,0.3200000000,0.1600000000

optimal_chisq=5.2639201632,optimal_hour=4.1300011710, source_hour=4.1300000000 
parameter is :
0.8638197847,0.4292792225,0.7877348035,0.3628859798,0.5201515806,0.2319746963,247.8858478496,67.6711485553,4.1300011710,19.9446814691,-0.0515621515,0.3194281385,0.0746698070,

##################################
1.0000000000,0.5811248457,0.5169270466,0.9958566270,0.1351855932,1.3595093603,279.0000000000,12.0000000000,7.0000000000,341.0000000000,-0.0022000000,0.4100000000,0.1100000000

optimal_chisq=5.1226806452,optimal_hour=4.0199994097, source_hour=4.0200000000 
parameter is :
1.7257583111,1.2115018390,1.2953204488,1.6800783964,1.0742434702,2.1301292671,283.4308176513,5.8431467219,4.0199994097,340.8788981424,-0.0580736507,0.4095384098,0.0837720178,

##################################
1.0000000000,0.9088391424,0.7035344850,1.1285010733,0.6175349035,1.1444034340,278.0000000000,-23.0000000000,16.0000000000,192.0000000000,-0.0024000000,0.3600000000,0.1800000000

optimal_chisq=4.8072118169,optimal_hour=3.7199998886, source_hour=3.7200000000 
parameter is :
1.0741352814,0.9626555443,0.7266536387,1.1007439127,0.5776829310,1.0715622383,277.9998089322,-23.0002065931,3.7199998886,192.0006001893,-0.0271964339,0.3597847571,0.1518355636,

##################################
1.0000000000,0.1595986719,0.4616073710,0.6119994130,0.3941029421,0.6002343757,78.0000000000,-39.0000000000,7.0000000000,186.0000000000,-0.0013000000,0.4100000000,0.1800000000

optimal_chisq=4.9760623319,optimal_hour=3.7299999145, source_hour=3.7300000000 
parameter is :
0.7709532672,0.3917622512,0.4331229247,0.7298450211,0.6977568572,0.5386118493,77.9766679413,-39.0066312542,3.7299999145,186.0227479009,-0.0581823109,0.4098691754,0.1772218588,

##################################
1.0000000000,0.0523913531,0.3333769003,0.6513016112,0.0161605865,0.9652245009,36.0000000000,-29.0000000000,17.0000000000,148.0000000000,-0.0013000000,0.3000000000,0.1700000000

optimal_chisq=5.2925727304,optimal_hour=3.9899993502, source_hour=3.9900000000 
parameter is :
1.6011862566,0.6870287604,1.4202483603,0.5100897533,-0.3683445902,1.5367731891,42.4992552211,-22.8197737141,3.9899993502,140.0148848891,-0.0374734199,0.2989893637,-0.0777504341,

##################################
1.0000000000,0.5094871644,0.9375845298,0.4353183919,0.9586278769,0.2564917528,228.0000000000,70.0000000000,5.0000000000,140.0000000000,-0.0020000000,0.4000000000,0.1700000000

optimal_chisq=5.3059814744,optimal_hour=4.3399999973, source_hour=4.3400000000 
parameter is :
1.0000000000,0.5094871644,0.9375845298,0.4353183919,0.9586278769,0.2564917528,228.0000000000,70.0000000000,4.3399999973,140.0000000000,-0.0020000000,0.4000000000,0.1700000000,

##################################
1.0000000000,0.6425749183,1.0367713800,0.4680062507,0.7052838676,0.6990498503,112.0000000000,-90.0000000000,5.0000000000,88.0000000000,-0.0022000000,0.4600000000,0.1900000000

optimal_chisq=4.6751039975,optimal_hour=3.7200007902, source_hour=3.7200000000 
parameter is :
1.1520243095,0.5002825505,0.8831997695,0.6093441724,0.7636831259,0.6865268858,112.0425835337,-89.9978594623,3.7200007902,87.9563325786,-0.0521487847,0.4597611068,0.1495580259,

##################################
1.0000000000,0.6153172090,1.3103708404,0.1219782901,0.5779214058,0.7685877744,330.0000000000,38.0000000000,20.0000000000,267.0000000000,-0.0021000000,0.4300000000,0.1300000000

optimal_chisq=5.1787465968,optimal_hour=3.9900001462, source_hour=3.9900000000 
parameter is :
1.1081809771,0.5520553700,1.2038209803,0.3359036507,0.7108435141,0.7267461955,331.2280419845,37.5799584287,3.9900001462,268.1995183395,-0.0613105886,0.4295524673,-0.0212992292,

##################################
1.0000000000,0.8221973897,1.0936856675,0.5993105259,0.6036879646,1.0147048366,103.0000000000,56.0000000000,22.0000000000,76.0000000000,-0.0017000000,0.4200000000,0.1500000000

optimal_chisq=5.0750631059,optimal_hour=3.6100030189, source_hour=3.6100000000 
parameter is :
0.9622885027,0.7923251468,1.0108492407,0.8796855635,0.6826353528,0.9019475955,102.9949344517,55.9999805547,3.6100030189,75.9936870131,-0.0281767103,0.4195642188,0.1808053228,

##################################
1.0000000000,0.0837447523,0.1206443218,0.9403588737,0.1960153042,0.8266538305,293.0000000000,-47.0000000000,19.0000000000,77.0000000000,-0.0019000000,0.4400000000,0.1700000000

optimal_chisq=4.9861992936,optimal_hour=3.9000010981, source_hour=3.9000000000 
parameter is :
0.3128108839,0.2185706935,0.3313436288,0.4278348151,0.3689322903,0.3059305934,294.1541398111,-47.3011540041,3.9000010981,76.6457610169,-0.0240811670,0.4399069952,0.0989486381,

##################################
1,chisq=4.520838392550581730233716371004,optimalHour=3.6300009654,InitHout=3.6300000000,deviation=0.0000009654
2,chisq=4.675103997465903660213371040300,optimalHour=3.7200007902,InitHout=3.7200000000,deviation=0.0000007902
3,chisq=4.800444886510026876180745603051,optimalHour=3.6299993245,InitHout=3.6300000000,deviation=0.0000006755
4,chisq=4.807211816911087787218548328383,optimalHour=3.7199998886,InitHout=3.7200000000,deviation=0.0000001114
5,chisq=4.827997991204426853073528036475,optimalHour=4.5800008800,InitHout=4.5800000000,deviation=0.0000008800
6,chisq=4.857742569417301758960547886090,optimalHour=3.9900010904,InitHout=3.9900000000,deviation=0.0000010904
7,chisq=4.859310732168498070393525267718,optimalHour=4.1300011023,InitHout=4.1300000000,deviation=0.0000011023
8,chisq=4.877756511331918787277572846506,optimalHour=4.0199991632,InitHout=4.0200000000,deviation=0.0000008368
9,chisq=4.946414512128351148589899821673,optimalHour=4.3200005800,InitHout=4.3200000000,deviation=0.0000005800
10,chisq=4.963668443266978869132799445651,optimalHour=3.6400004518,InitHout=3.6400000000,deviation=0.0000004518
11,chisq=4.976062331863224663663913815981,optimalHour=3.7299999145,InitHout=3.7300000000,deviation=0.0000000855
12,chisq=4.986199293645890762149974761996,optimalHour=3.9000010981,InitHout=3.9000000000,deviation=0.0000010981
13,chisq=5.006651921743991096036552335136,optimalHour=4.1299995593,InitHout=4.1300000000,deviation=0.0000004407
14,chisq=5.016230719838859819503795733908,optimalHour=4.3300016126,InitHout=4.3300000000,deviation=0.0000016126
15,chisq=5.075063105874222380009541666368,optimalHour=3.6100030189,InitHout=3.6100000000,deviation=0.0000030189
16,chisq=5.084749739097537357679357228335,optimalHour=4.4200155207,InitHout=4.4200000000,deviation=0.0000155207
17,chisq=5.094970897029742040729161089985,optimalHour=3.7200000000,InitHout=3.7200000000,deviation=0.0000000000
18,chisq=5.122680645239142016578171023866,optimalHour=4.0199994097,InitHout=4.0200000000,deviation=0.0000005903
19,chisq=5.134344921483688928276478691259,optimalHour=4.3300040620,InitHout=4.3300000000,deviation=0.0000040620
20,chisq=5.158354457746381349636521918001,optimalHour=4.3999992888,InitHout=4.4000000000,deviation=0.0000007112
21,chisq=5.178746596844789884528381662676,optimalHour=3.9900001462,InitHout=3.9900000000,deviation=0.0000001462
22,chisq=5.192486336326648910244330181740,optimalHour=3.8500078986,InitHout=3.8500000000,deviation=0.0000078986
23,chisq=5.263920163185853873244468559278,optimalHour=4.1300011710,InitHout=4.1300000000,deviation=0.0000011710
24,chisq=5.277692211458722582051450444851,optimalHour=4.2699999996,InitHout=4.2700000000,deviation=0.0000000004
25,chisq=5.282632395955142889931721583707,optimalHour=4.2000008410,InitHout=4.2000000000,deviation=0.0000008410
26,chisq=5.292572730409172976351328543387,optimalHour=3.9899993502,InitHout=3.9900000000,deviation=0.0000006498
27,chisq=5.300274570317749400771845103009,optimalHour=3.8000000868,InitHout=3.8000000000,deviation=0.0000000868
28,chisq=5.305981474431213484876934671775,optimalHour=4.3399999973,InitHout=4.3400000000,deviation=0.0000000027
29,chisq=5.311011109066390289967785065528,optimalHour=4.0800006070,InitHout=4.0800000000,deviation=0.0000006070
30,chisq=5.481904429664874456307188665960,optimalHour=4.3999995253,InitHout=4.4000000000,deviation=0.0000004747
1.0000000000,0.3248949742,0.8459090167,0.3358215048,0.5517346051,0.5277765759,320.0000000000,4.0000000000,17.0000000000,282.0000000000,-0.0021000000,0.4800000000,0.0800000000

optimal_chisq=4.5208383926,optimal_hour=3.6300009654, source_hour=3.6300000000 
parameter is :
2.0458581374,0.1850354346,2.2603510198,-1.0252607954,0.6697092053,0.1704317150,326.2084437085,5.5365862818,3.6300009654,276.8938050415,-0.0527772340,0.4805475172,0.2528741348,

run over!

##################################
1.0000000000,0.6425749183,1.0367713800,0.4680062507,0.7052838676,0.6990498503,112.0000000000,-90.0000000000,5.0000000000,88.0000000000,-0.0022000000,0.4600000000,0.1900000000

optimal_chisq=4.6751039975,optimal_hour=3.7200007902, source_hour=3.7200000000 
parameter is :
1.1520243095,0.5002825505,0.8831997695,0.6093441724,0.7636831259,0.6865268858,112.0425835337,-89.9978594623,3.7200007902,87.9563325786,-0.0521487847,0.4597611068,0.1495580259,

run over!

##################################
1.0000000000,0.5303947337,0.2844313338,1.2078428814,0.0764709761,1.4054829484,320.0000000000,-67.0000000000,7.0000000000,215.0000000000,-0.0015000000,0.3200000000,0.1900000000

optimal_chisq=4.8004448865,optimal_hour=3.6299993245, source_hour=3.6300000000 
parameter is :
-0.6433862327,-0.3808631913,-0.3026661666,-0.3844093645,0.4807669131,-0.7874334781,312.2992261102,-19.3122142262,3.6299993245,216.7665582761,-0.0385962851,0.3202568726,0.0161880034,

run over!

##################################
1.0000000000,0.9088391424,0.7035344850,1.1285010733,0.6175349035,1.1444034340,278.0000000000,-23.0000000000,16.0000000000,192.0000000000,-0.0024000000,0.3600000000,0.1800000000

optimal_chisq=4.8072118169,optimal_hour=3.7199998886, source_hour=3.7200000000 
parameter is :
1.0741352814,0.9626555443,0.7266536387,1.1007439127,0.5776829310,1.0715622383,277.9998089322,-23.0002065931,3.7199998886,192.0006001893,-0.0271964339,0.3597847571,0.1518355636,

run over!

##################################
1.0000000000,0.0033047786,0.2724311277,0.6732583030,0.4161462190,0.4313354954,248.0000000000,-16.0000000000,2.0000000000,97.0000000000,-0.0024000000,0.2200000000,0.1000000000

optimal_chisq=4.8279979912,optimal_hour=4.5800008800, source_hour=4.5800000000 
parameter is :
0.9776593737,0.1321101250,0.5280965281,0.6317921536,0.3913668875,0.5158986887,247.9978585540,-15.9997615602,4.5800008800,96.9976937567,-0.0228347891,0.2196127083,0.1329432866,

run over!

##################################
1.0000000000,0.3368231870,0.6028421144,0.6367136251,0.0837867133,1.1420994513,45.0000000000,55.0000000000,17.0000000000,16.0000000000,-0.0016000000,0.2800000000,0.1700000000

optimal_chisq=3.7639512522,optimal_hour=3.9689999784, source_hour=3.9690000000 
parameter is :
1.4670542025,-0.2598602951,0.7784010302,0.3902003442,0.4158074307,0.8392257817,46.0194571491,56.0293758531,3.9689999784,15.4680836847,-0.0326520166,0.2792296947,0.0753112270,

run over!

##################################
1,chisq=3.763951252151848780869158872520,optimalHour=3.9689999784,InitHout=3.9690000000,deviation=0.0000000216
2,chisq=4.520838392550581730233716371004,optimalHour=3.6300009654,InitHout=3.6300000000,deviation=0.0000009654
3,chisq=4.675103997465903660213371040300,optimalHour=3.7200007902,InitHout=3.7200000000,deviation=0.0000007902
4,chisq=4.800444886510026876180745603051,optimalHour=3.6299993245,InitHout=3.6300000000,deviation=0.0000006755
5,chisq=4.807211816911087787218548328383,optimalHour=3.7199998886,InitHout=3.7200000000,deviation=0.0000001114
6,chisq=4.827997991204426853073528036475,optimalHour=4.5800008800,InitHout=4.5800000000,deviation=0.0000008800



1.0000000000,0.3368231870,0.6028421144,0.6367136251,0.0837867133,1.1420994513,45.0000000000,55.0000000000,17.0000000000,16.0000000000,-0.0016000000,0.2800000000,0.1700000000


1.0000000000,0.3368231870,0.6028421144,0.6367136251,0.0837867133,1.1420994513,45.0000000000,55.0000000000,17.0000000000,16.0000000000,-0.0016000000,0.2800000000,0.1700000000

optimal_chisq=3.7639512522,optimal_hour=3.9689999784 
parameter is :
1.4670542025,-0.2598602951,0.7784010302,0.3902003442,0.4158074307,0.8392257817,46.0194571491,56.0293758531,3.9689999784,15.4680836847,-0.0326520166,0.2792296947,0.0753112270,


Pole:
optimalLambda,optimalBeta:(82.0667683977,80.9511342547)
optimalParameter:{0.0214360143,0.4427600465,0.4718739690,1.1136523519,0.6985144889,0.8860908084,82.0667683977,80.9511342547,3.9690040857,221.1969511780,-0.0469352893,0.3888958796,-0.0305992002}



















