1.0000000000,0.6792125952,1.2419966903,0.2732865989,0.7599983485,0.6472748778,306.0000000000,6.0000000000,22.0000000000,308.0000000000,-0.0014000000,0.4700000000,0.1400000000

optimal_chisq=2.8140257476,optimal_hour=7.5200011337, source_hour=7.5200000000 
parameter is :
1.2606148586,0.4157976661,0.9834230469,0.6200435915,0.9061351344,0.8441118769,306.1944023984,6.8540022123,7.5200011337,307.8289687173,-0.0467381295,0.4699272474,0.1281683453,

##################################
1.0000000000,0.7194036086,0.1338998387,1.5697849183,0.9228634704,0.6645485811,259.0000000000,63.0000000000,23.0000000000,33.0000000000,-0.0014000000,0.4100000000,0.1200000000

optimal_chisq=2.3795620756,optimal_hour=6.5599984045, source_hour=6.5600000000 
parameter is :
1.8763070010,1.5540732283,1.5491769463,1.6898851664,2.5900090519,-0.3627718417,267.6688236928,72.2549020296,6.5599984045,39.6817525700,-0.0203124433,0.4099376456,-0.2447487864,

##################################
1.0000000000,0.3663584550,0.9159330997,0.2997376648,0.1089774046,1.0884920769,345.0000000000,11.0000000000,3.0000000000,280.0000000000,-0.0018000000,0.4600000000,0.1600000000

optimal_chisq=2.9467124833,optimal_hour=7.4100001850, source_hour=7.4100000000 
parameter is :
1.7543873183,1.5036059541,2.0328917561,1.2501585240,0.7662781010,2.4106473500,367.0741597871,7.5812679587,7.4100001850,275.5304801800,-0.0100893215,0.4600322044,-0.0328700845,

##################################
1.0000000000,0.8078603050,1.1692156267,0.4984203561,1.4162269979,0.0594687413,333.0000000000,58.0000000000,15.0000000000,269.0000000000,-0.0013000000,0.2700000000,0.1400000000

optimal_chisq=2.8684544685,optimal_hour=7.0700007077, source_hour=7.0700000000 
parameter is :
-1.5716958441,4.4154993996,4.7115241598,3.4105478833,6.0075088835,1.6920856994,320.0654905846,46.1660319297,7.0700007077,270.1299117658,-0.0138207946,0.2695690241,-0.0329391712,

##################################
1.0000000000,0.2426705608,0.1530247038,1.0645090250,0.3554914947,0.8005402017,35.0000000000,22.0000000000,18.0000000000,215.0000000000,-0.0015000000,0.2200000000,0.0900000000

optimal_chisq=2.5954904366,optimal_hour=7.0500014767, source_hour=7.0500000000 
parameter is :
1.6374357506,1.2070971101,0.9529290325,1.5508692069,1.1409295817,1.3987202568,34.5269783040,29.8902887074,7.0500014767,212.8080877173,-0.0136082806,0.2215529828,0.0345438039,

##################################
1.0000000000,0.9052726808,0.8500536948,0.9613639088,1.2957977137,0.3590098072,163.0000000000,82.0000000000,3.0000000000,20.0000000000,-0.0021000000,0.2400000000,0.1100000000

optimal_chisq=2.7096915582,optimal_hour=7.0699999561, source_hour=7.0700000000 
parameter is :
1.0000000000,0.9052726808,0.8500536948,0.9613639088,1.2957977137,0.3590098072,163.0000000000,82.0000000000,7.0699999561,20.0000000000,-0.0021000000,0.2400000000,0.1100000000,

##################################
1.0000000000,0.7704144603,0.7878584808,0.8885630972,0.2319334738,1.4163456037,58.0000000000,-45.0000000000,20.0000000000,210.0000000000,-0.0022000000,0.3200000000,0.0800000000

optimal_chisq=2.3041838567,optimal_hour=7.0399977976, source_hour=7.0400000000 
parameter is :
0.3015297808,0.9663121341,1.7413889257,1.1299987398,1.4095939266,1.0223590303,55.6558594768,-44.6377981396,7.0399977976,212.4878244868,0.0148600573,0.3246922645,-0.1174177229,

##################################
1.0000000000,0.4939821220,0.0853218977,1.3971494592,0.2894242975,1.1529144202,287.0000000000,52.0000000000,19.0000000000,52.0000000000,-0.0015000000,0.3000000000,0.1500000000

optimal_chisq=2.8461437642,optimal_hour=6.8399996208, source_hour=6.8400000000 
parameter is :
1.1187932411,1.7998515850,1.7015489604,0.9651143093,0.9940933067,1.7569955001,271.3218580546,60.7431668246,6.8399996208,31.6262424864,-1.8494447513,-0.8959380045,-0.1004768610,

##################################
1.0000000000,0.3127918091,0.3689264834,0.8850230060,0.6632952493,0.4740110354,326.0000000000,55.0000000000,7.0000000000,291.0000000000,-0.0018000000,0.2500000000,0.1700000000

optimal_chisq=2.6603157328,optimal_hour=7.0699989227, source_hour=7.0700000000 
parameter is :
0.5960557295,0.5976888574,0.5709702351,0.5486887641,0.8912531256,-0.1217094313,324.7051442014,53.7187792931,7.0699989227,292.0044911705,0.0492196103,0.2483946412,-0.0664936498,

##################################
1.0000000000,0.2502200246,0.2313488502,0.9806962159,0.8946466363,0.1453505313,271.0000000000,60.0000000000,20.0000000000,219.0000000000,-0.0019000000,0.2700000000,0.0800000000

optimal_chisq=2.6863302371,optimal_hour=6.6199972439, source_hour=6.6200000000 
parameter is :
0.9153763304,0.7427219615,1.0065583191,0.6639285166,0.3132466647,-0.1511951181,269.6576019270,57.2399222259,6.6199972439,218.4718669828,-0.1534783917,0.3192289642,0.2032807996,

##################################
1.0000000000,0.5934271908,1.3836820965,0.0113759931,0.9177771259,0.3301984133,328.0000000000,54.0000000000,2.0000000000,199.0000000000,-0.0018000000,0.4000000000,0.1000000000

optimal_chisq=2.7905236067,optimal_hour=7.0599978818, source_hour=7.0600000000 
parameter is :
1.3512536795,1.0687730013,1.2355659282,1.0260391166,0.5336890052,1.1940323744,323.4227777688,51.7895649263,7.0599978818,195.3757319120,-1.5653084529,-0.6585194356,0.2199590466,

##################################
1.0000000000,0.8131377026,1.0539821344,0.6342968007,1.3487194128,0.1608729518,45.0000000000,24.0000000000,3.0000000000,193.0000000000,-0.0020000000,0.2100000000,0.1300000000

optimal_chisq=2.3550580805,optimal_hour=7.0400000340, source_hour=7.0400000000 
parameter is :
1.0000000000,0.8131377026,1.0539821344,0.6342968007,1.3487194128,0.1608729518,45.0000000000,24.0000000000,7.0400000340,193.0000000000,-0.0020000000,0.2100000000,0.1300000000,

##################################
1.0000000000,0.0502059446,0.5114430813,0.4301265946,0.6670664302,0.1007454732,291.0000000000,-81.0000000000,11.0000000000,356.0000000000,-0.0013000000,0.2600000000,0.1800000000

optimal_chisq=2.8203868182,optimal_hour=6.6099999689, source_hour=6.6100000000 
parameter is :
0.7987819824,0.3303845864,0.6184604887,0.5445792551,0.8865120481,0.0470351076,295.6702092263,-54.9601656753,6.6099999689,358.1451277291,-0.0031761081,0.2602557919,0.0555189893,

##################################
1.0000000000,0.8136611505,1.1438413383,0.5334264015,1.3395921689,0.1588813285,71.0000000000,57.0000000000,13.0000000000,192.0000000000,-0.0017000000,0.4800000000,0.1800000000

optimal_chisq=2.7011365903,optimal_hour=6.8399993254, source_hour=6.8400000000 
parameter is :
1.2685476147,1.6454989069,1.2944361102,1.1911921645,1.7355655653,0.8478663884,67.4951229864,53.2067739926,6.8399993254,199.1135330669,-0.0906918222,0.4783508630,-0.0664722737,

##################################
1.0000000000,0.8804222848,1.5511552209,0.1465293191,0.7646113792,0.8376304684,55.0000000000,-25.0000000000,17.0000000000,336.0000000000,-0.0019000000,0.3900000000,0.1300000000

optimal_chisq=2.2290475904,optimal_hour=7.0499999283, source_hour=7.0500000000 
parameter is :
1.7603732060,0.7291866935,2.1084741450,0.3778762528,0.4800391375,0.4811889501,59.2368701966,-29.0499256850,7.0499999283,329.4644601412,-0.7467031689,0.0787936962,0.0994715176,

##################################
1.0000000000,0.3685481690,0.0560145930,1.3042980290,0.7976679372,0.4330145038,52.0000000000,-37.0000000000,10.0000000000,26.0000000000,-0.0024000000,0.4600000000,0.1300000000

optimal_chisq=2.4300631514,optimal_hour=7.0399999649, source_hour=7.0400000000 
parameter is :
1.0420519794,0.4361229538,0.2427674901,1.2477234204,0.8311225999,0.4035241564,54.3017111467,-36.5786500408,7.0399999649,24.7827246130,0.0254064304,0.4601451065,0.0991766524,

##################################
1.0000000000,0.8522428991,1.3028426701,0.3960222073,0.2066767110,1.4674981879,271.0000000000,9.0000000000,10.0000000000,64.0000000000,-0.0019000000,0.2000000000,0.1400000000

optimal_chisq=2.4119695479,optimal_hour=7.5900008972, source_hour=7.5900000000 
parameter is :
0.2170271105,0.6130317447,0.4966578468,0.2250491780,0.1449485567,0.5531273672,269.8420454479,17.5571799315,7.5900008972,57.5601500653,-0.0706147546,0.2091552080,-0.0084513651,

##################################
1.0000000000,0.6610815384,1.0649902922,0.4560574725,1.2174643604,0.1217681737,124.0000000000,49.0000000000,16.0000000000,273.0000000000,-0.0012000000,0.2200000000,0.1100000000

optimal_chisq=2.5458725450,optimal_hour=6.5399999180, source_hour=6.5400000000 
parameter is :
1.3140778274,0.9990676214,1.7868452580,0.4409606839,1.3232664124,0.9223507139,122.3982575418,54.4182743158,6.5399999180,266.5327483617,-0.0020590143,0.2212939903,0.1863892866,

##################################
1.0000000000,0.1020106627,0.2486611193,0.8062039657,0.0969549469,0.9391956880,14.0000000000,-54.0000000000,9.0000000000,284.0000000000,-0.0022000000,0.2500000000,0.1800000000

optimal_chisq=2.3890724506,optimal_hour=7.0600008710, source_hour=7.0600000000 
parameter is :
0.7894771663,0.5313100450,0.5346324829,0.7632503933,0.1986780241,1.0396296413,13.8984471230,-53.9204569340,7.0600008710,284.0331271735,-0.0088790548,0.2500938630,-0.1142380256,

##################################
1.0000000000,0.1947174567,0.8841515402,0.1374796740,0.5855329726,0.3045266061,251.0000000000,-41.0000000000,11.0000000000,157.0000000000,-0.0012000000,0.3300000000,0.0800000000

optimal_chisq=2.6131044105,optimal_hour=7.0500002179, source_hour=7.0500000000 
parameter is :
0.7811640158,0.5094033137,0.6445631128,0.6626806868,0.8918690364,0.3892571292,245.6508926911,-48.0945229481,7.0500002179,148.8380763412,0.0101927884,0.3336050357,0.3441808673,

##################################
1.0000000000,0.8071280824,1.5152635252,0.1048026246,0.4507593694,1.1116045558,219.0000000000,75.0000000000,14.0000000000,116.0000000000,-0.0024000000,0.4100000000,0.1800000000

optimal_chisq=2.8423610117,optimal_hour=6.9299999182, source_hour=6.9300000000 
parameter is :
0.7474684657,0.7200616787,0.8613056991,0.5401133111,0.3131606765,1.0205572522,213.3425292345,77.4367766254,6.9299999182,113.8137721053,-0.0133826052,0.4101800493,-0.0979657025,

##################################
1.0000000000,0.4324354638,0.2543163748,1.1416840905,0.9613752087,0.2796989444,343.0000000000,90.0000000000,1.0000000000,99.0000000000,-0.0017000000,0.4600000000,0.1200000000

optimal_chisq=2.7181674056,optimal_hour=6.9500006318, source_hour=6.9500000000 
parameter is :
1.8235485200,1.4786900144,1.7983883696,1.4090227263,2.5392280870,0.3025458986,342.4199842109,91.9790484622,6.9500006318,99.4683267932,-0.0214675893,0.4598110607,0.1809735852,

##################################
1.0000000000,0.8643110664,1.6291797280,0.0399140607,0.9764395627,0.5660484354,17.0000000000,-67.0000000000,19.0000000000,2.0000000000,-0.0020000000,0.4200000000,0.1600000000

optimal_chisq=2.6122028027,optimal_hour=7.0400002480, source_hour=7.0400000000 
parameter is :
1.0049850790,1.0076639399,1.8320063170,0.3605335361,1.4675928296,0.3786379484,10.5455983884,-59.0810453349,7.0400002480,4.3407195296,-0.0417528173,0.4197497253,0.0390822679,

##################################
1.0000000000,0.6438433494,0.1745734143,1.4477485080,0.0030367431,1.6189107229,167.0000000000,-10.0000000000,1.0000000000,76.0000000000,-0.0023000000,0.2500000000,0.1900000000

optimal_chisq=2.9008716575,optimal_hour=6.7900010614, source_hour=6.7900000000 
parameter is :
0.9294260736,1.0509579100,1.1702721197,1.1843699410,-0.5516125343,1.7642952303,162.8932724912,-16.7101156208,6.7900010614,76.6697984186,-0.0664539679,0.2466274694,-0.0401361786,

##################################
1.0000000000,0.8355067288,0.6721675183,1.0869167763,1.2551340229,0.3472964867,36.0000000000,11.0000000000,7.0000000000,168.0000000000,-0.0017000000,0.3100000000,0.0700000000

optimal_chisq=2.1989067391,optimal_hour=7.5899997436, source_hour=7.5900000000 
parameter is :
0.8265469395,0.8852196280,0.6419975212,1.2624957083,1.3084454996,-0.1375149188,39.9675963121,9.2441644803,7.5899997436,168.4811364554,-0.0082647128,0.3099296561,0.1180974864,

##################################
1.0000000000,0.8208484411,0.3540622924,1.4270282264,1.2075643976,0.4256503573,198.0000000000,51.0000000000,19.0000000000,106.0000000000,-0.0022000000,0.2200000000,0.1500000000

optimal_chisq=2.6857593606,optimal_hour=7.0400002775, source_hour=7.0400000000 
parameter is :
0.4864095909,1.4744290897,1.1557450013,0.7811113527,1.4990196896,0.3318666959,194.0393628518,53.9478935462,7.0400002775,107.1906018066,-0.0427693735,0.2195239092,-0.0749073393,

##################################
1.0000000000,0.8312870110,1.4877203302,0.1633543162,0.8603752498,0.6789105039,266.0000000000,-21.0000000000,22.0000000000,352.0000000000,-0.0022000000,0.2300000000,0.0700000000

optimal_chisq=2.5009503975,optimal_hour=7.0399999846, source_hour=7.0400000000 
parameter is :
1.4026610032,1.8899130296,1.1430337912,0.8773816799,-0.5540133511,1.9210303339,263.2713760676,-33.8526575900,7.0399999846,350.5601061192,0.0388001808,0.2293774898,0.1631037626,

##################################
1.0000000000,0.6270844762,0.8817031630,0.6286247958,1.1909286103,0.1405051964,110.0000000000,-71.0000000000,22.0000000000,180.0000000000,-0.0017000000,0.2500000000,0.1100000000

optimal_chisq=2.7042766770,optimal_hour=7.1300000937, source_hour=7.1300000000 
parameter is :
11.2773182477,8.1873472297,10.0400313741,9.4742319583,11.9071981203,-0.2444750263,151.8928973851,-62.9738891797,7.1300000937,145.2592726503,31.2932436644,-12.4000905885,-0.1866052356,

##################################
1.0000000000,0.7441528578,1.0544294037,0.5590183337,1.0676147634,0.4003809462,291.0000000000,-89.0000000000,11.0000000000,84.0000000000,-0.0021000000,0.2500000000,0.1000000000

optimal_chisq=2.6553478785,optimal_hour=7.0399990481, source_hour=7.0400000000 
parameter is :
0.7721728909,1.3619485988,0.9631434312,1.2927740275,0.6835348930,0.7592105901,291.7541374109,-89.9708943837,7.0399990481,83.2634488612,-0.0501973701,0.2489053937,0.0939647582,

##################################
1.0000000000,0.7395418732,0.7678061805,0.8784570265,0.7960062238,0.7470867620,202.0000000000,-81.0000000000,13.0000000000,188.0000000000,-0.0017000000,0.3300000000,0.1400000000

optimal_chisq=2.8295721356,optimal_hour=7.3800026823, source_hour=7.3800000000 
parameter is :
1.1357023234,2.0936640411,1.6772895009,1.1916887803,-0.6336063934,0.7827385559,202.0272537373,-80.5155790944,7.3800026823,188.8354455894,-0.0194888641,0.3303295782,0.1415956723,

##################################
1,chisq=2.198906739066909477031686037662,optimalHour=7.5899997436,InitHout=7.5900000000,deviation=0.0000002564
2,chisq=2.229047590404128253993576436187,optimalHour=7.0499999283,InitHout=7.0500000000,deviation=0.0000000717
3,chisq=2.304183856742105795945008139824,optimalHour=7.0399977976,InitHout=7.0400000000,deviation=0.0000022024
4,chisq=2.355058080493480865413857827662,optimalHour=7.0400000340,InitHout=7.0400000000,deviation=0.0000000340
5,chisq=2.379562075574375157316353579517,optimalHour=6.5599984045,InitHout=6.5600000000,deviation=0.0000015955
6,chisq=2.389072450561305238636577996658,optimalHour=7.0600008710,InitHout=7.0600000000,deviation=0.0000008710
7,chisq=2.411969547928983548246151258354,optimalHour=7.5900008972,InitHout=7.5900000000,deviation=0.0000008972
8,chisq=2.430063151364556972566788317636,optimalHour=7.0399999649,InitHout=7.0400000000,deviation=0.0000000351
9,chisq=2.500950397534303260016486092354,optimalHour=7.0399999846,InitHout=7.0400000000,deviation=0.0000000154
10,chisq=2.545872545001102160711070609977,optimalHour=6.5399999180,InitHout=6.5400000000,deviation=0.0000000820
11,chisq=2.595490436617923002415864175418,optimalHour=7.0500014767,InitHout=7.0500000000,deviation=0.0000014767
12,chisq=2.612202802705707593844408620498,optimalHour=7.0400002480,InitHout=7.0400000000,deviation=0.0000002480
13,chisq=2.613104410533381383174855727702,optimalHour=7.0500002179,InitHout=7.0500000000,deviation=0.0000002179
14,chisq=2.655347878541990169765085738618,optimalHour=7.0399990481,InitHout=7.0400000000,deviation=0.0000009519
15,chisq=2.660315732782499775765927552129,optimalHour=7.0699989227,InitHout=7.0700000000,deviation=0.0000010773
16,chisq=2.685759360627280045719089685008,optimalHour=7.0400002775,InitHout=7.0400000000,deviation=0.0000002775
17,chisq=2.686330237134914256103002117015,optimalHour=6.6199972439,InitHout=6.6200000000,deviation=0.0000027561
18,chisq=2.701136590296316697390466288198,optimalHour=6.8399993254,InitHout=6.8400000000,deviation=0.0000006746
19,chisq=2.704276676989067151879453376750,optimalHour=7.1300000937,InitHout=7.1300000000,deviation=0.0000000937
20,chisq=2.709691558174609049558512197109,optimalHour=7.0699999561,InitHout=7.0700000000,deviation=0.0000000439
21,chisq=2.718167405593326702017975549097,optimalHour=6.9500006318,InitHout=6.9500000000,deviation=0.0000006318
22,chisq=2.790523606713327442463423722074,optimalHour=7.0599978818,InitHout=7.0600000000,deviation=0.0000021182
23,chisq=2.814025747563175361420917397481,optimalHour=7.5200011337,InitHout=7.5200000000,deviation=0.0000011337
24,chisq=2.820386818189570377057862060610,optimalHour=6.6099999689,InitHout=6.6100000000,deviation=0.0000000311
25,chisq=2.829572135559239587365709667210,optimalHour=7.3800026823,InitHout=7.3800000000,deviation=0.0000026823
26,chisq=2.842361011739856113678115434595,optimalHour=6.9299999182,InitHout=6.9300000000,deviation=0.0000000818
27,chisq=2.846143764241180651453078098712,optimalHour=6.8399996208,InitHout=6.8400000000,deviation=0.0000003792
28,chisq=2.868454468548953251172406453406,optimalHour=7.0700007077,InitHout=7.0700000000,deviation=0.0000007077
29,chisq=2.900871657510893264486639964161,optimalHour=6.7900010614,InitHout=6.7900000000,deviation=0.0000010614
30,chisq=2.946712483270484295161395493778,optimalHour=7.4100001850,InitHout=7.4100000000,deviation=0.0000001850

1.0000000000,0.8355067288,0.6721675183,1.0869167763,1.2551340229,0.3472964867,36.0000000000,11.0000000000,7.0000000000,168.0000000000,-0.0017000000,0.3100000000,0.0700000000

optimal_chisq=2.1255401214,optimal_hour=7.6339980355, source_hour=7.6340000000 
parameter is :
0.8666461110,0.9895191457,0.6018571296,1.0680462315,1.3419505652,0.1340096485,40.0229542518,13.0741038058,7.6339980355,167.9876843644,0.0041736116,0.3103263471,0.0478086674,

run over!

##################################
1.0000000000,0.8804222848,1.5511552209,0.1465293191,0.7646113792,0.8376304684,55.0000000000,-25.0000000000,17.0000000000,336.0000000000,-0.0019000000,0.3900000000,0.1300000000

optimal_chisq=1.8095963669,optimal_hour=7.0519998670, source_hour=7.0520000000 
parameter is :
0.6614989013,1.0250120037,1.3171142543,0.6224421395,1.3399251244,0.9141771713,57.0062823534,-24.5524590815,7.0519998670,334.7459712088,-0.0654691225,0.3890600020,0.0736404839,

run over!

##################################
1.0000000000,0.7704144603,0.7878584808,0.8885630972,0.2319334738,1.4163456037,58.0000000000,-45.0000000000,20.0000000000,210.0000000000,-0.0022000000,0.3200000000,0.0800000000

optimal_chisq=2.3041838567,optimal_hour=7.0399977976, source_hour=7.0400000000 
parameter is :
0.3015297808,0.9663121341,1.7413889257,1.1299987398,1.4095939266,1.0223590303,55.6558594768,-44.6377981396,7.0399977976,212.4878244868,0.0148600573,0.3246922645,-0.1174177229,

run over!

##################################
1.0000000000,0.8131377026,1.0539821344,0.6342968007,1.3487194128,0.1608729518,45.0000000000,24.0000000000,3.0000000000,193.0000000000,-0.0020000000,0.2100000000,0.1300000000

optimal_chisq=2.0773416455,optimal_hour=7.0470000033, source_hour=7.0470000000 
parameter is :
1.0035941069,0.8174210885,1.0503616017,0.6329247573,1.3470973788,0.1595322756,44.9999663604,23.9999883830,7.0470000033,193.0000032315,-0.0020360392,0.2099996552,0.1286659233,

run over!

##################################
1.0000000000,0.7194036086,0.1338998387,1.5697849183,0.9228634704,0.6645485811,259.0000000000,63.0000000000,23.0000000000,33.0000000000,-0.0014000000,0.4100000000,0.1200000000

optimal_chisq=2.3795620756,optimal_hour=6.5599984045, source_hour=6.5600000000 
parameter is :
1.8763070010,1.5540732283,1.5491769463,1.6898851664,2.5900090519,-0.3627718417,267.6688236928,72.2549020296,6.5599984045,39.6817525700,-0.0203124433,0.4099376456,-0.2447487864,

run over!

##################################
1.0000000000,0.1020106627,0.2486611193,0.8062039657,0.0969549469,0.9391956880,14.0000000000,-54.0000000000,9.0000000000,284.0000000000,-0.0022000000,0.2500000000,0.1800000000

optimal_chisq=2.3890724506,optimal_hour=7.0600008710, source_hour=7.0600000000 
parameter is :
0.7894771663,0.5313100450,0.5346324829,0.7632503933,0.1986780241,1.0396296413,13.8984471230,-53.9204569340,7.0600008710,284.0331271735,-0.0088790548,0.2500938630,-0.1142380256,

run over!

##################################
1,chisq=1.809596366861610405862847983371,optimalHour=7.0519998670,InitHout=7.0520000000,deviation=0.0000001330
2,chisq=2.077341645495941246934989976580,optimalHour=7.0470000033,InitHout=7.0470000000,deviation=0.0000000033
3,chisq=2.125540121429250639550900814356,optimalHour=7.6339980355,InitHout=7.6340000000,deviation=0.0000019645
4,chisq=2.304183856742105795945008139824,optimalHour=7.0399977976,InitHout=7.0400000000,deviation=0.0000022024
5,chisq=2.379562075574375157316353579517,optimalHour=6.5599984045,InitHout=6.5600000000,deviation=0.0000015955
6,chisq=2.389072450561305238636577996658,optimalHour=7.0600008710,InitHout=7.0600000000,deviation=0.0000008710



1.0000000000,0.8804222848,1.5511552209,0.1465293191,0.7646113792,0.8376304684,55.0000000000,-25.0000000000,17.0000000000,336.0000000000,-0.0019000000,0.3900000000,0.1300000000


1.0000000000,0.8804222848,1.5511552209,0.1465293191,0.7646113792,0.8376304684,55.0000000000,-25.0000000000,17.0000000000,336.0000000000,-0.0019000000,0.3900000000,0.1300000000

optimal_chisq=1.7907609398,optimal_hour=7.0477021790 
parameter is :
1.3664109212,1.3515108449,2.3842089758,0.1536110855,-0.2012500758,0.2471931539,49.2862475936,-20.2931439257,7.0477021790,344.5967287097,0.0075419162,0.3900377735,-0.1153360544,


Pole:
optimalLambda,optimalBeta:(43.1139353635,22.2564318634)
optimalParameter:{0.9959637256,1.1476246549,0.0062555617,1.1264501068,1.1618121245,0.6915870863,43.1139353635,22.2564318634,7.0477033212,331.2287540476,-0.2081543152,0.2471574342,0.2507427028}












