1.0000000000,0.7621266943,1.2126304429,0.3990124914,1.1639214788,0.2873176370,208.0000000000,-70.0000000000,14.0000000000,82.0000000000,-0.0012000000,0.2100000000,0.1100000000

optimal_chisq=2.9972153140,optimal_hour=5.2900009891, source_hour=5.2900000000 
parameter is :
1.0317411422,0.8234632021,1.2504324639,0.3259246628,1.0643057964,0.3614517553,207.9981168725,-70.0008234224,5.2900009891,82.0017640847,-0.0467158180,0.2097399047,0.0053939453,

##################################
1.0000000000,0.5458107579,1.1357762529,0.2455923331,0.0833353050,1.2858603965,352.0000000000,17.0000000000,16.0000000000,58.0000000000,-0.0019000000,0.4300000000,0.0600000000

optimal_chisq=3.4996562309,optimal_hour=4.9600003664, source_hour=4.9600000000 
parameter is :
0.8918041721,0.8722744478,1.1891493858,0.5039384839,0.5319760284,1.1774074973,355.3867081220,16.6583989116,4.9600003664,57.1882863996,-0.5147483711,0.1966642451,-0.2709503413,

##################################
1.0000000000,0.5169325362,0.9310657096,0.4511456490,0.8985196904,0.3384093319,170.0000000000,2.0000000000,8.0000000000,264.0000000000,-0.0016000000,0.4900000000,0.1800000000

optimal_chisq=3.4889175147,optimal_hour=4.8900011761, source_hour=4.8900000000 
parameter is :
0.8015353072,0.8541650100,1.1747639002,0.9953430524,1.0612623971,0.6952718605,156.4155259102,21.9404655789,4.8900011761,265.9002458374,-0.3459301272,-7.4145479745,-0.2171852144,

##################################
1.0000000000,0.3854397705,1.0091801194,0.2108203511,0.3412171267,0.8200152389,133.0000000000,-40.0000000000,23.0000000000,256.0000000000,-0.0012000000,0.4300000000,0.0900000000

optimal_chisq=3.1491467395,optimal_hour=5.4499970201, source_hour=5.4500000000 
parameter is :
1.4363963150,0.7120840620,1.1214680240,0.6272361755,0.5791738399,1.1550322276,125.4819198632,-36.1923282202,5.4499970201,257.6625810008,-0.6753740311,0.2018601901,-0.1929097143,

##################################
1.0000000000,0.4305662925,1.2231813862,0.0088160931,1.0291875482,0.0034848499,58.0000000000,-70.0000000000,24.0000000000,352.0000000000,-0.0014000000,0.4900000000,0.0800000000

optimal_chisq=2.8009004515,optimal_hour=5.2900021878, source_hour=5.2900000000 
parameter is :
-5.5373557666,-2.5749345829,-2.5589623525,2.4387205266,-5.1919408555,-0.6296628007,85.7725808842,-64.5077832101,5.2900021878,317.6799190973,14.4353115431,-33.4139300193,-0.0383054112,

##################################
1.0000000000,0.0617812919,0.2626217083,0.7471431761,0.4504768011,0.4603747536,95.0000000000,-20.0000000000,14.0000000000,38.0000000000,-0.0022000000,0.2700000000,0.1100000000

optimal_chisq=3.1396629915,optimal_hour=5.4499965270, source_hour=5.4500000000 
parameter is :
0.9360983816,0.1386783986,0.3881479846,0.8289691966,0.4278179204,0.4061456538,94.9896026359,-20.0085181707,5.4499965270,38.0060057428,-0.0436638662,0.2699907195,0.0306758326,

##################################
1.0000000000,0.8876519375,0.9283040224,0.8552520547,0.1825179288,1.5803309933,335.0000000000,-69.0000000000,8.0000000000,40.0000000000,-0.0020000000,0.2900000000,0.0800000000

optimal_chisq=3.7999406769,optimal_hour=5.3999853534, source_hour=5.4000000000 
parameter is :
1.5821940861,1.6269902460,1.9141027325,0.9149822090,1.0734536347,1.8162811148,332.1756075063,-67.8341781090,5.3999853534,41.9449469621,-0.2096470101,0.2462497979,0.2132648645,

##################################
1.0000000000,0.5547248472,0.3899891574,1.1128348477,0.9272812863,0.4398934467,63.0000000000,-90.0000000000,12.0000000000,200.0000000000,-0.0017000000,0.2400000000,0.0700000000

optimal_chisq=3.1473490553,optimal_hour=4.7700010252, source_hour=4.7700000000 
parameter is :
1.2537088108,0.6557555921,1.0991010248,1.1442687585,1.4868463114,0.4348507056,58.7403014733,-88.4523011555,4.7700010252,205.1297445604,-0.1270208776,0.2372236054,-0.0661066227,

##################################
1.0000000000,0.1067724764,0.7101048972,0.2485162718,0.2187739233,0.6917951125,122.0000000000,79.0000000000,15.0000000000,99.0000000000,-0.0024000000,0.4600000000,0.1900000000

optimal_chisq=3.5377505800,optimal_hour=4.6600000075, source_hour=4.6600000000 
parameter is :
0.9157389111,0.3495014440,0.7132250636,0.3771075060,0.4201481046,0.6645182825,122.1854598701,79.0008369050,4.6600000075,99.1650763545,-0.1805622375,0.4590536848,0.0289325508,

##################################
1.0000000000,0.1777896942,0.8368574036,0.1756241056,0.8114186752,0.0014096959,181.0000000000,-36.0000000000,22.0000000000,200.0000000000,-0.0020000000,0.2500000000,0.1000000000

optimal_chisq=3.3519395279,optimal_hour=5.2300008967, source_hour=5.2300000000 
parameter is :
1.7740724435,0.8424449789,1.8374741133,0.7127517712,2.2290135863,-0.0746252585,169.8044195655,-36.8176234068,5.2300008967,197.4429572562,-0.0272433226,0.2500041875,-0.0833360979,

##################################
1.0000000000,0.0844430859,0.0077007545,1.0753202436,0.6051678724,0.3513125606,137.0000000000,28.0000000000,14.0000000000,176.0000000000,-0.0015000000,0.2000000000,0.1700000000

optimal_chisq=3.5273414158,optimal_hour=4.6600017671, source_hour=4.6600000000 
parameter is :
1.5846533734,1.0217354253,-0.4766908804,-1.2990374936,1.2800133992,0.9889834344,122.7802066559,71.9472269383,4.6600017671,174.7284942812,1.5990711589,-14.9513192624,0.0905076199,

##################################
1.0000000000,0.5920490672,1.2542946426,0.1604350951,0.5898936037,0.7358452111,20.0000000000,36.0000000000,4.0000000000,154.0000000000,-0.0014000000,0.2200000000,0.1800000000

optimal_chisq=3.6559095612,optimal_hour=5.2700011357, source_hour=5.2700000000 
parameter is :
0.6239226676,1.0361181719,0.9596833074,0.9874933403,0.9764471476,0.6798395173,18.8007269210,40.2447090908,5.2700011357,149.2038109000,-0.4669138540,-0.2527347615,-0.2275951256,

##################################
1.0000000000,0.7370603544,1.0964123572,0.5035972779,0.1649932935,1.4141193788,297.0000000000,26.0000000000,21.0000000000,58.0000000000,-0.0012000000,0.3200000000,0.1900000000

optimal_chisq=2.9677832377,optimal_hour=5.2300004884, source_hour=5.2300000000 
parameter is :
1.1399416331,0.6511463988,1.0616137152,0.5300079498,0.2409223599,1.3689983133,296.9866512937,26.0132925358,5.2300004884,57.9996309416,0.0300325641,0.3201171220,0.3213431753,

##################################
1.0000000000,0.2710156340,0.9137569595,0.1919835589,0.2106398327,0.8555895182,286.0000000000,51.0000000000,5.0000000000,12.0000000000,-0.0020000000,0.4600000000,0.1100000000

optimal_chisq=3.4269821745,optimal_hour=5.0500006003, source_hour=5.0500000000 
parameter is :
0.9288641320,0.7114412336,0.7733445038,0.3988107524,0.2625969583,0.8893002293,285.1632339147,50.1949696645,5.0500006003,11.3899625220,-0.5745395410,0.1790345390,-0.1989542588,

##################################
1.0000000000,0.0496660066,0.3991911130,0.5679217325,0.0808053093,0.8692977372,75.0000000000,-43.0000000000,8.0000000000,342.0000000000,-0.0014000000,0.2800000000,0.1200000000

optimal_chisq=3.1835917234,optimal_hour=5.4099941603, source_hour=5.4100000000 
parameter is :
1.7671548908,1.3110091939,1.7561468122,2.0724454328,1.2339506301,1.7171069659,85.9042987502,-43.2475058490,5.4099941603,345.4968638655,-0.0678535723,0.2805508065,0.0210350954,

##################################
1.0000000000,0.0388259860,0.2936712651,0.6851496123,0.7413125121,0.0501907519,279.0000000000,0.0000000000,24.0000000000,358.0000000000,-0.0023000000,0.3300000000,0.1800000000

optimal_chisq=3.1208564140,optimal_hour=5.4500000742, source_hour=5.4500000000 
parameter is :
0.4970036093,0.7905965107,0.4747211546,0.7673524655,0.9044132483,0.7286804322,273.1908104718,-0.6257367980,5.4500000742,363.3922384911,-0.0280498020,0.3298568533,-0.0787935406,

##################################
1.0000000000,0.2436164861,0.8880501030,0.1909621104,0.6892812799,0.2416460618,328.0000000000,-11.0000000000,19.0000000000,193.0000000000,-0.0020000000,0.3300000000,0.1200000000

optimal_chisq=3.6445637248,optimal_hour=5.2300007258, source_hour=5.2300000000 
parameter is :
0.9342951407,0.2880967325,0.6721811684,0.2461823516,0.6159319564,0.8089742931,345.4979765436,-7.1417497262,5.2300007258,197.4988168236,-1.2390097359,-0.3038471769,0.0550628442,

##################################
1.0000000000,0.5986543617,0.4764369176,1.0602073990,0.1823826431,1.3301454076,165.0000000000,88.0000000000,11.0000000000,208.0000000000,-0.0017000000,0.4600000000,0.1500000000

optimal_chisq=3.8135477986,optimal_hour=5.4500077389, source_hour=5.4500000000 
parameter is :
0.7823407786,0.7968774994,0.4130260656,1.1634734936,0.2974605679,1.2993708587,165.0003101524,87.9971626594,5.4500077389,208.0002720247,-0.0245474393,0.4596305633,0.2571701846,

##################################
1.0000000000,0.5633821122,0.6612492781,0.8123890676,0.3372176458,1.0891368519,33.0000000000,7.0000000000,11.0000000000,220.0000000000,-0.0012000000,0.2200000000,0.0600000000

optimal_chisq=3.6559802174,optimal_hour=4.9499998785, source_hour=4.9500000000 
parameter is :
1.5374449358,1.3800144424,0.8335369702,2.0209663403,0.7221190538,2.1111412546,34.3218727808,6.7808591607,4.9499998785,218.3393088857,-0.2800281234,0.0737467860,0.2912544577,

##################################
1.0000000000,0.9684214569,0.2241083617,1.7212730516,0.3593302056,1.5483798430,241.0000000000,-25.0000000000,24.0000000000,132.0000000000,-0.0017000000,0.3100000000,0.1400000000

optimal_chisq=3.4129239562,optimal_hour=5.4099996299, source_hour=5.4100000000 
parameter is :
0.8654364718,0.8813358591,0.3442872433,1.0838530173,0.3139112266,1.1069077272,235.2860983038,-19.5033718757,5.4099996299,135.6230507595,-1.0320917552,-0.1684914276,-0.1481207020,

##################################
1.0000000000,0.4918793358,1.2473043611,0.0526796335,0.2068660793,1.0604721586,277.0000000000,4.0000000000,9.0000000000,270.0000000000,-0.0013000000,0.4500000000,0.1000000000

optimal_chisq=3.4273304203,optimal_hour=5.4499928954, source_hour=5.4500000000 
parameter is :
1.2104523986,4.7507825344,3.0603270353,2.8050076673,1.3296902616,6.6169887078,244.4540384533,2.6434244031,5.4499928954,260.7200395137,11.8124354686,-25.2572124844,0.0263236037,

##################################
1.0000000000,0.2742773626,0.3227827848,0.8986410515,0.0885346663,1.1182159365,321.0000000000,20.0000000000,10.0000000000,323.0000000000,-0.0015000000,0.3600000000,0.0600000000

optimal_chisq=3.8082371917,optimal_hour=5.1500010658, source_hour=5.1500000000 
parameter is :
0.2973134740,0.2757816335,0.2186212382,0.3222890094,0.4323204784,0.2678226866,326.7778974737,16.6868090569,5.1500010658,331.0347843081,-0.3068274591,0.2818036809,-0.1195440836,

##################################
1.0000000000,0.1993552904,0.4908932408,0.6200911909,0.3269527878,0.7216733291,139.0000000000,90.0000000000,16.0000000000,311.0000000000,-0.0021000000,0.2700000000,0.1900000000

optimal_chisq=3.7647035668,optimal_hour=5.2199987428, source_hour=5.2200000000 
parameter is :
0.9119695297,0.4783558488,0.8746389792,0.6788476095,0.6785613355,0.5155993461,136.4470464648,85.9676069702,5.2199987428,309.8114039754,-0.0385887027,0.2698019617,0.0182315605,

##################################
1.0000000000,0.6311359306,0.9879493763,0.5114030805,0.5949391992,0.8203394688,114.0000000000,-58.0000000000,7.0000000000,173.0000000000,-0.0012000000,0.2600000000,0.1100000000

optimal_chisq=2.7463371924,optimal_hour=5.2900021786, source_hour=5.2900000000 
parameter is :
1.0811947453,0.7328346149,0.9046651941,0.4274866188,0.5867367452,0.7936659161,113.9993620927,-58.0015993994,5.2900021786,173.0007730305,-0.0005713582,0.2600138970,0.0933505054,

##################################
1.0000000000,0.4567399460,1.2430745501,0.0162454277,0.1814166716,1.0484002695,141.0000000000,-49.0000000000,1.0000000000,349.0000000000,-0.0019000000,0.2500000000,0.1000000000

optimal_chisq=3.5425859148,optimal_hour=4.9600013475, source_hour=4.9600000000 
parameter is :
0.9790821534,1.3809146580,1.1324039778,0.7707477898,0.6711822029,1.2356521023,117.9156205184,-19.9154329020,4.9600013475,355.0648849084,1.3068720801,-13.3724192573,-0.0289700911,

##################################
1.0000000000,0.9791228049,0.1386611916,1.8263485851,1.1885999360,0.6468972551,315.0000000000,-1.0000000000,21.0000000000,291.0000000000,-0.0020000000,0.2200000000,0.1800000000

optimal_chisq=3.7947692463,optimal_hour=5.4499999063, source_hour=5.4500000000 
parameter is :
1.5911046655,0.4169653543,1.0310344508,1.2669264913,1.0789418870,0.9453313009,317.2799998043,-11.8794525830,5.4499999063,291.0175558192,-0.1297438796,0.2000366729,-0.0784744210,

##################################
1.0000000000,0.7713993340,0.6679438992,1.0245240867,1.2508994830,0.2779266825,31.0000000000,-35.0000000000,9.0000000000,357.0000000000,-0.0020000000,0.3900000000,0.0700000000

optimal_chisq=3.6584221941,optimal_hour=5.2800036422, source_hour=5.2800000000 
parameter is :
0.4508740792,0.5470780415,0.1319698876,1.5197816298,1.0080138078,0.1530374765,33.7344221336,-40.7274502256,5.2800036422,358.2172461607,-0.1315412230,0.3772090928,-0.0167220629,

##################################
1.0000000000,0.2735279586,0.4510616149,0.7471790267,0.7439597600,0.3135852621,257.0000000000,55.0000000000,11.0000000000,333.0000000000,-0.0020000000,0.4600000000,0.0900000000

optimal_chisq=3.3105651995,optimal_hour=5.4499963407, source_hour=5.4500000000 
parameter is :
0.3247584308,0.2619316966,0.6311233311,1.3243970256,0.7314149244,0.6867175063,257.3894740522,54.9243871441,5.4499963407,333.2648947467,-0.0348740838,0.4598261452,-0.1026622009,

##################################
1.0000000000,0.9891172782,1.7632447303,0.0291221193,0.1030015133,1.6777973241,315.0000000000,-6.0000000000,18.0000000000,116.0000000000,-0.0022000000,0.3400000000,0.0500000000

optimal_chisq=3.5144158482,optimal_hour=5.5200002517, source_hour=5.5200000000 
parameter is :
2.1548648700,1.6878810263,2.1796916439,0.9700863890,1.2947239675,2.0642819381,331.9083880395,54.5621068134,5.5200002517,139.0295565717,-4.1351987272,-11.4831393150,0.0968184504,

##################################
1.0000000000,0.2362467177,0.6497597534,0.4704836470,0.8366347859,0.1061216773,34.0000000000,-83.0000000000,17.0000000000,148.0000000000,-0.0019000000,0.4600000000,0.0500000000

optimal_chisq=3.0821768517,optimal_hour=4.7700006728, source_hour=4.7700000000 
parameter is :
0.8206855519,0.2625690354,0.8122271225,0.6082152818,0.8211109890,0.2370684673,33.9818896672,-82.9914201354,4.7700006728,148.0429177856,-0.0972004127,0.4580903481,-0.0814766062,

##################################
1,chisq=2.746337192437246166321074269945,optimalHour=5.2900021786,InitHout=5.2900000000,deviation=0.0000021786
2,chisq=2.800900451492634779526724742027,optimalHour=5.2900021878,InitHout=5.2900000000,deviation=0.0000021878
3,chisq=2.967783237745245550343042850727,optimalHour=5.2300004884,InitHout=5.2300000000,deviation=0.0000004884
4,chisq=2.997215313970596817227942665340,optimalHour=5.2900009891,InitHout=5.2900000000,deviation=0.0000009891
5,chisq=3.082176851685738405706160847330,optimalHour=4.7700006728,InitHout=4.7700000000,deviation=0.0000006728
6,chisq=3.120856414033596148982496742974,optimalHour=5.4500000742,InitHout=5.4500000000,deviation=0.0000000742
7,chisq=3.139662991520408841239486719132,optimalHour=5.4499965270,InitHout=5.4500000000,deviation=0.0000034730
8,chisq=3.147349055269803130840955418535,optimalHour=4.7700010252,InitHout=4.7700000000,deviation=0.0000010252
9,chisq=3.149146739483211110410820765537,optimalHour=5.4499970201,InitHout=5.4500000000,deviation=0.0000029799
10,chisq=3.183591723422571018176085999585,optimalHour=5.4099941603,InitHout=5.4100000000,deviation=0.0000058397
11,chisq=3.310565199461512619905079191085,optimalHour=5.4499963407,InitHout=5.4500000000,deviation=0.0000036593
12,chisq=3.351939527911445892982555960771,optimalHour=5.2300008967,InitHout=5.2300000000,deviation=0.0000008967
13,chisq=3.412923956238337552804296137765,optimalHour=5.4099996299,InitHout=5.4100000000,deviation=0.0000003701
14,chisq=3.426982174492534394261156194261,optimalHour=5.0500006003,InitHout=5.0500000000,deviation=0.0000006003
15,chisq=3.427330420347278749915176376817,optimalHour=5.4499928954,InitHout=5.4500000000,deviation=0.0000071046
16,chisq=3.488917514679556131085291781346,optimalHour=4.8900011761,InitHout=4.8900000000,deviation=0.0000011761
17,chisq=3.499656230904284459626296666102,optimalHour=4.9600003664,InitHout=4.9600000000,deviation=0.0000003664
18,chisq=3.514415848225986405140019996907,optimalHour=5.5200002517,InitHout=5.5200000000,deviation=0.0000002517
19,chisq=3.527341415817161873746954370290,optimalHour=4.6600017671,InitHout=4.6600000000,deviation=0.0000017671
20,chisq=3.537750579995077249151336218347,optimalHour=4.6600000075,InitHout=4.6600000000,deviation=0.0000000075
21,chisq=3.542585914781313238819393518497,optimalHour=4.9600013475,InitHout=4.9600000000,deviation=0.0000013475
22,chisq=3.644563724750649491568310622824,optimalHour=5.2300007258,InitHout=5.2300000000,deviation=0.0000007258
23,chisq=3.655909561153027897972833670792,optimalHour=5.2700011357,InitHout=5.2700000000,deviation=0.0000011357
24,chisq=3.655980217432301060398458503187,optimalHour=4.9499998785,InitHout=4.9500000000,deviation=0.0000001215
25,chisq=3.658422194119840487047667920706,optimalHour=5.2800036422,InitHout=5.2800000000,deviation=0.0000036422
26,chisq=3.764703566822569680283550042077,optimalHour=5.2199987428,InitHout=5.2200000000,deviation=0.0000012572
27,chisq=3.794769246336256340867976177833,optimalHour=5.4499999063,InitHout=5.4500000000,deviation=0.0000000937
28,chisq=3.799940676872282541154390855809,optimalHour=5.3999853534,InitHout=5.4000000000,deviation=0.0000146466
29,chisq=3.808237191659563869450266793137,optimalHour=5.1500010658,InitHout=5.1500000000,deviation=0.0000010658
30,chisq=3.813547798558239332322727932478,optimalHour=5.4500077389,InitHout=5.4500000000,deviation=0.0000077389
1.0000000000,0.6311359306,0.9879493763,0.5114030805,0.5949391992,0.8203394688,114.0000000000,-58.0000000000,7.0000000000,173.0000000000,-0.0012000000,0.2600000000,0.1100000000

optimal_chisq=2.7463371924,optimal_hour=5.2900021786, source_hour=5.2900000000 
parameter is :
1.0811947453,0.7328346149,0.9046651941,0.4274866188,0.5867367452,0.7936659161,113.9993620927,-58.0015993994,5.2900021786,173.0007730305,-0.0005713582,0.2600138970,0.0933505054,

run over!

##################################
1.0000000000,0.4305662925,1.2231813862,0.0088160931,1.0291875482,0.0034848499,58.0000000000,-70.0000000000,24.0000000000,352.0000000000,-0.0014000000,0.4900000000,0.0800000000

optimal_chisq=2.8009004515,optimal_hour=5.2900021878, source_hour=5.2900000000 
parameter is :
-5.5373557666,-2.5749345829,-2.5589623525,2.4387205266,-5.1919408555,-0.6296628007,85.7725808842,-64.5077832101,5.2900021878,317.6799190973,14.4353115431,-33.4139300193,-0.0383054112,

run over!

##################################
1.0000000000,0.7370603544,1.0964123572,0.5035972779,0.1649932935,1.4141193788,297.0000000000,26.0000000000,21.0000000000,58.0000000000,-0.0012000000,0.3200000000,0.1900000000

optimal_chisq=2.9677832377,optimal_hour=5.2300004884, source_hour=5.2300000000 
parameter is :
1.1399416331,0.6511463988,1.0616137152,0.5300079498,0.2409223599,1.3689983133,296.9866512937,26.0132925358,5.2300004884,57.9996309416,0.0300325641,0.3201171220,0.3213431753,

run over!

##################################
1.0000000000,0.7621266943,1.2126304429,0.3990124914,1.1639214788,0.2873176370,208.0000000000,-70.0000000000,14.0000000000,82.0000000000,-0.0012000000,0.2100000000,0.1100000000

optimal_chisq=2.9972153140,optimal_hour=5.2900009891, source_hour=5.2900000000 
parameter is :
1.0317411422,0.8234632021,1.2504324639,0.3259246628,1.0643057964,0.3614517553,207.9981168725,-70.0008234224,5.2900009891,82.0017640847,-0.0467158180,0.2097399047,0.0053939453,

run over!

##################################
1.0000000000,0.2362467177,0.6497597534,0.4704836470,0.8366347859,0.1061216773,34.0000000000,-83.0000000000,17.0000000000,148.0000000000,-0.0019000000,0.4600000000,0.0500000000

optimal_chisq=3.0821768517,optimal_hour=4.7700006728, source_hour=4.7700000000 
parameter is :
0.8206855519,0.2625690354,0.8122271225,0.6082152818,0.8211109890,0.2370684673,33.9818896672,-82.9914201354,4.7700006728,148.0429177856,-0.0972004127,0.4580903481,-0.0814766062,

run over!

##################################
1.0000000000,0.0388259860,0.2936712651,0.6851496123,0.7413125121,0.0501907519,279.0000000000,0.0000000000,24.0000000000,358.0000000000,-0.0023000000,0.3300000000,0.1800000000

optimal_chisq=3.0135833604,optimal_hour=5.5210065808, source_hour=5.5210000000 
parameter is :
5.9906692789,-6.0320038393,6.1606147358,2.9851317655,4.5292745435,2.3679917792,272.1401355491,-6.7081281098,5.5210065808,329.9117159976,2.3593590290,-18.4177853561,-0.0064656166,

run over!

##################################
1,chisq=2.746337192437246166321074269945,optimalHour=5.2900021786,InitHout=5.2900000000,deviation=0.0000021786
2,chisq=2.800900451492634779526724742027,optimalHour=5.2900021878,InitHout=5.2900000000,deviation=0.0000021878
3,chisq=2.967783237745245550343042850727,optimalHour=5.2300004884,InitHout=5.2300000000,deviation=0.0000004884
4,chisq=2.997215313970596817227942665340,optimalHour=5.2900009891,InitHout=5.2900000000,deviation=0.0000009891
5,chisq=3.013583360447667391923687318922,optimalHour=5.5210065808,InitHout=5.5210000000,deviation=0.0000065808
6,chisq=3.082176851685738405706160847330,optimalHour=4.7700006728,InitHout=4.7700000000,deviation=0.0000006728




1.0000000000,0.7370603544,1.0964123572,0.5035972779,0.1649932935,1.4141193788,297.0000000000,26.0000000000,21.0000000000,58.0000000000,-0.0012000000,0.3200000000,0.1900000000


1.0000000000,0.7370603544,1.0964123572,0.5035972779,0.1649932935,1.4141193788,297.0000000000,26.0000000000,21.0000000000,58.0000000000,-0.0012000000,0.3200000000,0.1900000000

optimal_chisq=2.2205844629,optimal_hour=5.2226017821 
parameter is :
2.2427679604,0.4884628243,0.5423990754,2.1183347247,1.3433326744,1.6308753007,300.7756718439,26.3775106439,5.2226017821,62.0452144912,5.8539575239,-4.1335028042,0.6249519551,


Pole:
optimalLambda,optimalBeta:(65.4779927278,-83.4455922426)
optimalParameter:{1.2676759891,1.1306346533,0.2119983351,2.1057043484,0.5276958798,2.2585586288,65.4779927278,-83.4455922426,5.2226045973,92.2828551528,-0.0493209412,0.3095605087,0.1885259168}




