1.0000000000,0.8160304040,0.6066068346,1.1399608345,0.9137298751,0.7210516158,102.0000000000,54.0000000000,8.0000000000,358.0000000000,-0.0024000000,0.4100000000,0.0700000000

optimal_chisq=0.9680367504,optimal_hour=7.8100000199, source_hour=7.8100000000 
parameter is :
1.0238208124,0.8496551809,0.5745965367,1.0991804619,0.9268179163,0.7229735124,101.9999807862,53.9999115061,7.8100000199,357.9999934530,-0.0203691848,0.4097712608,0.0578142181,

##################################
1.0000000000,0.0186081189,0.5377094421,0.3612723515,0.0804586608,0.8002518253,70.0000000000,14.0000000000,1.0000000000,249.0000000000,-0.0024000000,0.2500000000,0.1800000000

optimal_chisq=1.0137263631,optimal_hour=7.7699962958, source_hour=7.7700000000 
parameter is :
0.6251625233,0.5811233380,0.9952339497,0.0000690625,-0.1289872286,0.8874831413,70.5668110963,13.7097207232,7.7699962958,249.0548823724,-0.1654923799,0.2435134239,0.1566898724,

##################################
1.0000000000,0.8357734195,0.9834457346,0.7380745141,0.1474607895,1.5567540366,263.0000000000,40.0000000000,10.0000000000,117.0000000000,-0.0019000000,0.2700000000,0.0800000000

optimal_chisq=0.8629796349,optimal_hour=7.8500010775, source_hour=7.8500000000 
parameter is :
1.0044483349,0.8412262042,0.9837901445,0.7384790330,0.1444989105,1.5508408736,263.0000081973,39.9999947316,7.8500010775,117.0000079143,-0.0019405641,0.2699997145,0.0800118935,

##################################
1.0000000000,0.2680005754,0.5693155263,0.6014279584,0.3319318095,0.7790573934,287.0000000000,-34.0000000000,22.0000000000,222.0000000000,-0.0016000000,0.4200000000,0.1000000000

optimal_chisq=1.0657238103,optimal_hour=7.8899992539, source_hour=7.8900000000 
parameter is :
0.7787103842,0.4627561611,0.7434063535,0.6086128863,0.4109431186,0.7522646385,287.3380849402,-34.2525692986,7.8899992539,221.3780143226,-0.1561349147,0.4189825887,-0.0203010040,

##################################
1.0000000000,0.1866753908,0.8530568412,0.1662365474,0.6362625147,0.2373721602,100.0000000000,-51.0000000000,3.0000000000,342.0000000000,-0.0021000000,0.4100000000,0.1400000000

optimal_chisq=0.9976867744,optimal_hour=7.3400010109, source_hour=7.3400000000 
parameter is :
0.3809618638,0.9341341181,0.8657951541,0.4744264047,0.7368544554,0.7510685006,99.9554810573,-50.9534238525,7.3400010109,341.8875687942,-0.0334312397,0.4104867533,-0.2012462955,

##################################
1.0000000000,0.2840534552,0.2041407118,1.0472875063,0.7525203794,0.3641255685,252.0000000000,-63.0000000000,14.0000000000,311.0000000000,-0.0020000000,0.4000000000,0.0500000000

optimal_chisq=0.9083103385,optimal_hour=7.2999976138, source_hour=7.3000000000 
parameter is :
2.2927044831,2.4735908309,3.1514951948,1.0787869992,2.9210431270,1.3467148809,251.8294478585,-58.0687034971,7.2999976138,307.4896999063,-0.2065257087,0.3970200883,-0.1027865593,

##################################
1.0000000000,0.4325590727,0.8641818992,0.4353814397,0.4703303592,0.7522952210,320.0000000000,8.0000000000,23.0000000000,171.0000000000,-0.0024000000,0.4700000000,0.0600000000

optimal_chisq=0.9655395744,optimal_hour=7.8100000158, source_hour=7.8100000000 
parameter is :
0.9249369261,0.4439354707,0.7952507063,0.4351495075,0.6650401878,0.8030320833,319.9981700728,8.0000776274,7.8100000158,171.0019602576,-0.0661770106,0.4696743299,-0.0371664810,

##################################
1.0000000000,0.3800151536,0.2500544397,1.0927161631,0.3611334684,0.9255009933,138.0000000000,0.0000000000,16.0000000000,291.0000000000,-0.0022000000,0.2700000000,0.1800000000

optimal_chisq=0.5843027085,optimal_hour=7.8500019775, source_hour=7.8500000000 
parameter is :
1.5238690697,0.6743893726,0.5487827880,1.4551593141,0.7555037325,1.0852668970,132.3061830828,-1.2355938071,7.8500019775,291.1361596842,-0.1829828719,0.2727361417,-0.0616927661,

##################################
1.0000000000,0.1117984630,0.3648203512,0.6769388245,0.1055664144,0.9155153947,206.0000000000,30.0000000000,3.0000000000,128.0000000000,-0.0024000000,0.3100000000,0.1200000000

optimal_chisq=1.0617785279,optimal_hour=7.3800007004, source_hour=7.3800000000 
parameter is :
0.6576701058,0.4609590260,0.4003559534,0.7256867840,0.2458402211,0.8459871083,209.5339995452,19.9058098792,7.3800007004,131.0825355298,-0.1552626127,0.2968712489,-0.1595491195,

##################################
1.0000000000,0.7872286163,0.3071481786,1.4450212507,0.4816590458,1.2136891296,200.0000000000,62.0000000000,17.0000000000,251.0000000000,-0.0024000000,0.4800000000,0.1500000000

optimal_chisq=0.7932464593,optimal_hour=7.8500009337, source_hour=7.8500000000 
parameter is :
1.2722928197,0.5149342031,0.3499568199,1.3416813267,0.5789879052,1.1277438175,198.1191445341,64.2164351418,7.8500009337,249.7419036478,-0.1082966525,0.4794694613,0.2412360278,

##################################
1.0000000000,0.8360811709,0.7960236985,0.9488141878,0.3902707630,1.3086230193,241.0000000000,60.0000000000,8.0000000000,103.0000000000,-0.0017000000,0.4800000000,0.0600000000

optimal_chisq=0.6165277180,optimal_hour=7.8500048585, source_hour=7.8500000000 
parameter is :
0.7504509175,0.9110331140,0.9842833923,1.1847720706,1.2817593366,1.1148937588,241.0236352081,60.0448850561,7.8500048585,102.9985023328,-0.3141165629,0.4897522357,1.0376288291,

##################################
1.0000000000,0.6232252836,1.1724158941,0.2905276172,1.0781742821,0.2184665393,222.0000000000,-49.0000000000,22.0000000000,317.0000000000,-0.0019000000,0.3100000000,0.1600000000

optimal_chisq=1.0941154870,optimal_hour=7.8500015291, source_hour=7.8500000000 
parameter is :
0.8230890720,0.6943765826,1.2577099690,0.4203467498,1.3722132988,0.0348005459,221.7547821585,-44.7310728320,7.8500015291,316.5438762432,-0.2538991469,0.3187613584,-0.1310040520,

##################################
1.0000000000,0.6552909471,0.5232203086,1.0662341753,1.2665344049,0.1432412157,284.0000000000,-34.0000000000,22.0000000000,170.0000000000,-0.0017000000,0.2700000000,0.1200000000

optimal_chisq=0.9620554106,optimal_hour=7.8500028311, source_hour=7.8500000000 
parameter is :
0.2319065425,0.8705481008,0.4766697416,1.6711148478,1.2099392962,0.5514467240,280.9273603727,-32.5114468087,7.8500028311,170.4821773297,-0.1968213723,0.2398565401,-0.0088911546,

##################################
1.0000000000,0.4873879149,1.2411473969,0.0546798986,0.6559115537,0.5292262411,321.0000000000,-4.0000000000,14.0000000000,306.0000000000,-0.0019000000,0.4000000000,0.1300000000

optimal_chisq=0.5831375551,optimal_hour=7.8500003805, source_hour=7.8500000000 
parameter is :
0.8820651684,0.8589858220,0.8984573164,-0.6142812495,0.9450584617,0.4859703180,324.4353118777,-4.2794463859,7.8500003805,307.1129891178,-0.2396019478,0.3962168272,0.0643475625,

##################################
1.0000000000,0.6782492724,0.8723186620,0.6945878251,1.1793092320,0.2189099333,29.0000000000,-36.0000000000,23.0000000000,75.0000000000,-0.0012000000,0.4900000000,0.0600000000

optimal_chisq=1.0421454629,optimal_hour=7.8100020221, source_hour=7.8100000000 
parameter is :
0.4310144295,1.4544496201,0.8118810130,1.0426455964,1.0355800818,-1.0440038903,28.9824598528,-36.0849521499,7.8100020221,75.0078623162,-0.2697400112,0.4939985287,-0.0973891671,

##################################
1.0000000000,0.2881779155,0.1642981366,1.0978449921,0.8163053398,0.2995241553,147.0000000000,29.0000000000,9.0000000000,135.0000000000,-0.0021000000,0.2300000000,0.0500000000

optimal_chisq=0.8708667612,optimal_hour=7.8099986943, source_hour=7.8100000000 
parameter is :
1.2085435485,0.1883869621,0.6521205053,0.8450927524,0.8788692039,0.6196722280,148.4838782201,28.6065223564,7.8099986943,136.8186800682,-0.0410414233,0.2282641917,-0.1436230892,

##################################
1.0000000000,0.7919853464,0.5175170343,1.2147169100,1.0465437627,0.5549981594,50.0000000000,-82.0000000000,17.0000000000,349.0000000000,-0.0012000000,0.3800000000,0.1900000000

optimal_chisq=1.0300526682,optimal_hour=7.8099915182, source_hour=7.8100000000 
parameter is :
1.9002507016,2.4209796833,1.6744716060,2.2731157069,-0.5081468045,-1.5220494771,51.8808590243,-78.2751001892,7.8099915182,349.0057928336,-0.2363454956,0.3473903520,0.0378142845,

##################################
1.0000000000,0.8279857611,0.5117084957,1.2584626879,0.2983508037,1.4374441063,118.0000000000,-13.0000000000,17.0000000000,304.0000000000,-0.0012000000,0.2800000000,0.1400000000

optimal_chisq=0.5009334708,optimal_hour=7.8500035153, source_hour=7.8500000000 
parameter is :
0.2993667336,0.2501248693,0.3506706463,0.3696979582,-0.1743222977,0.8214084962,111.7413603760,7.2338534800,7.8500035153,308.1050614802,-0.1357013104,0.2784276805,0.0254961770,

##################################
1.0000000000,0.0628597667,0.7282229264,0.1730354788,0.0474590693,0.8431415692,249.0000000000,-17.0000000000,23.0000000000,134.0000000000,-0.0018000000,0.2800000000,0.1300000000

optimal_chisq=0.6319840221,optimal_hour=7.8499995113, source_hour=7.8500000000 
parameter is :
0.9105610123,0.1637883047,0.8322378579,0.0630761852,-0.0428572555,0.8869726656,249.0472885156,-16.9759166850,7.8499995113,134.0099643246,-0.1883067891,0.2493413468,-0.1507992143,

##################################
1.0000000000,0.4450213464,0.2361632269,1.1753968114,0.9515908732,0.3089929498,225.0000000000,51.0000000000,22.0000000000,346.0000000000,-0.0015000000,0.4600000000,0.1500000000

optimal_chisq=0.8936418070,optimal_hour=7.8500010066, source_hour=7.8500000000 
parameter is :
1.1299925453,0.6495331529,0.4501416213,1.2319390386,0.9069185876,0.8283835394,227.5569923128,53.8686082374,7.8500010066,347.4197406032,-0.2034495338,0.4573958525,0.2948671475,

##################################
1.0000000000,0.5292119880,0.7579947148,0.6646564016,0.7452435417,0.5635226758,225.0000000000,83.0000000000,21.0000000000,32.0000000000,-0.0018000000,0.2700000000,0.0500000000

optimal_chisq=0.6169908637,optimal_hour=7.8500009208, source_hour=7.8500000000 
parameter is :
0.8222253085,0.8039063543,0.7226378113,0.7710802001,0.7625246893,0.5441693706,225.0024596261,82.9981064719,7.8500009208,32.0026535159,-0.1273499200,0.2567385589,0.0939781198,

##################################
1.0000000000,0.9147896454,0.6103915996,1.2383653979,0.8101450342,0.9463672291,30.0000000000,0.0000000000,9.0000000000,246.0000000000,-0.0023000000,0.4600000000,0.1600000000

optimal_chisq=1.2606512536,optimal_hour=7.3200013805, source_hour=7.3200000000 
parameter is :
2.4701173893,-0.0979820875,1.3942239250,0.8379266324,0.2800085041,0.3719580440,29.0095936685,0.1967995961,7.3200013805,245.8604056442,-0.3701274831,0.4535825218,-0.1764609642,

##################################
1.0000000000,0.2287103544,0.5210236811,0.6160432212,0.7295201810,0.2601145036,15.0000000000,-85.0000000000,7.0000000000,223.0000000000,-0.0024000000,0.2000000000,0.1100000000

optimal_chisq=0.8296839492,optimal_hour=7.8500002710, source_hour=7.8500000000 
parameter is :
0.8436569419,0.3712533358,0.7094361590,0.5898259743,1.0500871375,-0.3706985662,14.6802585043,-81.3639813576,7.8500002710,223.8448981098,-0.0450664531,0.1994874035,-0.0066315703,

##################################
1.0000000000,0.9416285520,0.9368362511,0.9029504688,0.5241002699,1.2568295235,235.0000000000,-31.0000000000,14.0000000000,250.0000000000,-0.0016000000,0.2700000000,0.0800000000

optimal_chisq=1.1316504898,optimal_hour=7.8300082054, source_hour=7.8300000000 
parameter is :
0.3747448934,1.4349428555,0.7327759944,1.2884376068,1.0877332027,1.2895081627,234.9768802765,-30.9313189537,7.8300082054,249.9829215282,-0.2057336414,0.2699301973,0.3253745989,

##################################
1.0000000000,0.1924056477,0.2599382299,0.8871458527,0.2061548438,0.9037821120,280.0000000000,16.0000000000,19.0000000000,328.0000000000,-0.0015000000,0.2200000000,0.1400000000

optimal_chisq=0.7690224331,optimal_hour=7.8500027605, source_hour=7.8500000000 
parameter is :
1.5295248218,-0.1810819484,0.7943297845,0.7614953119,0.8260455160,0.8585799429,270.5516341549,22.1112246416,7.8500027605,323.7654129265,-0.1434161229,0.2157024409,0.0486174057,

##################################
1.0000000000,0.5678700486,0.3345891120,1.1893704389,1.0129053936,0.3639175321,204.0000000000,-45.0000000000,19.0000000000,290.0000000000,-0.0019000000,0.4900000000,0.1000000000

optimal_chisq=0.5525190919,optimal_hour=7.8500018764, source_hour=7.8500000000 
parameter is :
0.6921883965,2.2889026085,1.4404295045,1.7757069646,2.0991227027,0.9502736536,194.9876141167,-48.5885901382,7.8500018764,288.2499218640,-0.3951076485,0.5839983872,0.4041303814,

##################################
1.0000000000,0.5266609544,1.1931046673,0.1567856823,1.0943782892,0.0670597746,327.0000000000,60.0000000000,11.0000000000,257.0000000000,-0.0024000000,0.2000000000,0.0700000000

optimal_chisq=1.0169760146,optimal_hour=7.8100042917, source_hour=7.8100000000 
parameter is :
2.6230275909,9.9939022465,10.3410527381,4.6699206090,8.9413980043,5.0685080323,320.6613415578,25.6545485325,7.8100042917,291.5337136352,-0.1334282498,0.1897250801,0.0515399882,

##################################
1.0000000000,0.3922938036,0.0958421645,1.2825452198,0.4065027378,0.9101360895,211.0000000000,12.0000000000,24.0000000000,71.0000000000,-0.0017000000,0.3600000000,0.1000000000

optimal_chisq=1.1695825166,optimal_hour=7.8500001814, source_hour=7.8500000000 
parameter is :
0.7002250848,1.3989643619,0.4143077770,1.4647281183,0.8461358849,1.1029464836,202.2450005374,-0.1658896067,7.8500001814,70.5474396030,-0.2739732512,0.3647220994,-0.0632501210,

##################################
1.0000000000,0.4453989819,0.9061467067,0.4005606719,0.6797386533,0.5129881098,40.0000000000,-46.0000000000,24.0000000000,264.0000000000,-0.0014000000,0.4800000000,0.1600000000

optimal_chisq=0.5639849196,optimal_hour=7.8499980610, source_hour=7.8500000000 
parameter is :
0.8752778839,0.7945391976,0.3822314292,1.2664937521,1.2378026707,0.4228299157,36.7846669670,-25.9479027201,7.8499980610,261.1622965900,-0.1639060153,0.4880692392,-0.2697566669,

##################################
1.0000000000,0.9740620567,0.1127588514,1.8498122738,0.1107087768,1.8405147221,302.0000000000,-39.0000000000,19.0000000000,3.0000000000,-0.0013000000,0.2200000000,0.1000000000

optimal_chisq=0.8794529620,optimal_hour=7.7900026026, source_hour=7.7900000000 
parameter is :
1.1802046809,1.5561784863,1.3669198608,1.6332963435,1.3886576122,1.2226814809,302.1645997055,-37.1042629932,7.7900026026,6.7836953004,-0.1366387472,0.1983776572,-0.0552934716,

##################################
1,chisq=0.500933470832111482629045440262,optimalHour=7.8500035153,InitHout=7.8500000000,deviation=0.0000035153
2,chisq=0.552519091856203958812443488569,optimalHour=7.8500018764,InitHout=7.8500000000,deviation=0.0000018764
3,chisq=0.563984919617260938018432625540,optimalHour=7.8499980610,InitHout=7.8500000000,deviation=0.0000019390
4,chisq=0.583137555100569748844918649411,optimalHour=7.8500003805,InitHout=7.8500000000,deviation=0.0000003805
5,chisq=0.584302708531591052931730700948,optimalHour=7.8500019775,InitHout=7.8500000000,deviation=0.0000019775
6,chisq=0.616527717956329768256296119944,optimalHour=7.8500048585,InitHout=7.8500000000,deviation=0.0000048585
7,chisq=0.616990863699635849748403870763,optimalHour=7.8500009208,InitHout=7.8500000000,deviation=0.0000009208
8,chisq=0.631984022134721157293313353875,optimalHour=7.8499995113,InitHout=7.8500000000,deviation=0.0000004887
9,chisq=0.769022433055824516934251278144,optimalHour=7.8500027605,InitHout=7.8500000000,deviation=0.0000027605
10,chisq=0.793246459292050398737217165035,optimalHour=7.8500009337,InitHout=7.8500000000,deviation=0.0000009337
11,chisq=0.829683949188871783242404944758,optimalHour=7.8500002710,InitHout=7.8500000000,deviation=0.0000002710
12,chisq=0.862979634916698379321076117776,optimalHour=7.8500010775,InitHout=7.8500000000,deviation=0.0000010775
13,chisq=0.870866761161658953227515667095,optimalHour=7.8099986943,InitHout=7.8100000000,deviation=0.0000013057
14,chisq=0.879452962040286778666597911069,optimalHour=7.7900026026,InitHout=7.7900000000,deviation=0.0000026026
15,chisq=0.893641807038075053348791243479,optimalHour=7.8500010066,InitHout=7.8500000000,deviation=0.0000010066
16,chisq=0.908310338463899635819132072356,optimalHour=7.2999976138,InitHout=7.3000000000,deviation=0.0000023862
17,chisq=0.962055410568262714399168089585,optimalHour=7.8500028311,InitHout=7.8500000000,deviation=0.0000028311
18,chisq=0.965539574365662067734206175373,optimalHour=7.8100000158,InitHout=7.8100000000,deviation=0.0000000158
19,chisq=0.968036750444487337219356959395,optimalHour=7.8100000199,InitHout=7.8100000000,deviation=0.0000000199
20,chisq=0.997686774426549516370243964047,optimalHour=7.3400010109,InitHout=7.3400000000,deviation=0.0000010109
21,chisq=1.013726363119569873205705334840,optimalHour=7.7699962958,InitHout=7.7700000000,deviation=0.0000037042
22,chisq=1.016976014621262303094795242941,optimalHour=7.8100042917,InitHout=7.8100000000,deviation=0.0000042917
23,chisq=1.030052668199193943721070354513,optimalHour=7.8099915182,InitHout=7.8100000000,deviation=0.0000084818
24,chisq=1.042145462875967876215099749970,optimalHour=7.8100020221,InitHout=7.8100000000,deviation=0.0000020221
25,chisq=1.061778527887973666565812891349,optimalHour=7.3800007004,InitHout=7.3800000000,deviation=0.0000007004
26,chisq=1.065723810257550807634174816485,optimalHour=7.8899992539,InitHout=7.8900000000,deviation=0.0000007461
27,chisq=1.094115486979457374516755407967,optimalHour=7.8500015291,InitHout=7.8500000000,deviation=0.0000015291
28,chisq=1.131650489837712880714093444112,optimalHour=7.8300082054,InitHout=7.8300000000,deviation=0.0000082054
29,chisq=1.169582516592058141213783528656,optimalHour=7.8500001814,InitHout=7.8500000000,deviation=0.0000001814
30,chisq=1.260651253593654486095942957036,optimalHour=7.3200013805,InitHout=7.3200000000,deviation=0.0000013805
1.0000000000,0.8279857611,0.5117084957,1.2584626879,0.2983508037,1.4374441063,118.0000000000,-13.0000000000,17.0000000000,304.0000000000,-0.0012000000,0.2800000000,0.1400000000

optimal_chisq=0.5009334708,optimal_hour=7.8500035153, source_hour=7.8500000000 
parameter is :
0.2993667336,0.2501248693,0.3506706463,0.3696979582,-0.1743222977,0.8214084962,111.7413603760,7.2338534800,7.8500035153,308.1050614802,-0.1357013104,0.2784276805,0.0254961770,

run over!

##################################
1.0000000000,0.5678700486,0.3345891120,1.1893704389,1.0129053936,0.3639175321,204.0000000000,-45.0000000000,19.0000000000,290.0000000000,-0.0019000000,0.4900000000,0.1000000000

optimal_chisq=0.5420039344,optimal_hour=7.8539968474, source_hour=7.8540000000 
parameter is :
0.3342890833,1.4753983074,1.6593600102,0.3171453128,0.9387249041,1.3196255421,213.2651212583,-43.2221310627,7.8539968474,293.8248780595,-0.1922241628,0.5143493115,0.2012257080,

run over!

##################################
1.0000000000,0.4453989819,0.9061467067,0.4005606719,0.6797386533,0.5129881098,40.0000000000,-46.0000000000,24.0000000000,264.0000000000,-0.0014000000,0.4800000000,0.1600000000

optimal_chisq=0.5639849196,optimal_hour=7.8499980610, source_hour=7.8500000000 
parameter is :
0.8752778839,0.7945391976,0.3822314292,1.2664937521,1.2378026707,0.4228299157,36.7846669670,-25.9479027201,7.8499980610,261.1622965900,-0.1639060153,0.4880692392,-0.2697566669,

run over!

##################################
1.0000000000,0.4873879149,1.2411473969,0.0546798986,0.6559115537,0.5292262411,321.0000000000,-4.0000000000,14.0000000000,306.0000000000,-0.0019000000,0.4000000000,0.1300000000

optimal_chisq=0.4181470971,optimal_hour=7.8539997939, source_hour=7.8540000000 
parameter is :
0.7262082074,0.5693524426,1.4556376142,-0.8467061782,0.6939034491,1.2519179377,332.9312855076,-4.6856101008,7.8539997939,309.7840699805,-0.2566604210,0.3981697085,0.0501374306,

run over!

##################################
1.0000000000,0.3800151536,0.2500544397,1.0927161631,0.3611334684,0.9255009933,138.0000000000,0.0000000000,16.0000000000,291.0000000000,-0.0022000000,0.2700000000,0.1800000000

optimal_chisq=0.5640801047,optimal_hour=7.8530020979, source_hour=7.8530000000 
parameter is :
1.1701986100,0.2053587609,0.1504612777,1.1033958170,0.4211335894,0.8085842555,138.0006950161,-0.0005303553,7.8530020979,290.9991684204,-0.0138103148,0.2700934271,0.0745227237,

run over!

##################################
1.0000000000,0.8360811709,0.7960236985,0.9488141878,0.3902707630,1.3086230193,241.0000000000,60.0000000000,8.0000000000,103.0000000000,-0.0017000000,0.4800000000,0.0600000000

optimal_chisq=0.5302295366,optimal_hour=7.8510070740, source_hour=7.8510000000 
parameter is :
0.8365223716,1.0523290563,1.3095206493,0.8825818815,0.6618707215,1.2165798948,240.6111154481,59.7245049669,7.8510070740,102.7501551348,-0.2250694315,0.4451102852,-0.0147730569,

run over!

##################################
1,chisq=0.418147097120778465928481182345,optimalHour=7.8539997939,InitHout=7.8540000000,deviation=0.0000002061
2,chisq=0.500933470832111482629045440262,optimalHour=7.8500035153,InitHout=7.8500000000,deviation=0.0000035153
3,chisq=0.530229536589683192460142890923,optimalHour=7.8510070740,InitHout=7.8510000000,deviation=0.0000070740
4,chisq=0.542003934399005515842873137444,optimalHour=7.8539968474,InitHout=7.8540000000,deviation=0.0000031526
5,chisq=0.563984919617260938018432625540,optimalHour=7.8499980610,InitHout=7.8500000000,deviation=0.0000019390
6,chisq=0.564080104741690790959296464280,optimalHour=7.8530020979,InitHout=7.8530000000,deviation=0.0000020979




1.0000000000,0.8360811709,0.7960236985,0.9488141878,0.3902707630,1.3086230193,241.0000000000,60.0000000000,8.0000000000,103.0000000000,-0.0017000000,0.4800000000,0.0600000000


1.0000000000,0.8360811709,0.7960236985,0.9488141878,0.3902707630,1.3086230193,241.0000000000,60.0000000000,8.0000000000,103.0000000000,-0.0017000000,0.4800000000,0.0600000000

optimal_chisq=0.4089206419,optimal_hour=7.8526881286 
parameter is :
1.3589874337,1.5611999148,1.6535997010,0.9215036107,1.5088426583,1.0898381083,241.0375750361,59.6473114259,7.8526881286,103.1750554150,-0.2870932942,0.4314931592,-0.3146231378,

Pole:
optimalLambda,optimalBeta:(272.1510301817,15.7467427708)
optimalParameter:{1.0983598048,0.1720984860,0.7975605420,0.1553073787,0.2269552504,0.7259894048,272.1510301817,15.7467427708,7.8526885409,124.7141667144,-0.1711164831,0.5234861845,0.4119576765}




