1.0000000000,0.3011710701,1.0524596483,0.0593954487,0.7169283899,0.2460246629,161.0000000000,24.0000000000,5.0000000000,160.0000000000,-0.0024000000,0.2100000000,0.0500000000

optimal_chisq=6.6780454488,optimal_hour=6.1900011111, source_hour=6.1900000000 
parameter is :
0.7888530307,0.6786910478,1.4760177291,0.2295764414,1.2071487827,-0.1284793722,156.5092402455,27.1077403985,6.1900011111,164.4736026618,-0.1620545055,0.1886964011,-0.2642374063,

##################################
1.0000000000,0.4346031740,0.3601521030,1.0223495637,0.6864719444,0.5883312223,261.0000000000,-64.0000000000,22.0000000000,261.0000000000,-0.0016000000,0.3500000000,0.0700000000

optimal_chisq=6.4164939212,optimal_hour=6.0800003758, source_hour=6.0800000000 
parameter is :
1.3622570397,-0.3522809479,1.0173282937,0.5014976674,0.8465835013,1.5635152675,260.9888266439,-63.9343764646,6.0800003758,261.1119231934,-0.3971158404,0.3439294480,-0.1657339072,

##################################
1.0000000000,0.2377401238,0.0277399747,1.2055014395,0.8048526309,0.2800100758,276.0000000000,-71.0000000000,22.0000000000,324.0000000000,-0.0016000000,0.2700000000,0.0900000000

optimal_chisq=7.1088284240,optimal_hour=5.7000005784, source_hour=5.7000000000 
parameter is :
0.7255334318,-1.1442149925,-0.2633949408,1.3587651509,0.5090377860,0.7818658224,273.0016264601,-44.6378077235,5.7000005784,310.9680936258,-5.8271368555,-4.8257957903,-0.0135776024,

##################################
1.0000000000,0.2440542659,0.5127749443,0.6425089422,0.7099597400,0.3054929691,45.0000000000,45.0000000000,18.0000000000,150.0000000000,-0.0021000000,0.4200000000,0.1400000000

optimal_chisq=6.5963386851,optimal_hour=6.0999984742, source_hour=6.1000000000 
parameter is :
4.0646344792,1.4657867588,1.5822770704,2.3521738815,2.3368595980,4.0936131124,28.8246849330,76.4436620406,6.0999984742,126.7723388469,-9.4181151316,-6.3748401006,-0.0029910522,

##################################
1.0000000000,0.1103810422,0.3965091888,0.6371525195,0.0285670787,0.9995373969,248.0000000000,34.0000000000,10.0000000000,81.0000000000,-0.0020000000,0.4500000000,0.0800000000

optimal_chisq=6.7943955921,optimal_hour=5.7900014223, source_hour=5.7900000000 
parameter is :
2.4567562031,3.3080411278,0.7124869900,4.5512757086,1.2469189075,3.9795290815,245.1805354185,31.3727527200,5.7900014223,96.0115831701,22.9549903159,5.9840234203,0.6353835509,

##################################
1.0000000000,0.0342033305,0.7026358926,0.1706496490,0.3592434896,0.4220849515,227.0000000000,-87.0000000000,1.0000000000,160.0000000000,-0.0017000000,0.2100000000,0.1700000000

optimal_chisq=6.8259384587,optimal_hour=6.0600010155, source_hour=6.0600000000 
parameter is :
1.6044904737,0.3911199711,0.7615478599,0.7820234727,-0.2292464809,-0.0802055599,229.8992299854,-98.6429261296,6.0600010155,165.4439735614,-1.7053091917,-0.7891146968,-0.0491395208,

##################################
1.0000000000,0.6864889761,0.6395831945,0.9673003625,1.0637164226,0.3975820326,238.0000000000,-68.0000000000,4.0000000000,225.0000000000,-0.0012000000,0.4600000000,0.1000000000

optimal_chisq=6.1073475447,optimal_hour=6.5400017943, source_hour=6.5400000000 
parameter is :
1.4480612896,0.8084102146,0.7569420295,0.7733251096,0.6282475668,0.6037943809,238.0776515908,-67.9887026292,6.5400017943,224.9275592817,-0.3824480824,0.4520843807,-0.3145303836,

##################################
1.0000000000,0.3368060227,1.0585256553,0.0947045980,0.5695157474,0.4746267633,299.0000000000,-63.0000000000,17.0000000000,100.0000000000,-0.0013000000,0.3500000000,0.1700000000

optimal_chisq=6.1866497071,optimal_hour=5.9800009734, source_hour=5.9800000000 
parameter is :
2.0238291693,1.6465679004,0.6840242401,1.2870695477,-0.4690897580,1.8169404940,315.2266289686,16.1687056865,5.9800009734,104.4508858257,32.6976688849,-24.2156155847,0.0013684526,

##################################
1.0000000000,0.6796233755,0.5141530362,1.1018371514,0.2260143240,1.3615019092,89.0000000000,9.0000000000,16.0000000000,242.0000000000,-0.0017000000,0.4500000000,0.0700000000

optimal_chisq=7.4896659575,optimal_hour=6.1400014671, source_hour=6.1400000000 
parameter is :
0.9462626178,-0.0098005098,0.0265604300,0.8668256537,-0.1653048098,1.0326724618,90.3983681491,5.2032095276,6.1400014671,241.1192918181,-0.3699190140,0.4486163263,-0.0343871592,

##################################
1.0000000000,0.9974691835,0.6032059659,1.3319204198,1.2903109884,0.5007303974,110.0000000000,65.0000000000,6.0000000000,224.0000000000,-0.0024000000,0.4400000000,0.1500000000

optimal_chisq=6.4773782762,optimal_hour=5.5900001225, source_hour=5.5900000000 
parameter is :
1.6632314100,1.6781120242,2.4638438873,2.9659656883,1.5870623957,-0.3043465633,123.4869499382,60.6554190002,5.5900001225,222.6327188126,-3.7711899192,-2.0209388461,-0.4217034736,

##################################
1.0000000000,0.8577119931,0.7272109775,1.0485991305,0.5517977019,1.1595245273,309.0000000000,-84.0000000000,21.0000000000,113.0000000000,-0.0019000000,0.2500000000,0.0700000000

optimal_chisq=4.6710553928,optimal_hour=6.0900079885, source_hour=6.0900000000 
parameter is :
1.1310847018,0.9851558630,0.6033287185,0.9982531960,0.5268991492,1.0783597917,309.0031075756,-84.0101244077,6.0900079885,113.0002729750,-0.0164765950,0.2497370020,0.3058337595,

##################################
1.0000000000,0.5998808884,0.8310905236,0.6570988651,0.0501556713,1.4312624120,267.0000000000,14.0000000000,20.0000000000,99.0000000000,-0.0024000000,0.4100000000,0.1500000000

optimal_chisq=7.2730538119,optimal_hour=5.4100082254, source_hour=5.4100000000 
parameter is :
0.1720274131,0.8917610711,0.5570297172,0.5759963113,0.7859133334,0.2837049444,257.0163474490,22.6329531849,5.4100082254,100.4155864353,-8.5528547050,-5.4860736983,0.1759705030,

##################################
1.0000000000,0.7295547001,1.1654921869,0.4167399894,1.3617361550,0.0239532540,30.0000000000,-74.0000000000,9.0000000000,247.0000000000,-0.0019000000,0.4300000000,0.1200000000

optimal_chisq=6.6609284031,optimal_hour=6.0600020565, source_hour=6.0600000000 
parameter is :
0.5306587093,1.0648548258,1.3596752276,0.3964135602,1.3465796297,-0.0770282840,29.9974360635,-73.9777372632,6.0600020565,246.9584832966,-0.0269879423,0.4299248288,-0.0623118811,

##################################
1.0000000000,0.1867730590,0.4967617597,0.5993724416,0.4547370693,0.5509654025,316.0000000000,87.0000000000,13.0000000000,82.0000000000,-0.0017000000,0.2600000000,0.0800000000

optimal_chisq=5.8979791488,optimal_hour=5.9700034917, source_hour=5.9700000000 
parameter is :
-0.9232279206,-0.8838982177,-1.6748475700,-0.8612811653,-0.7265267296,-1.0147646775,320.0101924478,87.2700885169,5.9700034917,85.1238876137,-0.9305579105,-1.4907638987,-0.1744222969,

##################################
1.0000000000,0.3728275757,0.4135400541,0.8961360199,0.0840801669,1.2126276554,174.0000000000,-7.0000000000,3.0000000000,20.0000000000,-0.0021000000,0.4700000000,0.1300000000

optimal_chisq=6.9467342876,optimal_hour=6.1900033313, source_hour=6.1900000000 
parameter is :
0.8283203414,0.5091905312,-0.3818678447,1.8525253276,1.5857719047,0.0114815028,174.0834655106,-7.0925408509,6.1900033313,19.9696067627,-0.2592561378,0.4158112483,0.0768314516,

##################################
1.0000000000,0.5180653383,0.6933154648,0.7271304638,0.8826788067,0.4001530099,144.0000000000,-78.0000000000,22.0000000000,28.0000000000,-0.0022000000,0.3900000000,0.1200000000

optimal_chisq=6.1939136251,optimal_hour=6.5400009082, source_hour=6.5400000000 
parameter is :
0.9046953769,0.4479288436,0.7648998327,0.8441527517,0.8738522609,0.4099738289,143.9988627397,-78.0000712222,6.5400009082,28.0010277479,-0.0246422198,0.3897108851,0.0697314363,

##################################
1.0000000000,0.4754077510,0.2985246891,1.1352410156,1.1645563156,0.0824300747,17.0000000000,-3.0000000000,10.0000000000,74.0000000000,-0.0024000000,0.3500000000,0.1500000000

optimal_chisq=6.6829869932,optimal_hour=5.7799995809, source_hour=5.7800000000 
parameter is :
0.3530063008,0.5034751738,0.4099182021,0.4100735245,0.4304581718,0.8966685521,9.6795613205,-9.0509380356,5.7799995809,73.2176205982,-0.2422062678,0.3370674687,-0.1213491227,

##################################
1.0000000000,0.6185961993,0.9252725343,0.5695245859,0.7705412413,0.6128576013,184.0000000000,57.0000000000,22.0000000000,307.0000000000,-0.0020000000,0.3500000000,0.0800000000

optimal_chisq=7.0886694994,optimal_hour=6.2000005570, source_hour=6.2000000000 
parameter is :
1.1016361513,1.1980281912,0.6738099286,0.6830131900,0.6973494936,0.0201410807,184.0015700048,56.9330687724,6.2000005570,306.9710017413,-0.3737614666,0.2145079024,-0.4252171477,

##################################
1.0000000000,0.0219492945,0.2875942888,0.6745745875,0.5052989156,0.3368706283,266.0000000000,-54.0000000000,17.0000000000,52.0000000000,-0.0015000000,0.4700000000,0.0900000000

optimal_chisq=7.0007686449,optimal_hour=6.0100007845, source_hour=6.0100000000 
parameter is :
0.8120064059,0.2207424102,0.6784991216,0.3968294978,0.6393816183,0.7905855683,270.2086939635,-51.4120096780,6.0100007845,49.2663352950,-0.4924456364,0.4681406823,-0.0756468295,

##################################
1.0000000000,0.1442207406,0.4092960085,0.6582445528,0.6711938693,0.2507412457,53.0000000000,12.0000000000,14.0000000000,25.0000000000,-0.0021000000,0.4700000000,0.1700000000

optimal_chisq=6.4573020442,optimal_hour=5.7000026313, source_hour=5.7000000000 
parameter is :
0.8056368333,0.4395736097,0.5665310814,0.4233579984,1.2388985550,0.9111957435,55.9485726178,8.0909553327,5.7000026313,25.0607012926,-0.5448418323,0.4654356600,0.1086623572,

##################################
1.0000000000,0.7448181965,0.0763925239,1.6596247783,0.5034151469,1.1725266630,126.0000000000,41.0000000000,18.0000000000,63.0000000000,-0.0023000000,0.4000000000,0.1000000000

optimal_chisq=6.2051668176,optimal_hour=6.2100017853, source_hour=6.2100000000 
parameter is :
1.3371804304,1.4751229364,1.2206460529,0.9707344269,1.0040590080,0.6919685650,128.5397897524,36.5022857276,6.2100017853,61.7817359709,-0.4098703175,0.2966087689,0.1154832431,

##################################
1.0000000000,0.9033187367,1.4743047851,0.2588880735,0.1767887421,1.5357578174,136.0000000000,32.0000000000,18.0000000000,141.0000000000,-0.0019000000,0.4200000000,0.1000000000

optimal_chisq=5.7870139872,optimal_hour=5.9600001728, source_hour=5.9600000000 
parameter is :
1.1137779518,0.9912314859,1.3670493708,0.3190624066,-0.0368871860,1.6425067587,110.5506744555,32.9838393582,5.9600001728,139.2932826197,-2.2542621703,-1.3828346859,0.1287145366,

##################################
1.0000000000,0.3987525806,0.0628766752,1.3268269725,0.6873122349,0.5952100835,86.0000000000,18.0000000000,24.0000000000,257.0000000000,-0.0018000000,0.3600000000,0.0700000000

optimal_chisq=6.9835051578,optimal_hour=6.2099991807, source_hour=6.2100000000 
parameter is :
1.3109019398,1.3569934880,0.3520333825,1.7918295333,0.9007391571,0.6891410392,89.4246281523,28.8029553234,6.2099991807,255.3662264747,2.0994300700,-2.2064905436,-0.0069772664,

##################################
1.0000000000,0.1711791582,0.4898911913,0.5906094070,0.3772323194,0.6282318250,109.0000000000,25.0000000000,8.0000000000,304.0000000000,-0.0012000000,0.2000000000,0.1700000000

optimal_chisq=6.1226162332,optimal_hour=5.9700012332, source_hour=5.9700000000 
parameter is :
0.6606217941,-0.1337988233,0.3265409299,0.6701758295,-0.4122932348,0.2817431806,146.0705083263,39.7608350521,5.9700012332,323.2320311458,-7.6720890817,-12.4127322775,-0.1199971426,

##################################
1.0000000000,0.0942038224,0.0190908173,1.0716123611,0.6527604389,0.3010715881,248.0000000000,57.0000000000,9.0000000000,172.0000000000,-0.0019000000,0.2600000000,0.1900000000

optimal_chisq=7.0681860109,optimal_hour=6.1000002565, source_hour=6.1000000000 
parameter is :
0.9559845830,1.3096292318,0.6409611286,1.2502358173,1.2721908603,1.5267730378,239.0565298594,46.9821919929,6.1000002565,162.1522416878,-11.0394109162,-15.9062740648,-0.1388354997,

##################################
1.0000000000,0.0401516501,0.5879711605,0.3231093087,0.4049700547,0.4062707483,110.0000000000,-60.0000000000,3.0000000000,148.0000000000,-0.0023000000,0.3000000000,0.1100000000

optimal_chisq=6.8665094030,optimal_hour=6.0600005311, source_hour=6.0600000000 
parameter is :
0.6985479312,0.3103028156,0.6657573282,0.4138710340,0.8365799297,0.5095557075,111.9870828882,-59.6238663065,6.0600005311,145.8535828217,-0.2590995431,0.2979838975,-0.0469193234,

##################################
1.0000000000,0.8963575507,1.2374776443,0.5178860301,1.1690384408,0.4411170949,106.0000000000,-1.0000000000,23.0000000000,185.0000000000,-0.0013000000,0.4400000000,0.1900000000

optimal_chisq=6.6647466340,optimal_hour=6.0799992737, source_hour=6.0800000000 
parameter is :
0.2023963166,1.2746720844,0.6290523528,1.4610616302,1.3087420448,1.6953641954,103.5212330784,-46.1722523276,6.0799992737,184.7555115982,-7.6519980499,-6.3616724302,-0.2962882058,

##################################
1.0000000000,0.8350127576,1.4780490256,0.1785163157,0.7784366080,0.7781075959,325.0000000000,32.0000000000,18.0000000000,260.0000000000,-0.0014000000,0.2800000000,0.0500000000

optimal_chisq=5.9571854688,optimal_hour=6.0800019781, source_hour=6.0800000000 
parameter is :
1.2463035679,0.9630547820,1.6971004420,-1.3435830112,0.5743319648,1.6185510759,325.2516525504,31.9881347476,6.0800019781,259.9785749136,-0.7811298925,-0.0050551110,0.1193676608,

##################################
1.0000000000,0.5368213083,0.3226475385,1.1709702762,0.0946755708,1.3861554275,315.0000000000,67.0000000000,22.0000000000,236.0000000000,-0.0021000000,0.4300000000,0.0800000000

optimal_chisq=4.9468195274,optimal_hour=6.0799966265, source_hour=6.0800000000 
parameter is :
1.4608753715,1.1125862297,0.7205059830,1.1674709800,-0.2314273198,-0.6465627546,331.3926783012,65.0043104199,6.0799966265,250.7698872258,-4.5771536656,-7.3486338377,0.5505494869,

##################################
1.0000000000,0.5702263967,1.2177987755,0.1779231185,1.1342973234,0.0736130689,185.0000000000,19.0000000000,24.0000000000,42.0000000000,-0.0020000000,0.3500000000,0.1100000000

optimal_chisq=5.5265624457,optimal_hour=5.9700022641, source_hour=5.9700000000 
parameter is :
0.4832548844,0.6955426694,1.5039203562,0.4101009755,1.6254142308,1.4224340737,183.3781554050,39.7597280191,5.9700022641,43.3189548857,-0.8465638696,-4.3201873239,0.0588541945,

##################################
1,chisq=4.671055392766972680362869141391,optimalHour=6.0900079885,InitHout=6.0900000000,deviation=0.0000079885
2,chisq=4.946819527366701052528696891386,optimalHour=6.0799966265,InitHout=6.0800000000,deviation=0.0000033735
3,chisq=5.526562445667401846094435313717,optimalHour=5.9700022641,InitHout=5.9700000000,deviation=0.0000022641
4,chisq=5.787013987222201727433912310516,optimalHour=5.9600001728,InitHout=5.9600000000,deviation=0.0000001728
5,chisq=5.897979148842506624816905969055,optimalHour=5.9700034917,InitHout=5.9700000000,deviation=0.0000034917
6,chisq=5.957185468818694928927470755298,optimalHour=6.0800019781,InitHout=6.0800000000,deviation=0.0000019781
7,chisq=6.107347544656514415351011848543,optimalHour=6.5400017943,InitHout=6.5400000000,deviation=0.0000017943
8,chisq=6.122616233228057147641720803222,optimalHour=5.9700012332,InitHout=5.9700000000,deviation=0.0000012332
9,chisq=6.186649707131742559340636944398,optimalHour=5.9800009734,InitHout=5.9800000000,deviation=0.0000009734
10,chisq=6.193913625072316797570692870067,optimalHour=6.5400009082,InitHout=6.5400000000,deviation=0.0000009082
11,chisq=6.205166817572386861456834594719,optimalHour=6.2100017853,InitHout=6.2100000000,deviation=0.0000017853
12,chisq=6.416493921164562408421261352487,optimalHour=6.0800003758,InitHout=6.0800000000,deviation=0.0000003758
13,chisq=6.457302044206017832550514867762,optimalHour=5.7000026313,InitHout=5.7000000000,deviation=0.0000026313
14,chisq=6.477378276191694261854081560159,optimalHour=5.5900001225,InitHout=5.5900000000,deviation=0.0000001225
15,chisq=6.596338685130549883695039170561,optimalHour=6.0999984742,InitHout=6.1000000000,deviation=0.0000015258
16,chisq=6.660928403143434373134823545115,optimalHour=6.0600020565,InitHout=6.0600000000,deviation=0.0000020565
17,chisq=6.664746633992497670817556354450,optimalHour=6.0799992737,InitHout=6.0800000000,deviation=0.0000007263
18,chisq=6.678045448802141237365503911860,optimalHour=6.1900011111,InitHout=6.1900000000,deviation=0.0000011111
19,chisq=6.682986993223825500365364860045,optimalHour=5.7799995809,InitHout=5.7800000000,deviation=0.0000004191
20,chisq=6.794395592113709803072651993716,optimalHour=5.7900014223,InitHout=5.7900000000,deviation=0.0000014223
21,chisq=6.825938458696940713821277313400,optimalHour=6.0600010155,InitHout=6.0600000000,deviation=0.0000010155
22,chisq=6.866509403015216506105389271397,optimalHour=6.0600005311,InitHout=6.0600000000,deviation=0.0000005311
23,chisq=6.946734287607094771033189317677,optimalHour=6.1900033313,InitHout=6.1900000000,deviation=0.0000033313
24,chisq=6.983505157802854412807391781826,optimalHour=6.2099991807,InitHout=6.2100000000,deviation=0.0000008193
25,chisq=7.000768644929452833025607105810,optimalHour=6.0100007845,InitHout=6.0100000000,deviation=0.0000007845
26,chisq=7.068186010870211255507911118912,optimalHour=6.1000002565,InitHout=6.1000000000,deviation=0.0000002565
27,chisq=7.088669499416744734787698689615,optimalHour=6.2000005570,InitHout=6.2000000000,deviation=0.0000005570
28,chisq=7.108828423983632127658438548679,optimalHour=5.7000005784,InitHout=5.7000000000,deviation=0.0000005784
29,chisq=7.273053811908630095217631605919,optimalHour=5.4100082254,InitHout=5.4100000000,deviation=0.0000082254
30,chisq=7.489665957459543221830244874582,optimalHour=6.1400014671,InitHout=6.1400000000,deviation=0.0000014671

1.0000000000,0.8577119931,0.7272109775,1.0485991305,0.5517977019,1.1595245273,309.0000000000,-84.0000000000,21.0000000000,113.0000000000,-0.0019000000,0.2500000000,0.0700000000

optimal_chisq=4.6710553928,optimal_hour=6.0900079885, source_hour=6.0900000000 
parameter is :
1.1310847018,0.9851558630,0.6033287185,0.9982531960,0.5268991492,1.0783597917,309.0031075756,-84.0101244077,6.0900079885,113.0002729750,-0.0164765950,0.2497370020,0.3058337595,

run over!

##################################
1.0000000000,0.5368213083,0.3226475385,1.1709702762,0.0946755708,1.3861554275,315.0000000000,67.0000000000,22.0000000000,236.0000000000,-0.0021000000,0.4300000000,0.0800000000

optimal_chisq=4.9468195274,optimal_hour=6.0799966265, source_hour=6.0800000000 
parameter is :
1.4608753715,1.1125862297,0.7205059830,1.1674709800,-0.2314273198,-0.6465627546,331.3926783012,65.0043104199,6.0799966265,250.7698872258,-4.5771536656,-7.3486338377,0.5505494869,

run over!

##################################
1.0000000000,0.5702263967,1.2177987755,0.1779231185,1.1342973234,0.0736130689,185.0000000000,19.0000000000,24.0000000000,42.0000000000,-0.0020000000,0.3500000000,0.1100000000

optimal_chisq=5.5265624457,optimal_hour=5.9700022641, source_hour=5.9700000000 
parameter is :
0.4832548844,0.6955426694,1.5039203562,0.4101009755,1.6254142308,1.4224340737,183.3781554050,39.7597280191,5.9700022641,43.3189548857,-0.8465638696,-4.3201873239,0.0588541945,

run over!

##################################
1.0000000000,0.9033187367,1.4743047851,0.2588880735,0.1767887421,1.5357578174,136.0000000000,32.0000000000,18.0000000000,141.0000000000,-0.0019000000,0.4200000000,0.1000000000

optimal_chisq=5.7870139872,optimal_hour=5.9600001728, source_hour=5.9600000000 
parameter is :
1.1137779518,0.9912314859,1.3670493708,0.3190624066,-0.0368871860,1.6425067587,110.5506744555,32.9838393582,5.9600001728,139.2932826197,-2.2542621703,-1.3828346859,0.1287145366,

run over!

##################################
1.0000000000,0.1867730590,0.4967617597,0.5993724416,0.4547370693,0.5509654025,316.0000000000,87.0000000000,13.0000000000,82.0000000000,-0.0017000000,0.2600000000,0.0800000000

optimal_chisq=5.8979791488,optimal_hour=5.9700034917, source_hour=5.9700000000 
parameter is :
-0.9232279206,-0.8838982177,-1.6748475700,-0.8612811653,-0.7265267296,-1.0147646775,320.0101924478,87.2700885169,5.9700034917,85.1238876137,-0.9305579105,-1.4907638987,-0.1744222969,

run over!

##################################
1.0000000000,0.8350127576,1.4780490256,0.1785163157,0.7784366080,0.7781075959,325.0000000000,32.0000000000,18.0000000000,260.0000000000,-0.0014000000,0.2800000000,0.0500000000

optimal_chisq=5.0243474754,optimal_hour=6.0840035415, source_hour=6.0840000000 
parameter is :
-0.3316547725,1.3495697940,1.4470769539,0.1730082785,1.1193731966,0.8607769140,326.4343261984,35.6750926070,6.0840035415,259.6157261438,-0.2662826227,0.2391621921,1.4377550663,

run over!

##################################
1,chisq=4.671055392766972680362869141391,optimalHour=6.0900079885,InitHout=6.0900000000,deviation=0.0000079885
2,chisq=4.946819527366701052528696891386,optimalHour=6.0799966265,InitHout=6.0800000000,deviation=0.0000033735
3,chisq=5.024347475383019734351819352014,optimalHour=6.0840035415,InitHout=6.0840000000,deviation=0.0000035415
4,chisq=5.526562445667401846094435313717,optimalHour=5.9700022641,InitHout=5.9700000000,deviation=0.0000022641
5,chisq=5.787013987222201727433912310516,optimalHour=5.9600001728,InitHout=5.9600000000,deviation=0.0000001728
6,chisq=5.897979148842506624816905969055,optimalHour=5.9700034917,InitHout=5.9700000000,deviation=0.0000034917




1.0000000000,0.8350127576,1.4780490256,0.1785163157,0.7784366080,0.7781075959,325.0000000000,32.0000000000,18.0000000000,260.0000000000,-0.0014000000,0.2800000000,0.0500000000


1.0000000000,0.8350127576,1.4780490256,0.1785163157,0.7784366080,0.7781075959,325.0000000000,32.0000000000,18.0000000000,260.0000000000,-0.0014000000,0.2800000000,0.0500000000

optimal_chisq=4.3168492490,optimal_hour=6.0828005564 
parameter is :
1.4088314325,0.7197636875,0.6226276751,1.4073724741,1.1397498834,1.6362098704,325.3540039237,36.1264766837,6.0828005564,262.8629492610,-0.9138441058,-0.2245695378,0.6079178703,


Pole:
optimalLambda,optimalBeta:(355.3102569439,-68.1965422603)
optimalParameter:{0.1012499493,0.4889308522,1.4594664129,1.3483363494,0.8664464953,1.2921275784,355.3102569439,-68.1965422603,6.0827966758,88.4820570152,-0.9551864128,-0.3285506297,0.0052543365}


