1.0000000000,0.1041711821,0.1349227318,0.9442434541,0.0673015122,0.9992442091,145.0000000000,40.0000000000,2.0000000000,178.0000000000,-0.0019000000,0.4400000000,0.1900000000

optimal_chisq=0.9909124751,optimal_hour=8.1399706589, source_hour=8.1400000000 
parameter is :
-0.4077595793,0.3862195902,0.3358428494,-0.3247690300,0.3486372734,-0.3506473527,140.0299656351,21.6559547695,8.1399706589,181.3540739026,-0.0295908522,0.4399137638,-0.0001064378,

##################################
1.0000000000,0.8968288134,0.5339779928,1.3047702211,0.6361820126,1.1305481860,260.0000000000,82.0000000000,14.0000000000,86.0000000000,-0.0016000000,0.3000000000,0.1600000000

optimal_chisq=1.0781622446,optimal_hour=8.1400009580, source_hour=8.1400000000 
parameter is :
0.7588960470,1.0374401743,0.2594980949,1.4888407761,0.8458833576,1.0414300839,259.9910036008,81.9943417760,8.1400009580,85.9954057422,0.0091555794,0.3000573724,0.2019127271,

##################################
1.0000000000,0.0570935528,0.5399522093,0.4025646783,0.0811099214,0.8438692918,89.0000000000,-36.0000000000,15.0000000000,308.0000000000,-0.0017000000,0.3600000000,0.0600000000

optimal_chisq=1.2882510199,optimal_hour=8.0800026799, source_hour=8.0800000000 
parameter is :
-0.7603638721,-1.8225724239,-1.5653811994,-3.2201488691,-4.1786090780,-0.8696501980,117.0206910574,-9.5399304573,8.0800026799,312.0724770033,-0.0243853163,0.3615913945,0.2871781973,

##################################
1.0000000000,0.3377119062,0.5157823245,0.7397693088,1.0203819138,0.0433137271,317.0000000000,-58.0000000000,19.0000000000,345.0000000000,-0.0015000000,0.3300000000,0.1400000000

optimal_chisq=1.2542501598,optimal_hour=7.7200018138, source_hour=7.7200000000 
parameter is :
-0.2152243422,2.3720977182,1.6047560307,1.7358472486,2.3293283393,1.3144614922,353.3718240760,-57.3924613469,7.7200018138,354.0299401230,-0.0294461378,0.3294363628,-0.0223207664,

##################################
1.0000000000,0.4497016219,1.1534012187,0.1143385812,0.9370489499,0.1598341897,174.0000000000,-63.0000000000,21.0000000000,279.0000000000,-0.0022000000,0.2300000000,0.1500000000

optimal_chisq=1.2403325405,optimal_hour=8.2600007661, source_hour=8.2600000000 
parameter is :
0.6270735977,1.2662181448,0.9662752907,0.9680294276,1.2240297852,0.6804428508,174.1457557758,-61.0399434261,8.2600007661,277.0990219768,-0.0157026398,0.2298874680,-0.1719076355,

##################################
1.0000000000,0.7278663715,0.0204426801,1.7050542081,1.2818062831,0.2794932481,294.0000000000,-19.0000000000,21.0000000000,8.0000000000,-0.0021000000,0.2200000000,0.0800000000

optimal_chisq=1.1445600487,optimal_hour=8.0499999120, source_hour=8.0500000000 
parameter is :
1.9983027520,1.9859922526,1.1096057496,2.1625807484,2.0047003904,1.3073037939,293.3857489977,6.8632534607,8.0499999120,0.1462849532,-0.0150313345,0.2216517032,-0.2121383288,

##################################
1.0000000000,0.7432084120,0.3608519051,1.3399226759,0.9528835598,0.6272857748,185.0000000000,53.0000000000,2.0000000000,158.0000000000,-0.0021000000,0.2400000000,0.1500000000

optimal_chisq=1.1890587029,optimal_hour=8.1299996768, source_hour=8.1300000000 
parameter is :
0.8591595251,1.0354251716,0.9090713178,1.0279211938,0.9228572587,1.2015233839,186.1291471759,49.8246839113,8.1299996768,158.6985567282,-0.0048932072,0.2399799924,0.0807314132,

##################################
1.0000000000,0.5823696948,1.1362350535,0.2863976951,1.1885103625,0.0407528353,166.0000000000,51.0000000000,16.0000000000,134.0000000000,-0.0018000000,0.4400000000,0.0700000000

optimal_chisq=1.2444273355,optimal_hour=7.8900016666, source_hour=7.8900000000 
parameter is :
0.1385051435,0.0716548977,0.1470033947,0.1462964770,0.1214323505,0.2025554026,159.0385248538,44.1140870442,7.8900016666,128.3267152109,-0.0298335661,0.4399317413,0.0117231831,

##################################
1.0000000000,0.0626484766,0.6937700937,0.2164359566,0.4583966245,0.3364701990,56.0000000000,-50.0000000000,9.0000000000,117.0000000000,-0.0020000000,0.2700000000,0.0700000000

optimal_chisq=1.2881221572,optimal_hour=8.1299991141, source_hour=8.1300000000 
parameter is :
0.8252802671,0.5534445567,0.7135495180,0.7201521414,0.5701158198,0.2774003169,58.7155643387,-48.0187965798,8.1299991141,120.4179506743,-0.0238637943,0.2703913987,-0.1058645018,

##################################
1.0000000000,0.9790818882,0.7106574883,1.1937931685,1.5514952442,0.1730214976,54.0000000000,77.0000000000,15.0000000000,195.0000000000,-0.0015000000,0.4800000000,0.1800000000

optimal_chisq=1.1657753277,optimal_hour=7.9699834750, source_hour=7.9700000000 
parameter is :
1.1791159285,0.9781314755,0.9431040910,1.0349838397,0.9595528017,0.8925460594,62.6192020957,78.4597713462,7.9699834750,202.0493956435,-0.0417958044,0.4790452985,-0.1404141223,

##################################
1.0000000000,0.1489477792,0.3372558420,0.7496329980,0.6139780669,0.3448411529,13.0000000000,37.0000000000,9.0000000000,82.0000000000,-0.0022000000,0.3500000000,0.0800000000

optimal_chisq=1.2219359780,optimal_hour=7.9699974248, source_hour=7.9700000000 
parameter is :
0.7451797212,0.3346588325,0.4971963683,0.6742554733,0.4887649373,0.6208594634,18.5923702541,34.6327516218,7.9699974248,84.6719127635,-0.0236506389,0.3495504767,0.0271649349,

##################################
1.0000000000,0.7566337752,0.9419004141,0.7000004388,0.7883977175,0.7510790197,10.0000000000,-45.0000000000,23.0000000000,186.0000000000,-0.0019000000,0.4800000000,0.1600000000

optimal_chisq=1.0101227573,optimal_hour=8.1300004964, source_hour=8.1300000000 
parameter is :
1.0079531776,0.7659608182,0.9334130580,0.6897309212,0.7888070395,0.7508792355,10.0000426720,-45.0000336661,8.1300004964,185.9999677277,-0.0018332568,0.4800002642,0.1607413736,

##################################
1.0000000000,0.4973091360,0.5430336429,0.8778388463,1.0839922001,0.1630269529,247.0000000000,-58.0000000000,17.0000000000,86.0000000000,-0.0020000000,0.2200000000,0.1600000000

optimal_chisq=1.1749774639,optimal_hour=8.3800004933, source_hour=8.3800000000 
parameter is :
1.1638421019,0.6056044884,0.8953891992,0.8749088035,1.2508176174,0.5033488499,254.5376112843,-50.2812158006,8.3800004933,82.0534824786,-0.0147950687,0.2198898854,0.1785596336,

##################################
1.0000000000,0.4861640141,1.1541894306,0.1557549787,0.7990796525,0.3747110738,192.0000000000,17.0000000000,6.0000000000,161.0000000000,-0.0020000000,0.3500000000,0.1200000000

optimal_chisq=1.0543573732,optimal_hour=8.1400003982, source_hour=8.1400000000 
parameter is :
0.6707401000,1.0152970157,1.1177272744,0.4724821820,0.8453370635,0.6750243555,192.4934307988,16.4535426523,8.1400003982,156.0142455240,-0.0236646545,0.3498976400,0.0446694916,

##################################
1.0000000000,0.5937428798,1.2158988395,0.2069313242,0.7751187415,0.5288228549,162.0000000000,-32.0000000000,4.0000000000,127.0000000000,-0.0024000000,0.4600000000,0.1900000000

optimal_chisq=1.0174277008,optimal_hour=8.1299999773, source_hour=8.1300000000 
parameter is :
1.0525020310,0.5507092369,1.2058823340,0.2932588683,0.6552441499,0.6428073156,161.9989509546,-32.0021907763,8.1299999773,127.0036675531,-0.0150746639,0.4599338696,0.1202085331,

##################################
1.0000000000,0.8166999350,0.3913361134,1.3812085318,0.2319773515,1.5139944299,284.0000000000,68.0000000000,7.0000000000,312.0000000000,-0.0023000000,0.2100000000,0.1700000000

optimal_chisq=1.1926953145,optimal_hour=7.5699958038, source_hour=7.5700000000 
parameter is :
1.0457270108,0.9973786161,0.7671113507,1.2425041571,0.7458028658,1.2663185768,283.9030068228,67.3076368942,7.5699958038,312.0306945150,-0.0139896079,0.2098716805,0.1990372871,

##################################
1.0000000000,0.9631256671,1.7588442832,0.0048289898,1.3846033397,0.2048456098,14.0000000000,-67.0000000000,4.0000000000,116.0000000000,-0.0014000000,0.4800000000,0.1800000000

optimal_chisq=1.2946594076,optimal_hour=7.8100028652, source_hour=7.8100000000 
parameter is :
1.3437707370,1.4589138667,1.7558326585,0.9525570791,1.6014054425,1.2989262767,6.5158254539,-62.9385199578,7.8100028652,113.6897998514,-0.0245423279,0.4799486410,-0.0309198991,

##################################
1.0000000000,0.7604121867,0.3122824529,1.4119060314,0.0126261522,1.7100964952,66.0000000000,7.0000000000,24.0000000000,159.0000000000,-0.0015000000,0.2600000000,0.1600000000

optimal_chisq=1.3084970269,optimal_hour=7.8500044882, source_hour=7.8500000000 
parameter is :
-4.6159177800,-4.1576469755,-2.5878011967,-5.2321488287,2.8484329689,-5.4747654468,63.0586298148,-11.2680154045,7.8500044882,136.6379495025,-0.0170335685,0.2524945662,0.1216863327,

##################################
1.0000000000,0.8043262497,0.6630468745,1.0645185334,0.2808091825,1.4136110616,138.0000000000,35.0000000000,24.0000000000,233.0000000000,-0.0023000000,0.3100000000,0.1900000000

optimal_chisq=1.1046656024,optimal_hour=8.0099970558, source_hour=8.0100000000 
parameter is :
-1.5007652864,1.5580954525,0.5816128439,0.5554625637,1.4263738833,-2.1359637609,134.2446801044,27.0552870892,8.0099970558,232.0115659058,-0.0210882983,0.3098456116,0.0088522251,

##################################
1.0000000000,0.7189515395,0.9080904829,0.6977635436,0.2768075041,1.2937980147,335.0000000000,-53.0000000000,18.0000000000,342.0000000000,-0.0014000000,0.2900000000,0.0500000000

optimal_chisq=1.0051172413,optimal_hour=8.1300000000, source_hour=8.1300000000 
parameter is :
1.0000000000,0.7189515395,0.9080904829,0.6977635436,0.2768075041,1.2937980147,335.0000000000,-53.0000000000,8.1300000000,342.0000000000,-0.0014000000,0.2900000000,0.0500000000,

##################################
1.0000000000,0.8272100640,1.2147094964,0.4681368860,1.1514596883,0.3811227097,188.0000000000,15.0000000000,1.0000000000,356.0000000000,-0.0014000000,0.4400000000,0.1300000000

optimal_chisq=1.1103489808,optimal_hour=8.3300017492, source_hour=8.3300000000 
parameter is :
0.5963585889,2.0338303325,0.7936561084,0.7145375220,1.4031948544,0.6939060655,175.2046484774,5.4558479611,8.3300017492,358.0022414644,-0.0250552892,0.4523255255,0.5035544325,

##################################
1.0000000000,0.0553892195,0.3061727187,0.6875981266,0.4557918906,0.4357284838,34.0000000000,-7.0000000000,17.0000000000,97.0000000000,-0.0024000000,0.3400000000,0.0700000000

optimal_chisq=1.3045438215,optimal_hour=7.7899980102, source_hour=7.7900000000 
parameter is :
1.9167178389,1.1917644527,1.2923788773,1.8719098300,0.1790805921,0.8819349160,28.6239090638,9.2095634108,7.7899980102,102.2900378028,-0.0222355351,0.3396563653,-0.0988401368,

##################################
1.0000000000,0.9075524257,1.1373679485,0.6423716258,1.1856685541,0.4490062594,271.0000000000,27.0000000000,5.0000000000,156.0000000000,-0.0023000000,0.4100000000,0.1000000000

optimal_chisq=1.1833730500,optimal_hour=8.1300000000, source_hour=8.1300000000 
parameter is :
1.0000000000,0.9075524257,1.1373679485,0.6423716258,1.1856685541,0.4490062594,271.0000000000,27.0000000000,8.1300000000,156.0000000000,-0.0023000000,0.4100000000,0.1000000000,

##################################
1.0000000000,0.1555721681,0.1146026570,1.0207820529,0.8352915680,0.1263757815,45.0000000000,82.0000000000,3.0000000000,75.0000000000,-0.0016000000,0.4600000000,0.0900000000

optimal_chisq=1.1622582244,optimal_hour=8.1500011670, source_hour=8.1500000000 
parameter is :
0.7874342583,0.5319948214,0.5592703919,0.7620442531,0.9481169566,-0.0730379278,41.7400218339,81.8894637186,8.1500011670,74.3690427257,-0.0236713389,0.4599247374,0.0699132770,

##################################
1.0000000000,0.0095016807,0.7673512344,0.0556811856,0.3327837389,0.3993394632,168.0000000000,83.0000000000,17.0000000000,146.0000000000,-0.0018000000,0.4900000000,0.0500000000

optimal_chisq=1.0206201733,optimal_hour=8.1400021429, source_hour=8.1400000000 
parameter is :
-28.4894094504,-7.4869539670,-11.4533103062,7.5520427970,-25.6218977482,-11.9473689208,182.1081030851,46.4123535037,8.1400021429,136.0590290563,-0.0369555168,0.4156612888,0.1098090134,

##################################
1.0000000000,0.8443802874,0.4474549866,1.3470560062,1.5734872992,0.0240324088,82.0000000000,-79.0000000000,18.0000000000,311.0000000000,-0.0013000000,0.4800000000,0.0800000000

optimal_chisq=1.2468818085,optimal_hour=7.7200112906, source_hour=7.7200000000 
parameter is :
1.2461300788,1.0705305914,1.0829718576,1.1479306726,0.7952262371,1.3583251311,79.6892887314,-72.1797172635,7.7200112906,312.3434380527,-0.0322257169,0.4809212518,0.0090386822,

##################################
1.0000000000,0.8408507914,0.4374505353,1.3545784411,0.0390309233,1.7486313532,26.0000000000,57.0000000000,20.0000000000,326.0000000000,-0.0021000000,0.3300000000,0.0900000000

optimal_chisq=1.2897055638,optimal_hour=7.7000061148, source_hour=7.7000000000 
parameter is :
1.7880910824,2.7592976519,2.0388206483,2.7331030281,1.5515400147,2.9865584205,31.1321585865,44.1561972260,7.7000061148,329.4024065135,-0.0222345583,0.3298940792,-0.0099897498,

##################################
1.0000000000,0.1829022799,0.9610382713,0.0274100936,0.5538451412,0.3057398414,199.0000000000,87.0000000000,3.0000000000,117.0000000000,-0.0023000000,0.4100000000,0.1000000000

optimal_chisq=1.2724619351,optimal_hour=7.9500016071, source_hour=7.9500000000 
parameter is :
7.8041180245,7.3936316757,6.1541981024,8.7318254620,0.0641448620,2.1585731593,144.1309823459,96.0057273215,7.9500016071,84.6122031555,-0.0271391998,0.4017529174,-0.4080853079,

##################################
1.0000000000,0.4487252778,1.2160285479,0.0388956077,0.9706969560,0.1034968846,71.0000000000,-25.0000000000,18.0000000000,105.0000000000,-0.0020000000,0.3500000000,0.1100000000

optimal_chisq=1.1427687172,optimal_hour=7.9700008980, source_hour=7.9700000000 
parameter is :
0.7906353075,0.8225024143,1.1018527270,0.5017246736,1.0544231047,0.5374953902,75.3515273014,-26.8817984702,7.9700008980,102.4088353557,-0.0020101065,0.3502523176,0.2843703343,

##################################
1.0000000000,0.3723883309,0.8756514266,0.3543553421,0.8685774613,0.1986578000,10.0000000000,-70.0000000000,19.0000000000,118.0000000000,-0.0021000000,0.2500000000,0.1200000000

optimal_chisq=0.7097556053,optimal_hour=8.1300002270, source_hour=8.1300000000 
parameter is :
3.1831605041,0.9186724277,2.9182930585,1.4439686192,2.1231407766,2.0538379004,-12.9073777238,-81.8674523410,8.1300002270,104.9270891082,-0.0155211761,0.2497115837,-0.1419347047,

##################################
1,chisq=0.709755605313372672782179506612,optimalHour=8.1300002270,InitHout=8.1300000000,deviation=0.0000002270
2,chisq=0.990912475057168617986746994575,optimalHour=8.1399706589,InitHout=8.1400000000,deviation=0.0000293411
3,chisq=1.005117241309545050853557768278,optimalHour=8.1300000000,InitHout=8.1300000000,deviation=0.0000000000
4,chisq=1.010122757257393200092110419064,optimalHour=8.1300004964,InitHout=8.1300000000,deviation=0.0000004964
5,chisq=1.017427700794705680564788963238,optimalHour=8.1299999773,InitHout=8.1300000000,deviation=0.0000000227
6,chisq=1.020620173258615759337430972664,optimalHour=8.1400021429,InitHout=8.1400000000,deviation=0.0000021429
7,chisq=1.054357373184662938214728455932,optimalHour=8.1400003982,InitHout=8.1400000000,deviation=0.0000003982
8,chisq=1.078162244638752875758314075938,optimalHour=8.1400009580,InitHout=8.1400000000,deviation=0.0000009580
9,chisq=1.104665602404964364069428484072,optimalHour=8.0099970558,InitHout=8.0100000000,deviation=0.0000029442
10,chisq=1.110348980811121988310219421692,optimalHour=8.3300017492,InitHout=8.3300000000,deviation=0.0000017492
11,chisq=1.142768717245859377840133674908,optimalHour=7.9700008980,InitHout=7.9700000000,deviation=0.0000008980
12,chisq=1.144560048726547485387072811136,optimalHour=8.0499999120,InitHout=8.0500000000,deviation=0.0000000880
13,chisq=1.162258224441624188116861660092,optimalHour=8.1500011670,InitHout=8.1500000000,deviation=0.0000011670
14,chisq=1.165775327679063000374526382075,optimalHour=7.9699834750,InitHout=7.9700000000,deviation=0.0000165250
15,chisq=1.174977463931095034155305256718,optimalHour=8.3800004933,InitHout=8.3800000000,deviation=0.0000004933
16,chisq=1.183373050010253724195763425087,optimalHour=8.1300000000,InitHout=8.1300000000,deviation=0.0000000000
17,chisq=1.189058702893906360742448669043,optimalHour=8.1299996768,InitHout=8.1300000000,deviation=0.0000003232
18,chisq=1.192695314450159083108360391634,optimalHour=7.5699958038,InitHout=7.5700000000,deviation=0.0000041962
19,chisq=1.221935977975248110993788941414,optimalHour=7.9699974248,InitHout=7.9700000000,deviation=0.0000025752
20,chisq=1.240332540522704141139342937095,optimalHour=8.2600007661,InitHout=8.2600000000,deviation=0.0000007661
21,chisq=1.244427335489468600115969820763,optimalHour=7.8900016666,InitHout=7.8900000000,deviation=0.0000016666
22,chisq=1.246881808488011555979824152018,optimalHour=7.7200112906,InitHout=7.7200000000,deviation=0.0000112906
23,chisq=1.254250159825313293282533777528,optimalHour=7.7200018138,InitHout=7.7200000000,deviation=0.0000018138
24,chisq=1.272461935107823238766400208988,optimalHour=7.9500016071,InitHout=7.9500000000,deviation=0.0000016071
25,chisq=1.288122157198487771623263142828,optimalHour=8.1299991141,InitHout=8.1300000000,deviation=0.0000008859
26,chisq=1.288251019912445283210900015547,optimalHour=8.0800026799,InitHout=8.0800000000,deviation=0.0000026799
27,chisq=1.289705563755119355207057196822,optimalHour=7.7000061148,InitHout=7.7000000000,deviation=0.0000061148
28,chisq=1.294659407578220511325639563438,optimalHour=7.8100028652,InitHout=7.8100000000,deviation=0.0000028652
29,chisq=1.304543821483562293650493302266,optimalHour=7.7899980102,InitHout=7.7900000000,deviation=0.0000019898
30,chisq=1.308497026931931150883769987558,optimalHour=7.8500044882,InitHout=7.8500000000,deviation=0.0000044882
1.0000000000,0.3723883309,0.8756514266,0.3543553421,0.8685774613,0.1986578000,10.0000000000,-70.0000000000,19.0000000000,118.0000000000,-0.0021000000,0.2500000000,0.1200000000

optimal_chisq=0.7097556053,optimal_hour=8.1300002270, source_hour=8.1300000000 
parameter is :
3.1831605041,0.9186724277,2.9182930585,1.4439686192,2.1231407766,2.0538379004,-12.9073777238,-81.8674523410,8.1300002270,104.9270891082,-0.0155211761,0.2497115837,-0.1419347047,

run over!

##################################
1.0000000000,0.1041711821,0.1349227318,0.9442434541,0.0673015122,0.9992442091,145.0000000000,40.0000000000,2.0000000000,178.0000000000,-0.0019000000,0.4400000000,0.1900000000

optimal_chisq=0.9909124751,optimal_hour=8.1399706589, source_hour=8.1400000000 
parameter is :
-0.4077595793,0.3862195902,0.3358428494,-0.3247690300,0.3486372734,-0.3506473527,140.0299656351,21.6559547695,8.1399706589,181.3540739026,-0.0295908522,0.4399137638,-0.0001064378,

run over!

##################################
1.0000000000,0.7189515395,0.9080904829,0.6977635436,0.2768075041,1.2937980147,335.0000000000,-53.0000000000,18.0000000000,342.0000000000,-0.0014000000,0.2900000000,0.0500000000

optimal_chisq=0.9031664481,optimal_hour=8.1330000386, source_hour=8.1330000000 
parameter is :
1.0008763487,0.7200405135,0.9107547495,0.6998969761,0.2743801909,1.2900184160,334.9999888570,-53.0000039688,8.1330000386,342.0000060700,-0.0016347367,0.2899988668,0.0498305848,

run over!

##################################
1.0000000000,0.7566337752,0.9419004141,0.7000004388,0.7883977175,0.7510790197,10.0000000000,-45.0000000000,23.0000000000,186.0000000000,-0.0019000000,0.4800000000,0.1600000000

optimal_chisq=0.8507717583,optimal_hour=8.1370005177, source_hour=8.1370000000 
parameter is :
1.0110328131,0.7673451777,0.9306781538,0.6873408319,0.7887008643,0.7511529774,10.0000430843,-45.0000071582,8.1370005177,185.9999666133,-0.0029064553,0.4799960161,0.1615279361,

run over!

##################################
1.0000000000,0.5937428798,1.2158988395,0.2069313242,0.7751187415,0.5288228549,162.0000000000,-32.0000000000,4.0000000000,127.0000000000,-0.0024000000,0.4600000000,0.1900000000

optimal_chisq=1.0174277008,optimal_hour=8.1299999773, source_hour=8.1300000000 
parameter is :
1.0525020310,0.5507092369,1.2058823340,0.2932588683,0.6552441499,0.6428073156,161.9989509546,-32.0021907763,8.1299999773,127.0036675531,-0.0150746639,0.4599338696,0.1202085331,

run over!

##################################
1.0000000000,0.0095016807,0.7673512344,0.0556811856,0.3327837389,0.3993394632,168.0000000000,83.0000000000,17.0000000000,146.0000000000,-0.0018000000,0.4900000000,0.0500000000

optimal_chisq=1.0206201733,optimal_hour=8.1400021429, source_hour=8.1400000000 
parameter is :
-28.4894094504,-7.4869539670,-11.4533103062,7.5520427970,-25.6218977482,-11.9473689208,182.1081030851,46.4123535037,8.1400021429,136.0590290563,-0.0369555168,0.4156612888,0.1098090134,

run over!

##################################
1,chisq=0.709755605313372672782179506612,optimalHour=8.1300002270,InitHout=8.1300000000,deviation=0.0000002270
2,chisq=0.850771758301682612390948179382,optimalHour=8.1370005177,InitHout=8.1370000000,deviation=0.0000005177
3,chisq=0.903166448062647786443335462536,optimalHour=8.1330000386,InitHout=8.1330000000,deviation=0.0000000386
4,chisq=0.990912475057168617986746994575,optimalHour=8.1399706589,InitHout=8.1400000000,deviation=0.0000293411
5,chisq=1.017427700794705680564788963238,optimalHour=8.1299999773,InitHout=8.1300000000,deviation=0.0000000227
6,chisq=1.020620173258615759337430972664,optimalHour=8.1400021429,InitHout=8.1400000000,deviation=0.0000021429




1.0000000000,0.7189515395,0.9080904829,0.6977635436,0.2768075041,1.2937980147,335.0000000000,-53.0000000000,18.0000000000,342.0000000000,-0.0014000000,0.2900000000,0.0500000000


1.0000000000,0.7189515395,0.9080904829,0.6977635436,0.2768075041,1.2937980147,335.0000000000,-53.0000000000,18.0000000000,342.0000000000,-0.0014000000,0.2900000000,0.0500000000

optimal_chisq=0.8578502335,optimal_hour=8.1345009636 
parameter is :
0.6935997475,0.8891259980,0.9357988421,0.5010300942,0.2538589506,1.1565375860,334.9175220777,-52.9843598882,8.1345009636,341.7471721390,-0.0180659255,0.2896686631,0.0162937618,


Pole:
optimalLambda,optimalBeta:(171.8083509937,22.3317544928)
optimalParameter:{0.4515497472,1.5047966527,0.7055718897,1.2949150758,0.9588418616,1.5543823847,171.8083509937,22.3317544928,8.1345011556,247.6418928960,-0.0078619887,0.3099703350,-0.0668827145}
























