1.0000000000,0.8873009895,1.6318384996,0.0628836005,0.6620302591,0.9505854527,217.0000000000,-38.0000000000,24.0000000000,249.0000000000,-0.0018000000,0.2600000000,0.1200000000

optimal_chisq=1.5149523885,optimal_hour=7.9599970133, source_hour=7.9600000000 
parameter is :
1.9430729438,3.9058060469,0.1245063412,2.7289570441,1.3652837613,0.9052884129,217.8883031835,-37.8147415560,7.9599970133,248.5748302014,-0.0335149646,0.2597575416,-0.1243124836,

##################################
1.0000000000,0.5467119825,1.0169307965,0.3846714282,0.5752267386,0.7388254246,205.0000000000,-56.0000000000,7.0000000000,324.0000000000,-0.0024000000,0.4700000000,0.1000000000

optimal_chisq=3.2069626575,optimal_hour=8.1999994384, source_hour=8.2000000000 
parameter is :
1.0167490333,0.5685864711,0.9923236234,0.3584923729,0.5791831746,0.7443887721,204.9999974381,-56.0000075632,8.1999994384,323.9999808863,-0.0020525999,0.4700017739,0.0966316465,

##################################
1.0000000000,0.3065384469,0.8436216629,0.3176203411,0.7659485794,0.2435442357,291.0000000000,0.0000000000,2.0000000000,101.0000000000,-0.0016000000,0.2000000000,0.1700000000

optimal_chisq=2.4993095580,optimal_hour=7.7300258095, source_hour=7.7300000000 
parameter is :
3.5899501451,-1.2080359514,-0.3201825224,-0.3384412886,0.0292470757,1.1530236930,295.0188481700,2.4319238767,7.7300258095,99.9859376376,-0.0081156443,0.1999829025,0.1039506382,

##################################
1.0000000000,0.6914999078,1.4338126388,0.0665596923,0.7099088277,0.6889664141,71.0000000000,85.0000000000,13.0000000000,262.0000000000,-0.0012000000,0.3500000000,0.1300000000

optimal_chisq=2.3783909209,optimal_hour=7.9600030427, source_hour=7.9600000000 
parameter is :
0.8229587464,-0.0968608589,1.8680436320,-0.3067315093,0.1679621395,1.5299036912,71.0705234168,85.0496467378,7.9600030427,262.0536449083,0.0828897048,0.3436219267,-0.1165569872,

##################################
1.0000000000,0.8866617414,0.2767293586,1.5801261477,1.4720316549,0.2097696854,267.0000000000,84.0000000000,20.0000000000,63.0000000000,-0.0022000000,0.3000000000,0.1700000000

optimal_chisq=4.8489444923,optimal_hour=8.2100018784, source_hour=8.2100000000 
parameter is :
0.8059495279,1.4113944612,0.2902354173,1.5304198668,1.3287209350,-0.0232592032,267.0042069798,84.0147520280,8.2100018784,63.0043648988,0.0517371055,0.2980088320,0.0096086552,

##################################
1.0000000000,0.1469189586,0.6227640385,0.4026942978,0.3904261768,0.5521936338,260.0000000000,16.0000000000,23.0000000000,156.0000000000,-0.0016000000,0.3000000000,0.1800000000

optimal_chisq=1.5654502136,optimal_hour=7.9599988961, source_hour=7.9600000000 
parameter is :
1.1000062160,-1.3328049358,0.1303380444,-1.5096599258,4.6642908504,-2.2728295329,274.9851420158,16.6745789031,7.9599988961,157.6609958980,-0.0100820949,0.3002132685,0.3555891079,

##################################
1.0000000000,0.5421449903,0.5999499806,0.8600076985,0.4349433056,0.9627783326,282.0000000000,63.0000000000,22.0000000000,153.0000000000,-0.0016000000,0.4700000000,0.1000000000

optimal_chisq=2.2639264106,optimal_hour=7.7300034796, source_hour=7.7300000000 
parameter is :
1.4359297588,0.8102674674,0.7212807248,0.9819611245,0.7625273657,0.3991334824,281.8891373313,62.9270281013,7.7300034796,152.9215901621,-0.0218099810,0.4698223084,-0.0221876099,

##################################
1.0000000000,0.8568159043,1.5980809098,0.0667543257,1.3366059713,0.1481902912,134.0000000000,88.0000000000,16.0000000000,284.0000000000,-0.0019000000,0.3800000000,0.0500000000

optimal_chisq=2.9587479539,optimal_hour=7.7300136272, source_hour=7.7300000000 
parameter is :
1.4382733748,0.5718756970,2.0125303811,-0.5018030359,1.3055452230,-0.1798377543,135.9579535546,88.1246359074,7.7300136272,285.1472235328,-0.2227934710,0.3707944542,0.0508193293,

##################################
1.0000000000,0.7709248158,1.5627322934,0.0093866641,1.0507674054,0.3738341809,305.0000000000,44.0000000000,4.0000000000,37.0000000000,-0.0013000000,0.4000000000,0.1100000000

optimal_chisq=1.9022784511,optimal_hour=7.9600030006, source_hour=7.9600000000 
parameter is :
0.6855823870,1.4682287352,1.9257502288,0.1719422922,2.3045228416,0.3198670816,320.1342665333,73.8201556236,7.9600030006,22.5429926441,-0.0529918575,0.4079679107,-0.0707482872,

##################################
1.0000000000,0.0431221058,0.1967196975,0.8072125738,0.3181420669,0.6178074647,121.0000000000,37.0000000000,7.0000000000,188.0000000000,-0.0017000000,0.2500000000,0.1400000000

optimal_chisq=4.0872347200,optimal_hour=7.7300200526, source_hour=7.7300000000 
parameter is :
0.7272094539,0.1806632743,0.3041432495,0.6311254085,-0.3484776231,1.2373499120,120.9914181315,36.9978118382,7.7300200526,187.9973970162,0.0037569216,0.2578400498,-0.1056349079,

##################################
1.0000000000,0.6998241156,1.0392766483,0.5279186007,0.1666243419,1.3790102690,292.0000000000,28.0000000000,16.0000000000,318.0000000000,-0.0024000000,0.4100000000,0.0900000000

optimal_chisq=2.7071928928,optimal_hour=7.7300130808, source_hour=7.7300000000 
parameter is :
0.8296001606,0.9582836771,0.8881890275,0.6514704628,0.0519450833,1.4559632407,292.0472010740,28.0530711071,7.7300130808,317.9873768237,-0.0041344070,0.4099898567,0.1709174916,

##################################
1.0000000000,0.9738999433,1.1237874859,0.7287910142,0.5593065708,1.2307826911,182.0000000000,-5.0000000000,23.0000000000,95.0000000000,-0.0022000000,0.3600000000,0.1300000000

optimal_chisq=4.2947299070,optimal_hour=7.9600000000, source_hour=7.9600000000 
parameter is :
1.0000000000,0.9738999433,1.1237874859,0.7287910142,0.5593065708,1.2307826911,182.0000000000,-5.0000000000,7.9600000000,95.0000000000,-0.0022000000,0.3600000000,0.1300000000,

##################################
1.0000000000,0.4016839691,0.4441005771,0.8910594443,0.2488890660,1.0478850782,170.0000000000,-53.0000000000,23.0000000000,36.0000000000,-0.0019000000,0.2700000000,0.1500000000

optimal_chisq=2.4194945599,optimal_hour=7.9600001981, source_hour=7.9600000000 
parameter is :
0.4716520604,1.3857777921,-1.9801243236,1.1626225806,-0.5506989080,2.0886327323,170.7535014365,-53.2699529024,7.9600001981,35.5323358122,-0.0221966795,0.2700371191,-0.0310961420,

##################################
1.0000000000,0.6414673248,1.2656095224,0.2035698510,0.7079773052,0.6575058327,54.0000000000,29.0000000000,9.0000000000,337.0000000000,-0.0020000000,0.3800000000,0.0800000000

optimal_chisq=4.9647264972,optimal_hour=7.7299904017, source_hour=7.7300000000 
parameter is :
1.0000001255,0.6414675068,1.2656093041,0.2035693292,0.7079775203,0.6575058143,53.9999999974,29.0000000036,7.7299904017,336.9999999997,-0.0019999705,0.3800000002,0.0799998663,

##################################
1.0000000000,0.9900673134,1.7115648677,0.0883159823,0.0675706571,1.7247702593,160.0000000000,-61.0000000000,22.0000000000,207.0000000000,-0.0013000000,0.2000000000,0.1800000000

optimal_chisq=2.3076800378,optimal_hour=7.9600002499, source_hour=7.9600000000 
parameter is :
1.2050196638,1.1936052718,1.5088783693,0.4356255207,0.4359895238,1.6377465715,159.6367184850,-61.0240981365,7.9600002499,207.4442011046,-0.0165873297,0.2000777888,0.2457680206,

##################################
1.0000000000,0.9173355223,0.6146914737,1.2362237764,0.6967297199,1.0755607528,32.0000000000,-42.0000000000,19.0000000000,244.0000000000,-0.0017000000,0.2600000000,0.0700000000

optimal_chisq=3.0336520908,optimal_hour=7.7299854371, source_hour=7.7300000000 
parameter is :
1.0407695721,0.6878021924,0.9043752814,1.2476462201,0.7582129375,1.0145732419,31.9988436235,-42.0008820996,7.7299854371,244.0010731837,0.0395161468,0.2602694885,0.1232809732,

##################################
1.0000000000,0.1866423852,0.5286611579,0.5609440320,0.4676837101,0.5279770948,151.0000000000,-58.0000000000,24.0000000000,153.0000000000,-0.0023000000,0.4900000000,0.0600000000

optimal_chisq=1.5720881630,optimal_hour=7.9599993427, source_hour=7.9600000000 
parameter is :
-1.5351762440,-0.7585420112,-0.7461819900,-1.1637386092,0.5155761627,-0.7355098674,163.5533554885,-81.1285193129,7.9599993427,147.5579455612,-0.0562789276,0.4899724428,-0.1741130854,

##################################
1.0000000000,0.6658728410,0.6749734215,0.9054845012,0.4796160978,1.0376194603,273.0000000000,58.0000000000,8.0000000000,339.0000000000,-0.0024000000,0.4500000000,0.1800000000

optimal_chisq=3.7134668782,optimal_hour=7.9599973840, source_hour=7.9600000000 
parameter is :
1.3739327882,0.4672793715,0.7366621649,0.7242536969,1.1343355263,0.5091954409,273.4995715780,57.8391873800,7.9599973840,339.6004739687,-0.0095194735,0.4499619360,-0.1138705232,

##################################
1.0000000000,0.8811134183,1.5193895578,0.1832491755,1.1735673974,0.3777742436,357.0000000000,-77.0000000000,18.0000000000,251.0000000000,-0.0013000000,0.3600000000,0.1700000000

optimal_chisq=1.4419691286,optimal_hour=7.9599995554, source_hour=7.9600000000 
parameter is :
0.8077038529,0.7071153294,0.8230817758,1.4049249426,1.9441051876,0.7852578732,344.0210389655,-71.5812684102,7.9599995554,263.8774848260,0.0564800418,0.3579633939,0.4960156874,

##################################
1.0000000000,0.9377745241,0.4215609937,1.4716802740,0.7565839863,1.0530394443,338.0000000000,-8.0000000000,19.0000000000,124.0000000000,-0.0022000000,0.4300000000,0.1000000000

optimal_chisq=2.6896095415,optimal_hour=7.9599994665, source_hour=7.9600000000 
parameter is :
1.2739491399,0.8580802461,0.6501682265,1.2432111547,0.7865316407,1.0719184478,337.9936115825,-8.0003564091,7.9599994665,124.0053421788,-0.0205338757,0.4325498245,0.1350860883,

##################################
1.0000000000,0.5880531406,1.3001567662,0.1025132475,0.6883783684,0.6080995776,112.0000000000,14.0000000000,11.0000000000,257.0000000000,-0.0013000000,0.4200000000,0.1100000000

optimal_chisq=3.2594161962,optimal_hour=7.7300045029, source_hour=7.7300000000 
parameter is :
1.0000000002,0.5880531409,1.3001567659,0.1025132471,0.6883783685,0.6080995776,112.0000000000,14.0000000000,7.7300045029,257.0000000000,-0.0013000000,0.4200000000,0.1099999999,

##################################
1.0000000000,0.4109744255,0.3703952649,0.9859630214,0.9700689903,0.2237778289,293.0000000000,-65.0000000000,11.0000000000,123.0000000000,-0.0018000000,0.4100000000,0.0900000000

optimal_chisq=2.1835216721,optimal_hour=7.9600030566, source_hour=7.9600000000 
parameter is :
0.8120804690,0.2129253775,0.9677627220,0.6415546194,0.8221361655,1.1477436966,291.5349618071,-60.2479069113,7.9600030566,122.1365751421,0.0676914687,0.4074884617,0.5240803430,

##################################
1.0000000000,0.1188929733,0.6698648886,0.3126742520,0.3336922335,0.5754377727,151.0000000000,63.0000000000,13.0000000000,133.0000000000,-0.0014000000,0.4900000000,0.1400000000

optimal_chisq=3.4990325929,optimal_hour=7.9600010453, source_hour=7.9600000000 
parameter is :
1.0026336167,0.1294212634,0.8008774614,0.0959082840,0.6193621943,0.3683783068,151.0109714879,62.9990461083,7.9600010453,133.0091659900,-0.0172064059,0.4899548381,0.1373147994,

##################################
1.0000000000,0.6117478398,0.2716594247,1.3056423206,0.7379812384,0.7394177386,8.0000000000,42.0000000000,13.0000000000,178.0000000000,-0.0020000000,0.2700000000,0.0700000000

optimal_chisq=3.1788004699,optimal_hour=7.9600030457, source_hour=7.9600000000 
parameter is :
0.9561645685,0.7279358485,0.1775896705,1.3904493241,0.7195698599,0.6048976195,8.0028370011,41.9982151217,7.9600030457,177.9988972867,0.0222154816,0.2696926943,0.0245696453,

##################################
1.0000000000,0.5923760829,1.0119476434,0.4411466842,1.2228305986,0.0359802794,225.0000000000,70.0000000000,13.0000000000,240.0000000000,-0.0024000000,0.4900000000,0.1800000000

optimal_chisq=3.4332031269,optimal_hour=8.2099985615, source_hour=8.2100000000 
parameter is :
-0.6895163793,-0.7491055408,2.2697006848,1.1245791302,0.9270665622,1.3431384646,224.1288142558,62.6576421205,8.2099985615,237.1783453421,-0.0223370602,0.5138477479,-0.1447122308,

##################################
1.0000000000,0.4739553917,1.1807837229,0.1102511718,0.5186860030,0.6862557683,35.0000000000,7.0000000000,10.0000000000,7.0000000000,-0.0023000000,0.3700000000,0.1000000000

optimal_chisq=3.9654606649,optimal_hour=8.2099994494, source_hour=8.2100000000 
parameter is :
1.1268563403,0.4514429164,1.1576478667,0.1177395917,0.5931445147,0.4992793685,34.9999797463,6.9991684474,8.2099994494,7.0001726244,0.0105171480,0.3700796718,-0.0131947611,

##################################
1.0000000000,0.7985456529,1.1841565368,0.4713307493,1.0327903786,0.4867635440,306.0000000000,90.0000000000,20.0000000000,271.0000000000,-0.0021000000,0.4900000000,0.1300000000

optimal_chisq=2.7273609853,optimal_hour=8.1999984361, source_hour=8.2000000000 
parameter is :
0.5371952550,1.0191268533,0.5356775185,1.4346405692,1.5008514061,1.0085888491,310.6711302950,91.0547332457,8.1999984361,275.5719424918,-0.0241162257,0.4897326380,-0.0060351200,

##################################
1.0000000000,0.2779864577,0.5572187894,0.6266309239,0.9565541203,0.0341992858,14.0000000000,89.0000000000,11.0000000000,9.0000000000,-0.0016000000,0.4300000000,0.0600000000

optimal_chisq=2.1184631482,optimal_hour=7.9599985231, source_hour=7.9600000000 
parameter is :
0.2542639707,1.8354745288,1.1337588493,1.1586960703,1.5994682689,0.4549009494,17.4742564862,87.1737325645,7.9599985231,13.6530250412,-0.2344036388,0.4243460778,0.3565826847,

##################################
1.0000000000,0.5883876195,1.1057798964,0.3284044041,1.0123200718,0.2631242411,110.0000000000,22.0000000000,20.0000000000,255.0000000000,-0.0015000000,0.3000000000,0.0800000000

optimal_chisq=3.7566704147,optimal_hour=7.7299939361, source_hour=7.7300000000 
parameter is :
1.2118857805,0.7150404662,1.1857614136,0.1286343111,0.5978606117,0.6466955243,110.1285126338,22.0592209760,7.7299939361,255.0243070903,-0.0190946834,0.2999122858,0.2568492469,

##################################
1.0000000000,0.6924420147,0.9132865212,0.6632992505,0.9224746824,0.5268104405,282.0000000000,-73.0000000000,9.0000000000,254.0000000000,-0.0014000000,0.2000000000,0.1700000000

optimal_chisq=1.9684220331,optimal_hour=7.9600032043, source_hour=7.9600000000 
parameter is :
1.2917812516,0.5884335056,0.7978827292,0.6098119052,0.7521996282,0.6752462871,282.0026160056,-73.0000620310,7.9600032043,253.9977271288,-0.0234878608,0.1998453863,0.4095014415,

##################################
1,chisq=1.441969128603768801610840455396,optimalHour=7.9599995554,InitHout=7.9600000000,deviation=0.0000004446
2,chisq=1.514952388511099812262727937195,optimalHour=7.9599970133,InitHout=7.9600000000,deviation=0.0000029867
3,chisq=1.565450213576665694503731174336,optimalHour=7.9599988961,InitHout=7.9600000000,deviation=0.0000011039
4,chisq=1.572088163012343109414814534830,optimalHour=7.9599993427,InitHout=7.9600000000,deviation=0.0000006573
5,chisq=1.902278451051139462890660070116,optimalHour=7.9600030006,InitHout=7.9600000000,deviation=0.0000030006
6,chisq=1.968422033117654956768660667876,optimalHour=7.9600032043,InitHout=7.9600000000,deviation=0.0000032043
7,chisq=2.118463148156938924415726432926,optimalHour=7.9599985231,InitHout=7.9600000000,deviation=0.0000014769
8,chisq=2.183521672106007116553882951848,optimalHour=7.9600030566,InitHout=7.9600000000,deviation=0.0000030566
9,chisq=2.263926410604992778274890952162,optimalHour=7.7300034796,InitHout=7.7300000000,deviation=0.0000034796
10,chisq=2.307680037782652515687686900492,optimalHour=7.9600002499,InitHout=7.9600000000,deviation=0.0000002499
11,chisq=2.378390920862925472789584091515,optimalHour=7.9600030427,InitHout=7.9600000000,deviation=0.0000030427
12,chisq=2.419494559921986809314375932445,optimalHour=7.9600001981,InitHout=7.9600000000,deviation=0.0000001981
13,chisq=2.499309558019579213805627659895,optimalHour=7.7300258095,InitHout=7.7300000000,deviation=0.0000258095
14,chisq=2.689609541518251489833346568048,optimalHour=7.9599994665,InitHout=7.9600000000,deviation=0.0000005335
15,chisq=2.707192892848423682039538107347,optimalHour=7.7300130808,InitHout=7.7300000000,deviation=0.0000130808
16,chisq=2.727360985276359617301977777970,optimalHour=8.1999984361,InitHout=8.2000000000,deviation=0.0000015639
17,chisq=2.958747953850181744428482488729,optimalHour=7.7300136272,InitHout=7.7300000000,deviation=0.0000136272
18,chisq=3.033652090793304889615455977037,optimalHour=7.7299854371,InitHout=7.7300000000,deviation=0.0000145629
19,chisq=3.178800469945536555371745635057,optimalHour=7.9600030457,InitHout=7.9600000000,deviation=0.0000030457
20,chisq=3.206962657470767918965748322080,optimalHour=8.1999994384,InitHout=8.2000000000,deviation=0.0000005616
21,chisq=3.259416196249570685239405065659,optimalHour=7.7300045029,InitHout=7.7300000000,deviation=0.0000045029
22,chisq=3.433203126930958415385930493358,optimalHour=8.2099985615,InitHout=8.2100000000,deviation=0.0000014385
23,chisq=3.499032592857997503443812092883,optimalHour=7.9600010453,InitHout=7.9600000000,deviation=0.0000010453
24,chisq=3.713466878199039200580955366604,optimalHour=7.9599973840,InitHout=7.9600000000,deviation=0.0000026160
25,chisq=3.756670414655074452525695960503,optimalHour=7.7299939361,InitHout=7.7300000000,deviation=0.0000060639
26,chisq=3.965460664912206389942639361834,optimalHour=8.2099994494,InitHout=8.2100000000,deviation=0.0000005506
27,chisq=4.087234720015797684311564808013,optimalHour=7.7300200526,InitHout=7.7300000000,deviation=0.0000200526
28,chisq=4.294729907045854666591822024202,optimalHour=7.9600000000,InitHout=7.9600000000,deviation=0.0000000000
29,chisq=4.848944492303577824543481256114,optimalHour=8.2100018784,InitHout=8.2100000000,deviation=0.0000018784
30,chisq=4.964726497243532321590464562178,optimalHour=7.7299904017,InitHout=7.7300000000,deviation=0.0000095983
1.0000000000,0.8811134183,1.5193895578,0.1832491755,1.1735673974,0.3777742436,357.0000000000,-77.0000000000,18.0000000000,251.0000000000,-0.0013000000,0.3600000000,0.1700000000

optimal_chisq=1.4419691286,optimal_hour=7.9599995554, source_hour=7.9600000000 
parameter is :
0.8077038529,0.7071153294,0.8230817758,1.4049249426,1.9441051876,0.7852578732,344.0210389655,-71.5812684102,7.9599995554,263.8774848260,0.0564800418,0.3579633939,0.4960156874,

run over!

##################################
1.0000000000,0.8873009895,1.6318384996,0.0628836005,0.6620302591,0.9505854527,217.0000000000,-38.0000000000,24.0000000000,249.0000000000,-0.0018000000,0.2600000000,0.1200000000

optimal_chisq=1.5149523885,optimal_hour=7.9599970133, source_hour=7.9600000000 
parameter is :
1.9430729438,3.9058060469,0.1245063412,2.7289570441,1.3652837613,0.9052884129,217.8883031835,-37.8147415560,7.9599970133,248.5748302014,-0.0335149646,0.2597575416,-0.1243124836,

run over!

##################################
1.0000000000,0.1469189586,0.6227640385,0.4026942978,0.3904261768,0.5521936338,260.0000000000,16.0000000000,23.0000000000,156.0000000000,-0.0016000000,0.3000000000,0.1800000000

optimal_chisq=1.5654502136,optimal_hour=7.9599988961, source_hour=7.9600000000 
parameter is :
1.1000062160,-1.3328049358,0.1303380444,-1.5096599258,4.6642908504,-2.2728295329,274.9851420158,16.6745789031,7.9599988961,157.6609958980,-0.0100820949,0.3002132685,0.3555891079,

run over!

##################################
1.0000000000,0.1866423852,0.5286611579,0.5609440320,0.4676837101,0.5279770948,151.0000000000,-58.0000000000,24.0000000000,153.0000000000,-0.0023000000,0.4900000000,0.0600000000

optimal_chisq=1.3766701889,optimal_hour=7.9619985409, source_hour=7.9620000000 
parameter is :
0.3696820555,0.7947105296,0.3338350206,1.0215822755,0.9526229548,0.7826485983,150.9607091013,-58.0002114060,7.9619985409,153.0364719874,-0.0636408992,0.4896631761,0.0395142487,

run over!

##################################
1.0000000000,0.7709248158,1.5627322934,0.0093866641,1.0507674054,0.3738341809,305.0000000000,44.0000000000,4.0000000000,37.0000000000,-0.0013000000,0.4000000000,0.1100000000

optimal_chisq=1.9022784511,optimal_hour=7.9600030006, source_hour=7.9600000000 
parameter is :
0.6855823870,1.4682287352,1.9257502288,0.1719422922,2.3045228416,0.3198670816,320.1342665333,73.8201556236,7.9600030006,22.5429926441,-0.0529918575,0.4079679107,-0.0707482872,

run over!

##################################
1.0000000000,0.6924420147,0.9132865212,0.6632992505,0.9224746824,0.5268104405,282.0000000000,-73.0000000000,9.0000000000,254.0000000000,-0.0014000000,0.2000000000,0.1700000000

optimal_chisq=1.3478343413,optimal_hour=7.9620034936, source_hour=7.9620000000 
parameter is :
1.0155270547,0.4597890554,1.0075635956,0.8530835679,0.7183288111,0.7612126152,281.9994402166,-72.9957882244,7.9620034936,254.0002997180,-0.0172877228,0.1998807269,0.2064820403,

run over!

##################################
1,chisq=1.347834341297418303540212036751,optimalHour=7.9620034936,InitHout=7.9620000000,deviation=0.0000034936
2,chisq=1.376670188900322333580561462441,optimalHour=7.9619985409,InitHout=7.9620000000,deviation=0.0000014591
3,chisq=1.441969128603768801610840455396,optimalHour=7.9599995554,InitHout=7.9600000000,deviation=0.0000004446
4,chisq=1.514952388511099812262727937195,optimalHour=7.9599970133,InitHout=7.9600000000,deviation=0.0000029867
5,chisq=1.565450213576665694503731174336,optimalHour=7.9599988961,InitHout=7.9600000000,deviation=0.0000011039
6,chisq=1.902278451051139462890660070116,optimalHour=7.9600030006,InitHout=7.9600000000,deviation=0.0000030006



1.0000000000,0.6924420147,0.9132865212,0.6632992505,0.9224746824,0.5268104405,282.0000000000,-73.0000000000,9.0000000000,254.0000000000,-0.0014000000,0.2000000000,0.1700000000


1.0000000000,0.6924420147,0.9132865212,0.6632992505,0.9224746824,0.5268104405,282.0000000000,-73.0000000000,9.0000000000,254.0000000000,-0.0014000000,0.2000000000,0.1700000000

optimal_chisq=1.2430339292,optimal_hour=7.9580984135 
parameter is :
1.0953202999,0.7663435887,0.8229288759,0.6251125571,0.8848145771,0.5108684178,282.0002216183,-73.0000279845,7.9580984135,253.9997797514,-0.0247953488,0.2001670546,0.1546401653,


Pole:
optimalLambda,optimalBeta:(201.9981160773,69.9994231332)
optimalParameter:{0.7829534878,0.6780824637,1.2784727458,0.5340637563,0.9862876506,0.4500622958,201.9981160773,69.9994231332,7.9580992517,288.9981439691,-0.0095232099,0.4799395346,0.0777754777}

















