1.0000000000,0.0615674095,0.4723287392,0.4911969133,0.4720505034,0.3807720486,90.0000000000,-11.0000000000,1.0000000000,231.0000000000,-0.0024000000,0.3800000000,0.0600000000

optimal_chisq=0.8837846419,optimal_hour=7.2400011705, source_hour=7.2400000000 
parameter is :
0.5835999671,0.6930241514,0.9545859050,0.2552662377,0.7230500974,0.5460920490,86.3612693656,-10.2693323617,7.2400011705,228.9376437019,-0.0309551273,0.3798575811,-0.1017566732,

##################################
1.0000000000,0.4059258049,0.5334703258,0.7919576576,0.4008272954,0.8610731245,297.0000000000,80.0000000000,9.0000000000,207.0000000000,-0.0024000000,0.2000000000,0.1000000000

optimal_chisq=0.8488788833,optimal_hour=7.2899998077, source_hour=7.2900000000 
parameter is :
0.6857025683,0.6929944553,0.6064671654,0.8359658118,0.2445554951,1.0832857536,296.7906651671,79.9660475728,7.2899998077,206.7878860040,-0.0128529240,0.1998763230,0.1202207641,

##################################
1.0000000000,0.1760545625,0.1283153916,1.0254971892,0.6464966381,0.3815432692,189.0000000000,-25.0000000000,17.0000000000,292.0000000000,-0.0014000000,0.3800000000,0.0900000000

optimal_chisq=0.8013334205,optimal_hour=7.2800014339, source_hour=7.2800000000 
parameter is :
0.1332657867,0.1532735558,0.1204331332,0.1602155507,0.0876810208,0.2344335523,192.2534454315,-40.1953215741,7.2800014339,315.4171944804,-0.0464467992,0.3804747262,-0.0089792992,

##################################
1.0000000000,0.3593163329,0.0555720197,1.2955180638,0.3873970695,0.9036816347,16.0000000000,-50.0000000000,18.0000000000,243.0000000000,-0.0021000000,0.3500000000,0.1000000000

optimal_chisq=0.7091827389,optimal_hour=7.1300014768, source_hour=7.1300000000 
parameter is :
0.7850055890,0.4680353676,0.3614837204,0.8177362615,0.3711138046,0.7565073348,48.1737309001,-45.7050139788,7.1300014768,233.5579957027,-0.0220741467,0.3494898867,-0.0687421776,

##################################
1.0000000000,0.9955150140,0.9736643828,0.9189602464,1.3137560910,0.4280156999,64.0000000000,-67.0000000000,8.0000000000,42.0000000000,-0.0013000000,0.2900000000,0.1200000000

optimal_chisq=0.8340372511,optimal_hour=7.2900026850, source_hour=7.2900000000 
parameter is :
1.0858070110,0.8298558034,0.8939987888,1.0275245989,1.3542920023,0.4160696029,64.0003624963,-66.9999029475,7.2900026850,42.0002694211,-0.0188143651,0.2898947825,0.0986019542,

##################################
1.0000000000,0.6763060352,0.2376743658,1.4097781067,0.2983514387,1.3120479347,207.0000000000,0.0000000000,3.0000000000,80.0000000000,-0.0016000000,0.4500000000,0.0600000000

optimal_chisq=0.6183748079,optimal_hour=7.2800056294, source_hour=7.2800000000 
parameter is :
1.1377479599,0.7783130754,0.8710409059,1.3461056950,0.8424034958,1.1295591329,205.1421100289,-1.0908501145,7.2800056294,83.5033365740,-0.0261483562,0.4499348469,0.6497203156,

##################################
1.0000000000,0.3525453719,0.3310676397,0.9706098894,0.0816505302,1.2073582676,163.0000000000,-49.0000000000,6.0000000000,358.0000000000,-0.0021000000,0.3200000000,0.0800000000

optimal_chisq=0.7884759641,optimal_hour=7.3200006637, source_hour=7.3200000000 
parameter is :
0.7003768991,0.2885488050,0.4912807700,0.4578027858,0.4499637035,0.4979936174,199.1984182845,-56.3322697554,7.3200006637,379.9992846153,-0.0188383714,0.3198684053,-0.0554548993,

##################################
1.0000000000,0.6664864987,0.3424370143,1.2818858200,0.7813069363,0.7403224366,305.0000000000,74.0000000000,19.0000000000,95.0000000000,-0.0020000000,0.2900000000,0.0500000000

optimal_chisq=0.8843098663,optimal_hour=7.5800061978, source_hour=7.5800000000 
parameter is :
0.8816727227,0.9068840225,0.7653187217,1.0809103058,0.5749367987,0.9736849112,304.9999643745,73.9976539738,7.5800061978,94.9989409833,-0.0188055926,0.2897376281,-0.0155756239,

##################################
1.0000000000,0.3907684076,0.1736463435,1.1916855614,1.0326027666,0.1594866338,193.0000000000,-15.0000000000,8.0000000000,170.0000000000,-0.0015000000,0.3600000000,0.1400000000

optimal_chisq=0.7639295599,optimal_hour=7.4300024178, source_hour=7.4300000000 
parameter is :
1.0369882325,0.5653090511,0.5428151986,0.9806507841,1.1341246339,0.3695063003,192.9707487447,-14.9802410165,7.4300024178,169.9948020681,-0.0265936694,0.3597913404,0.0681693760,

##################################
1.0000000000,0.5280793083,1.3197847244,0.0097632394,0.4957603306,0.7544813113,28.0000000000,-13.0000000000,7.0000000000,63.0000000000,-0.0023000000,0.3900000000,0.0900000000

optimal_chisq=0.8523569405,optimal_hour=7.4800023834, source_hour=7.4800000000 
parameter is :
0.9739495661,0.6132952464,0.8177000275,0.8196061633,0.7091303943,1.0663980294,27.9361295635,-12.9538767903,7.4800023834,62.9596643480,-0.0293605378,0.3896698471,-0.0732353099,

##################################
1.0000000000,0.2605718320,0.6754826636,0.4668225910,0.8375835027,0.1319390823,27.0000000000,81.0000000000,9.0000000000,43.0000000000,-0.0024000000,0.3300000000,0.1700000000

optimal_chisq=0.6989596432,optimal_hour=7.2799999339, source_hour=7.2800000000 
parameter is :
0.7782008803,0.5583518608,0.7848553172,0.5322813086,0.9242876209,0.2363591212,25.2992977272,73.7902042983,7.2799999339,42.5535322140,0.0131441647,0.3302033498,0.0237703259,

##################################
1.0000000000,0.4568867574,1.1767825071,0.0950513891,0.0305732406,1.2364346017,52.0000000000,-18.0000000000,10.0000000000,89.0000000000,-0.0015000000,0.3600000000,0.1100000000

optimal_chisq=0.8269665764,optimal_hour=7.3200018888, source_hour=7.3200000000 
parameter is :
0.4464626000,1.1591236764,0.6465238577,0.7470718946,0.7856292299,0.6179956920,55.4035350461,-2.7135250042,7.3200018888,106.0745650243,-0.0306778552,0.3596444861,-0.1434022648,

##################################
1.0000000000,0.6929119782,1.3739037511,0.1371626436,1.1958193989,0.1356187668,280.0000000000,41.0000000000,16.0000000000,18.0000000000,-0.0023000000,0.3100000000,0.1700000000

optimal_chisq=0.6388378159,optimal_hour=7.2400016011, source_hour=7.2400000000 
parameter is :
0.8500611113,0.8469533485,1.1262641870,0.5881532761,1.2041696682,0.4873043014,278.5961226561,35.9151185134,7.2400016011,12.3478794221,-0.0191218450,0.3098103827,0.1039081844,

##################################
1.0000000000,0.9530525715,1.0648578518,0.7722682343,0.7986393000,0.9469849283,160.0000000000,78.0000000000,13.0000000000,172.0000000000,-0.0015000000,0.4200000000,0.1500000000

optimal_chisq=0.8105006737,optimal_hour=7.3199999854, source_hour=7.3200000000 
parameter is :
0.9905783752,0.9526041815,1.0659964766,0.7851312350,0.7968937124,0.9470874171,159.9998685579,78.0000063214,7.3199999854,171.9998215164,-0.0117021985,0.4199635637,0.1416016703,

##################################
1.0000000000,0.1258959598,0.2767271996,0.7976550265,0.6363889015,0.3024195813,285.0000000000,-28.0000000000,9.0000000000,345.0000000000,-0.0021000000,0.4500000000,0.1200000000

optimal_chisq=0.8969459118,optimal_hour=7.5099989925, source_hour=7.5100000000 
parameter is :
0.9019322175,0.5103130919,0.7121880297,0.7116397917,0.3954088250,1.0218443543,287.5370897645,-29.3088904571,7.5099989925,344.8772036484,-0.0223545990,0.4498970263,0.0395569392,

##################################
1.0000000000,0.3924038412,0.2120526644,1.1491955563,0.5885665591,0.6798805415,62.0000000000,57.0000000000,7.0000000000,41.0000000000,-0.0012000000,0.3000000000,0.1600000000

optimal_chisq=0.8610926765,optimal_hour=7.3900014627, source_hour=7.3900000000 
parameter is :
1.0569118472,0.5634310019,0.6983434828,0.9466743114,0.9601300485,0.8549476010,39.8886495245,42.9847374325,7.3900014627,43.0045926315,-0.0369741647,0.2997487442,0.1707449054,

##################################
1.0000000000,0.5716367860,0.6402779852,0.8451509779,0.5018359900,0.9126355928,82.0000000000,-56.0000000000,8.0000000000,155.0000000000,-0.0016000000,0.2600000000,0.1000000000

optimal_chisq=0.8811866866,optimal_hour=7.2499998134, source_hour=7.2500000000 
parameter is :
0.6590689151,0.8842488400,0.6013383593,1.0202387920,0.4653721466,0.9800616218,81.8041836791,-54.9883204908,7.2499998134,155.6094206616,-0.0104556245,0.2599483397,-0.0619869772,

##################################
1.0000000000,0.9785411828,1.2432392343,0.6004366803,0.6503147741,1.1198876476,165.0000000000,74.0000000000,1.0000000000,111.0000000000,-0.0021000000,0.2800000000,0.0800000000

optimal_chisq=0.8320662321,optimal_hour=7.2400002472, source_hour=7.2400000000 
parameter is :
0.9429849605,0.9241161487,1.2590207422,0.6262755663,0.6741706642,1.1731086067,164.9994912402,73.9999328969,7.2400002472,110.9995694688,-0.0179399440,0.2798812005,0.0702088289,

##################################
1.0000000000,0.5780204262,1.0525445876,0.3783598528,1.0653552280,0.1967237695,24.0000000000,79.0000000000,14.0000000000,79.0000000000,-0.0022000000,0.2700000000,0.1400000000

optimal_chisq=0.8136620002,optimal_hour=7.2800001070, source_hour=7.2800000000 
parameter is :
1.0092444772,0.5435835313,0.7358779788,0.7901635046,1.0607834968,0.4243060361,24.7806606006,74.8051590689,7.2800001070,79.3672225982,-0.0083182275,0.2699177224,0.0353835160,

##################################
1.0000000000,0.6296808429,0.8285844782,0.6921227982,1.3085191032,0.0143590539,347.0000000000,3.0000000000,8.0000000000,219.0000000000,-0.0021000000,0.2100000000,0.1200000000

optimal_chisq=0.5616401142,optimal_hour=7.2799999429, source_hour=7.2800000000 
parameter is :
0.8415175337,0.9684278410,0.7915920019,0.8169548125,1.2430776139,0.1057019394,347.0514758665,3.0592449290,7.2799999429,218.9879056781,-0.0162547402,0.2099617956,0.1629641940,

##################################
1.0000000000,0.1854802357,0.3823251459,0.7347009799,0.7282702269,0.2380207118,212.0000000000,25.0000000000,18.0000000000,113.0000000000,-0.0012000000,0.4100000000,0.1500000000

optimal_chisq=0.8243911914,optimal_hour=7.2200001640, source_hour=7.2200000000 
parameter is :
0.7381148553,0.6727835093,0.8169565325,0.6849642117,0.8111667267,0.5136805853,211.9052229208,25.1245523629,7.2200001640,112.9526841434,-0.0243612322,0.4097455444,0.2797789256,

##################################
1.0000000000,0.3095060528,0.2967049734,0.9657984384,0.7864309921,0.3359342625,320.0000000000,64.0000000000,21.0000000000,171.0000000000,-0.0013000000,0.4800000000,0.1700000000

optimal_chisq=0.9542466111,optimal_hour=7.5500044322, source_hour=7.5500000000 
parameter is :
0.8112062150,0.6122952345,0.5572066697,0.8881950563,0.7419380448,0.5125262053,319.9981180848,63.9976990548,7.5500044322,170.9976193053,-0.0238938180,0.4798047036,0.0059773333,

##################################
1.0000000000,0.9772368474,0.9004110575,0.9811150748,0.2903432602,1.5597967875,321.0000000000,90.0000000000,18.0000000000,323.0000000000,-0.0024000000,0.2600000000,0.0600000000

optimal_chisq=0.8848338610,optimal_hour=7.2500003923, source_hour=7.2500000000 
parameter is :
1.8124985020,1.5990165487,0.8383470013,1.2659809808,1.9446432228,1.3742372514,313.8978814284,89.2409771712,7.2500003923,316.7488713380,-0.0168114574,0.2597626339,-0.1017502673,

##################################
1.0000000000,0.4842551227,0.9736246959,0.3651840016,0.9380283125,0.2417646329,126.0000000000,79.0000000000,23.0000000000,27.0000000000,-0.0012000000,0.2300000000,0.1700000000

optimal_chisq=0.8276132820,optimal_hour=7.3199986213, source_hour=7.3200000000 
parameter is :
0.7471588036,0.7531240966,0.8789905651,0.6030197169,0.9104161286,0.5730589744,128.2697863533,80.4133217730,7.3199986213,27.6819376372,-0.0147422216,0.2298315061,0.0499066383,

##################################
1.0000000000,0.9508631532,0.6944010882,1.1824663114,0.2442096834,1.6062634192,179.0000000000,70.0000000000,17.0000000000,268.0000000000,-0.0014000000,0.3700000000,0.1700000000

optimal_chisq=0.8825319203,optimal_hour=7.5500040445, source_hour=7.5500000000 
parameter is :
1.1077307434,1.0588883788,1.0753154909,1.0903271360,1.0140679555,1.2363392314,179.0254999940,70.0510502331,7.5500040445,267.9748992650,-0.0237374095,0.3697064339,-0.1127898935,

##################################
1.0000000000,0.1892618366,0.3357235450,0.7941094098,0.4777874343,0.5599642571,315.0000000000,-86.0000000000,22.0000000000,277.0000000000,-0.0023000000,0.2400000000,0.1300000000

optimal_chisq=0.8809202270,optimal_hour=7.2800006531, source_hour=7.2800000000 
parameter is :
0.8533024803,0.3560498955,0.3843963725,0.7986270170,0.5566483042,0.6624889305,315.0031244865,-86.0071358375,7.2800006531,276.9979386038,-0.0193091787,0.2398369948,0.1401016237,

##################################
1.0000000000,0.6937485005,0.8364386247,0.7519936279,0.9652830511,0.4905391854,53.0000000000,-81.0000000000,18.0000000000,280.0000000000,-0.0020000000,0.4600000000,0.1600000000

optimal_chisq=0.8933082827,optimal_hour=7.2799998228, source_hour=7.2800000000 
parameter is :
0.9589639929,0.6608088749,0.8777392280,0.7885713419,0.9704260680,0.4841619673,53.0003074063,-80.9999480479,7.2799998228,279.9997000538,-0.0163239266,0.4599377222,0.1582800432,

##################################
1.0000000000,0.9828288639,1.1686843899,0.6882736273,1.4982994397,0.1801218210,83.0000000000,-86.0000000000,10.0000000000,298.0000000000,-0.0020000000,0.3400000000,0.1800000000

optimal_chisq=0.8330989877,optimal_hour=7.2600012764, source_hour=7.2600000000 
parameter is :
1.7434005625,1.1481034444,1.5341997299,1.4503846156,1.7979987911,0.6970183381,75.5684693104,-77.4591414935,7.2600012764,296.1146868770,-0.0223038219,0.3400114205,0.0827035912,

##################################
1.0000000000,0.2473403291,0.3674477709,0.8178939347,0.4490241804,0.6549723060,33.0000000000,31.0000000000,6.0000000000,71.0000000000,-0.0017000000,0.2900000000,0.1900000000

optimal_chisq=0.6362794403,optimal_hour=7.2799998494, source_hour=7.2800000000 
parameter is :
0.7923077806,0.5658178258,0.6226364646,0.7179455709,0.5275599905,0.9903209749,32.8146794486,31.6668242070,7.2799998494,68.3319044561,-0.0041216834,0.2899984013,-0.0920839169,

##################################
1.0000000000,0.0430354635,0.6296393483,0.2740470306,0.6412177286,0.0861589835,19.0000000000,-50.0000000000,23.0000000000,61.0000000000,-0.0014000000,0.2300000000,0.0900000000

optimal_chisq=0.7400785716,optimal_hour=7.2799998386, source_hour=7.2800000000 
parameter is :
1.2053927241,0.8582509890,1.1594727310,0.5508379029,1.1148071847,1.1363549942,7.1476536442,-29.4824779095,7.2799998386,66.7411100495,-0.0165561764,0.2298949961,-0.1132198061,

##################################
1,chisq=0.561640114223144304439472307422,optimalHour=7.2799999429,InitHout=7.2800000000,deviation=0.0000000571
2,chisq=0.618374807932337899885055776394,optimalHour=7.2800056294,InitHout=7.2800000000,deviation=0.0000056294
3,chisq=0.636279440318465505654899061483,optimalHour=7.2799998494,InitHout=7.2800000000,deviation=0.0000001506
4,chisq=0.638837815936368236258147135231,optimalHour=7.2400016011,InitHout=7.2400000000,deviation=0.0000016011
5,chisq=0.698959643192385349230733027071,optimalHour=7.2799999339,InitHout=7.2800000000,deviation=0.0000000661
6,chisq=0.709182738907927157079313928989,optimalHour=7.1300014768,InitHout=7.1300000000,deviation=0.0000014768
7,chisq=0.740078571562306053444046938239,optimalHour=7.2799998386,InitHout=7.2800000000,deviation=0.0000001614
8,chisq=0.763929559880845321373499245965,optimalHour=7.4300024178,InitHout=7.4300000000,deviation=0.0000024178
9,chisq=0.788475964098469539464986155508,optimalHour=7.3200006637,InitHout=7.3200000000,deviation=0.0000006637
10,chisq=0.801333420489669268071963870170,optimalHour=7.2800014339,InitHout=7.2800000000,deviation=0.0000014339
11,chisq=0.810500673663744786168194877973,optimalHour=7.3199999854,InitHout=7.3200000000,deviation=0.0000000146
12,chisq=0.813662000206232693955143986386,optimalHour=7.2800001070,InitHout=7.2800000000,deviation=0.0000001070
13,chisq=0.824391191428337166691164838994,optimalHour=7.2200001640,InitHout=7.2200000000,deviation=0.0000001640
14,chisq=0.826966576377820561383202857542,optimalHour=7.3200018888,InitHout=7.3200000000,deviation=0.0000018888
15,chisq=0.827613282037614972352912445785,optimalHour=7.3199986213,InitHout=7.3200000000,deviation=0.0000013787
16,chisq=0.832066232075474698781647475698,optimalHour=7.2400002472,InitHout=7.2400000000,deviation=0.0000002472
17,chisq=0.833098987673376756291077072092,optimalHour=7.2600012764,InitHout=7.2600000000,deviation=0.0000012764
18,chisq=0.834037251076263697058266188833,optimalHour=7.2900026850,InitHout=7.2900000000,deviation=0.0000026850
19,chisq=0.848878883335864142800630816055,optimalHour=7.2899998077,InitHout=7.2900000000,deviation=0.0000001923
20,chisq=0.852356940465524570704758389184,optimalHour=7.4800023834,InitHout=7.4800000000,deviation=0.0000023834
21,chisq=0.861092676496742481795365620201,optimalHour=7.3900014627,InitHout=7.3900000000,deviation=0.0000014627
22,chisq=0.880920227042100933978474586183,optimalHour=7.2800006531,InitHout=7.2800000000,deviation=0.0000006531
23,chisq=0.881186686563184884413146846782,optimalHour=7.2499998134,InitHout=7.2500000000,deviation=0.0000001866
24,chisq=0.882531920293964988744050970126,optimalHour=7.5500040445,InitHout=7.5500000000,deviation=0.0000040445
25,chisq=0.883784641920717928265105456376,optimalHour=7.2400011705,InitHout=7.2400000000,deviation=0.0000011705
26,chisq=0.884309866264180621797663661710,optimalHour=7.5800061978,InitHout=7.5800000000,deviation=0.0000061978
27,chisq=0.884833860988396891933405186137,optimalHour=7.2500003923,InitHout=7.2500000000,deviation=0.0000003923
28,chisq=0.893308282652255813971464704082,optimalHour=7.2799998228,InitHout=7.2800000000,deviation=0.0000001772
29,chisq=0.896945911840566934003504684370,optimalHour=7.5099989925,InitHout=7.5100000000,deviation=0.0000010075
30,chisq=0.954246611134936695286512531311,optimalHour=7.5500044322,InitHout=7.5500000000,deviation=0.0000044322
1.0000000000,0.6296808429,0.8285844782,0.6921227982,1.3085191032,0.0143590539,347.0000000000,3.0000000000,8.0000000000,219.0000000000,-0.0021000000,0.2100000000,0.1200000000

optimal_chisq=0.4616197446,optimal_hour=7.2759989363, source_hour=7.2760000000 
parameter is :
0.7944565778,0.9402447171,1.2358891633,0.7488374859,1.0262000131,0.6791586713,347.7286315055,1.2409768529,7.2759989363,218.4288787732,-0.0072539401,0.2099496337,0.5446551355,

run over!

##################################
1.0000000000,0.6763060352,0.2376743658,1.4097781067,0.2983514387,1.3120479347,207.0000000000,0.0000000000,3.0000000000,80.0000000000,-0.0016000000,0.4500000000,0.0600000000

optimal_chisq=0.4044173504,optimal_hour=7.2760005525, source_hour=7.2760000000 
parameter is :
0.3528864605,0.8922237870,0.9899838148,0.3535440447,0.9160516216,0.5572505957,193.9466471144,8.8925065678,7.2760005525,78.2501801048,-0.0260140637,0.4497730950,0.0382842233,

run over!

##################################
1.0000000000,0.2473403291,0.3674477709,0.8178939347,0.4490241804,0.6549723060,33.0000000000,31.0000000000,6.0000000000,71.0000000000,-0.0017000000,0.2900000000,0.1900000000

optimal_chisq=0.5634895139,optimal_hour=7.2829998054, source_hour=7.2830000000 
parameter is :
0.7119416021,0.6363475522,0.6891444727,0.7407790102,0.4682366657,0.8753480358,34.3333783361,30.0879873882,7.2829998054,71.2785593868,-0.0177516930,0.2899052043,0.0112144914,

run over!

##################################
1.0000000000,0.6929119782,1.3739037511,0.1371626436,1.1958193989,0.1356187668,280.0000000000,41.0000000000,16.0000000000,18.0000000000,-0.0023000000,0.3100000000,0.1700000000

optimal_chisq=0.6388378159,optimal_hour=7.2400016011, source_hour=7.2400000000 
parameter is :
0.8500611113,0.8469533485,1.1262641870,0.5881532761,1.2041696682,0.4873043014,278.5961226561,35.9151185134,7.2400016011,12.3478794221,-0.0191218450,0.3098103827,0.1039081844,

run over!

##################################
1.0000000000,0.2605718320,0.6754826636,0.4668225910,0.8375835027,0.1319390823,27.0000000000,81.0000000000,9.0000000000,43.0000000000,-0.0024000000,0.3300000000,0.1700000000

optimal_chisq=0.6989596432,optimal_hour=7.2799999339, source_hour=7.2800000000 
parameter is :
0.7782008803,0.5583518608,0.7848553172,0.5322813086,0.9242876209,0.2363591212,25.2992977272,73.7902042983,7.2799999339,42.5535322140,0.0131441647,0.3302033498,0.0237703259,

run over!

##################################
1.0000000000,0.3593163329,0.0555720197,1.2955180638,0.3873970695,0.9036816347,16.0000000000,-50.0000000000,18.0000000000,243.0000000000,-0.0021000000,0.3500000000,0.1000000000

optimal_chisq=0.7091827389,optimal_hour=7.1300014768, source_hour=7.1300000000 
parameter is :
0.7850055890,0.4680353676,0.3614837204,0.8177362615,0.3711138046,0.7565073348,48.1737309001,-45.7050139788,7.1300014768,233.5579957027,-0.0220741467,0.3494898867,-0.0687421776,

run over!

##################################
1,chisq=0.404417350411738929505389705810,optimalHour=7.2760005525,InitHout=7.2760000000,deviation=0.0000005525
2,chisq=0.461619744584741864557031476579,optimalHour=7.2759989363,InitHout=7.2760000000,deviation=0.0000010637
3,chisq=0.563489513873140057675925618241,optimalHour=7.2829998054,InitHout=7.2830000000,deviation=0.0000001946
4,chisq=0.638837815936368236258147135231,optimalHour=7.2400016011,InitHout=7.2400000000,deviation=0.0000016011
5,chisq=0.698959643192385349230733027071,optimalHour=7.2799999339,InitHout=7.2800000000,deviation=0.0000000661
6,chisq=0.709182738907927157079313928989,optimalHour=7.1300014768,InitHout=7.1300000000,deviation=0.0000014768





1.0000000000,0.6296808429,0.8285844782,0.6921227982,1.3085191032,0.0143590539,347.0000000000,3.0000000000,8.0000000000,219.0000000000,-0.0021000000,0.2100000000,0.1200000000


1.0000000000,0.6296808429,0.8285844782,0.6921227982,1.3085191032,0.0143590539,347.0000000000,3.0000000000,8.0000000000,219.0000000000,-0.0021000000,0.2100000000,0.1200000000

optimal_chisq=0.2977880329,optimal_hour=7.2801002313 
parameter is :
0.7752431611,0.8078461720,1.1095584168,0.6707813160,1.3348004892,-0.0323706969,348.2639816814,2.3746542536,7.2801002313,219.4066728809,-0.0105811183,0.2099150595,0.1101710179,

Pole:
optimalLambda,optimalBeta:(351.0111515126,-6.9975111787)
optimalParameter:{0.8006613329,0.2839425876,0.8435207313,0.3832434082,0.3676275669,0.7023092085,351.0111515126,-6.9975111787,7.2801022071,239.9996364102,-0.0206228461,0.2700141154,0.2905743751}

