1.0000000000,0.5272509640,0.9590310142,0.4301483615,0.5894521574,0.7089292188,0.0000000000,-34.0000000000,12.0000000000,20.0000000000,-0.0013000000,0.2800000000,0.1800000000

optimal_chisq=1.6803104715,optimal_hour=4.7099984370, source_hour=4.7100000000 
parameter is :
0.8587878228,0.7475027249,1.3354911998,0.6022660159,0.3468877770,1.1371839739,1.7342730292,-34.8058528394,4.7099984370,16.9835658067,-0.0227230922,0.2797947029,0.5195535991,

##################################
1.0000000000,0.8024830831,1.1728613974,0.4884222724,0.7853290540,0.7753128131,196.0000000000,2.0000000000,13.0000000000,0.0000000000,-0.0021000000,0.4300000000,0.1600000000

optimal_chisq=1.6187963802,optimal_hour=4.7099990367, source_hour=4.7100000000 
parameter is :
1.1730323792,0.8927712443,0.8784684696,0.5869147483,0.7295850536,0.8886478369,196.0030331120,1.9994393790,4.7099990367,-0.0038425622,-0.0421667077,0.4293887481,-0.0992211395,

##################################
1.0000000000,0.3529879289,0.7266056160,0.5087469717,0.5049674257,0.6423601863,347.0000000000,-66.0000000000,9.0000000000,240.0000000000,-0.0016000000,0.4700000000,0.0700000000

optimal_chisq=1.5936573804,optimal_hour=4.7199972485, source_hour=4.7200000000 
parameter is :
0.7906253472,0.4583424907,0.4862961103,0.7386561478,0.6761284256,0.8141038618,347.0127365024,-66.0010363901,4.7199972485,239.9851582411,0.0079115446,0.4700431893,-0.2165321361,

##################################
1.0000000000,0.8793675792,0.9380693475,0.8355159680,1.3637037943,0.2397899580,109.0000000000,-41.0000000000,12.0000000000,45.0000000000,-0.0023000000,0.4100000000,0.1200000000

optimal_chisq=2.2417220000,optimal_hour=4.2899969281, source_hour=4.2900000000 
parameter is :
0.2122575279,1.5566305622,0.9407688892,0.9241430904,1.3866270579,0.1867003586,109.0048371145,-41.0103511859,4.2899969281,44.9937486222,0.0321817841,0.4121706894,0.3374098207,

##################################
1.0000000000,0.4858930812,0.8872821533,0.4676391674,0.8508428943,0.3640043749,309.0000000000,45.0000000000,1.0000000000,333.0000000000,-0.0021000000,0.3500000000,0.1800000000

optimal_chisq=2.0708246265,optimal_hour=4.8800007020, source_hour=4.8800000000 
parameter is :
1.5902012214,0.1143377227,1.2919384640,0.5776054571,-0.8089453035,1.0067636006,314.3677619910,35.5377743666,4.8800007020,340.9001379653,-0.0214985109,0.3500563465,-0.0827213999,

##################################
1.0000000000,0.0185835888,0.1314592956,0.8606225905,0.5278669592,0.3429849033,337.0000000000,-36.0000000000,19.0000000000,265.0000000000,-0.0017000000,0.3700000000,0.1900000000

optimal_chisq=1.7150058243,optimal_hour=5.2300010786, source_hour=5.2300000000 
parameter is :
0.9770971275,-0.0474666125,0.3436507000,0.7654565303,0.5511437808,0.6026776004,336.7474442219,-36.5623863999,5.2300010786,266.0778409025,-0.1650881189,0.3494286840,0.4545781938,

##################################
1.0000000000,0.5517026622,1.2106292960,0.1650715401,0.3201761406,1.0072858546,269.0000000000,-79.0000000000,21.0000000000,352.0000000000,-0.0013000000,0.3700000000,0.1900000000

optimal_chisq=1.7941936724,optimal_hour=4.7200018120, source_hour=4.7200000000 
parameter is :
1.7062894319,2.3167643709,2.8212555904,1.3713767294,-0.2190159739,3.6185014313,256.0429330174,-92.3862758206,4.7200018120,351.3568850939,-0.4003248411,0.2746867724,-0.2101851647,

##################################
1.0000000000,0.0433958816,0.5468314183,0.3783543881,0.5979704952,0.1718651379,172.0000000000,22.0000000000,4.0000000000,261.0000000000,-0.0012000000,0.2000000000,0.0600000000

optimal_chisq=1.4378046566,optimal_hour=4.7200002952, source_hour=4.7200000000 
parameter is :
0.7730835621,0.2755895934,0.6587762470,0.4757023911,0.7027749391,0.7384303264,169.4514479101,21.1526769547,4.7200002952,256.9729317017,0.0088448023,0.2004761655,0.1392772699,

##################################
1.0000000000,0.6413267696,0.7002302324,0.8508045269,0.7229938879,0.7284143323,288.0000000000,35.0000000000,10.0000000000,155.0000000000,-0.0021000000,0.2800000000,0.0900000000

optimal_chisq=2.4906489903,optimal_hour=4.5600036317, source_hour=4.5600000000 
parameter is :
1.1953675763,0.1108983008,0.9605796313,1.2113646037,0.3351405807,0.5903709611,287.9801016831,34.9928353305,4.5600036317,154.9944460439,-0.0067342776,0.2801224476,-0.0087744163,

##################################
1.0000000000,0.2613568032,0.1971387154,1.0321443164,0.6000224345,0.5223391875,109.0000000000,80.0000000000,23.0000000000,107.0000000000,-0.0021000000,0.3600000000,0.1000000000

optimal_chisq=2.1444352658,optimal_hour=5.2299992228, source_hour=5.2300000000 
parameter is :
0.5523529134,0.8359661244,0.9467292902,0.5627915788,0.7928120162,-0.2495056122,106.6092993850,79.5027184876,5.2299992228,107.8662420205,-0.2350892147,0.3210596106,-0.0042162915,

##################################
1.0000000000,0.0413969578,0.1107158833,0.9089652900,0.4755223504,0.4403144847,159.0000000000,48.0000000000,4.0000000000,148.0000000000,-0.0018000000,0.2500000000,0.1100000000

optimal_chisq=2.0767548072,optimal_hour=5.2300000271, source_hour=5.2300000000 
parameter is :
1.0000000000,0.0413969578,0.1107158833,0.9089652900,0.4755223504,0.4403144847,159.0000000000,48.0000000000,5.2300000271,148.0000000000,-0.0018000000,0.2500000000,0.1100000000,

##################################
1.0000000000,0.2792944197,0.3420800804,0.8812901263,1.0138622489,0.0118110376,272.0000000000,-34.0000000000,2.0000000000,97.0000000000,-0.0020000000,0.3400000000,0.1200000000

optimal_chisq=1.9284120328,optimal_hour=5.2299995056, source_hour=5.2300000000 
parameter is :
0.8702077671,0.4148373291,0.5088546626,0.7692157121,1.1465617860,0.0032750417,272.0008353979,-34.0024166642,5.2299995056,96.9970400124,-0.0400938021,0.3397863820,-0.0377834189,

##################################
1.0000000000,0.0971804494,0.2677451237,0.7782405272,0.3815169181,0.5855683660,306.0000000000,49.0000000000,5.0000000000,82.0000000000,-0.0022000000,0.2000000000,0.1300000000

optimal_chisq=2.1224132742,optimal_hour=5.0400002475, source_hour=5.0400000000 
parameter is :
0.9619171441,0.0725663111,0.4116464014,0.7051735370,0.5956963280,0.5463943079,306.0041858712,48.9992945969,5.0400002475,82.0027046455,-0.0224665426,0.1997469192,0.1865482003,

##################################
1.0000000000,0.5583383248,0.1972349041,1.3353648144,0.9794057449,0.4124613171,86.0000000000,71.0000000000,6.0000000000,1.0000000000,-0.0016000000,0.2800000000,0.0600000000

optimal_chisq=1.7939850796,optimal_hour=5.2300005417, source_hour=5.2300000000 
parameter is :
0.9549357675,1.3524294129,0.6296947208,1.6031657277,0.7379979574,2.0393912148,88.8757250520,69.5078670688,5.2300005417,3.9702980276,-0.2145400270,0.2263281286,-0.0676141882,

##################################
1.0000000000,0.7985247233,0.8119376249,0.8912434329,0.5829360600,1.0487949800,200.0000000000,55.0000000000,19.0000000000,220.0000000000,-0.0013000000,0.3600000000,0.1900000000

optimal_chisq=1.6910482118,optimal_hour=4.7099986000, source_hour=4.7100000000 
parameter is :
0.8911764090,0.6390253609,0.9653700006,1.0366522313,0.5801636798,1.0331905988,199.9994520592,55.0001518546,4.7099986000,219.9988608676,-0.0363177562,0.3598735496,0.2108008630,

##################################
1.0000000000,0.1791287443,0.5032423324,0.5832502865,0.3856825801,0.6244470517,225.0000000000,16.0000000000,13.0000000000,264.0000000000,-0.0022000000,0.2800000000,0.1500000000

optimal_chisq=1.5655522286,optimal_hour=4.7100015754, source_hour=4.7100000000 
parameter is :
0.7536397671,-0.0115195152,0.6413337718,0.9999701614,0.4026561584,0.5493751894,224.9986146486,15.9991248329,4.7100015754,263.9998210793,-0.0087647108,0.2803546175,0.0244074385,

##################################
1.0000000000,0.9667721302,0.6458452804,1.2528981450,0.5843906244,1.2506607843,152.0000000000,69.0000000000,7.0000000000,26.0000000000,-0.0019000000,0.3000000000,0.1900000000

optimal_chisq=1.9292757970,optimal_hour=4.2899980481, source_hour=4.2900000000 
parameter is :
0.6831673075,0.6570200844,1.3767569569,1.2380290001,0.9196865850,1.3563247113,151.8094740291,68.9383291915,4.2899980481,26.2356698916,0.0125574403,0.3008758064,-0.0601089529,

##################################
1.0000000000,0.2491669013,0.2888655961,0.9121997430,0.2477556782,0.9105299398,189.0000000000,35.0000000000,2.0000000000,159.0000000000,-0.0013000000,0.2000000000,0.1300000000

optimal_chisq=1.8354255477,optimal_hour=4.7200018956, source_hour=4.7200000000 
parameter is :
1.0650720399,-0.3300677648,-0.2222068031,1.1029541933,0.6069832678,0.9692841809,188.9955914837,34.9398396465,4.7200018956,158.4416748975,-0.2101534942,0.2409012343,0.0387539366,

##################################
1.0000000000,0.5044338128,1.0803873500,0.2632285792,0.1210289722,1.2043232885,209.0000000000,-73.0000000000,23.0000000000,201.0000000000,-0.0017000000,0.3000000000,0.0800000000

optimal_chisq=1.9078424048,optimal_hour=4.7100002012, source_hour=4.7100000000 
parameter is :
1.0471491098,0.5123758253,0.9105024770,0.6090778843,0.0508525638,1.2454366094,209.0057703591,-72.9974045504,4.7100002012,200.9940734003,-0.0328342110,0.2998235732,-0.0923000798,

##################################
1.0000000000,0.2837214671,0.5922736323,0.5913716293,0.7709977058,0.2636053279,314.0000000000,87.0000000000,4.0000000000,48.0000000000,-0.0024000000,0.2100000000,0.0700000000

optimal_chisq=1.7911212093,optimal_hour=5.2299980990, source_hour=5.2300000000 
parameter is :
0.8733281397,0.6471167271,1.3235117379,0.5527659093,0.7419829376,0.5872965412,313.4865928264,87.2082644657,5.2299980990,47.5812363870,-0.0940793391,0.1986841020,-0.1421770962,

##################################
1.0000000000,0.3684539638,0.7828621827,0.4595709674,0.6658417024,0.4581090894,0.0000000000,54.0000000000,3.0000000000,147.0000000000,-0.0019000000,0.4000000000,0.0900000000

optimal_chisq=1.6389123765,optimal_hour=5.2299997623, source_hour=5.2300000000 
parameter is :
0.9465118928,0.8829992161,0.8068753480,0.6728640429,0.4161118619,0.3562437048,-0.0023338048,53.9879883100,5.2299997623,146.9926384684,-0.4771954038,0.2868618887,-0.0962126138,

##################################
1.0000000000,0.6087775191,1.1698138935,0.2772866972,0.8035401358,0.5223530873,312.0000000000,35.0000000000,7.0000000000,320.0000000000,-0.0024000000,0.2300000000,0.0600000000

optimal_chisq=2.1554005858,optimal_hour=5.2300000116, source_hour=5.2300000000 
parameter is :
0.9918125062,0.7260032284,1.4050618212,0.1572471249,0.5462809506,0.3695326918,312.0057306394,34.9930853557,5.2300000116,320.0071961155,-0.0475490770,0.2289527328,-0.0477453283,

##################################
1.0000000000,0.9743646802,0.1387885237,1.8214155365,1.1986091303,0.6305383423,244.0000000000,60.0000000000,14.0000000000,48.0000000000,-0.0019000000,0.4200000000,0.1800000000

optimal_chisq=1.9079690683,optimal_hour=4.7200017677, source_hour=4.7200000000 
parameter is :
1.0851522464,0.4233805996,-0.2831061228,2.2956238641,0.8421111541,0.6382199417,242.2537757629,56.3013239504,4.7200017677,46.3972181985,0.0620096024,0.4202872909,-0.1430835080,

##################################
1.0000000000,0.3177497603,0.7375817795,0.4566432214,0.4319601481,0.6849131709,80.0000000000,49.0000000000,9.0000000000,172.0000000000,-0.0012000000,0.2900000000,0.1700000000

optimal_chisq=1.9753833477,optimal_hour=4.7200001028, source_hour=4.7200000000 
parameter is :
0.9482390419,0.2506454245,0.8583169249,0.6249089143,0.3626758900,0.5930854372,79.9924708085,48.9862756160,4.7200001028,171.9904159147,-0.0087325104,0.2899688283,0.0963164959,

##################################
1.0000000000,0.5135418212,1.1303169417,0.2152143809,0.4310101135,0.8470749777,14.0000000000,-34.0000000000,9.0000000000,119.0000000000,-0.0021000000,0.2500000000,0.1300000000

optimal_chisq=1.7816763204,optimal_hour=5.2300009650, source_hour=5.2300000000 
parameter is :
1.1590430878,0.5724037379,0.9576275871,0.3300874227,0.5348728918,0.7772976619,13.9970964393,-33.9985669363,5.2300009650,119.0047239701,-0.0262943582,0.2491497806,0.0848194086,

##################################
1.0000000000,0.1860690299,0.1739420775,0.9820325057,0.9425776105,0.0169248015,274.0000000000,-38.0000000000,22.0000000000,215.0000000000,-0.0017000000,0.4800000000,0.0900000000

optimal_chisq=2.0111106530,optimal_hour=4.7199991223, source_hour=4.7200000000 
parameter is :
1.0689746193,0.3985545289,0.1939054799,1.1692232302,0.6148046177,0.7635034843,274.0388909188,-37.9149852845,4.7199991223,214.9964599098,0.0222215649,0.4801044409,0.5179287940,

##################################
1.0000000000,0.2032281119,0.4910169806,0.6241494838,0.4766139994,0.5452711399,266.0000000000,76.0000000000,4.0000000000,44.0000000000,-0.0019000000,0.2400000000,0.1700000000

optimal_chisq=1.9401375242,optimal_hour=5.2300023467, source_hour=5.2300000000 
parameter is :
0.8875566202,-0.3504206215,-0.0091680590,0.2547676990,1.0972318512,1.2915342709,266.2985136702,76.1462285869,5.2300023467,44.2327559976,-0.0608332786,0.2395336297,0.4876999905,

##################################
1.0000000000,0.9815159873,1.1697138021,0.6857167548,0.1549572618,1.6836170537,111.0000000000,1.0000000000,4.0000000000,146.0000000000,-0.0019000000,0.2200000000,0.1700000000

optimal_chisq=2.4900721155,optimal_hour=4.4100094501, source_hour=4.4100000000 
parameter is :
-0.5311437997,2.0000782338,1.1644733550,1.3113056657,-0.1650859219,2.1139057030,112.4513416844,-2.0122132884,4.4100094501,146.2168309719,-0.0174386952,0.2200424974,0.1482481602,

##################################
1.0000000000,0.5369220840,0.8995509519,0.5097081727,0.3090923412,1.0548431832,60.0000000000,45.0000000000,21.0000000000,262.0000000000,-0.0013000000,0.3600000000,0.1400000000

optimal_chisq=1.9029954244,optimal_hour=5.2299997763, source_hour=5.2300000000 
parameter is :
1.0837210410,0.5975915441,0.8403888936,0.5073875895,0.3145746968,0.9944641461,59.9996987602,45.0002423947,5.2299997763,261.9999319901,-0.0089623598,0.3599723306,0.1124145203,

##################################
1.0000000000,0.7102773142,0.9384089338,0.6540087316,1.3421794934,0.0586057253,83.0000000000,-62.0000000000,22.0000000000,299.0000000000,-0.0019000000,0.2500000000,0.0600000000

optimal_chisq=1.8201909045,optimal_hour=4.2900005117, source_hour=4.2900000000 
parameter is :
1.0807798158,0.5018956886,0.9705868154,0.6432217923,1.3756699852,0.0396795266,82.9944575802,-61.9973856803,4.2900005117,299.0036301010,0.0122313533,0.2499729938,-0.2036223009,

##################################
1,chisq=1.437804656615673248865050481982,optimalHour=4.7200002952,InitHout=4.7200000000,deviation=0.0000002952
2,chisq=1.565552228625744612955372758734,optimalHour=4.7100015754,InitHout=4.7100000000,deviation=0.0000015754
3,chisq=1.593657380444616578074601420667,optimalHour=4.7199972485,InitHout=4.7200000000,deviation=0.0000027515
4,chisq=1.618796380167616844047984159261,optimalHour=4.7099990367,InitHout=4.7100000000,deviation=0.0000009633
5,chisq=1.638912376518070868058885025675,optimalHour=5.2299997623,InitHout=5.2300000000,deviation=0.0000002377
6,chisq=1.680310471547818762516612878244,optimalHour=4.7099984370,InitHout=4.7100000000,deviation=0.0000015630
7,chisq=1.691048211797269829048673273064,optimalHour=4.7099986000,InitHout=4.7100000000,deviation=0.0000014000
8,chisq=1.715005824262754829945265555580,optimalHour=5.2300010786,InitHout=5.2300000000,deviation=0.0000010786
9,chisq=1.781676320435561455823858523217,optimalHour=5.2300009650,InitHout=5.2300000000,deviation=0.0000009650
10,chisq=1.791121209320767793116147004184,optimalHour=5.2299980990,InitHout=5.2300000000,deviation=0.0000019010
11,chisq=1.793985079584318409473553401767,optimalHour=5.2300005417,InitHout=5.2300000000,deviation=0.0000005417
12,chisq=1.794193672350241630653044921928,optimalHour=4.7200018120,InitHout=4.7200000000,deviation=0.0000018120
13,chisq=1.820190904528289577157806888863,optimalHour=4.2900005117,InitHout=4.2900000000,deviation=0.0000005117
14,chisq=1.835425547676007074215931424988,optimalHour=4.7200018956,InitHout=4.7200000000,deviation=0.0000018956
15,chisq=1.902995424428426396445956925163,optimalHour=5.2299997763,InitHout=5.2300000000,deviation=0.0000002237
16,chisq=1.907842404835146554731295509555,optimalHour=4.7100002012,InitHout=4.7100000000,deviation=0.0000002012
17,chisq=1.907969068308059679139887521160,optimalHour=4.7200017677,InitHout=4.7200000000,deviation=0.0000017677
18,chisq=1.928412032820757904261199655593,optimalHour=5.2299995056,InitHout=5.2300000000,deviation=0.0000004944
19,chisq=1.929275797029809114135900927067,optimalHour=4.2899980481,InitHout=4.2900000000,deviation=0.0000019519
20,chisq=1.940137524168719318495845982397,optimalHour=5.2300023467,InitHout=5.2300000000,deviation=0.0000023467
21,chisq=1.975383347744891215924667449144,optimalHour=4.7200001028,InitHout=4.7200000000,deviation=0.0000001028
22,chisq=2.011110652996835668204766989220,optimalHour=4.7199991223,InitHout=4.7200000000,deviation=0.0000008777
23,chisq=2.070824626495805009795958540053,optimalHour=4.8800007020,InitHout=4.8800000000,deviation=0.0000007020
24,chisq=2.076754807191814045097544294549,optimalHour=5.2300000271,InitHout=5.2300000000,deviation=0.0000000271
25,chisq=2.122413274158463813989783375291,optimalHour=5.0400002475,InitHout=5.0400000000,deviation=0.0000002475
26,chisq=2.144435265785478605948810582049,optimalHour=5.2299992228,InitHout=5.2300000000,deviation=0.0000007772
27,chisq=2.155400585825933745809379615821,optimalHour=5.2300000116,InitHout=5.2300000000,deviation=0.0000000116
28,chisq=2.241722000031246331275269767502,optimalHour=4.2899969281,InitHout=4.2900000000,deviation=0.0000030719
29,chisq=2.490072115502798499875325433095,optimalHour=4.4100094501,InitHout=4.4100000000,deviation=0.0000094501
30,chisq=2.490648990335864620959682724788,optimalHour=4.5600036317,InitHout=4.5600000000,deviation=0.0000036317
1.0000000000,0.0433958816,0.5468314183,0.3783543881,0.5979704952,0.1718651379,172.0000000000,22.0000000000,4.0000000000,261.0000000000,-0.0012000000,0.2000000000,0.0600000000

optimal_chisq=1.2493423988,optimal_hour=4.7180002974, source_hour=4.7180000000 
parameter is :
0.6862888860,0.2680594621,0.6773352141,0.4746518645,0.8110914251,0.5653103367,169.4672684877,22.1398092339,4.7180002974,256.9527933406,-0.0065749380,0.1999656726,0.1495054770,

run over!

##################################
1.0000000000,0.1791287443,0.5032423324,0.5832502865,0.3856825801,0.6244470517,225.0000000000,16.0000000000,13.0000000000,264.0000000000,-0.0022000000,0.2800000000,0.1500000000

optimal_chisq=1.2494611467,optimal_hour=4.7159989511, source_hour=4.7160000000 
parameter is :
0.9366251314,0.1085335054,0.6042009786,0.6590795678,0.3998612198,0.5857080343,225.0005339169,15.9998611812,4.7159989511,264.0000042809,-0.0047488831,0.2799818701,0.1793353465,

run over!

##################################
1.0000000000,0.3529879289,0.7266056160,0.5087469717,0.5049674257,0.6423601863,347.0000000000,-66.0000000000,9.0000000000,240.0000000000,-0.0016000000,0.4700000000,0.0700000000

optimal_chisq=0.9059790713,optimal_hour=4.7150021572, source_hour=4.7150000000 
parameter is :
0.7737614137,1.4678605376,0.4952940941,1.1911273718,0.7486613192,0.9822486950,352.7277633943,-63.5256306630,4.7150021572,235.2662467350,-0.0505861966,0.4709015596,-0.1276310273,

run over!

##################################
1.0000000000,0.8024830831,1.1728613974,0.4884222724,0.7853290540,0.7753128131,196.0000000000,2.0000000000,13.0000000000,0.0000000000,-0.0021000000,0.4300000000,0.1600000000

optimal_chisq=1.0133377577,optimal_hour=4.7139992387, source_hour=4.7140000000 
parameter is :
1.0107731274,0.9125980563,1.0920703578,0.5271496381,0.7867142501,0.7437515539,195.9995907385,2.0006026596,4.7139992387,0.0026216103,-0.0430868499,0.4298517534,0.2404017514,

run over!

##################################
1.0000000000,0.3684539638,0.7828621827,0.4595709674,0.6658417024,0.4581090894,0.0000000000,54.0000000000,3.0000000000,147.0000000000,-0.0019000000,0.4000000000,0.0900000000

optimal_chisq=1.6389123765,optimal_hour=5.2299997623, source_hour=5.2300000000 
parameter is :
0.9465118928,0.8829992161,0.8068753480,0.6728640429,0.4161118619,0.3562437048,-0.0023338048,53.9879883100,5.2299997623,146.9926384684,-0.4771954038,0.2868618887,-0.0962126138,

run over!

##################################
1.0000000000,0.5272509640,0.9590310142,0.4301483615,0.5894521574,0.7089292188,0.0000000000,-34.0000000000,12.0000000000,20.0000000000,-0.0013000000,0.2800000000,0.1800000000

optimal_chisq=1.0970467901,optimal_hour=4.7149982312, source_hour=4.7150000000 
parameter is :
0.6791508407,0.9554290023,0.6928593920,1.3839771553,0.4541096619,0.7345613755,0.0581940874,-34.0069539555,4.7149982312,19.8866492812,-0.0363368805,0.2798373222,0.3106696485,

run over!

##################################
1,chisq=0.905979071322307483171698549995,optimalHour=4.7150021572,InitHout=4.7150000000,deviation=0.0000021572
2,chisq=1.013337757725032872713200049475,optimalHour=4.7139992387,InitHout=4.7140000000,deviation=0.0000007613
3,chisq=1.097046790108342717573464142333,optimalHour=4.7149982312,InitHout=4.7150000000,deviation=0.0000017688
4,chisq=1.249342398786257080089967530512,optimalHour=4.7180002974,InitHout=4.7180000000,deviation=0.0000002974
5,chisq=1.249461146706171588149913986854,optimalHour=4.7159989511,InitHout=4.7160000000,deviation=0.0000010489
6,chisq=1.638912376518070868058885025675,optimalHour=5.2299997623,InitHout=5.2300000000,deviation=0.0000002377





1.0000000000,0.8024830831,1.1728613974,0.4884222724,0.7853290540,0.7753128131,196.0000000000,2.0000000000,13.0000000000,0.0000000000,-0.0021000000,0.4300000000,0.1600000000


1.0000000000,0.8024830831,1.1728613974,0.4884222724,0.7853290540,0.7753128131,196.0000000000,2.0000000000,13.0000000000,0.0000000000,-0.0021000000,0.4300000000,0.1600000000

optimal_chisq=0.6924818896,optimal_hour=4.7145013461 
parameter is :
1.1756437097,0.7757257315,1.1548669186,0.2846972157,0.7765500244,0.7409341636,195.9989997813,2.0034298636,4.7145013461,0.0123871476,-0.0468752949,0.4297813316,0.1757994231,

Pole:
optimalLambda,optimalBeta:(358.9766732491,-29.6974614681)
optimalParameter:{0.2969912563,0.1838504357,0.1973856522,0.4430855213,0.0056444579,0.1736722070,358.9766732491,-29.6974614681,4.7145055695,243.7218802079,-0.0419269869,0.3908893718,-0.0722334049}


