1.0000000000,0.0568098286,0.0882540227,0.9515811888,0.5254328759,0.4009668841,40.0000000000,25.0000000000,8.0000000000,356.0000000000,-0.0019000000,0.2300000000,0.0800000000

optimal_chisq=2.9950824019,optimal_hour=6.5200000118, source_hour=6.5200000000 
parameter is :
0.6329625340,0.7116714923,0.4080802951,0.9115699842,0.6706263011,0.6764549895,39.9238360943,24.9708487951,6.5200000118,355.9973591238,-0.0399467766,0.2284565328,-0.2270290745,

##################################
1.0000000000,0.4463533957,0.0308742445,1.4111972213,0.8277007094,0.4886100744,128.0000000000,-17.0000000000,6.0000000000,112.0000000000,-0.0024000000,0.3900000000,0.0600000000

optimal_chisq=2.7036274820,optimal_hour=6.7000013085, source_hour=6.7000000000 
parameter is :
0.1929944304,0.3645902988,0.0859578689,0.6001419526,0.5740692402,0.3035967841,138.9132535046,-18.4488573318,6.7000013085,109.7031221713,-0.2009971470,0.3726139137,-0.0592046220,

##################################
1.0000000000,0.5378635607,0.4479624622,1.0292514586,0.8921956787,0.4522999730,173.0000000000,6.0000000000,17.0000000000,271.0000000000,-0.0019000000,0.3400000000,0.0900000000

optimal_chisq=2.4000020754,optimal_hour=6.5300000146, source_hour=6.5300000000 
parameter is :
1.0453162621,0.5283241505,0.3260848820,1.0608363213,0.8342255332,0.5278848061,172.9945503611,5.9995951183,6.5300000146,270.9980597244,-0.0504899521,0.3404112694,0.1759144189,

##################################
1.0000000000,0.3069334660,0.6387580334,0.5617618639,0.4053143197,0.7233859207,282.0000000000,63.0000000000,21.0000000000,41.0000000000,-0.0015000000,0.2700000000,0.1300000000

optimal_chisq=2.9067358689,optimal_hour=7.1100015642, source_hour=7.1100000000 
parameter is :
0.9418848551,0.5813173988,0.8555912260,0.8202567145,0.8324286680,0.6643329523,278.9623886053,65.9362396068,7.1100015642,38.1524145702,-0.1429333658,0.2672089147,-0.0066607248,

##################################
1.0000000000,0.2685054840,0.0792041047,1.1766881790,1.0249213584,0.0381478527,357.0000000000,19.0000000000,8.0000000000,349.0000000000,-0.0012000000,0.4200000000,0.0600000000

optimal_chisq=2.0568226256,optimal_hour=6.6299993892, source_hour=6.6300000000 
parameter is :
0.4365335335,0.4384396143,0.2392821202,0.5659969018,0.2028268991,-0.8882900985,344.8299163646,29.3865123894,6.6299993892,357.4877545719,-0.0684074318,0.4212283175,0.0485643522,

##################################
1.0000000000,0.5771731295,0.7446787452,0.7316090781,0.0430284191,1.4274069307,10.0000000000,68.0000000000,2.0000000000,16.0000000000,-0.0020000000,0.3000000000,0.0700000000

optimal_chisq=2.7291116714,optimal_hour=7.1100014228, source_hour=7.1100000000 
parameter is :
0.3139941503,0.5906360106,1.1918672609,1.4271396108,1.2958227433,1.0370327217,-3.1517187628,73.3839495948,7.1100014228,20.0582038957,-0.1566643717,0.2876444921,-0.0674364166,

##################################
1.0000000000,0.4144918762,0.1207542981,1.2764524775,1.0238504103,0.2069903414,247.0000000000,-33.0000000000,16.0000000000,70.0000000000,-0.0021000000,0.3000000000,0.0700000000

optimal_chisq=2.8425491057,optimal_hour=6.1100012603, source_hour=6.1100000000 
parameter is :
1.2081278102,0.5749876012,0.8636910190,0.8893082062,1.4652917541,0.2502268415,247.6489271721,-40.7967267695,6.1100012603,73.1096364597,-0.1678316061,0.3147736233,-0.1475717635,

##################################
1.0000000000,0.5032147320,0.8226277162,0.5617419191,1.1433231562,0.0493166450,201.0000000000,-81.0000000000,8.0000000000,333.0000000000,-0.0016000000,0.4200000000,0.1600000000

optimal_chisq=2.8625832804,optimal_hour=6.9999985326, source_hour=7.0000000000 
parameter is :
0.6598298558,0.3525796080,0.5413985973,0.8045196065,0.6238252088,0.6165584190,191.6516147028,-68.9571931621,6.9999985326,326.9653527402,-0.2336093791,0.3874743096,-0.2863487754,

##################################
1.0000000000,0.1490226468,0.5467935041,0.4975098583,0.6394732755,0.2631356609,104.0000000000,31.0000000000,2.0000000000,260.0000000000,-0.0021000000,0.2500000000,0.1000000000

optimal_chisq=2.8143637748,optimal_hour=6.6599993876, source_hour=6.6600000000 
parameter is :
0.6396706337,0.8431796738,0.8196016770,0.4746665192,0.8019351789,0.4987326002,103.9871336940,30.9440364318,6.6599993876,260.0086570847,-0.0430531697,0.2495258089,-0.1659559868,

##################################
1.0000000000,0.2315477544,0.9326650383,0.1220216550,0.1178692396,0.9139710420,310.0000000000,-76.0000000000,15.0000000000,197.0000000000,-0.0012000000,0.4000000000,0.1400000000

optimal_chisq=2.4304547321,optimal_hour=6.9499993701, source_hour=6.9500000000 
parameter is :
-0.4519404038,0.2759968452,0.0221885466,0.0889327413,0.4231438273,-0.6118528078,339.6937085348,-63.2038818006,6.9499993701,189.9046509390,-0.1087145155,0.3988981694,0.0043866386,

##################################
1.0000000000,0.4402435731,0.1007354771,1.3253808506,1.1542085767,0.0857368897,184.0000000000,7.0000000000,3.0000000000,350.0000000000,-0.0016000000,0.3400000000,0.1200000000

optimal_chisq=2.6270077957,optimal_hour=6.9000029411, source_hour=6.9000000000 
parameter is :
2.2198033369,2.2634501009,1.0119074453,3.1847375419,3.4748248750,0.6865822915,174.7780716794,20.2341681376,6.9000029411,345.9372865474,-0.1731704540,0.3241728907,0.2386501656,

##################################
1.0000000000,0.5246386316,0.3622749864,1.1132594035,0.5802294098,0.8119493927,324.0000000000,-42.0000000000,17.0000000000,204.0000000000,-0.0013000000,0.2600000000,0.1100000000

optimal_chisq=2.6193771625,optimal_hour=6.3600003605, source_hour=6.3600000000 
parameter is :
1.2774522689,0.2373762945,0.2286157107,1.1399950034,0.2422929408,1.0142440931,335.8961351833,-25.9659243116,6.3600003605,208.2139945706,-0.1506089303,0.2482872854,0.1248949472,

##################################
1.0000000000,0.8808283316,0.6342645471,1.1765092535,0.4272603484,1.3350240776,98.0000000000,-28.0000000000,20.0000000000,83.0000000000,-0.0016000000,0.3900000000,0.1600000000

optimal_chisq=2.5920279956,optimal_hour=6.4000009896, source_hour=6.4000000000 
parameter is :
1.1725666288,0.8581915544,0.6901704766,1.1208472615,0.6576124636,1.1586463864,97.9976494973,-28.0023756783,6.4000009896,83.0066310188,-0.0321645903,0.3896252146,0.3588872554,

##################################
1.0000000000,0.6939795505,0.6407896337,0.9738157698,1.3176154305,0.1127559401,253.0000000000,46.0000000000,15.0000000000,116.0000000000,-0.0016000000,0.2500000000,0.0600000000

optimal_chisq=3.0679411159,optimal_hour=7.0600000754, source_hour=7.0600000000 
parameter is :
1.0972465850,0.6936641783,0.5141390573,1.2513031812,1.0832036186,0.4932378720,256.8108412698,41.2533101331,7.0600000754,111.7929210345,-0.0402279020,0.2491879266,-0.2017784782,

##################################
1.0000000000,0.2995481809,0.5652528312,0.6405390669,0.6863767952,0.3921326170,166.0000000000,-87.0000000000,23.0000000000,29.0000000000,-0.0024000000,0.3900000000,0.1300000000

optimal_chisq=3.0554604707,optimal_hour=6.6999999842, source_hour=6.7000000000 
parameter is :
1.0000000000,0.2995481809,0.5652528312,0.6405390669,0.6863767952,0.3921326170,166.0000000000,-87.0000000000,6.6999999842,29.0000000000,-0.0024000000,0.3900000000,0.1300000000,

##################################
1.0000000000,0.9004214797,1.1387154270,0.6331749126,0.4656870013,1.2519801435,40.0000000000,-4.0000000000,17.0000000000,232.0000000000,-0.0020000000,0.2200000000,0.0600000000

optimal_chisq=2.7316162051,optimal_hour=7.1300012037, source_hour=7.1300000000 
parameter is :
0.9723231929,0.8633311690,1.1332609943,0.6604876522,0.6718595867,1.2130669214,39.9950952954,-4.0027096501,7.1300012037,231.9986625765,-0.0135637427,0.2197466181,0.0276125874,

##################################
1.0000000000,0.7515253121,1.3843293252,0.1915007309,0.8491615158,0.6103023105,157.0000000000,0.0000000000,13.0000000000,165.0000000000,-0.0021000000,0.3300000000,0.1800000000

optimal_chisq=2.3998925424,optimal_hour=6.4800012061, source_hour=6.4800000000 
parameter is :
-1.2324044175,1.1407936520,1.5761361991,1.9004943163,1.6082803480,1.0824765704,156.0031421831,-7.7251769235,6.4800012061,156.6275808276,-0.0795740407,0.3336937049,-0.1510760214,

##################################
1.0000000000,0.3458894609,0.5323935927,0.7290882153,0.8961805133,0.2021050254,83.0000000000,-81.0000000000,15.0000000000,90.0000000000,-0.0012000000,0.3500000000,0.1000000000

optimal_chisq=2.8848059757,optimal_hour=6.8999999681, source_hour=6.9000000000 
parameter is :
0.9648868343,0.4139666729,0.6479811882,0.6445765252,0.9347718098,0.1209460760,83.0024012542,-80.9971906758,6.8999999681,89.9945391619,-0.0410310709,0.3500516012,0.1154660052,

##################################
1.0000000000,0.6876972181,1.1050488816,0.4395640949,0.6494127981,0.8059564634,127.0000000000,-20.0000000000,22.0000000000,345.0000000000,-0.0023000000,0.4200000000,0.1300000000

optimal_chisq=2.4645858513,optimal_hour=6.5299962032, source_hour=6.5300000000 
parameter is :
0.5488015177,0.8058837823,0.9727001326,0.8211514826,0.9921445611,1.1835290052,126.9404083151,-20.5035721061,6.5299962032,344.5436088435,-0.0703374585,0.4217395172,0.0380358626,

##################################
1.0000000000,0.1059308625,0.6567925144,0.3137998620,0.0349083393,0.9284367193,62.0000000000,-12.0000000000,19.0000000000,46.0000000000,-0.0021000000,0.2000000000,0.1200000000

optimal_chisq=3.1122888843,optimal_hour=7.0500013170, source_hour=7.0500000000 
parameter is :
1.7390899314,0.8789899436,2.0248179969,0.4315643932,0.4108839123,2.1041248415,50.6911310929,-19.5924776162,7.0500013170,41.5769944546,-0.0315477534,0.1999426101,0.0084784556,

##################################
1.0000000000,0.6530019351,0.3775993527,1.2283783488,1.3864745123,0.0227289803,117.0000000000,-25.0000000000,7.0000000000,111.0000000000,-0.0012000000,0.4900000000,0.1300000000

optimal_chisq=2.3395465836,optimal_hour=6.6599999842, source_hour=6.6600000000 
parameter is :
0.7917149331,0.8062072445,0.2649221847,1.4273972733,1.2887997344,0.2497465260,116.2411322534,-24.7187389287,6.6599999842,110.6545210618,-0.0274799753,0.4899354284,0.1436597996,

##################################
1.0000000000,0.1369537395,0.4242855595,0.6323601740,0.7560938640,0.1298688757,2.0000000000,-42.0000000000,7.0000000000,273.0000000000,-0.0022000000,0.2300000000,0.0700000000

optimal_chisq=2.4629949613,optimal_hour=6.4000003512, source_hour=6.4000000000 
parameter is :
1.2732244814,0.4430416159,0.2074945088,0.3033780999,0.8757324708,0.4501201027,-10.3603296055,-39.4539833616,6.4000003512,272.6818920004,-0.1208000987,0.2227326816,0.1356657089,

##################################
1.0000000000,0.0638095164,0.6329143992,0.2943886291,0.6424482879,0.1152832645,261.0000000000,81.0000000000,24.0000000000,334.0000000000,-0.0012000000,0.4800000000,0.1700000000

optimal_chisq=2.7794644916,optimal_hour=6.5899977810, source_hour=6.5900000000 
parameter is :
0.5874388279,0.6269469985,0.9832907344,0.1229370766,0.6299177793,0.5718117596,261.0389789854,81.0387648151,6.5899977810,334.0842037066,-0.0277916468,0.4870481672,-0.0193342723,

##################################
1.0000000000,0.3041181040,0.9642094229,0.1698653162,0.8463650510,0.1108753021,156.0000000000,38.0000000000,13.0000000000,5.0000000000,-0.0024000000,0.3600000000,0.0800000000

optimal_chisq=2.0805390563,optimal_hour=6.6999999792, source_hour=6.7000000000 
parameter is :
1.0545185697,0.2978768886,0.8888255295,0.2220734358,0.8346882303,0.2308069214,156.0008643094,37.9991688134,6.6999999792,5.0005076630,-0.0540133508,0.3577747184,0.0567764485,

##################################
1.0000000000,0.5597131311,0.8260000652,0.6194211101,1.1344474359,0.1317896979,23.0000000000,85.0000000000,19.0000000000,233.0000000000,-0.0019000000,0.4700000000,0.1100000000

optimal_chisq=2.8601654240,optimal_hour=6.4100015074, source_hour=6.4100000000 
parameter is :
0.9852218344,0.6308455344,0.8611336220,0.6859160873,1.0439304917,0.1883395709,23.0010626691,84.9995262379,6.4100015074,233.0009781213,-0.0290146409,0.4698825104,0.1405553517,

##################################
1.0000000000,0.8604799546,0.7434110378,1.0333891605,1.2588183159,0.3627196100,197.0000000000,67.0000000000,2.0000000000,301.0000000000,-0.0012000000,0.4600000000,0.0900000000

optimal_chisq=2.7416509629,optimal_hour=6.0900076145, source_hour=6.0900000000 
parameter is :
0.9383685728,0.8667473007,0.7392740150,1.0571445623,1.2817885548,0.3788976061,196.9993555959,66.9996588582,6.0900076145,300.9992697563,-0.0283626517,0.4599140055,0.0665858308,

##################################
1.0000000000,0.3056537846,0.7932670492,0.3767924228,0.9613310865,0.0109886889,290.0000000000,-28.0000000000,13.0000000000,33.0000000000,-0.0013000000,0.3400000000,0.1100000000

optimal_chisq=2.9422590326,optimal_hour=6.3600010380, source_hour=6.3600000000 
parameter is :
0.6579523863,0.7521233342,0.5631312766,0.8483507358,0.9403135592,0.6007604256,293.2700508379,-18.0338005434,6.3600010380,41.1729711965,-0.0280032262,0.3402747041,0.8151421261,

##################################
1.0000000000,0.4048993873,0.7359991361,0.5548685594,0.5150473410,0.6903645275,194.0000000000,-61.0000000000,2.0000000000,321.0000000000,-0.0023000000,0.4200000000,0.1400000000

optimal_chisq=3.0520473138,optimal_hour=6.1500000073, source_hour=6.1500000000 
parameter is :
1.0000000000,0.4048993873,0.7359991361,0.5548685594,0.5150473410,0.6903645275,194.0000000000,-61.0000000000,6.1500000073,321.0000000000,-0.0023000000,0.4200000000,0.1400000000,

##################################
1.0000000000,0.0320131378,0.5687902378,0.3377348731,0.2148709002,0.6414707593,11.0000000000,-40.0000000000,10.0000000000,351.0000000000,-0.0024000000,0.3700000000,0.0600000000

optimal_chisq=2.1645554631,optimal_hour=7.0600013168, source_hour=7.0600000000 
parameter is :
38.8585909407,11.4133953835,41.0865568758,11.0253415191,11.4569209590,34.6305147016,-25.3006839516,-1.0708490003,7.0600013168,358.9571677118,-0.1881905911,0.3545702950,0.3719176038,

##################################
1.0000000000,0.6449059409,1.4245145682,0.0236587671,1.1477150681,0.1192882494,95.0000000000,-23.0000000000,2.0000000000,319.0000000000,-0.0016000000,0.4700000000,0.0900000000

optimal_chisq=2.7192114233,optimal_hour=6.6300011428, source_hour=6.6300000000 
parameter is :
0.9414206519,0.9011689685,1.4302196840,0.1626339962,1.5123615781,0.0895740073,100.1624592444,-32.4962730028,6.6300011428,315.8192521397,-0.2465997422,0.4598504489,0.0521931080,

##################################
1,chisq=2.056822625630464695944965569652,optimalHour=6.6299993892,InitHout=6.6300000000,deviation=0.0000006108
2,chisq=2.080539056270424236316785027157,optimalHour=6.6999999792,InitHout=6.7000000000,deviation=0.0000000208
3,chisq=2.164555463126919931937663932331,optimalHour=7.0600013168,InitHout=7.0600000000,deviation=0.0000013168
4,chisq=2.339546583591051387429615715519,optimalHour=6.6599999842,InitHout=6.6600000000,deviation=0.0000000158
5,chisq=2.399892542424658881117238706793,optimalHour=6.4800012061,InitHout=6.4800000000,deviation=0.0000012061
6,chisq=2.400002075396238332416487537557,optimalHour=6.5300000146,InitHout=6.5300000000,deviation=0.0000000146
7,chisq=2.430454732050224997408349736361,optimalHour=6.9499993701,InitHout=6.9500000000,deviation=0.0000006299
8,chisq=2.462994961274101779480361074093,optimalHour=6.4000003512,InitHout=6.4000000000,deviation=0.0000003512
9,chisq=2.464585851330980403872672468424,optimalHour=6.5299962032,InitHout=6.5300000000,deviation=0.0000037968
10,chisq=2.592027995607103285635730571812,optimalHour=6.4000009896,InitHout=6.4000000000,deviation=0.0000009896
11,chisq=2.619377162505065026465445043868,optimalHour=6.3600003605,InitHout=6.3600000000,deviation=0.0000003605
12,chisq=2.627007795693804492742629008717,optimalHour=6.9000029411,InitHout=6.9000000000,deviation=0.0000029411
13,chisq=2.703627481973119195401977776783,optimalHour=6.7000013085,InitHout=6.7000000000,deviation=0.0000013085
14,chisq=2.719211423329612298260826719343,optimalHour=6.6300011428,InitHout=6.6300000000,deviation=0.0000011428
15,chisq=2.729111671356716506409156863810,optimalHour=7.1100014228,InitHout=7.1100000000,deviation=0.0000014228
16,chisq=2.731616205120282359075645217672,optimalHour=7.1300012037,InitHout=7.1300000000,deviation=0.0000012037
17,chisq=2.741650962874478736353012209293,optimalHour=6.0900076145,InitHout=6.0900000000,deviation=0.0000076145
18,chisq=2.779464491552141147678867127979,optimalHour=6.5899977810,InitHout=6.5900000000,deviation=0.0000022190
19,chisq=2.814363774776494686591377103468,optimalHour=6.6599993876,InitHout=6.6600000000,deviation=0.0000006124
20,chisq=2.842549105716818846900650896714,optimalHour=6.1100012603,InitHout=6.1100000000,deviation=0.0000012603
21,chisq=2.860165424030670866528680562624,optimalHour=6.4100015074,InitHout=6.4100000000,deviation=0.0000015074
22,chisq=2.862583280389975559643289670930,optimalHour=6.9999985326,InitHout=7.0000000000,deviation=0.0000014674
23,chisq=2.884805975691379309466810809681,optimalHour=6.8999999681,InitHout=6.9000000000,deviation=0.0000000319
24,chisq=2.906735868935214295305513587664,optimalHour=7.1100015642,InitHout=7.1100000000,deviation=0.0000015642
25,chisq=2.942259032621105330207456063363,optimalHour=6.3600010380,InitHout=6.3600000000,deviation=0.0000010380
26,chisq=2.995082401898677915141888661310,optimalHour=6.5200000118,InitHout=6.5200000000,deviation=0.0000000118
27,chisq=3.052047313815448692508880412788,optimalHour=6.1500000073,InitHout=6.1500000000,deviation=0.0000000073
28,chisq=3.055460470650443127738071780186,optimalHour=6.6999999842,InitHout=6.7000000000,deviation=0.0000000158
29,chisq=3.067941115905163940169586567208,optimalHour=7.0600000754,InitHout=7.0600000000,deviation=0.0000000754
30,chisq=3.112288884263368249349923644331,optimalHour=7.0500013170,InitHout=7.0500000000,deviation=0.0000013170
1.0000000000,0.2685054840,0.0792041047,1.1766881790,1.0249213584,0.0381478527,357.0000000000,19.0000000000,8.0000000000,349.0000000000,-0.0012000000,0.4200000000,0.0600000000

optimal_chisq=2.0568226256,optimal_hour=6.6299993892, source_hour=6.6300000000 
parameter is :
0.4365335335,0.4384396143,0.2392821202,0.5659969018,0.2028268991,-0.8882900985,344.8299163646,29.3865123894,6.6299993892,357.4877545719,-0.0684074318,0.4212283175,0.0485643522,

run over!

##################################
1.0000000000,0.3041181040,0.9642094229,0.1698653162,0.8463650510,0.1108753021,156.0000000000,38.0000000000,13.0000000000,5.0000000000,-0.0024000000,0.3600000000,0.0800000000

optimal_chisq=1.5873073546,optimal_hour=6.6649985871, source_hour=6.6650000000 
parameter is :
1.6561364665,0.8401598766,0.9567070234,0.8964645636,1.0625953139,-0.1973248213,146.1415368770,32.9311452815,6.6649985871,17.9070636105,-0.1987213080,0.3354126122,-0.2752889012,

run over!

##################################
1.0000000000,0.0320131378,0.5687902378,0.3377348731,0.2148709002,0.6414707593,11.0000000000,-40.0000000000,10.0000000000,351.0000000000,-0.0024000000,0.3700000000,0.0600000000

optimal_chisq=2.1645554631,optimal_hour=7.0600013168, source_hour=7.0600000000 
parameter is :
38.8585909407,11.4133953835,41.0865568758,11.0253415191,11.4569209590,34.6305147016,-25.3006839516,-1.0708490003,7.0600013168,358.9571677118,-0.1881905911,0.3545702950,0.3719176038,

run over!

##################################
1.0000000000,0.6530019351,0.3775993527,1.2283783488,1.3864745123,0.0227289803,117.0000000000,-25.0000000000,7.0000000000,111.0000000000,-0.0012000000,0.4900000000,0.1300000000

optimal_chisq=2.0978702305,optimal_hour=6.6630008204, source_hour=6.6630000000 
parameter is :
0.9720261653,0.9353831561,0.4261794330,1.5452254469,1.6001136204,0.2345804579,107.5708075308,-25.7402029539,6.6630008204,112.3963146657,-0.0522140318,0.4898343373,0.0192638748,

run over!

##################################
1.0000000000,0.7515253121,1.3843293252,0.1915007309,0.8491615158,0.6103023105,157.0000000000,0.0000000000,13.0000000000,165.0000000000,-0.0021000000,0.3300000000,0.1800000000

optimal_chisq=2.3998925424,optimal_hour=6.4800012061, source_hour=6.4800000000 
parameter is :
-1.2324044175,1.1407936520,1.5761361991,1.9004943163,1.6082803480,1.0824765704,156.0031421831,-7.7251769235,6.4800012061,156.6275808276,-0.0795740407,0.3336937049,-0.1510760214,

run over!

##################################
1.0000000000,0.5378635607,0.4479624622,1.0292514586,0.8921956787,0.4522999730,173.0000000000,6.0000000000,17.0000000000,271.0000000000,-0.0019000000,0.3400000000,0.0900000000

optimal_chisq=2.4000020754,optimal_hour=6.5300000146, source_hour=6.5300000000 
parameter is :
1.0453162621,0.5283241505,0.3260848820,1.0608363213,0.8342255332,0.5278848061,172.9945503611,5.9995951183,6.5300000146,270.9980597244,-0.0504899521,0.3404112694,0.1759144189,

run over!

##################################
1,chisq=1.587307354567404127365648491832,optimalHour=6.6649985871,InitHout=6.6650000000,deviation=0.0000014129
2,chisq=2.056822625630464695944965569652,optimalHour=6.6299993892,InitHout=6.6300000000,deviation=0.0000006108
3,chisq=2.097870230458330098599617485888,optimalHour=6.6630008204,InitHout=6.6630000000,deviation=0.0000008204
4,chisq=2.164555463126919931937663932331,optimalHour=7.0600013168,InitHout=7.0600000000,deviation=0.0000013168
5,chisq=2.399892542424658881117238706793,optimalHour=6.4800012061,InitHout=6.4800000000,deviation=0.0000012061
6,chisq=2.400002075396238332416487537557,optimalHour=6.5300000146,InitHout=6.5300000000,deviation=0.0000000146





1.0000000000,0.6530019351,0.3775993527,1.2283783488,1.3864745123,0.0227289803,117.0000000000,-25.0000000000,7.0000000000,111.0000000000,-0.0012000000,0.4900000000,0.1300000000


1.0000000000,0.6530019351,0.3775993527,1.2283783488,1.3864745123,0.0227289803,117.0000000000,-25.0000000000,7.0000000000,111.0000000000,-0.0012000000,0.4900000000,0.1300000000

optimal_chisq=0.9778583874,optimal_hour=6.6648999685 
parameter is :
0.7995315478,0.7628240793,0.3424118419,1.4329045074,1.4492080754,0.0229427956,118.5453424685,-16.8729981669,6.6648999685,106.4333850744,-0.0574145945,0.4899647497,0.3152888616,

Pole:
optimalLambda,optimalBeta:(154.9996927593,32.0006125739)
optimalParameter:{1.0666446627,0.4972133865,0.6420456105,0.6204815485,0.3294198132,0.9046081471,154.9996927593,32.0006125739,6.6648999276,236.9999640400,-0.0361552476,0.2391226023,0.0529576022}


