1.0000000000,0.2465487524,1.0066963641,0.0491652001,0.2910696404,0.7064322040,77.0000000000,39.0000000000,13.0000000000,295.0000000000,-0.0012000000,0.3800000000,0.1400000000

optimal_chisq=1.7080294356,optimal_hour=6.4400002087, source_hour=6.4400000000 
parameter is :
0.5575548388,0.5725727687,0.9060898930,0.3211465435,0.3387677297,0.8308970714,72.2774719826,42.0160893934,6.4400002087,290.5386437451,0.0131998176,0.3805306738,0.1041970766,

##################################
1.0000000000,0.6427953144,0.4220098359,1.1676925421,0.8172171592,0.6619913785,56.0000000000,-15.0000000000,22.0000000000,272.0000000000,-0.0019000000,0.4600000000,0.1200000000

optimal_chisq=1.5983730023,optimal_hour=6.8599999216, source_hour=6.8600000000 
parameter is :
0.8166198991,1.1521181764,0.7916897124,1.4105104594,0.9705687431,1.0730721277,56.1499941400,-15.3502364435,6.8599999216,270.9070789052,-0.0300306647,0.4598356585,-0.1734347123,

##################################
1.0000000000,0.9417463704,1.2638338264,0.5375981926,0.2425283809,1.5315624929,279.0000000000,-10.0000000000,11.0000000000,60.0000000000,-0.0012000000,0.4400000000,0.1500000000

optimal_chisq=1.6940778987,optimal_hour=6.8400000473, source_hour=6.8400000000 
parameter is :
1.0000000000,0.9417463704,1.2638338264,0.5375981926,0.2425283809,1.5315624929,279.0000000000,-10.0000000000,6.8400000473,60.0000000000,-0.0012000000,0.4400000000,0.1500000000,

##################################
1.0000000000,0.9434598791,1.5630368500,0.2034582785,1.2136358742,0.4026867782,205.0000000000,55.0000000000,17.0000000000,112.0000000000,-0.0017000000,0.4500000000,0.1500000000

optimal_chisq=1.5933209372,optimal_hour=5.8800006327, source_hour=5.8800000000 
parameter is :
1.0703015716,1.0122650122,1.3490798380,0.4540267963,1.2909345578,0.5137809854,205.0051894015,54.9881088860,5.8800006327,112.0076925582,-0.0430793205,0.4501897410,0.1002310517,

##################################
1.0000000000,0.7276794714,0.4779478813,1.1925079419,0.1827168782,1.4655684045,100.0000000000,79.0000000000,7.0000000000,336.0000000000,-0.0022000000,0.3600000000,0.1800000000

optimal_chisq=1.6550934822,optimal_hour=6.5400001213, source_hour=6.5400000000 
parameter is :
0.6708997112,0.9689148383,0.6968374445,1.0812140366,0.6474092653,1.0389884005,102.2573971302,80.5009986330,6.5400001213,338.2102223843,0.0055296575,0.3601094731,-0.0398312735,

##################################
1.0000000000,0.6784313641,0.8528321458,0.7169425906,1.3544232156,0.0179703548,276.0000000000,9.0000000000,12.0000000000,250.0000000000,-0.0019000000,0.2400000000,0.1900000000

optimal_chisq=1.7382372072,optimal_hour=6.9300006397, source_hour=6.9300000000 
parameter is :
0.9849820216,0.8402261333,0.8346730006,0.8651133114,1.1995793572,0.2313173434,275.9888366392,8.9967227904,6.9300006397,249.9897555836,-0.0155160533,0.2397282038,-0.0057412989,

##################################
1.0000000000,0.6014499979,0.7640877545,0.7354526515,0.7761963645,0.6114735832,5.0000000000,16.0000000000,20.0000000000,67.0000000000,-0.0024000000,0.2200000000,0.1000000000

optimal_chisq=1.5287716585,optimal_hour=6.4400027356, source_hour=6.4400000000 
parameter is :
1.0604345249,1.1914365284,1.0273961646,0.9038838295,0.2773078365,0.6639993879,7.0774572677,14.9956071378,6.4400027356,64.5554607411,-0.0213246490,0.2207371714,0.4693753551,

##################################
1.0000000000,0.6388209316,0.2032644195,1.4103630366,0.2089807648,1.3783150186,295.0000000000,3.0000000000,20.0000000000,315.0000000000,-0.0019000000,0.4500000000,0.0800000000

optimal_chisq=1.6463449230,optimal_hour=6.8499999605, source_hour=6.8500000000 
parameter is :
0.9920418403,0.9476865805,0.5722839489,1.4156638240,0.4058777757,1.5105160145,295.9128088531,-0.5510850007,6.8499999605,312.7720517132,-0.0286698209,0.4498922813,0.0394670871,

##################################
1.0000000000,0.2330884320,0.8564666343,0.2170605610,0.7200128325,0.1963724101,252.0000000000,-1.0000000000,21.0000000000,9.0000000000,-0.0015000000,0.3000000000,0.1300000000

optimal_chisq=1.6647051835,optimal_hour=6.1800023686, source_hour=6.1800000000 
parameter is :
1.2361318750,0.7217434978,1.1797728002,0.7850375085,0.9752938321,1.0822220380,251.3745347949,3.1214629177,6.1800023686,5.8977561438,-0.0257326688,0.2995859078,-0.2446352438,

##################################
1.0000000000,0.4233594171,0.1521661158,1.2494808270,1.1206627074,0.0969015082,227.0000000000,62.0000000000,22.0000000000,56.0000000000,-0.0015000000,0.4100000000,0.0600000000

optimal_chisq=1.4676174965,optimal_hour=6.4499994911, source_hour=6.4500000000 
parameter is :
0.2676268535,0.4356580951,0.3447754684,0.4630304341,0.4011349998,0.3439355471,230.4875183084,55.7248765304,6.4499994911,54.5112149351,-0.0258853577,0.4095608506,-0.2594380122,

##################################
1.0000000000,0.1786041708,0.7425330363,0.2926057238,0.6751284456,0.2069301305,246.0000000000,-54.0000000000,16.0000000000,287.0000000000,-0.0023000000,0.2600000000,0.1600000000

optimal_chisq=1.5745590384,optimal_hour=6.2599996128, source_hour=6.2600000000 
parameter is :
0.5945983612,0.7308950372,0.5719973468,0.6392027660,0.7558267039,0.7391809413,247.1174424972,-54.3533808884,6.2599996128,285.8719783202,-0.0215536532,0.2602866197,-0.0328815122,

##################################
1.0000000000,0.6857758810,1.0412874134,0.5102630685,0.7532409033,0.6942329634,274.0000000000,19.0000000000,10.0000000000,124.0000000000,-0.0021000000,0.3700000000,0.1700000000

optimal_chisq=1.7254622626,optimal_hour=6.0599999652, source_hour=6.0600000000 
parameter is :
0.9942021756,0.6830852463,1.0456345899,0.5173456604,0.7527034440,0.6940992975,273.9999903162,18.9999867446,6.0599999652,123.9999371709,-0.0036145581,0.3699914038,0.1678232324,

##################################
1.0000000000,0.4851164140,0.9293607894,0.4177803589,0.2585497521,1.0490455597,58.0000000000,-29.0000000000,5.0000000000,144.0000000000,-0.0020000000,0.2000000000,0.1500000000

optimal_chisq=1.6354439622,optimal_hour=6.3400000435, source_hour=6.3400000000 
parameter is :
1.0000000000,0.4851164140,0.9293607894,0.4177803589,0.2585497521,1.0490455597,58.0000000000,-29.0000000000,6.3400000435,144.0000000000,-0.0020000000,0.2000000000,0.1500000000,

##################################
1.0000000000,0.3880525266,0.0934978392,1.2809495337,0.3258050078,0.9994746273,122.0000000000,-57.0000000000,16.0000000000,141.0000000000,-0.0020000000,0.3600000000,0.0600000000

optimal_chisq=1.6517327251,optimal_hour=5.9100011093, source_hour=5.9100000000 
parameter is :
1.5067587769,1.2028321468,0.9404142111,1.7653920578,1.0764975973,1.6427055991,117.2856517717,-50.2713247077,5.9100011093,142.9493975708,-0.0453962950,0.3594865874,-0.2471123342,

##################################
1.0000000000,0.3874495590,0.7641497544,0.5026580198,0.2393223577,0.9885022665,100.0000000000,-89.0000000000,2.0000000000,8.0000000000,-0.0018000000,0.4900000000,0.1000000000

optimal_chisq=1.5588019851,optimal_hour=6.3600013249, source_hour=6.3600000000 
parameter is :
0.9638551915,0.3636245283,0.7874557490,0.5188201950,0.2818591256,0.9994840702,100.0000286811,-89.0003868353,6.3600013249,8.0000697944,-0.0232030559,0.4897319938,0.0430832816,

##################################
1.0000000000,0.1491805032,0.5722690048,0.4667565558,0.1346878060,0.8777306120,14.0000000000,-61.0000000000,23.0000000000,153.0000000000,-0.0014000000,0.2500000000,0.1400000000

optimal_chisq=1.6577628123,optimal_hour=6.4299999079, source_hour=6.4300000000 
parameter is :
-2.4520130978,-2.7470629863,-1.9481530929,-2.4168104403,-2.6302461703,-1.8556164112,30.0983101603,-31.0049349590,6.4299999079,146.6312807977,-0.0611854326,0.2513896435,0.1249056556,

##################################
1.0000000000,0.2026182316,0.5070472886,0.6043237793,0.8183478551,0.1182797239,62.0000000000,-89.0000000000,21.0000000000,161.0000000000,-0.0024000000,0.2100000000,0.1300000000

optimal_chisq=1.6041811773,optimal_hour=6.4300002755, source_hour=6.4300000000 
parameter is :
0.8041529162,0.5678878434,0.5637394610,0.7351099898,0.8140216979,-0.0097709247,62.0116545985,-89.0616172830,6.4300002755,160.9857192644,-0.0209181773,0.2096512357,-0.0187108601,

##################################
1.0000000000,0.3936741028,0.3872206261,0.9484730218,1.1160316999,0.0238458862,208.0000000000,-54.0000000000,10.0000000000,218.0000000000,-0.0015000000,0.2600000000,0.1800000000

optimal_chisq=1.7239378457,optimal_hour=6.9499997792, source_hour=6.9500000000 
parameter is :
0.3388090271,1.2737043720,0.7338637599,0.9027433811,0.7304567659,0.9516218797,208.4616817916,-52.8728712216,6.9499997792,217.5533245519,-0.4276352801,-0.0344698995,-0.0330026360,

##################################
1.0000000000,0.5840473345,0.7552858576,0.7268423800,0.3290491843,1.1072603525,143.0000000000,60.0000000000,24.0000000000,357.0000000000,-0.0013000000,0.4800000000,0.1700000000

optimal_chisq=1.5359111931,optimal_hour=5.9199998853, source_hour=5.9200000000 
parameter is :
0.8840112825,0.6798187255,0.9880933432,0.6356036140,0.4025271934,1.0421862824,142.9938694426,60.0031604223,5.9199998853,356.9926881814,-0.0309263203,0.4799304296,0.0336697601,

##################################
1.0000000000,0.1203257754,0.3079307893,0.7544235986,0.7922970136,0.0905757998,294.0000000000,-47.0000000000,7.0000000000,354.0000000000,-0.0014000000,0.3600000000,0.1800000000

optimal_chisq=1.5708329879,optimal_hour=5.9000003158, source_hour=5.9000000000 
parameter is :
0.8819497651,0.4548944371,0.5894001278,0.6312636174,0.7940259904,0.4468059200,297.5351421104,-47.3472747563,5.9000003158,349.4104309574,0.0014927267,0.3600045358,-0.0444389356,

##################################
1.0000000000,0.1605628785,0.3570976561,0.7382634057,0.8611661345,0.0438947779,263.0000000000,-36.0000000000,18.0000000000,157.0000000000,-0.0016000000,0.3800000000,0.1700000000

optimal_chisq=1.6170105255,optimal_hour=6.7500001279, source_hour=6.7500000000 
parameter is :
0.8286886674,0.4681815552,0.6142210249,0.7393509701,0.8768214087,0.4188379570,261.2682235010,-35.2089627119,6.7500001279,156.7724275170,-0.0320690797,0.3800162347,0.3375210676,

##################################
1.0000000000,0.2410914745,0.8977923786,0.1760948815,0.3433845387,0.6622077381,26.0000000000,4.0000000000,17.0000000000,263.0000000000,-0.0020000000,0.2200000000,0.0600000000

optimal_chisq=1.6877836614,optimal_hour=6.6700022296, source_hour=6.6700000000 
parameter is :
0.8219096217,0.5077197342,0.9513494876,0.3387608424,0.6703302058,0.5883268505,26.0708714753,3.9737869099,6.6700022296,263.0262247524,-0.0141932816,0.2198620882,0.0320487810,

##################################
1.0000000000,0.9665698926,0.2577553734,1.6822417610,0.5635065361,1.3165447291,75.0000000000,76.0000000000,14.0000000000,112.0000000000,-0.0017000000,0.2300000000,0.1800000000

optimal_chisq=1.4703157694,optimal_hour=6.4599973782, source_hour=6.4600000000 
parameter is :
1.7989047617,1.9245412492,1.5955660697,2.5195921595,2.3009934610,-1.3622839292,72.0421925850,74.6037976781,6.4599973782,109.0322884541,-0.0281218944,0.2296542699,0.1977735843,

##################################
1.0000000000,0.8046821970,0.1379996173,1.6512572239,0.1455514706,1.6272851922,76.0000000000,28.0000000000,11.0000000000,200.0000000000,-0.0012000000,0.4100000000,0.1400000000

optimal_chisq=1.7254845766,optimal_hour=6.4399999920, source_hour=6.4400000000 
parameter is :
1.6639613768,0.9657206627,0.7148539026,1.6069543811,1.2083939001,1.2336291900,69.3373772502,1.7684804049,6.4399999920,209.0923137389,0.0572677176,0.4095723495,0.0260474977,

##################################
1.0000000000,0.3396615565,0.2713323867,1.0265165395,0.0305846323,1.2625339260,115.0000000000,-81.0000000000,14.0000000000,327.0000000000,-0.0015000000,0.4100000000,0.0500000000

optimal_chisq=1.8010315329,optimal_hour=6.0000029781, source_hour=6.0000000000 
parameter is :
1.0583198245,0.6597082940,0.6967640810,1.0625784345,0.9098742212,0.9419863427,114.9804318600,-81.3716302226,6.0000029781,327.0945410730,-0.0368504029,0.4096044991,-0.0765951378,

##################################
1.0000000000,0.5988006478,0.8284885982,0.6589111139,1.2851704803,0.0026390888,295.0000000000,-53.0000000000,4.0000000000,109.0000000000,-0.0022000000,0.4800000000,0.0600000000

optimal_chisq=1.6359351860,optimal_hour=6.1300012645, source_hour=6.1300000000 
parameter is :
12.8246061701,11.7297495013,8.8798234160,7.8372762476,13.0787069249,9.8230087358,369.9740261941,-25.7234539716,6.1300012645,69.1362439941,-0.0537573209,0.5866064137,2.2060994011,

##################################
1.0000000000,0.5381705931,0.9777288009,0.4205992415,0.1720568114,1.2012132595,347.0000000000,56.0000000000,19.0000000000,357.0000000000,-0.0017000000,0.2700000000,0.1800000000

optimal_chisq=1.6346679296,optimal_hour=6.4700005910, source_hour=6.4700000000 
parameter is :
1.0578463825,0.9543243630,1.3403098418,0.5310449478,0.5252664885,1.3454340875,346.1653289821,54.2041649689,6.4700005910,356.1758799857,-0.0261733125,0.2695854661,0.1292446689,

##################################
1.0000000000,0.2340402013,1.0157857710,0.0226090446,0.5478822760,0.3713019979,227.0000000000,9.0000000000,5.0000000000,189.0000000000,-0.0024000000,0.4700000000,0.0500000000

optimal_chisq=1.6713326816,optimal_hour=6.3499991604, source_hour=6.3500000000 
parameter is :
1.8186793811,0.7784505312,-0.3987173549,0.5186801986,-0.0751091014,-0.2099768847,199.4765592487,-1.0438919632,6.3499991604,192.4975287691,-0.0588058206,0.4702527163,-0.0519477683,

##################################
1.0000000000,0.1517964220,0.6895536187,0.3265127712,0.6255177712,0.2471990852,280.0000000000,-71.0000000000,11.0000000000,331.0000000000,-0.0022000000,0.3600000000,0.0600000000

optimal_chisq=1.5727294442,optimal_hour=6.9700003644, source_hour=6.9700000000 
parameter is :
0.9694060661,0.5190614819,0.6974123839,0.6992742095,0.6767842997,0.1486093313,278.0972865182,-67.4903869753,6.9700003644,332.7666327179,-0.0234499418,0.3598889813,-0.0235237444,

##################################
1.0000000000,0.8978723008,0.9556898039,0.8354706971,1.1129970891,0.5438088620,76.0000000000,49.0000000000,4.0000000000,181.0000000000,-0.0015000000,0.2000000000,0.1500000000

optimal_chisq=1.5779359850,optimal_hour=6.8199999820, source_hour=6.8200000000 
parameter is :
1.0003535147,0.9025386372,0.9517640055,0.8267238605,1.1173331777,0.5469171020,75.9999043346,49.0000078524,6.8199999820,180.9999290012,-0.0128903689,0.1998776723,0.1518949663,

##################################
1,chisq=1.467617496489624251410077704350,optimalHour=6.4499994911,InitHout=6.4500000000,deviation=0.0000005089
2,chisq=1.470315769419168860920876795717,optimalHour=6.4599973782,InitHout=6.4600000000,deviation=0.0000026218
3,chisq=1.528771658480439166183373345120,optimalHour=6.4400027356,InitHout=6.4400000000,deviation=0.0000027356
4,chisq=1.535911193056343160279197945783,optimalHour=5.9199998853,InitHout=5.9200000000,deviation=0.0000001147
5,chisq=1.558801985086485819564927624015,optimalHour=6.3600013249,InitHout=6.3600000000,deviation=0.0000013249
6,chisq=1.570832987907276434569325829216,optimalHour=5.9000003158,InitHout=5.9000000000,deviation=0.0000003158
7,chisq=1.572729444212401794800371135352,optimalHour=6.9700003644,InitHout=6.9700000000,deviation=0.0000003644
8,chisq=1.574559038390964227360768745712,optimalHour=6.2599996128,InitHout=6.2600000000,deviation=0.0000003872
9,chisq=1.577935984990982642983681216720,optimalHour=6.8199999820,InitHout=6.8200000000,deviation=0.0000000180
10,chisq=1.593320937224239841611961310264,optimalHour=5.8800006327,InitHout=5.8800000000,deviation=0.0000006327
11,chisq=1.598373002339355419820776660345,optimalHour=6.8599999216,InitHout=6.8600000000,deviation=0.0000000784
12,chisq=1.604181177300303184907193099207,optimalHour=6.4300002755,InitHout=6.4300000000,deviation=0.0000002755
13,chisq=1.617010525540801824107006723352,optimalHour=6.7500001279,InitHout=6.7500000000,deviation=0.0000001279
14,chisq=1.634667929578156764236496201192,optimalHour=6.4700005910,InitHout=6.4700000000,deviation=0.0000005910
15,chisq=1.635443962194323086478675577382,optimalHour=6.3400000435,InitHout=6.3400000000,deviation=0.0000000435
16,chisq=1.635935185966316263161957067496,optimalHour=6.1300012645,InitHout=6.1300000000,deviation=0.0000012645
17,chisq=1.646344922985258030223576497519,optimalHour=6.8499999605,InitHout=6.8500000000,deviation=0.0000000395
18,chisq=1.651732725126097589551932287577,optimalHour=5.9100011093,InitHout=5.9100000000,deviation=0.0000011093
19,chisq=1.655093482248547243074199286639,optimalHour=6.5400001213,InitHout=6.5400000000,deviation=0.0000001213
20,chisq=1.657762812257998374931844409730,optimalHour=6.4299999079,InitHout=6.4300000000,deviation=0.0000000921
21,chisq=1.664705183506379970737043549889,optimalHour=6.1800023686,InitHout=6.1800000000,deviation=0.0000023686
22,chisq=1.671332681635865347047342766018,optimalHour=6.3499991604,InitHout=6.3500000000,deviation=0.0000008396
23,chisq=1.687783661363871257066193720675,optimalHour=6.6700022296,InitHout=6.6700000000,deviation=0.0000022296
24,chisq=1.694077898714819729875102893857,optimalHour=6.8400000473,InitHout=6.8400000000,deviation=0.0000000473
25,chisq=1.708029435599251577571067173267,optimalHour=6.4400002087,InitHout=6.4400000000,deviation=0.0000002087
26,chisq=1.723937845703969795607690684847,optimalHour=6.9499997792,InitHout=6.9500000000,deviation=0.0000002208
27,chisq=1.725462262608249197626264503924,optimalHour=6.0599999652,InitHout=6.0600000000,deviation=0.0000000348
28,chisq=1.725484576596280517080117533624,optimalHour=6.4399999920,InitHout=6.4400000000,deviation=0.0000000080
29,chisq=1.738237207249522464636015683936,optimalHour=6.9300006397,InitHout=6.9300000000,deviation=0.0000006397
30,chisq=1.801031532882143348928138948395,optimalHour=6.0000029781,InitHout=6.0000000000,deviation=0.0000029781
1.0000000000,0.4233594171,0.1521661158,1.2494808270,1.1206627074,0.0969015082,227.0000000000,62.0000000000,22.0000000000,56.0000000000,-0.0015000000,0.4100000000,0.0600000000

optimal_chisq=1.4676174965,optimal_hour=6.4499994911, source_hour=6.4500000000 
parameter is :
0.2676268535,0.4356580951,0.3447754684,0.4630304341,0.4011349998,0.3439355471,230.4875183084,55.7248765304,6.4499994911,54.5112149351,-0.0258853577,0.4095608506,-0.2594380122,

run over!

##################################
1.0000000000,0.9665698926,0.2577553734,1.6822417610,0.5635065361,1.3165447291,75.0000000000,76.0000000000,14.0000000000,112.0000000000,-0.0017000000,0.2300000000,0.1800000000

optimal_chisq=1.4703157694,optimal_hour=6.4599973782, source_hour=6.4600000000 
parameter is :
1.7989047617,1.9245412492,1.5955660697,2.5195921595,2.3009934610,-1.3622839292,72.0421925850,74.6037976781,6.4599973782,109.0322884541,-0.0281218944,0.2296542699,0.1977735843,

run over!

##################################
1.0000000000,0.6014499979,0.7640877545,0.7354526515,0.7761963645,0.6114735832,5.0000000000,16.0000000000,20.0000000000,67.0000000000,-0.0024000000,0.2200000000,0.1000000000

optimal_chisq=1.3690911884,optimal_hour=6.4459987123, source_hour=6.4460000000 
parameter is :
0.8187728116,0.6381168229,0.8925581605,0.8101658134,0.7866635668,0.6077575671,5.0016994326,15.9997462041,6.4459987123,67.0025094160,-0.0225010949,0.2198750899,-0.1192164872,

run over!

##################################
1.0000000000,0.5840473345,0.7552858576,0.7268423800,0.3290491843,1.1072603525,143.0000000000,60.0000000000,24.0000000000,357.0000000000,-0.0013000000,0.4800000000,0.1700000000

optimal_chisq=1.4423840127,optimal_hour=5.8350000134, source_hour=5.8350000000 
parameter is :
1.0044899807,0.5899876818,0.7530324509,0.7321960898,0.3237043645,1.0996636200,143.0000708832,59.9999936157,5.8350000134,357.0000655959,-0.0030361865,0.4799952978,0.1681144474,

run over!

##################################
1.0000000000,0.3874495590,0.7641497544,0.5026580198,0.2393223577,0.9885022665,100.0000000000,-89.0000000000,2.0000000000,8.0000000000,-0.0018000000,0.4900000000,0.1000000000

optimal_chisq=1.4977922082,optimal_hour=6.4410011009, source_hour=6.4410000000 
parameter is :
0.9750720465,0.3955205455,0.7736393622,0.5318825828,0.2996785549,0.9738006798,99.9991617525,-88.9999585580,6.4410011009,8.0005817186,-0.0227069219,0.4897435072,0.0304958780,

run over!

##################################
1.0000000000,0.1203257754,0.3079307893,0.7544235986,0.7922970136,0.0905757998,294.0000000000,-47.0000000000,7.0000000000,354.0000000000,-0.0014000000,0.3600000000,0.1800000000

optimal_chisq=1.5708329879,optimal_hour=5.9000003158, source_hour=5.9000000000 
parameter is :
0.8819497651,0.4548944371,0.5894001278,0.6312636174,0.7940259904,0.4468059200,297.5351421104,-47.3472747563,5.9000003158,349.4104309574,0.0014927267,0.3600045358,-0.0444389356,

run over!

##################################
1,chisq=1.369091188395180846981702416088,optimalHour=6.4459987123,InitHout=6.4460000000,deviation=0.0000012877
2,chisq=1.442384012682725868970123883628,optimalHour=5.8350000134,InitHout=5.8350000000,deviation=0.0000000134
3,chisq=1.467617496489624251410077704350,optimalHour=6.4499994911,InitHout=6.4500000000,deviation=0.0000005089
4,chisq=1.470315769419168860920876795717,optimalHour=6.4599973782,InitHout=6.4600000000,deviation=0.0000026218
5,chisq=1.497792208222904708492251302232,optimalHour=6.4410011009,InitHout=6.4410000000,deviation=0.0000011009
6,chisq=1.570832987907276434569325829216,optimalHour=5.9000003158,InitHout=5.9000000000,deviation=0.0000003158




1.0000000000,0.4233594171,0.1521661158,1.2494808270,1.1206627074,0.0969015082,227.0000000000,62.0000000000,22.0000000000,56.0000000000,-0.0015000000,0.4100000000,0.0600000000


1.0000000000,0.4233594171,0.1521661158,1.2494808270,1.1206627074,0.0969015082,227.0000000000,62.0000000000,22.0000000000,56.0000000000,-0.0015000000,0.4100000000,0.0600000000

optimal_chisq=1.3569724261,optimal_hour=6.4418004034 
parameter is :
1.4904284051,1.6060989407,0.6678483260,2.2667397785,2.2711212502,0.6097740908,241.7222944599,48.1942571931,6.4418004034,66.9727518451,-0.0372773022,0.4100007923,0.0692633114,

Pole:
optimalLambda,optimalBeta:(17.4602616149,44.6611821528)
optimalParameter:{0.4332494573,1.2020865866,1.3610303822,0.6426132119,1.2574842672,0.4292152806,17.4602616149,44.6611821528,6.4417998763,153.6180214011,-0.0272670466,0.2195486313,-0.1155226179}


