1.0000000000,0.0808537589,0.3195415781,0.6985388331,0.6039901374,0.2769692845,295.0000000000,87.0000000000,7.0000000000,39.0000000000,-0.0018000000,0.2500000000,0.1200000000

optimal_chisq=1.4289949563,optimal_hour=7.4399987706, source_hour=7.4400000000 
parameter is :
0.7118598727,0.6257987407,0.6327351221,0.5826140326,0.8130425966,0.3185137584,294.9842556539,87.0268678561,7.4399987706,38.9927638228,-0.0257343749,0.2497722978,0.0165728955,

##################################
1.0000000000,0.9281581007,0.1177777646,1.7980853276,0.0155408425,1.8986985403,141.0000000000,-82.0000000000,16.0000000000,135.0000000000,-0.0013000000,0.3800000000,0.0500000000

optimal_chisq=1.5539535605,optimal_hour=7.3700016535, source_hour=7.3700000000 
parameter is :
0.8021653188,0.7369738019,0.3518410211,1.0390341087,0.2804562632,1.1247792228,142.7874150708,-76.5814618250,7.3700016535,132.1519458434,-0.0263974425,0.3797874269,0.0656054040,

##################################
1.0000000000,0.5265694757,0.9948248287,0.3878455929,0.7355630984,0.5309518704,289.0000000000,-15.0000000000,15.0000000000,43.0000000000,-0.0021000000,0.2600000000,0.1100000000

optimal_chisq=1.4402467017,optimal_hour=7.0699999132, source_hour=7.0700000000 
parameter is :
0.7283380049,0.7899617557,0.7030065477,1.0471256314,0.8289561452,0.5713061829,289.5018129757,-14.7603499672,7.0699999132,39.5922884117,-0.0149237901,0.2597796304,-0.0423722026,

##################################
1.0000000000,0.9637953131,1.0863813158,0.7597192943,0.7941701366,0.9614591966,132.0000000000,-24.0000000000,14.0000000000,112.0000000000,-0.0022000000,0.2400000000,0.1000000000

optimal_chisq=1.5872878889,optimal_hour=7.0700010343, source_hour=7.0700000000 
parameter is :
0.8620328266,1.0795267137,1.2008175470,1.1473268500,1.1543858998,0.3407513466,131.8582260826,-23.9360384347,7.0700010343,112.2510506149,-0.0226675311,0.2400161736,-0.1356088358,

##################################
1.0000000000,0.7106452755,0.9179750130,0.6776055610,0.4571939728,1.0788581562,263.0000000000,86.0000000000,14.0000000000,229.0000000000,-0.0012000000,0.2100000000,0.1100000000

optimal_chisq=1.4604826659,optimal_hour=7.4400021380, source_hour=7.4400000000 
parameter is :
0.6915158603,0.8329560375,0.9935107423,0.8149652919,0.4220770293,1.1920618684,263.0009739616,86.0008102015,7.4400021380,228.9986061329,-0.0204411144,0.2102341661,-0.0758244362,

##################################
1.0000000000,0.3406794930,0.7423355071,0.4765370773,0.9488549964,0.0867756117,273.0000000000,-71.0000000000,1.0000000000,219.0000000000,-0.0020000000,0.4300000000,0.1600000000

optimal_chisq=1.6406323134,optimal_hour=7.0700002886, source_hour=7.0700000000 
parameter is :
0.7639406133,0.4431266924,0.9709135555,0.4587502176,0.7761477382,0.5125156952,272.1814362946,-70.1901497606,7.0700002886,226.2725547659,-0.0407237436,0.4303790980,-0.0941578642,

##################################
1.0000000000,0.2564049858,0.9309450851,0.1538199501,0.1696554792,0.8828718214,2.0000000000,-3.0000000000,8.0000000000,81.0000000000,-0.0014000000,0.2400000000,0.1400000000

optimal_chisq=1.6498297307,optimal_hour=7.5299999717, source_hour=7.5300000000 
parameter is :
1.0353113948,0.3390363086,0.9654600961,0.0874464529,0.0105394020,1.0126176906,-7.5606178968,-10.6361545930,7.5299999717,79.2022743319,-0.0017375034,0.2400004695,-0.0417217602,

##################################
1.0000000000,0.9666828979,0.3907521456,1.5353564942,1.1353341043,0.6646233176,53.0000000000,57.0000000000,9.0000000000,224.0000000000,-0.0017000000,0.4600000000,0.1000000000

optimal_chisq=1.7244781498,optimal_hour=7.5399942678, source_hour=7.5400000000 
parameter is :
1.1110285187,1.1410723902,1.7306105108,0.4858991650,1.5135957793,0.7514163171,50.2845166656,52.6449088394,7.5399942678,219.9835966583,-0.0660618345,0.4590856337,-0.1746459869,

##################################
1.0000000000,0.4007221080,0.4039502049,0.9365011279,0.8573694212,0.3398558274,27.0000000000,48.0000000000,20.0000000000,13.0000000000,-0.0012000000,0.2700000000,0.1500000000

optimal_chisq=1.7994401475,optimal_hour=7.4400000595, source_hour=7.4400000000 
parameter is :
1.0000000000,0.4007221080,0.4039502049,0.9365011279,0.8573694212,0.3398558274,27.0000000000,48.0000000000,7.4400000595,13.0000000000,-0.0012000000,0.2700000000,0.1500000000,

##################################
1.0000000000,0.1395385727,0.9145322229,0.0317083041,0.0110004268,0.9329092784,308.0000000000,-49.0000000000,23.0000000000,91.0000000000,-0.0019000000,0.2100000000,0.1000000000

optimal_chisq=1.5560404136,optimal_hour=7.3600000933, source_hour=7.3600000000 
parameter is :
2.0950273098,1.9992062148,2.7211160770,1.2757624028,1.1684218096,2.8422219966,319.2056232530,-37.5099304443,7.3600000933,90.3513034916,-0.0331188457,0.2090442868,-0.1997176687,

##################################
1.0000000000,0.6472586513,0.5605505522,1.0155780463,1.1513659794,0.2618160239,58.0000000000,56.0000000000,15.0000000000,270.0000000000,-0.0020000000,0.3800000000,0.1200000000

optimal_chisq=1.5256670050,optimal_hour=7.4400039704, source_hour=7.4400000000 
parameter is :
1.0792734809,0.7175457240,0.7652584705,0.9331216306,0.9944214595,0.6432476568,58.3482579287,56.0070225352,7.4400039704,269.9718767182,-0.0203029491,0.3798729958,0.1980016477,

##################################
1.0000000000,0.4890359307,1.1030884783,0.2190879545,1.1164655433,0.0069477981,204.0000000000,-23.0000000000,8.0000000000,88.0000000000,-0.0014000000,0.3100000000,0.0500000000

optimal_chisq=1.5775394948,optimal_hour=7.4700010251, source_hour=7.4700000000 
parameter is :
0.9540586720,0.5115328293,0.9294439273,0.5094077778,1.1995001045,0.1765519149,203.7758717989,-26.5272741168,7.4700010251,90.9058655727,-0.0216091694,0.3099058921,-0.0349367334,

##################################
1.0000000000,0.5257739078,0.9498622211,0.4391429806,1.0301281009,0.1900248043,312.0000000000,-59.0000000000,7.0000000000,159.0000000000,-0.0012000000,0.4300000000,0.1500000000

optimal_chisq=1.5177658818,optimal_hour=6.9999986304, source_hour=7.0000000000 
parameter is :
1.6273896885,0.9380654160,1.7060076692,1.3487219960,0.8327527670,1.8706520210,299.0142787671,-53.9284633184,6.9999986304,170.3544573361,-0.0426988069,0.4304926389,0.0261453107,

##################################
1.0000000000,0.2347183084,0.3087467781,0.8737521550,0.2325244914,0.9092438517,8.0000000000,74.0000000000,17.0000000000,236.0000000000,-0.0014000000,0.4800000000,0.0900000000

optimal_chisq=1.7561201667,optimal_hour=6.9799998582, source_hour=6.9800000000 
parameter is :
0.7971134531,0.5430315356,0.4722844384,0.8893425095,0.5727958233,0.8771435047,7.6925831763,73.3324123181,6.9799998582,235.7005289588,-0.0351717220,0.4798253226,-0.0157265933,

##################################
1.0000000000,0.7151345856,0.0478687639,1.6616656110,0.6482415492,0.9817537562,147.0000000000,13.0000000000,16.0000000000,295.0000000000,-0.0021000000,0.3800000000,0.0500000000

optimal_chisq=1.5731677752,optimal_hour=7.5800000432, source_hour=7.5800000000 
parameter is :
0.9855643828,0.8373958176,0.1496208280,1.6245357032,0.6839478667,0.9417458852,147.0003557198,13.0018976712,7.5800000432,294.9990474836,-0.0639534547,0.3796581781,-0.0027209341,

##################################
1.0000000000,0.0217183344,0.7116844661,0.1436165619,0.2155750277,0.5859336902,259.0000000000,74.0000000000,6.0000000000,1.0000000000,-0.0012000000,0.3400000000,0.0500000000

optimal_chisq=1.6198395054,optimal_hour=7.4399998820, source_hour=7.4400000000 
parameter is :
-0.1794231868,0.2569690840,-0.0209749151,0.0534654634,0.2446272973,-0.2288792074,267.8551369770,72.8022791591,7.4399998820,-2.9507969415,-0.0331003864,0.3404380453,0.0628982539,

##################################
1.0000000000,0.9011432146,0.7824652887,1.0324519224,0.6417760115,1.0994247116,79.0000000000,8.0000000000,3.0000000000,335.0000000000,-0.0016000000,0.2600000000,0.1000000000

optimal_chisq=1.6444541087,optimal_hour=7.7099971953, source_hour=7.7100000000 
parameter is :
0.7573912701,0.8066015251,0.8686642856,0.9505815119,1.0331260839,1.1869551383,78.9942597127,7.9949356242,7.7099971953,335.0008578476,-0.0374456795,0.2597794239,0.2021234247,

##################################
1.0000000000,0.2428428504,0.7617694805,0.3431916965,0.4937825883,0.5130968152,26.0000000000,-78.0000000000,11.0000000000,173.0000000000,-0.0014000000,0.2200000000,0.0500000000

optimal_chisq=1.5486409733,optimal_hour=7.3700003116, source_hour=7.3700000000 
parameter is :
-0.0073281278,0.4131964842,1.0907784227,0.5088292513,1.2231779731,0.6063464248,26.2481368896,-77.8054747159,7.3700003116,172.7725059699,-0.0157055249,0.2196773016,0.0310115653,

##################################
1.0000000000,0.8598501328,0.5377888239,1.2623102850,0.4482149993,1.3006255781,23.0000000000,-87.0000000000,9.0000000000,313.0000000000,-0.0018000000,0.2900000000,0.1100000000

optimal_chisq=1.5860066179,optimal_hour=7.5099980440, source_hour=7.5100000000 
parameter is :
1.0091948558,0.8814265457,0.5244778504,1.2702186156,0.4502086985,1.2764505755,23.0001756507,-87.0000476525,7.5099980440,312.9998160450,-0.0179442906,0.2897930135,0.0919043234,

##################################
1.0000000000,0.9194345451,0.8697821902,0.9542850144,0.5927436516,1.1638351310,322.0000000000,86.0000000000,14.0000000000,45.0000000000,-0.0015000000,0.3800000000,0.0900000000

optimal_chisq=1.2608422708,optimal_hour=7.4400034036, source_hour=7.4400000000 
parameter is :
0.8639112546,1.3127684688,0.9346795509,1.0171450566,0.6074945385,0.8619981048,321.9972559920,86.0068767123,7.4400034036,44.9991028729,-0.0371410475,0.3801743745,0.1945055129,

##################################
1.0000000000,0.6838870881,0.3994608501,1.2355632455,0.7581084366,0.7782250500,250.0000000000,74.0000000000,18.0000000000,334.0000000000,-0.0022000000,0.2800000000,0.1400000000

optimal_chisq=1.5687410048,optimal_hour=7.7100067831, source_hour=7.7100000000 
parameter is :
0.6331826414,1.8473954395,0.7632388866,2.4139475798,0.9108758616,2.1357309830,271.1406406240,69.1265994040,7.7100067831,341.6470996789,-0.0436820152,0.2791415136,0.0741970324,

##################################
1.0000000000,0.2286853200,1.0275278118,0.0014367742,0.2771895442,0.6947357737,117.0000000000,-77.0000000000,14.0000000000,224.0000000000,-0.0015000000,0.3700000000,0.1700000000

optimal_chisq=1.6800529937,optimal_hour=6.9599993993, source_hour=6.9600000000 
parameter is :
7.5805037411,6.9622270831,9.7018548889,-4.1388868264,3.8346629160,9.8221032737,178.2239795011,-47.4331989160,6.9599993993,210.3704380667,-0.0313805685,0.3263552748,0.1324367261,

##################################
1.0000000000,0.0102810403,0.5195751831,0.3744765204,0.0117435948,0.8796732933,348.0000000000,-52.0000000000,14.0000000000,79.0000000000,-0.0015000000,0.3100000000,0.1500000000

optimal_chisq=1.6779791192,optimal_hour=7.3800032435, source_hour=7.3800000000 
parameter is :
1.3319804100,0.4598816593,1.2881526401,0.4946773463,0.9839662131,0.9888785858,380.1674649010,-68.7261525195,7.3800032435,65.5742568569,-0.0230741177,0.3099391624,0.0320719424,

##################################
1.0000000000,0.3170638417,0.6327002333,0.5800196016,0.9681218564,0.0554286389,244.0000000000,2.0000000000,11.0000000000,271.0000000000,-0.0013000000,0.4300000000,0.1400000000

optimal_chisq=1.7793618861,optimal_hour=7.2900009578, source_hour=7.2900000000 
parameter is :
1.0247438107,0.2566013780,0.5986268073,0.6637232777,0.9967585731,0.2091028140,249.3767979140,-1.0890268660,7.2900009578,270.2796558443,-0.0611941213,0.4300103915,0.2252134323,

##################################
1.0000000000,0.9603875046,1.5002927151,0.2927486545,0.3309229618,1.4244136206,205.0000000000,20.0000000000,14.0000000000,277.0000000000,-0.0022000000,0.4300000000,0.0600000000

optimal_chisq=1.7229732986,optimal_hour=7.3900018683, source_hour=7.3900000000 
parameter is :
1.9157414146,0.9275500693,1.9736376220,1.2450652711,0.8377353122,2.0582130607,218.8154082833,30.0122901284,7.3900018683,284.9015346399,-0.0317136065,0.4297827193,-0.0752970403,

##################################
1.0000000000,0.9289931729,1.2004870936,0.5947659232,0.8122410080,0.8874360892,119.0000000000,-2.0000000000,16.0000000000,76.0000000000,-0.0024000000,0.4600000000,0.1300000000

optimal_chisq=1.6537597947,optimal_hour=7.7100070049, source_hour=7.7100000000 
parameter is :
1.0938531962,0.5890836729,1.0723653235,0.4108595211,1.1983765307,1.0817898119,119.0399574835,-1.8770728587,7.7100070049,75.9751888499,-0.0420608913,0.4600009701,-0.1074702503,

##################################
1.0000000000,0.1332134284,0.2988605095,0.7788930199,0.2860604339,0.7356994229,342.0000000000,-26.0000000000,13.0000000000,353.0000000000,-0.0013000000,0.2900000000,0.1100000000

optimal_chisq=1.6184586035,optimal_hour=7.3800028304, source_hour=7.3800000000 
parameter is :
1.5701160274,0.4047977199,0.9966338212,1.4215086564,0.6007208358,0.4626051713,334.2805163099,-38.0472046147,7.3800028304,351.2653880678,-0.0458755017,0.2905468130,-0.0885867361,

##################################
1.0000000000,0.1242468171,0.1681502137,0.9253418839,0.4467057445,0.5578504102,302.0000000000,-70.0000000000,19.0000000000,207.0000000000,-0.0022000000,0.3500000000,0.0500000000

optimal_chisq=1.7063041087,optimal_hour=7.2000003629, source_hour=7.2000000000 
parameter is :
0.4948240739,0.8716300907,0.5002226939,0.9505318901,0.4486093929,0.6963412080,302.5070953439,-69.8530648189,7.2000003629,206.5453492049,-0.0333419520,0.3498712689,0.0322528302,

##################################
1.0000000000,0.2262819047,0.8398366181,0.2293465514,0.6894129293,0.2297635962,303.0000000000,-1.0000000000,22.0000000000,102.0000000000,-0.0013000000,0.4200000000,0.1000000000

optimal_chisq=1.5373220576,optimal_hour=7.1399999648, source_hour=7.1400000000 
parameter is :
0.9570471789,0.3239433736,0.7811538820,0.3244928916,0.6621071046,0.4440535608,302.9981647805,-1.0015583941,7.1399999648,101.9950332576,-0.0232036227,0.4200259213,0.0328227005,

##################################
1.0000000000,0.0777729480,0.5337177977,0.4337186411,0.3679040747,0.5163169547,286.0000000000,-18.0000000000,17.0000000000,4.0000000000,-0.0014000000,0.4200000000,0.0600000000

optimal_chisq=1.6674644489,optimal_hour=7.7099875368, source_hour=7.7100000000 
parameter is :
1.1978054206,1.0877162283,1.1748061355,0.9349205264,-0.3823947935,0.8099408090,286.1658869398,-17.7009865768,7.7099875368,-10.1293393265,-0.0324116974,0.4198161043,-0.0873918113,

##################################
1,chisq=1.260842270782979834820025644149,optimalHour=7.4400034036,InitHout=7.4400000000,deviation=0.0000034036
2,chisq=1.428994956292485296600602850958,optimalHour=7.4399987706,InitHout=7.4400000000,deviation=0.0000012294
3,chisq=1.440246701701510589899157821492,optimalHour=7.0699999132,InitHout=7.0700000000,deviation=0.0000000868
4,chisq=1.460482665931548407201034933678,optimalHour=7.4400021380,InitHout=7.4400000000,deviation=0.0000021380
5,chisq=1.517765881782341175210149231134,optimalHour=6.9999986304,InitHout=7.0000000000,deviation=0.0000013696
6,chisq=1.525667005036051238064942481287,optimalHour=7.4400039704,InitHout=7.4400000000,deviation=0.0000039704
7,chisq=1.537322057621633542012773432361,optimalHour=7.1399999648,InitHout=7.1400000000,deviation=0.0000000352
8,chisq=1.548640973266236287031460960861,optimalHour=7.3700003116,InitHout=7.3700000000,deviation=0.0000003116
9,chisq=1.553953560533983369040811339801,optimalHour=7.3700016535,InitHout=7.3700000000,deviation=0.0000016535
10,chisq=1.556040413568924085652156463766,optimalHour=7.3600000933,InitHout=7.3600000000,deviation=0.0000000933
11,chisq=1.568741004846406328354646575463,optimalHour=7.7100067831,InitHout=7.7100000000,deviation=0.0000067831
12,chisq=1.573167775183502925528955529444,optimalHour=7.5800000432,InitHout=7.5800000000,deviation=0.0000000432
13,chisq=1.577539494793889884860504935205,optimalHour=7.4700010251,InitHout=7.4700000000,deviation=0.0000010251
14,chisq=1.586006617852001587820609529444,optimalHour=7.5099980440,InitHout=7.5100000000,deviation=0.0000019560
15,chisq=1.587287888868050611534954441595,optimalHour=7.0700010343,InitHout=7.0700000000,deviation=0.0000010343
16,chisq=1.618458603451065735967517866811,optimalHour=7.3800028304,InitHout=7.3800000000,deviation=0.0000028304
17,chisq=1.619839505405362034551330907561,optimalHour=7.4399998820,InitHout=7.4400000000,deviation=0.0000001180
18,chisq=1.640632313385481655387820865144,optimalHour=7.0700002886,InitHout=7.0700000000,deviation=0.0000002886
19,chisq=1.644454108737255060290749497653,optimalHour=7.7099971953,InitHout=7.7100000000,deviation=0.0000028047
20,chisq=1.649829730665262284006189474894,optimalHour=7.5299999717,InitHout=7.5300000000,deviation=0.0000000283
21,chisq=1.653759794741302746601263606863,optimalHour=7.7100070049,InitHout=7.7100000000,deviation=0.0000070049
22,chisq=1.667464448945200183871406807157,optimalHour=7.7099875368,InitHout=7.7100000000,deviation=0.0000124632
23,chisq=1.677979119157826826125301522552,optimalHour=7.3800032435,InitHout=7.3800000000,deviation=0.0000032435
24,chisq=1.680052993685926754352522038971,optimalHour=6.9599993993,InitHout=6.9600000000,deviation=0.0000006007
25,chisq=1.706304108723392554125553033373,optimalHour=7.2000003629,InitHout=7.2000000000,deviation=0.0000003629
26,chisq=1.722973298573187150850571924821,optimalHour=7.3900018683,InitHout=7.3900000000,deviation=0.0000018683
27,chisq=1.724478149796945691818450541177,optimalHour=7.5399942678,InitHout=7.5400000000,deviation=0.0000057322
28,chisq=1.756120166676738536537527579640,optimalHour=6.9799998582,InitHout=6.9800000000,deviation=0.0000001418
29,chisq=1.779361886076301191295101489231,optimalHour=7.2900009578,InitHout=7.2900000000,deviation=0.0000009578
30,chisq=1.799440147519617561044924514135,optimalHour=7.4400000595,InitHout=7.4400000000,deviation=0.0000000595
1.0000000000,0.9194345451,0.8697821902,0.9542850144,0.5927436516,1.1638351310,322.0000000000,86.0000000000,14.0000000000,45.0000000000,-0.0015000000,0.3800000000,0.0900000000

optimal_chisq=1.2193072141,optimal_hour=7.4450029319, source_hour=7.4450000000 
parameter is :
1.1626979810,0.8809593203,1.0531068141,0.7558164353,0.5828588023,1.0800632914,322.0019567527,85.9963790443,7.4450029319,45.0028975577,-0.0171239590,0.3799730562,-0.0187827829,

run over!

##################################
1.0000000000,0.0808537589,0.3195415781,0.6985388331,0.6039901374,0.2769692845,295.0000000000,87.0000000000,7.0000000000,39.0000000000,-0.0018000000,0.2500000000,0.1200000000

optimal_chisq=1.2407127408,optimal_hour=7.5240016565, source_hour=7.5240000000 
parameter is :
0.7692828245,0.2591668564,0.5368146019,0.5772707309,0.6644474676,0.5962190687,294.3953896233,90.4289814420,7.5240016565,40.2651697791,-0.0368818924,0.2498768394,-0.0141724096,

run over!

##################################
1.0000000000,0.5265694757,0.9948248287,0.3878455929,0.7355630984,0.5309518704,289.0000000000,-15.0000000000,15.0000000000,43.0000000000,-0.0021000000,0.2600000000,0.1100000000

optimal_chisq=1.4402467017,optimal_hour=7.0699999132, source_hour=7.0700000000 
parameter is :
0.7283380049,0.7899617557,0.7030065477,1.0471256314,0.8289561452,0.5713061829,289.5018129757,-14.7603499672,7.0699999132,39.5922884117,-0.0149237901,0.2597796304,-0.0423722026,

run over!

##################################
1.0000000000,0.7106452755,0.9179750130,0.6776055610,0.4571939728,1.0788581562,263.0000000000,86.0000000000,14.0000000000,229.0000000000,-0.0012000000,0.2100000000,0.1100000000

optimal_chisq=1.2076165280,optimal_hour=7.5239992850, source_hour=7.5240000000 
parameter is :
1.7766780123,0.2949300474,1.2049423030,1.0469398780,0.9311568156,1.6090148265,263.0705604699,86.1349660086,7.5239992850,228.9220101322,-0.0208145709,0.2096876088,-0.0385562093,

run over!

##################################
1.0000000000,0.5257739078,0.9498622211,0.4391429806,1.0301281009,0.1900248043,312.0000000000,-59.0000000000,7.0000000000,159.0000000000,-0.0012000000,0.4300000000,0.1500000000

optimal_chisq=1.5177658818,optimal_hour=6.9999986304, source_hour=7.0000000000 
parameter is :
1.6273896885,0.9380654160,1.7060076692,1.3487219960,0.8327527670,1.8706520210,299.0142787671,-53.9284633184,6.9999986304,170.3544573361,-0.0426988069,0.4304926389,0.0261453107,

run over!

##################################
1.0000000000,0.6472586513,0.5605505522,1.0155780463,1.1513659794,0.2618160239,58.0000000000,56.0000000000,15.0000000000,270.0000000000,-0.0020000000,0.3800000000,0.1200000000

optimal_chisq=1.3434253677,optimal_hour=7.5240011738, source_hour=7.5240000000 
parameter is :
0.8673594873,0.6451076112,0.6107589223,1.1218859480,1.0978788365,0.4677924233,58.0982488691,56.1243445206,7.5240011738,270.0775320462,-0.0347401660,0.3798275660,0.0164898432,

run over!

##################################
1,chisq=1.207616527951898444115386155318,optimalHour=7.5239992850,InitHout=7.5240000000,deviation=0.0000007150
2,chisq=1.219307214068055422728775738506,optimalHour=7.4450029319,InitHout=7.4450000000,deviation=0.0000029319
3,chisq=1.240712740754809084720022838155,optimalHour=7.5240016565,InitHout=7.5240000000,deviation=0.0000016565
4,chisq=1.343425367665555647533892624779,optimalHour=7.5240011738,InitHout=7.5240000000,deviation=0.0000011738
5,chisq=1.440246701701510589899157821492,optimalHour=7.0699999132,InitHout=7.0700000000,deviation=0.0000000868
6,chisq=1.517765881782341175210149231134,optimalHour=6.9999986304,InitHout=7.0000000000,deviation=0.0000013696





1.0000000000,0.9194345451,0.8697821902,0.9542850144,0.5927436516,1.1638351310,322.0000000000,86.0000000000,14.0000000000,45.0000000000,-0.0015000000,0.3800000000,0.0900000000


1.0000000000,0.9194345451,0.8697821902,0.9542850144,0.5927436516,1.1638351310,322.0000000000,86.0000000000,14.0000000000,45.0000000000,-0.0015000000,0.3800000000,0.0900000000

optimal_chisq=0.8854721752,optimal_hour=7.4427009734 
parameter is :
1.0992013800,0.9318383790,0.8859167503,0.9106762546,0.5701399806,1.1051990565,322.0002797340,86.0004842919,7.4427009734,44.9999954769,-0.0289768699,0.3799335705,0.1005130571,

Pole:
optimalLambda,optimalBeta:(113.0065958583,52.0010224508)
optimalParameter:{0.7596515449,0.9951642661,0.3548099246,1.3391228547,0.5185354692,1.2675307586,113.0065958583,52.0010224508,7.4427041014,213.0315000563,-0.0383185658,0.4000293338,-0.1709783100}

