1.0000000000,0.3686218915,1.0829276676,0.1030763487,0.7222127975,0.3259911682,232.0000000000,-85.0000000000,19.0000000000,307.0000000000,-0.0021000000,0.2100000000,0.1100000000

optimal_chisq=0.7073283764,optimal_hour=5.1999998577, source_hour=5.2000000000 
parameter is :
1.8331585140,4.2245693089,3.5581592359,2.5008027264,3.0245059528,3.2516152137,214.5659580387,-96.6234070496,5.1999998577,305.8242634262,-0.0272636955,0.2105201971,0.0000260186,

##################################
1.0000000000,0.3278890240,0.7083265727,0.5025704057,0.3162859040,0.8398990850,11.0000000000,-62.0000000000,13.0000000000,317.0000000000,-0.0016000000,0.4800000000,0.1700000000

optimal_chisq=0.6283125681,optimal_hour=4.9700008079, source_hour=4.9700000000 
parameter is :
1.0363102768,0.3585714333,0.7160642462,0.5676934936,0.2913881600,0.9021882474,11.2917007215,-62.1808651697,4.9700008079,316.6691767473,-0.0375063310,0.4798907261,0.0851824703,

##################################
1.0000000000,0.1325445618,0.5629210828,0.4595091527,0.7293979166,0.1216131890,192.0000000000,-85.0000000000,8.0000000000,130.0000000000,-0.0012000000,0.4500000000,0.0600000000

optimal_chisq=0.6296424163,optimal_hour=5.2299999488, source_hour=5.2300000000 
parameter is :
0.8002706960,0.4095373174,0.6957369022,0.5239821134,0.7932482352,0.2092467214,193.3396257088,-87.9077068742,5.2299999488,128.8871206625,-0.0422228484,0.4498930144,-0.0564070970,

##################################
1.0000000000,0.8370669493,0.3650794980,1.4313422637,1.3325248022,0.3007220138,251.0000000000,0.0000000000,20.0000000000,231.0000000000,-0.0018000000,0.4200000000,0.0700000000

optimal_chisq=0.6854797160,optimal_hour=5.4399458400, source_hour=5.4400000000 
parameter is :
0.0105944611,0.4832821329,0.1445015610,3.0620909487,2.7205257948,0.2942041463,248.3414351981,16.4800222761,5.4399458400,229.5850062268,-0.0517541134,0.4197965480,-0.1426037357,

##################################
1.0000000000,0.2231871789,0.3360014007,0.8295294041,0.1504396225,0.9886778175,107.0000000000,-29.0000000000,13.0000000000,198.0000000000,-0.0015000000,0.4200000000,0.0800000000

optimal_chisq=0.6867682076,optimal_hour=5.4500108712, source_hour=5.4500000000 
parameter is :
0.8359207328,1.1292295324,0.8912300234,1.0942608335,0.6671005735,1.2997991165,77.3384224318,-26.0092966769,5.4500108712,199.0580404693,-0.0517247595,0.4196074620,0.0265699269,

##################################
1.0000000000,0.5867784161,0.5729575220,0.9379795459,1.2066418327,0.1227642755,24.0000000000,-44.0000000000,18.0000000000,14.0000000000,-0.0017000000,0.4100000000,0.0600000000

optimal_chisq=0.5667547273,optimal_hour=5.1999997341, source_hour=5.2000000000 
parameter is :
0.9412344577,0.6152057598,0.7579962128,0.9693371549,1.0295393916,0.5762359156,24.0255358389,-44.0002558159,5.1999997341,13.9772310367,-0.0219939988,0.4112715395,-0.0902595014,

##################################
1.0000000000,0.1035403158,0.7461509587,0.1995990406,0.0800472729,0.8484605951,311.0000000000,-72.0000000000,1.0000000000,329.0000000000,-0.0022000000,0.4300000000,0.1500000000

optimal_chisq=0.6482509780,optimal_hour=4.7100010918, source_hour=4.7100000000 
parameter is :
-0.0273788189,0.0649593198,0.1226669019,0.1388538333,0.1139666985,0.1271484452,316.5130648497,-39.4412243662,4.7100010918,329.5945579496,-0.0547260608,0.4294092022,0.2765941810,

##################################
1.0000000000,0.3779648484,0.1632729978,1.1905719545,1.0813386799,0.0874743356,113.0000000000,-27.0000000000,3.0000000000,37.0000000000,-0.0017000000,0.2900000000,0.1500000000

optimal_chisq=0.6565690607,optimal_hour=5.5500033451, source_hour=5.5500000000 
parameter is :
0.3697492989,0.6593616079,0.4480841765,0.5996287463,0.2698306925,0.8589831625,93.9605912697,-24.2416831790,5.5500033451,25.2994850780,0.5294171706,-4.2017074934,0.0941448405,

##################################
1.0000000000,0.7810636818,1.1459318148,0.4955065428,0.0903896027,1.5399603869,43.0000000000,-89.0000000000,13.0000000000,332.0000000000,-0.0016000000,0.3500000000,0.0900000000

optimal_chisq=0.7093517125,optimal_hour=5.0900016616, source_hour=5.0900000000 
parameter is :
0.7439401178,0.2902140073,0.6237938500,0.5060557758,0.3496387706,0.7716968948,42.6804035427,-88.1320306881,5.0900016616,331.8331045310,-0.0445411861,0.3495530543,0.0025360275,

##################################
1.0000000000,0.0283106100,0.6895327436,0.1802194243,0.4966686451,0.2378463539,218.0000000000,-4.0000000000,13.0000000000,349.0000000000,-0.0012000000,0.4700000000,0.1100000000

optimal_chisq=0.6761615900,optimal_hour=5.0899981273, source_hour=5.0900000000 
parameter is :
0.9416411809,0.4971328747,0.7772857376,0.9002174019,-0.0357089009,0.8555502531,218.0527130062,-3.9728737834,5.0899981273,348.9425034868,-0.0326370512,0.4704052165,-0.1239710826,

##################################
1.0000000000,0.6868307924,0.3604243257,1.2825313543,0.5711134217,0.9990987886,337.0000000000,16.0000000000,18.0000000000,305.0000000000,-0.0019000000,0.2100000000,0.0600000000

optimal_chisq=0.6172371587,optimal_hour=4.6600004010, source_hour=4.6600000000 
parameter is :
0.6883659716,1.3420851023,0.9160108948,0.8940147573,0.3839942362,0.4811263788,336.9621826977,16.0096717423,4.6600004010,304.8486151574,-0.0270362908,0.2095822307,-0.0242316093,

##################################
1.0000000000,0.2985351888,0.4731294217,0.7479095648,0.9240895925,0.1199228455,327.0000000000,70.0000000000,4.0000000000,352.0000000000,-0.0012000000,0.3500000000,0.1600000000

optimal_chisq=0.6784543743,optimal_hour=5.3300057961, source_hour=5.3300000000 
parameter is :
0.6132294869,0.6557379970,0.5606620416,0.6344612305,0.7211461283,0.4566813686,325.3560253816,65.7496004365,5.3300057961,349.5135558198,-0.0236302334,0.3507840593,-0.3246870550,

##################################
1.0000000000,0.7650744378,0.1190803038,1.6323964309,1.4494463581,0.1169644470,242.0000000000,55.0000000000,21.0000000000,230.0000000000,-0.0018000000,0.3900000000,0.0700000000

optimal_chisq=0.5941569270,optimal_hour=4.7100006558, source_hour=4.7100000000 
parameter is :
1.0894792508,1.0746758883,0.3626788223,1.5009494725,1.5828804454,0.2335377151,235.7921611450,44.2728736833,4.7100006558,222.9433770090,-0.0329499558,0.3893981843,0.1426885485,

##################################
1.0000000000,0.1577426638,0.6219049780,0.4159990579,0.5535970154,0.3635908546,319.0000000000,84.0000000000,24.0000000000,347.0000000000,-0.0020000000,0.3800000000,0.0500000000

optimal_chisq=0.6817490167,optimal_hour=5.2100016471, source_hour=5.2100000000 
parameter is :
1.1539082462,0.9102129344,1.2337918508,0.9817182398,0.2932442161,0.0580682423,314.5715688032,81.1343620426,5.2100016471,351.3479639427,-0.0481357081,0.3796186750,0.0846335236,

##################################
1.0000000000,0.4923906277,0.0132162557,1.4774011127,0.9858111647,0.3580982227,195.0000000000,61.0000000000,21.0000000000,86.0000000000,-0.0012000000,0.2200000000,0.1700000000

optimal_chisq=0.6356331399,optimal_hour=5.1100004325, source_hour=5.1100000000 
parameter is :
0.7297723675,1.1892063710,-0.6009481153,1.1258275434,0.9860214932,0.7594604120,212.0094614741,70.9732766666,5.1100004325,89.6631849792,-0.0285066461,0.2200565417,-0.1302382630,

##################################
1.0000000000,0.2730835123,0.8701239670,0.2472094425,0.5953470849,0.4026817371,76.0000000000,-47.0000000000,18.0000000000,210.0000000000,-0.0017000000,0.2100000000,0.1600000000

optimal_chisq=0.6739849881,optimal_hour=5.6400007871, source_hour=5.6400000000 
parameter is :
0.8030829264,0.4655006598,0.8740344524,0.2557161270,0.7981950970,0.5539759875,77.0853786067,-48.1084713747,5.6400007871,209.3535963773,-0.0267116515,0.2100319052,0.1383342240,

##################################
1.0000000000,0.9025174998,0.5452185363,1.2981441885,0.9554139352,0.7776944090,222.0000000000,-62.0000000000,3.0000000000,251.0000000000,-0.0015000000,0.4500000000,0.0800000000

optimal_chisq=0.6224160185,optimal_hour=5.4500043362, source_hour=5.4500000000 
parameter is :
0.8936876827,1.0460841958,0.3873692634,1.3480855350,0.7733593314,1.1753506797,221.9982729928,-61.9867642008,5.4500043362,250.9992191238,-0.0552963066,0.4496784678,-0.1069510174,

##################################
1.0000000000,0.1697590366,0.8443496513,0.1567198725,0.6585412878,0.1867060940,250.0000000000,-14.0000000000,6.0000000000,31.0000000000,-0.0015000000,0.3800000000,0.1800000000

optimal_chisq=0.7007229482,optimal_hour=5.2200000158, source_hour=5.2200000000 
parameter is :
0.8388383544,0.3345764231,0.7304025331,0.4259757035,0.8151392105,0.4431456280,250.2503499924,-10.6225884722,5.2200000158,31.1993484451,0.0121738673,0.3800545694,-0.0741727629,

##################################
1.0000000000,0.0691482541,0.4909155684,0.4767709964,0.5196152457,0.3250344567,222.0000000000,34.0000000000,18.0000000000,45.0000000000,-0.0023000000,0.3700000000,0.1000000000

optimal_chisq=0.6193869564,optimal_hour=5.2600004267, source_hour=5.2600000000 
parameter is :
1.0005156363,0.1299176540,0.4704995432,0.5262779558,0.5034516490,0.3361106577,221.9973785281,33.9943181503,5.2600004267,44.9948174766,-0.0478074016,0.3694919279,-0.0327012540,

##################################
1.0000000000,0.1029443145,0.7287128329,0.2207278830,0.4278719510,0.4207267669,129.0000000000,-43.0000000000,13.0000000000,349.0000000000,-0.0021000000,0.4700000000,0.1200000000

optimal_chisq=0.6935885175,optimal_hour=5.4399899450, source_hour=5.4400000000 
parameter is :
0.6047700383,0.5597880631,0.5822952823,0.5715505716,0.1196479115,0.9393643005,129.0207445306,-43.0051141003,5.4399899450,348.9925861263,-0.0320222705,0.4696932013,0.1199084551,

##################################
1.0000000000,0.5393570902,1.1313492209,0.2434204070,0.2055012535,1.1386922326,238.0000000000,-87.0000000000,2.0000000000,149.0000000000,-0.0019000000,0.3500000000,0.0800000000

optimal_chisq=0.6905978718,optimal_hour=5.5600003226, source_hour=5.5600000000 
parameter is :
0.8147699891,0.6429512282,0.8742592712,0.6215214402,0.4294360610,0.9862948849,236.4425048682,-88.2465169409,5.5600003226,149.3767305017,-0.0450272423,0.3499272821,0.0823254850,

##################################
1.0000000000,0.4591159269,0.7792461419,0.5638308462,0.3857200280,0.8972266303,277.0000000000,77.0000000000,1.0000000000,239.0000000000,-0.0018000000,0.3400000000,0.1000000000

optimal_chisq=0.6911531001,optimal_hour=5.0700026603, source_hour=5.0700000000 
parameter is :
0.6324875433,0.6567532325,1.1650143725,0.4617556125,0.7690636942,0.7431195172,280.2056493976,74.3641281973,5.0700026603,242.5527575034,-0.0229719286,0.3407125178,0.0103371779,

##################################
1.0000000000,0.8966840109,1.3901572109,0.3464240458,0.3329080993,1.3644464562,74.0000000000,11.0000000000,17.0000000000,253.0000000000,-0.0023000000,0.2800000000,0.1800000000

optimal_chisq=0.6362153770,optimal_hour=5.3300016201, source_hour=5.3300000000 
parameter is :
0.3347895223,1.0842090521,1.1469683127,0.4017177289,0.4936768682,1.0563225454,81.8019622149,4.3875244591,5.3300016201,246.9172390851,-0.0216716249,0.2797605704,0.1317635978,

##################################
1.0000000000,0.7768047474,1.5148805951,0.0708614796,0.6818592386,0.8126332310,178.0000000000,73.0000000000,20.0000000000,183.0000000000,-0.0013000000,0.4200000000,0.0500000000

optimal_chisq=0.6758484374,optimal_hour=5.2799975519, source_hour=5.2800000000 
parameter is :
1.2475010339,1.4025671879,1.4516329769,1.0112275793,0.3581359949,0.2506939876,178.5347655591,73.6248229426,5.2799975519,183.6944212521,-0.0293537224,0.4195581963,-0.0237950519,

##################################
1.0000000000,0.1033044933,0.8544314637,0.0625068468,0.0885449409,0.8086553144,135.0000000000,-64.0000000000,5.0000000000,138.0000000000,-0.0023000000,0.3000000000,0.0800000000

optimal_chisq=0.7051687746,optimal_hour=4.9700006723, source_hour=4.9700000000 
parameter is :
1.2406491173,0.4843969386,0.9297608884,0.8148691049,0.8890874621,0.8681196783,135.0094553643,-63.8462850326,4.9700006723,138.5175691030,-0.0382739374,0.2994270500,0.0796869530,

##################################
1.0000000000,0.8522739503,0.2114817462,1.6176687103,0.1166278500,1.6996803088,248.0000000000,-16.0000000000,22.0000000000,269.0000000000,-0.0023000000,0.4300000000,0.1700000000

optimal_chisq=0.5845311729,optimal_hour=5.2199996527, source_hour=5.2200000000 
parameter is :
5.3416686106,0.8109418125,0.3865045280,2.2593661854,0.0395532045,2.5694145610,242.0266922313,-23.8103763234,5.2199996527,258.5479903735,-0.0355873434,0.4330466273,0.0088374838,

##################################
1.0000000000,0.6406162705,0.2053604061,1.4098271889,0.3744662927,1.1929396416,160.0000000000,-60.0000000000,4.0000000000,323.0000000000,-0.0018000000,0.3200000000,0.1300000000

optimal_chisq=0.6912415025,optimal_hour=5.7200016756, source_hour=5.7200000000 
parameter is :
2.2371228089,2.1456114220,2.3172434279,2.3181112519,1.2155234306,3.0797030896,162.1633968725,-58.9336486959,5.7200016756,328.1670053459,-0.0407519504,0.3210625169,-0.1519923171,

##################################
1.0000000000,0.3821411563,0.3000170564,1.0372540577,0.2645752829,1.0318806717,189.0000000000,-51.0000000000,18.0000000000,268.0000000000,-0.0015000000,0.2800000000,0.1200000000

optimal_chisq=0.6611604186,optimal_hour=4.7899999842, source_hour=4.7900000000 
parameter is :
1.1289894098,1.0780068632,0.7528041384,1.5979966614,-0.3122044090,-1.0246994885,159.1979522657,-26.4867074772,4.7899999842,263.1284564348,-0.0359287082,0.2802422681,0.0744948890,

##################################
1.0000000000,0.3168320345,0.8493634597,0.3225104038,0.5609775816,0.5057155999,180.0000000000,82.0000000000,20.0000000000,124.0000000000,-0.0023000000,0.4600000000,0.0800000000

optimal_chisq=0.7296482587,optimal_hour=5.1100001904, source_hour=5.1100000000 
parameter is :
0.6240105912,0.7234123785,0.7338929123,0.5920190686,0.8529984582,0.4231444237,176.7530490403,80.4180516895,5.1100001904,122.5208823159,-0.0590353350,0.4598818361,-0.0384667690,

##################################
1.0000000000,0.1689759070,0.4062131373,0.6885527212,0.4195629228,0.5922718195,216.0000000000,55.0000000000,11.0000000000,174.0000000000,-0.0023000000,0.4300000000,0.1800000000

optimal_chisq=0.6865368060,optimal_hour=5.5700015946, source_hour=5.5700000000 
parameter is :
0.8751891863,0.3981079399,0.3216671833,0.7541994367,0.6310559175,0.5448175409,215.9892698528,55.0041834221,5.5700015946,173.9993141788,-0.0554737609,0.4301306201,0.0281353804,

##################################
1,chisq=0.566754727315699868839260489040,optimalHour=5.1999997341,InitHout=5.2000000000,deviation=0.0000002659
2,chisq=0.584531172893043349247932383150,optimalHour=5.2199996527,InitHout=5.2200000000,deviation=0.0000003473
3,chisq=0.594156927001685430944633026229,optimalHour=4.7100006558,InitHout=4.7100000000,deviation=0.0000006558
4,chisq=0.617237158678603514694316345413,optimalHour=4.6600004010,InitHout=4.6600000000,deviation=0.0000004010
5,chisq=0.619386956390212572998166251637,optimalHour=5.2600004267,InitHout=5.2600000000,deviation=0.0000004267
6,chisq=0.622416018454913233526326621359,optimalHour=5.4500043362,InitHout=5.4500000000,deviation=0.0000043362
7,chisq=0.628312568092433187949552575446,optimalHour=4.9700008079,InitHout=4.9700000000,deviation=0.0000008079
8,chisq=0.629642416264369120249000388867,optimalHour=5.2299999488,InitHout=5.2300000000,deviation=0.0000000512
9,chisq=0.635633139864151042175421935099,optimalHour=5.1100004325,InitHout=5.1100000000,deviation=0.0000004325
10,chisq=0.636215376964284762273393880605,optimalHour=5.3300016201,InitHout=5.3300000000,deviation=0.0000016201
11,chisq=0.648250978015311174473822575237,optimalHour=4.7100010918,InitHout=4.7100000000,deviation=0.0000010918
12,chisq=0.656569060717104968638579975959,optimalHour=5.5500033451,InitHout=5.5500000000,deviation=0.0000033451
13,chisq=0.661160418639628932879759304342,optimalHour=4.7899999842,InitHout=4.7900000000,deviation=0.0000000158
14,chisq=0.673984988080973068669266012876,optimalHour=5.6400007871,InitHout=5.6400000000,deviation=0.0000007871
15,chisq=0.675848437422643888439210968500,optimalHour=5.2799975519,InitHout=5.2800000000,deviation=0.0000024481
16,chisq=0.676161589995417533494048711873,optimalHour=5.0899981273,InitHout=5.0900000000,deviation=0.0000018727
17,chisq=0.678454374285715977599409143295,optimalHour=5.3300057961,InitHout=5.3300000000,deviation=0.0000057961
18,chisq=0.681749016728722900815284901910,optimalHour=5.2100016471,InitHout=5.2100000000,deviation=0.0000016471
19,chisq=0.685479716019439799801205026597,optimalHour=5.4399458400,InitHout=5.4400000000,deviation=0.0000541600
20,chisq=0.686536805952238649020102911891,optimalHour=5.5700015946,InitHout=5.5700000000,deviation=0.0000015946
21,chisq=0.686768207625289339723906323343,optimalHour=5.4500108712,InitHout=5.4500000000,deviation=0.0000108712
22,chisq=0.690597871751415182117739277601,optimalHour=5.5600003226,InitHout=5.5600000000,deviation=0.0000003226
23,chisq=0.691153100092415262345468818239,optimalHour=5.0700026603,InitHout=5.0700000000,deviation=0.0000026603
24,chisq=0.691241502458561418720250912884,optimalHour=5.7200016756,InitHout=5.7200000000,deviation=0.0000016756
25,chisq=0.693588517499509227270948485966,optimalHour=5.4399899450,InitHout=5.4400000000,deviation=0.0000100550
26,chisq=0.700722948205325768533668906457,optimalHour=5.2200000158,InitHout=5.2200000000,deviation=0.0000000158
27,chisq=0.705168774612898285880646653823,optimalHour=4.9700006723,InitHout=4.9700000000,deviation=0.0000006723
28,chisq=0.707328376366317845835851585434,optimalHour=5.1999998577,InitHout=5.2000000000,deviation=0.0000001423
29,chisq=0.709351712481389395925646113028,optimalHour=5.0900016616,InitHout=5.0900000000,deviation=0.0000016616
30,chisq=0.729648258733814780718773818080,optimalHour=5.1100001904,InitHout=5.1100000000,deviation=0.0000001904
1.0000000000,0.5867784161,0.5729575220,0.9379795459,1.2066418327,0.1227642755,24.0000000000,-44.0000000000,18.0000000000,14.0000000000,-0.0017000000,0.4100000000,0.0600000000

optimal_chisq=0.5667547273,optimal_hour=5.1999997341, source_hour=5.2000000000 
parameter is :
0.9412344577,0.6152057598,0.7579962128,0.9693371549,1.0295393916,0.5762359156,24.0255358389,-44.0002558159,5.1999997341,13.9772310367,-0.0219939988,0.4112715395,-0.0902595014,

run over!

##################################
1.0000000000,0.8522739503,0.2114817462,1.6176687103,0.1166278500,1.6996803088,248.0000000000,-16.0000000000,22.0000000000,269.0000000000,-0.0023000000,0.4300000000,0.1700000000

optimal_chisq=0.5130325818,optimal_hour=5.2209997771, source_hour=5.2210000000 
parameter is :
2.4633692307,1.7667764634,0.7228368315,2.6436215975,1.1318818256,2.3392584932,233.9816107643,-7.2591313447,5.2209997771,276.3134495295,0.0485473406,0.4330747512,-0.1283685078,

run over!

##################################
1.0000000000,0.7650744378,0.1190803038,1.6323964309,1.4494463581,0.1169644470,242.0000000000,55.0000000000,21.0000000000,230.0000000000,-0.0018000000,0.3900000000,0.0700000000

optimal_chisq=0.5941569270,optimal_hour=4.7100006558, source_hour=4.7100000000 
parameter is :
1.0894792508,1.0746758883,0.3626788223,1.5009494725,1.5828804454,0.2335377151,235.7921611450,44.2728736833,4.7100006558,222.9433770090,-0.0329499558,0.3893981843,0.1426885485,

run over!

##################################
1.0000000000,0.6868307924,0.3604243257,1.2825313543,0.5711134217,0.9990987886,337.0000000000,16.0000000000,18.0000000000,305.0000000000,-0.0019000000,0.2100000000,0.0600000000

optimal_chisq=0.6172371587,optimal_hour=4.6600004010, source_hour=4.6600000000 
parameter is :
0.6883659716,1.3420851023,0.9160108948,0.8940147573,0.3839942362,0.4811263788,336.9621826977,16.0096717423,4.6600004010,304.8486151574,-0.0270362908,0.2095822307,-0.0242316093,

run over!

##################################
1.0000000000,0.0691482541,0.4909155684,0.4767709964,0.5196152457,0.3250344567,222.0000000000,34.0000000000,18.0000000000,45.0000000000,-0.0023000000,0.3700000000,0.1000000000

optimal_chisq=0.5682260145,optimal_hour=5.1990000109, source_hour=5.1990000000 
parameter is :
0.9416891965,0.1517774179,0.5897764660,0.5149674055,0.5203075591,0.2808766419,222.0024723441,33.9982888689,5.1990000109,44.9998804186,-0.0465933400,0.3697246639,0.0801476042,

run over!

##################################
1.0000000000,0.9025174998,0.5452185363,1.2981441885,0.9554139352,0.7776944090,222.0000000000,-62.0000000000,3.0000000000,251.0000000000,-0.0015000000,0.4500000000,0.0800000000

optimal_chisq=0.6224160185,optimal_hour=5.4500043362, source_hour=5.4500000000 
parameter is :
0.8936876827,1.0460841958,0.3873692634,1.3480855350,0.7733593314,1.1753506797,221.9982729928,-61.9867642008,5.4500043362,250.9992191238,-0.0552963066,0.4496784678,-0.1069510174,

run over!

##################################
1,chisq=0.513032581764909734189927803527,optimalHour=5.2209997771,InitHout=5.2210000000,deviation=0.0000002229
2,chisq=0.566754727315699868839260489040,optimalHour=5.1999997341,InitHout=5.2000000000,deviation=0.0000002659
3,chisq=0.568226014483514729747071214661,optimalHour=5.1990000109,InitHout=5.1990000000,deviation=0.0000000109
4,chisq=0.594156927001685430944633026229,optimalHour=4.7100006558,InitHout=4.7100000000,deviation=0.0000006558
5,chisq=0.617237158678603514694316345413,optimalHour=4.6600004010,InitHout=4.6600000000,deviation=0.0000004010
6,chisq=0.622416018454913233526326621359,optimalHour=5.4500043362,InitHout=5.4500000000,deviation=0.0000043362



1.0000000000,0.8522739503,0.2114817462,1.6176687103,0.1166278500,1.6996803088,248.0000000000,-16.0000000000,22.0000000000,269.0000000000,-0.0023000000,0.4300000000,0.1700000000


1.0000000000,0.8522739503,0.2114817462,1.6176687103,0.1166278500,1.6996803088,248.0000000000,-16.0000000000,22.0000000000,269.0000000000,-0.0023000000,0.4300000000,0.1700000000

optimal_chisq=0.5130325818,optimal_hour=5.2209997771 
parameter is :
2.4633692307,1.7667764634,0.7228368315,2.6436215975,1.1318818256,2.3392584932,233.9816107643,-7.2591313447,5.2209997771,276.3134495295,0.0485473406,0.4330747512,-0.1283685078,


Pole:
optimalLambda,optimalBeta:(175.6317639102,11.9137636183)
optimalParameter:{0.5937886293,1.2219399443,1.1865558032,0.7542849237,0.6981381698,1.1085141640,175.6317639102,11.9137636183,5.2210003591,297.0058444257,-0.0530010811,0.4102182011,-0.1207392887}


