1.0000000000,0.8424983876,1.5239248277,0.1348303739,0.9478593692,0.5874186005,325.0000000000,87.0000000000,3.0000000000,203.0000000000,-0.0014000000,0.2300000000,0.1100000000

optimal_chisq=2.2161848412,optimal_hour=7.6899940156, source_hour=7.6900000000 
parameter is :
0.9996460356,0.8507010684,1.2843796000,0.5235500448,1.2055947044,0.7019715182,325.0012400592,87.0114591724,7.6899940156,203.0035220081,-0.0249438668,0.2297656773,0.0184869681,

##################################
1.0000000000,0.8793090758,0.6096222964,1.2024003927,1.3424562464,0.3067679259,285.0000000000,86.0000000000,5.0000000000,190.0000000000,-0.0024000000,0.2500000000,0.1200000000

optimal_chisq=2.2245404957,optimal_hour=7.5599986167, source_hour=7.5600000000 
parameter is :
1.0625112221,0.8899209070,0.6988568026,1.1902497348,1.3389038562,0.1725490332,285.0045371046,85.9848575054,7.5599986167,190.0030058603,-0.0331484021,0.2498489555,0.0856477161,

##################################
1.0000000000,0.1390943640,0.4238772824,0.6351681488,0.7243410219,0.1733203930,77.0000000000,38.0000000000,14.0000000000,94.0000000000,-0.0013000000,0.4000000000,0.1200000000

optimal_chisq=2.1803051851,optimal_hour=8.1900000243, source_hour=8.1900000000 
parameter is :
0.8522230546,0.3623281839,0.4518405294,0.7027259478,0.7939710832,0.2661778667,81.7737113024,27.9920424467,8.1900000243,97.1077251401,-0.0067501113,0.4000478505,-0.1187369687,

##################################
1.0000000000,0.2622488207,0.1130281046,1.1310501380,0.4745940052,0.6878281908,95.0000000000,-19.0000000000,19.0000000000,64.0000000000,-0.0024000000,0.2900000000,0.0500000000

optimal_chisq=2.1873342354,optimal_hour=7.5500010921, source_hour=7.5500000000 
parameter is :
0.9526320777,0.3722992824,0.3879472219,0.9968101869,0.5099862634,0.7661895236,92.8676749849,-17.2787794622,7.5500010921,64.9604981029,-0.0031010595,0.2899926675,0.0229072651,

##################################
1.0000000000,0.7292711668,1.2649804584,0.3029321688,1.0379549876,0.3839641026,223.0000000000,-15.0000000000,15.0000000000,356.0000000000,-0.0024000000,0.4000000000,0.1600000000

optimal_chisq=1.7197197916,optimal_hour=8.0400011477, source_hour=8.0400000000 
parameter is :
1.1348748844,0.7762314988,1.0931779360,0.5539153773,0.8799185291,0.7427425204,222.8306953282,-14.8216858758,8.0400011477,356.4672853619,-0.0074050992,0.4001640884,0.0885240822,

##################################
1.0000000000,0.5306589340,0.8448088440,0.5660958891,0.0518366511,1.3516814082,148.0000000000,-5.0000000000,2.0000000000,229.0000000000,-0.0023000000,0.4500000000,0.1600000000

optimal_chisq=1.9480374054,optimal_hour=7.5500050218, source_hour=7.5500000000 
parameter is :
1.4336222363,0.7598554714,1.1092644646,1.2141720053,1.4869562179,0.6351175912,148.2392703750,-4.9624531276,7.5500050218,229.0148135451,-0.0331470994,0.4501317057,0.2861387225,

##################################
1.0000000000,0.9410078958,1.4802774072,0.2938573213,1.0880396488,0.5535345603,148.0000000000,4.0000000000,3.0000000000,359.0000000000,-0.0016000000,0.4700000000,0.0600000000

optimal_chisq=2.0291991793,optimal_hour=8.5699995180, source_hour=8.5700000000 
parameter is :
0.9275178949,0.9142584561,1.2826379045,0.8400628741,1.1273207451,1.3102129668,149.9108045962,9.3373367722,8.5699995180,360.2839207655,-0.0264417025,0.4699161122,0.0172906413,

##################################
1.0000000000,0.0656411397,0.5150975865,0.4430208111,0.0881288412,0.8512258581,245.0000000000,-11.0000000000,6.0000000000,143.0000000000,-0.0022000000,0.4500000000,0.1300000000

optimal_chisq=2.1814264870,optimal_hour=8.0400005047, source_hour=8.0400000000 
parameter is :
7.0321151702,3.1377980884,5.9936325502,4.1286653506,1.9984095726,7.7492315729,240.7655396841,-7.2751447791,8.0400005047,159.2408543326,-0.0702621296,0.4487277388,-0.1836709701,

##################################
1.0000000000,0.2964597472,1.0206397218,0.0924277843,0.0482587700,1.0560687985,241.0000000000,50.0000000000,2.0000000000,153.0000000000,-0.0012000000,0.4700000000,0.1500000000

optimal_chisq=2.2430350031,optimal_hour=8.1899993592, source_hour=8.1900000000 
parameter is :
7.4780195439,2.7643878386,6.9616618493,3.7818611257,5.5909427698,4.7887612869,272.9392085324,37.5798992317,8.1899993592,141.8896698125,-0.0379114474,0.4695955145,-0.0004096657,

##################################
1.0000000000,0.3670307078,0.7967587351,0.4415912717,0.9073164903,0.1612073605,277.0000000000,42.0000000000,21.0000000000,215.0000000000,-0.0017000000,0.4600000000,0.0600000000

optimal_chisq=1.9355223866,optimal_hour=8.1000009226, source_hour=8.1000000000 
parameter is :
0.8957302987,0.4006044792,0.8038430511,0.5104267175,0.9686372292,0.1756150482,277.0033448687,41.9997586737,8.1000009226,214.9995568275,-0.0366431141,0.4601533582,-0.0101442013,

##################################
1.0000000000,0.6910313706,0.5602862092,1.0616568921,0.1961008632,1.4012895855,154.0000000000,-46.0000000000,16.0000000000,318.0000000000,-0.0021000000,0.2600000000,0.0800000000

optimal_chisq=2.2307509159,optimal_hour=8.2400012616, source_hour=8.2400000000 
parameter is :
0.8711300971,0.7015593616,0.8296339504,0.7544222842,0.3071574347,1.2107848848,146.2380971616,-46.3260979005,8.2400012616,319.1583585959,-0.0147491162,0.2598674906,0.1854548188,

##################################
1.0000000000,0.1139809392,0.3610062641,0.6838746957,0.2115661260,0.7911147415,78.0000000000,44.0000000000,16.0000000000,274.0000000000,-0.0020000000,0.2800000000,0.1200000000

optimal_chisq=2.0543448494,optimal_hour=8.1000007186, source_hour=8.1000000000 
parameter is :
0.3564075458,0.2858925684,0.1443697416,0.5569133685,0.2408133169,0.4823759273,78.8791778827,44.4862038037,8.1000007186,277.6691792355,-0.0294689927,0.2800024459,-0.0188544542,

##################################
1.0000000000,0.4983255009,0.3084158708,1.1475436343,0.4793562424,0.9074734716,158.0000000000,-40.0000000000,2.0000000000,66.0000000000,-0.0021000000,0.2200000000,0.1900000000

optimal_chisq=1.9810000530,optimal_hour=7.9600027215, source_hour=7.9600000000 
parameter is :
1.8182866750,1.8711765899,3.1213130971,1.7030742276,0.7067474805,3.9443469494,209.2083912155,-39.6458246096,7.9600027215,67.8733311654,-0.0080190016,0.2200742841,0.0318518605,

##################################
1.0000000000,0.6034321960,0.4242157278,1.1244311275,0.7318952850,0.7156277517,16.0000000000,-32.0000000000,16.0000000000,182.0000000000,-0.0017000000,0.4000000000,0.0600000000

optimal_chisq=2.0495112554,optimal_hour=7.7400023727, source_hour=7.7400000000 
parameter is :
0.7282050777,0.8969782900,0.7253863555,1.1038670117,0.6202485019,0.7737723713,15.9991266120,-31.9988336773,7.7400023727,182.0003840004,-0.0400244756,0.4001797306,-0.0488968861,

##################################
1.0000000000,0.2650326771,0.0344484566,1.2251143135,0.3258035388,0.8797068494,254.0000000000,-67.0000000000,16.0000000000,281.0000000000,-0.0020000000,0.2900000000,0.1700000000

optimal_chisq=2.2649126385,optimal_hour=7.7800021006, source_hour=7.7800000000 
parameter is :
0.9933111026,0.2153061104,0.3276598768,0.9682571932,0.5330735715,0.6874441340,249.4478332929,-67.7921860163,7.7800021006,288.3108229468,-0.0449368539,0.2903294976,0.0135142710,

##################################
1.0000000000,0.4509697987,0.9683166761,0.3339394118,0.7570210756,0.4161831262,75.0000000000,-50.0000000000,6.0000000000,185.0000000000,-0.0023000000,0.4500000000,0.1700000000

optimal_chisq=2.1669835167,optimal_hour=8.0400011775, source_hour=8.0400000000 
parameter is :
0.8980890660,0.6876161832,0.8043655248,0.6136835982,0.7452745440,0.6307088814,74.4344027335,-49.3155887986,8.0400011775,185.6481472214,-0.0601273757,0.4494995646,-0.0585610146,

##################################
1.0000000000,0.1861669916,0.0936040890,1.0765645090,0.2695233679,0.8526074499,95.0000000000,81.0000000000,19.0000000000,301.0000000000,-0.0021000000,0.4500000000,0.0600000000

optimal_chisq=2.2023324766,optimal_hour=8.5699999628, source_hour=8.5700000000 
parameter is :
0.9398340070,0.6713479159,0.3089684989,1.2460436453,0.8534127808,0.7332577158,93.7175296661,84.0259779783,8.5699999628,300.8055993445,0.0159374458,0.4499682673,-0.0303809095,

##################################
1.0000000000,0.7051550149,0.9577176972,0.6265324602,1.1860521250,0.2307742546,359.0000000000,-25.0000000000,12.0000000000,108.0000000000,-0.0017000000,0.4700000000,0.1000000000

optimal_chisq=2.0917386251,optimal_hour=7.8599997364, source_hour=7.8600000000 
parameter is :
0.9379800360,0.7460453196,1.2295292015,0.6052373737,1.1521536844,0.0154358917,359.4843813296,-31.9222329248,7.8599997364,114.4252606652,-0.0487011660,0.4696395637,-0.0527303100,

##################################
1.0000000000,0.0699548032,0.2285140330,0.7968693368,0.7336268207,0.1198395693,330.0000000000,35.0000000000,23.0000000000,307.0000000000,-0.0014000000,0.3500000000,0.0700000000

optimal_chisq=2.0468246898,optimal_hour=8.5700008983, source_hour=8.5700000000 
parameter is :
0.3389947776,0.1435815119,0.2542219952,0.1366378454,0.1309350637,0.2624160785,329.5431781245,31.4732974945,8.5700008983,306.1691113824,-0.0376228663,0.3501481983,-0.0409741625,

##################################
1.0000000000,0.9041557889,0.7893635694,1.0279192738,0.1958941202,1.5995676941,42.0000000000,56.0000000000,20.0000000000,233.0000000000,-0.0022000000,0.3000000000,0.0700000000

optimal_chisq=2.1971312770,optimal_hour=7.6799947588, source_hour=7.6800000000 
parameter is :
0.4189703638,1.1130850479,0.6067701587,0.7465819954,0.4928563799,1.0975288003,41.9495404233,54.5947183243,7.6799947588,230.8073971268,-0.0414137423,0.3000414047,-0.0212472766,

##################################
1.0000000000,0.2449201943,0.3331690920,0.8557031820,0.5032310189,0.5939059409,351.0000000000,20.0000000000,23.0000000000,307.0000000000,-0.0012000000,0.2600000000,0.1000000000

optimal_chisq=2.1393243061,optimal_hour=8.3000000826, source_hour=8.3000000000 
parameter is :
0.9988142346,0.2407476992,0.5782167497,0.7250948616,0.4637773400,0.5404363322,347.0075828524,15.0182155786,8.3000000826,309.6635662350,-0.0062958485,0.2599758057,-0.0259214871,

##################################
1.0000000000,0.9760978883,0.6205535310,1.2906042961,0.2004205899,1.6895281338,56.0000000000,-11.0000000000,19.0000000000,108.0000000000,-0.0019000000,0.2300000000,0.1200000000

optimal_chisq=1.9749941897,optimal_hour=8.3000043929, source_hour=8.3000000000 
parameter is :
1.2922705614,1.3315488422,0.8640651570,1.4415334278,0.5772199953,1.0614830844,56.5983669456,-10.5356379891,8.3000043929,108.1237892008,0.0101532569,0.2323540150,0.0739947371,

##################################
1.0000000000,0.2516846397,0.2865489545,0.9175396956,0.4730390404,0.6465471296,262.0000000000,-19.0000000000,3.0000000000,205.0000000000,-0.0020000000,0.3200000000,0.0900000000

optimal_chisq=2.0551263607,optimal_hour=7.7799951181, source_hour=7.7800000000 
parameter is :
0.4770905005,-0.4931907854,0.9120499387,1.2133638223,0.8688593647,1.8937052122,242.3469973780,-27.2202343111,7.7799951181,202.0648222734,-0.0250778958,0.3197504378,0.3168254866,

##################################
1.0000000000,0.1306851074,0.8702613797,0.0766043411,0.1708195210,0.7384742910,108.0000000000,68.0000000000,8.0000000000,162.0000000000,-0.0019000000,0.3200000000,0.0900000000

optimal_chisq=2.2331746403,optimal_hour=7.4299994039, source_hour=7.4300000000 
parameter is :
0.4619194790,0.8572580452,0.6432416436,0.7429484781,0.5055855680,0.8091946159,109.1960843645,56.5416914008,7.4299994039,160.9377314238,-0.0107875332,0.3199822986,-0.0407450583,

##################################
1.0000000000,0.6854429523,1.1377312900,0.3997082789,1.0632236001,0.3205452775,44.0000000000,1.0000000000,4.0000000000,355.0000000000,-0.0023000000,0.3000000000,0.0800000000

optimal_chisq=2.2107566328,optimal_hour=8.4600002875, source_hour=8.4600000000 
parameter is :
0.6601455711,1.0065094373,1.2855634374,0.4897216370,1.1473573793,0.4571566805,47.2811168444,4.6876504686,8.4600002875,355.5452412992,-0.0128356298,0.2997952882,-0.0132898044,

##################################
1.0000000000,0.6097079532,0.9759421670,0.5016684448,0.8804823785,0.4663827964,195.0000000000,26.0000000000,20.0000000000,135.0000000000,-0.0014000000,0.3200000000,0.1500000000

optimal_chisq=2.1208401681,optimal_hour=7.4100030888, source_hour=7.4100000000 
parameter is :
1.1887167291,-0.4660325637,0.6117650315,1.4807737336,0.9588589564,0.9888616633,191.9142402009,25.3599698170,7.4100030888,136.2773262591,-0.0451569167,0.3211317775,0.1349663321,

##################################
1.0000000000,0.0234560510,0.2003634390,0.7823135055,0.6222781951,0.2110512935,173.0000000000,-67.0000000000,3.0000000000,333.0000000000,-0.0017000000,0.2300000000,0.0900000000

optimal_chisq=2.0461266720,optimal_hour=8.4400005771, source_hour=8.4400000000 
parameter is :
6.8431412505,2.4965555296,2.9559835761,6.2706362972,6.8986339549,1.6732615809,195.8289627458,-43.4136245595,8.4400005771,356.8165616884,-0.0177752915,0.2296721001,-0.0196187421,

##################################
1.0000000000,0.5963253442,0.5053819516,1.0248922289,1.0363394969,0.3437503294,261.0000000000,44.0000000000,10.0000000000,80.0000000000,-0.0021000000,0.3000000000,0.0500000000

optimal_chisq=2.2606154694,optimal_hour=8.4400007350, source_hour=8.4400000000 
parameter is :
0.3879421984,0.8182070334,0.6233446236,0.6098766626,0.8543964091,0.3527463597,260.8770862183,43.4800024455,8.4400007350,81.0110517378,-0.0063653037,0.3000394103,0.0200783579,

##################################
1.0000000000,0.9904835811,0.0169588426,1.9718192850,1.1767733633,0.6856335215,40.0000000000,17.0000000000,4.0000000000,113.0000000000,-0.0019000000,0.3300000000,0.0500000000

optimal_chisq=2.0261980123,optimal_hour=7.8200028726, source_hour=7.8200000000 
parameter is :
0.7220557617,1.4636742900,0.8517652514,1.3362392313,1.4987288869,1.1136423162,39.7406359210,16.7307897597,7.8200028726,113.0491953059,-0.0453257598,0.3295509710,-0.1903734669,

##################################
1.0000000000,0.7255618385,1.1812923653,0.3943226451,0.4012023461,1.1217243305,154.0000000000,20.0000000000,14.0000000000,133.0000000000,-0.0024000000,0.4400000000,0.1200000000

optimal_chisq=1.7551582278,optimal_hour=8.1000014137, source_hour=8.1000000000 
parameter is :
1.0896348455,0.6056285110,1.1728199671,0.4055226544,0.4979508121,1.0751232744,154.0892944799,19.9186715643,8.1000014137,133.0306949797,-0.0365966073,0.4398254446,0.3034971542,

##################################
1,chisq=1.719719791628602001409831245837,optimalHour=8.0400011477,InitHout=8.0400000000,deviation=0.0000011477
2,chisq=1.755158227839972440165183797944,optimalHour=8.1000014137,InitHout=8.1000000000,deviation=0.0000014137
3,chisq=1.935522386646896020323538323282,optimalHour=8.1000009226,InitHout=8.1000000000,deviation=0.0000009226
4,chisq=1.948037405447343717312946864695,optimalHour=7.5500050218,InitHout=7.5500000000,deviation=0.0000050218
5,chisq=1.974994189664644350656885762874,optimalHour=8.3000043929,InitHout=8.3000000000,deviation=0.0000043929
6,chisq=1.981000053005163907826613467478,optimalHour=7.9600027215,InitHout=7.9600000000,deviation=0.0000027215
7,chisq=2.026198012342402154928322488558,optimalHour=7.8200028726,InitHout=7.8200000000,deviation=0.0000028726
8,chisq=2.029199179264964847391183866421,optimalHour=8.5699995180,InitHout=8.5700000000,deviation=0.0000004820
9,chisq=2.046126671969020538455197311123,optimalHour=8.4400005771,InitHout=8.4400000000,deviation=0.0000005771
10,chisq=2.046824689774711103495974384714,optimalHour=8.5700008983,InitHout=8.5700000000,deviation=0.0000008983
11,chisq=2.049511255399546705291413672967,optimalHour=7.7400023727,InitHout=7.7400000000,deviation=0.0000023727
12,chisq=2.054344849390453031645620285417,optimalHour=8.1000007186,InitHout=8.1000000000,deviation=0.0000007186
13,chisq=2.055126360701224008664667053381,optimalHour=7.7799951181,InitHout=7.7800000000,deviation=0.0000048819
14,chisq=2.091738625094353487554599269060,optimalHour=7.8599997364,InitHout=7.8600000000,deviation=0.0000002636
15,chisq=2.120840168130469827190154319396,optimalHour=7.4100030888,InitHout=7.4100000000,deviation=0.0000030888
16,chisq=2.139324306144644083360617514700,optimalHour=8.3000000826,InitHout=8.3000000000,deviation=0.0000000826
17,chisq=2.166983516711461277282069204375,optimalHour=8.0400011775,InitHout=8.0400000000,deviation=0.0000011775
18,chisq=2.180305185148720958920876000775,optimalHour=8.1900000243,InitHout=8.1900000000,deviation=0.0000000243
19,chisq=2.181426486968508271502287243493,optimalHour=8.0400005047,InitHout=8.0400000000,deviation=0.0000005047
20,chisq=2.187334235436629636950556232478,optimalHour=7.5500010921,InitHout=7.5500000000,deviation=0.0000010921
21,chisq=2.197131276955376133486197431921,optimalHour=7.6799947588,InitHout=7.6800000000,deviation=0.0000052412
22,chisq=2.202332476619046186527839381597,optimalHour=8.5699999628,InitHout=8.5700000000,deviation=0.0000000372
23,chisq=2.210756632795655818313207419124,optimalHour=8.4600002875,InitHout=8.4600000000,deviation=0.0000002875
24,chisq=2.216184841248489245657538049272,optimalHour=7.6899940156,InitHout=7.6900000000,deviation=0.0000059844
25,chisq=2.224540495700956910241075092927,optimalHour=7.5599986167,InitHout=7.5600000000,deviation=0.0000013833
26,chisq=2.230750915903651598881651807460,optimalHour=8.2400012616,InitHout=8.2400000000,deviation=0.0000012616
27,chisq=2.233174640265312316245172041818,optimalHour=7.4299994039,InitHout=7.4300000000,deviation=0.0000005961
28,chisq=2.243035003056172538293822071864,optimalHour=8.1899993592,InitHout=8.1900000000,deviation=0.0000006408
29,chisq=2.260615469375721886535757221282,optimalHour=8.4400007350,InitHout=8.4400000000,deviation=0.0000007350
30,chisq=2.264912638488256746427396137733,optimalHour=7.7800021006,InitHout=7.7800000000,deviation=0.0000021006
1.0000000000,0.7292711668,1.2649804584,0.3029321688,1.0379549876,0.3839641026,223.0000000000,-15.0000000000,15.0000000000,356.0000000000,-0.0024000000,0.4000000000,0.1600000000

optimal_chisq=1.7197197916,optimal_hour=8.0400011477, source_hour=8.0400000000 
parameter is :
1.1348748844,0.7762314988,1.0931779360,0.5539153773,0.8799185291,0.7427425204,222.8306953282,-14.8216858758,8.0400011477,356.4672853619,-0.0074050992,0.4001640884,0.0885240822,

run over!

##################################
1.0000000000,0.7255618385,1.1812923653,0.3943226451,0.4012023461,1.1217243305,154.0000000000,20.0000000000,14.0000000000,133.0000000000,-0.0024000000,0.4400000000,0.1200000000

optimal_chisq=1.7551582278,optimal_hour=8.1000014137, source_hour=8.1000000000 
parameter is :
1.0896348455,0.6056285110,1.1728199671,0.4055226544,0.4979508121,1.0751232744,154.0892944799,19.9186715643,8.1000014137,133.0306949797,-0.0365966073,0.4398254446,0.3034971542,

run over!

##################################
1.0000000000,0.3670307078,0.7967587351,0.4415912717,0.9073164903,0.1612073605,277.0000000000,42.0000000000,21.0000000000,215.0000000000,-0.0017000000,0.4600000000,0.0600000000

optimal_chisq=1.6911667798,optimal_hour=8.1010000713, source_hour=8.1010000000 
parameter is :
0.8334297409,0.7995029684,0.8041891983,0.6630278025,0.8588998758,0.4661485605,272.3128368355,41.6553175864,8.1010000713,218.2144934331,-0.0465504934,0.4597344839,0.0718193232,

run over!

##################################
1.0000000000,0.5306589340,0.8448088440,0.5660958891,0.0518366511,1.3516814082,148.0000000000,-5.0000000000,2.0000000000,229.0000000000,-0.0023000000,0.4500000000,0.1600000000

optimal_chisq=1.8197650910,optimal_hour=7.6230054593, source_hour=7.6230000000 
parameter is :
0.2481463933,0.6224702389,0.2595047895,0.7834993410,0.3059546818,0.5226336721,146.1108576418,-3.6825821760,7.6230054593,229.2798156383,-0.0151843740,0.4500416612,0.1169430658,

run over!

##################################
1.0000000000,0.9760978883,0.6205535310,1.2906042961,0.2004205899,1.6895281338,56.0000000000,-11.0000000000,19.0000000000,108.0000000000,-0.0019000000,0.2300000000,0.1200000000

optimal_chisq=1.9749941897,optimal_hour=8.3000043929, source_hour=8.3000000000 
parameter is :
1.2922705614,1.3315488422,0.8640651570,1.4415334278,0.5772199953,1.0614830844,56.5983669456,-10.5356379891,8.3000043929,108.1237892008,0.0101532569,0.2323540150,0.0739947371,

run over!

##################################
1.0000000000,0.4983255009,0.3084158708,1.1475436343,0.4793562424,0.9074734716,158.0000000000,-40.0000000000,2.0000000000,66.0000000000,-0.0021000000,0.2200000000,0.1900000000

optimal_chisq=1.9810000530,optimal_hour=7.9600027215, source_hour=7.9600000000 
parameter is :
1.8182866750,1.8711765899,3.1213130971,1.7030742276,0.7067474805,3.9443469494,209.2083912155,-39.6458246096,7.9600027215,67.8733311654,-0.0080190016,0.2200742841,0.0318518605,

run over!

##################################
1,chisq=1.691166779841195344502580155677,optimalHour=8.1010000713,InitHout=8.1010000000,deviation=0.0000000713
2,chisq=1.719719791628602001409831245837,optimalHour=8.0400011477,InitHout=8.0400000000,deviation=0.0000011477
3,chisq=1.755158227839972440165183797944,optimalHour=8.1000014137,InitHout=8.1000000000,deviation=0.0000014137
4,chisq=1.819765090953380237692726950627,optimalHour=7.6230054593,InitHout=7.6230000000,deviation=0.0000054593
5,chisq=1.974994189664644350656885762874,optimalHour=8.3000043929,InitHout=8.3000000000,deviation=0.0000043929
6,chisq=1.981000053005163907826613467478,optimalHour=7.9600027215,InitHout=7.9600000000,deviation=0.0000027215




1.0000000000,0.7255618385,1.1812923653,0.3943226451,0.4012023461,1.1217243305,154.0000000000,20.0000000000,14.0000000000,133.0000000000,-0.0024000000,0.4400000000,0.1200000000


1.0000000000,0.7255618385,1.1812923653,0.3943226451,0.4012023461,1.1217243305,154.0000000000,20.0000000000,14.0000000000,133.0000000000,-0.0024000000,0.4400000000,0.1200000000

optimal_chisq=1.4437546894,optimal_hour=8.0991005582 
parameter is :
0.9584350181,0.7166119569,1.1906885495,0.3616219170,0.4118573560,1.1623942084,153.9982024188,19.9999041418,8.0991005582,132.9996730034,-0.0174390566,0.4399179691,0.1828468655,

Pole:
optimalLambda,optimalBeta:(27.4686695487,35.5552774260)
optimalParameter:{1.5489329339,1.2828382695,1.5906455273,0.8468030492,1.0252678678,1.4138229293,27.4686695487,35.5552774260,8.0991011368,163.7274535424,-0.0445830962,0.3509914585,0.2210024618}

