1.0000000000,0.2265200211,0.4470806679,0.7015966630,0.8317374822,0.1469740387,270.0000000000,-11.0000000000,19.0000000000,259.0000000000,-0.0015000000,0.2300000000,0.1300000000

optimal_chisq=1.6179769650,optimal_hour=8.1599984599, source_hour=8.1600000000 
parameter is :
0.9057109949,0.7628185353,1.1978313809,0.5517716757,1.1793980585,0.7163294195,262.9735720812,-5.5538702721,8.1599984599,259.3890308767,0.0821955418,0.2255389841,0.1724846119,

##################################
1.0000000000,0.1689121752,0.8386815433,0.1627309086,0.1535392307,0.8162073758,339.0000000000,-59.0000000000,9.0000000000,184.0000000000,-0.0016000000,0.4900000000,0.1000000000

optimal_chisq=1.4933409032,optimal_hour=8.3300016696, source_hour=8.3300000000 
parameter is :
0.7249339305,0.6798851060,0.9093643905,0.4375097490,0.4637139984,0.8912777755,338.4822940186,-59.3335385642,8.3300016696,184.4261875676,-0.0268432398,0.4899908099,0.3094230756,

##################################
1.0000000000,0.2489281419,0.7371459323,0.3797876194,0.7301565542,0.2355617764,277.0000000000,-10.0000000000,11.0000000000,103.0000000000,-0.0017000000,0.2100000000,0.1200000000

optimal_chisq=1.7563028530,optimal_hour=8.1700003955, source_hour=8.1700000000 
parameter is :
0.5158175807,0.3131812775,0.5417689936,0.8606737453,1.1952319792,0.1251659648,284.8758329994,-13.4490362515,8.1700003955,101.5487599149,-0.0042616146,0.2125520524,-0.0828527783,

##################################
1.0000000000,0.5537095054,0.2594303121,1.2601338349,0.4892396457,0.9629446736,136.0000000000,1.0000000000,2.0000000000,208.0000000000,-0.0024000000,0.3300000000,0.1400000000

optimal_chisq=1.9175767004,optimal_hour=8.3600006330, source_hour=8.3600000000 
parameter is :
1.1313959118,0.5531794536,0.5015904791,1.1812344584,0.8801303661,0.8162009302,137.4420244525,-0.3025079229,8.3600006330,207.8675642502,-0.0055929445,0.3300493954,-0.2029068631,

##################################
1.0000000000,0.1772032763,0.7247768233,0.3127084565,0.7895963481,0.0625749301,304.0000000000,-41.0000000000,15.0000000000,83.0000000000,-0.0022000000,0.3600000000,0.1300000000

optimal_chisq=1.4997101138,optimal_hour=8.1700011753, source_hour=8.1700000000 
parameter is :
0.5852951941,0.6270758710,1.0837679408,0.0459520325,0.3929392432,0.3095502733,305.1418994770,-42.1912859010,8.1700011753,79.0015975391,-0.0036427009,0.3609758378,-0.0468517218,

##################################
1.0000000000,0.1565108309,0.7542510851,0.2524073048,0.6848705146,0.1595835483,297.0000000000,-83.0000000000,2.0000000000,146.0000000000,-0.0013000000,0.3600000000,0.1000000000

optimal_chisq=1.8895171938,optimal_hour=8.0100022318, source_hour=8.0100000000 
parameter is :
-0.4497720342,-0.3533238355,-0.4057362726,-0.3723230783,-0.3271192122,-0.4170910457,276.9812796417,-97.5463599527,8.0100022318,140.9694064634,-0.0086352278,0.3602556086,0.0457794836,

##################################
1.0000000000,0.7865807050,1.3573698848,0.2615193079,0.6942052411,0.8338209486,242.0000000000,58.0000000000,10.0000000000,15.0000000000,-0.0021000000,0.3300000000,0.0500000000

optimal_chisq=1.4739180256,optimal_hour=8.1400009920, source_hour=8.1400000000 
parameter is :
9.5699574603,9.7567047421,11.5353630106,5.5525811528,6.5515596942,10.7014928577,237.3338440582,45.6066524480,8.1400009920,-2.2495574410,-0.0171400597,0.3301425295,-0.1593815837,

##################################
1.0000000000,0.9458223870,1.0563483253,0.7740513669,0.6643815450,1.0902910220,306.0000000000,49.0000000000,5.0000000000,58.0000000000,-0.0023000000,0.4500000000,0.1800000000

optimal_chisq=1.7132398299,optimal_hour=8.2100005697, source_hour=8.2100000000 
parameter is :
1.0124059021,0.9708354227,1.0302725631,0.7437409588,0.6817552828,1.0934070044,305.9998769672,49.0002894425,8.2100005697,57.9999315822,-0.0046646508,0.4499879143,0.1787539982,

##################################
1.0000000000,0.0235457262,0.7751816212,0.0635088755,0.5840916039,0.0782189023,56.0000000000,14.0000000000,20.0000000000,128.0000000000,-0.0018000000,0.2000000000,0.0700000000

optimal_chisq=1.7318684225,optimal_hour=7.5300120220, source_hour=7.5300000000 
parameter is :
4.7229256645,3.1679257808,4.3181537473,5.4292582871,4.7422541391,4.0621489611,32.1577861314,-7.9291416271,7.5300120220,148.9922055638,-0.0265156868,0.2062530134,0.0614153512,

##################################
1.0000000000,0.6425191791,0.9276041656,0.5929025050,0.5763035432,0.8641882982,15.0000000000,84.0000000000,9.0000000000,123.0000000000,-0.0015000000,0.4600000000,0.1800000000

optimal_chisq=1.5923594890,optimal_hour=8.2100018120, source_hour=8.2100000000 
parameter is :
0.8018790425,0.8912380645,0.6413249729,0.9517950896,0.4788265265,1.0420924792,15.0274708320,83.9933764198,8.2100018120,123.0265543396,-0.0232376616,0.4600865118,-0.0301176214,

##################################
1.0000000000,0.0430349214,0.3115767552,0.6678327351,0.0617919915,0.9048323896,7.0000000000,7.0000000000,4.0000000000,315.0000000000,-0.0017000000,0.2200000000,0.1300000000

optimal_chisq=2.1056444420,optimal_hour=7.6500121184, source_hour=7.6500000000 
parameter is :
1.0937748760,0.0983991975,0.0708128907,1.1575618137,0.2145478587,0.9366653300,3.8244649005,6.0162662020,7.6500121184,313.1805918760,-0.0147087139,0.2198918272,0.4973960521,

##################################
1.0000000000,0.3698323035,0.2711080644,1.0579264942,0.1151081318,1.1963725067,289.0000000000,50.0000000000,15.0000000000,170.0000000000,-0.0016000000,0.3600000000,0.1200000000

optimal_chisq=1.5855142962,optimal_hour=8.2100002172, source_hour=8.2100000000 
parameter is :
0.8086521074,0.8356095613,0.4643202933,1.1031154921,0.5109934846,1.0750285125,289.0145345900,50.0159662056,8.2100002172,170.0032507859,-0.0093480509,0.3600255397,0.1626041459,

##################################
1.0000000000,0.9971215073,1.1452227663,0.7297391658,1.6186582114,0.0638992067,17.0000000000,-73.0000000000,10.0000000000,273.0000000000,-0.0021000000,0.3200000000,0.1700000000

optimal_chisq=1.3730677801,optimal_hour=7.9999996136, source_hour=8.0000000000 
parameter is :
-2.6831739689,-0.9352497640,4.1160379901,3.8297899416,3.8019443646,3.3169132411,75.8763551915,-43.4192975840,7.9999996136,342.4924771111,-0.0226474037,0.3393777048,0.1088841734,

##################################
1.0000000000,0.9111281028,0.7256639480,1.1062390028,0.7762864417,0.9665325062,137.0000000000,-38.0000000000,12.0000000000,285.0000000000,-0.0016000000,0.2000000000,0.1700000000

optimal_chisq=1.9074725073,optimal_hour=8.1700015336, source_hour=8.1700000000 
parameter is :
1.2542535907,0.7005634654,0.7319977268,0.7883277119,0.9598011155,1.0955656105,137.9527481011,-39.0862032206,8.1700015336,284.7680926226,-0.0134193879,0.1998886855,0.0071246429,

##################################
1.0000000000,0.5784759277,0.7250344409,0.7554991728,0.2585029090,1.1862455254,137.0000000000,-45.0000000000,23.0000000000,191.0000000000,-0.0017000000,0.3700000000,0.1700000000

optimal_chisq=1.8373798267,optimal_hour=8.2699998997, source_hour=8.2700000000 
parameter is :
0.9211992838,0.8855573773,0.6130359600,1.0749417669,0.5540088722,1.2269675899,135.3102422084,-46.9440308853,8.2699998997,192.6174475166,-0.0468506806,0.3697933356,-0.1308211421,

##################################
1.0000000000,0.3680385399,0.3622022426,0.9506587508,0.9705392779,0.1725051741,198.0000000000,-62.0000000000,11.0000000000,171.0000000000,-0.0018000000,0.3000000000,0.0800000000

optimal_chisq=1.8061170437,optimal_hour=8.1600003824, source_hour=8.1600000000 
parameter is :
0.8644743899,0.7365369546,0.7902605693,0.9093177861,0.8224986844,0.7025110531,192.3554739540,-53.0408506323,8.1600003824,172.7748858111,-0.0374327132,0.3015430256,-0.0538978852,

##################################
1.0000000000,0.6450941892,0.0896332922,1.5444907022,0.7974491531,0.7324245140,48.0000000000,75.0000000000,22.0000000000,64.0000000000,-0.0012000000,0.2900000000,0.1300000000

optimal_chisq=1.8651285976,optimal_hour=8.1499998098, source_hour=8.1500000000 
parameter is :
1.3957391117,0.7317055165,1.2927074456,0.9574820767,0.3685483858,0.8967407233,48.4127821733,74.9019808611,8.1499998098,64.4445353142,-0.0057333341,0.2903077197,-0.0602499750,

##################################
1.0000000000,0.6281188171,1.0710536857,0.4126936976,0.7079508537,0.6732868998,128.0000000000,86.0000000000,2.0000000000,137.0000000000,-0.0012000000,0.2300000000,0.1800000000

optimal_chisq=1.6374592375,optimal_hour=8.3599999995, source_hour=8.3600000000 
parameter is :
1.0115599598,0.6134637222,0.9100518446,0.5879708058,0.9660433924,0.5524516807,128.0450909238,86.0066690401,8.3599999995,137.0495724699,0.0019815253,0.2300104924,0.0850028324,

##################################
1.0000000000,0.2677907493,0.4458512899,0.7471979885,0.3534276439,0.7770971042,30.0000000000,1.0000000000,23.0000000000,332.0000000000,-0.0017000000,0.3900000000,0.1800000000

optimal_chisq=1.5218845785,optimal_hour=7.9799979027, source_hour=7.9800000000 
parameter is :
1.8009532671,2.0937304907,1.6435123967,2.3320576709,0.5992305289,3.1686305245,14.2420759580,15.2725863533,7.9799979027,328.7448188476,-0.0444930561,0.3894216491,-0.1061136409,

##################################
1.0000000000,0.2456954882,0.7043081526,0.4156086831,0.8132593174,0.1351596084,86.0000000000,59.0000000000,10.0000000000,299.0000000000,-0.0021000000,0.3700000000,0.0800000000

optimal_chisq=1.7686306147,optimal_hour=8.1300002103, source_hour=8.1300000000 
parameter is :
0.7691101210,0.5271511059,0.8289339290,0.5541446148,0.8581056737,0.3861298160,90.6303707382,56.2728324990,8.1300002103,297.5683222225,-0.0125702679,0.3699416813,-0.0030247072,

##################################
1.0000000000,0.9105490264,0.5940922609,1.2520980415,0.0611422497,1.7784005041,175.0000000000,34.0000000000,18.0000000000,117.0000000000,-0.0024000000,0.2600000000,0.0700000000

optimal_chisq=1.8291750390,optimal_hour=8.5300021282, source_hour=8.5300000000 
parameter is :
0.8683265457,0.4829615790,0.4880564131,0.8650539234,0.6408267713,0.7281203614,176.7174775399,39.0932901326,8.5300021282,116.5831362068,-0.0139367995,0.2598371216,0.2798267906,

##################################
1.0000000000,0.4545174327,1.1365207647,0.1399201505,0.3784268355,0.8356755417,117.0000000000,61.0000000000,3.0000000000,193.0000000000,-0.0021000000,0.3800000000,0.1000000000

optimal_chisq=1.7774588290,optimal_hour=8.2799993431, source_hour=8.2800000000 
parameter is :
0.8155585942,0.7094240195,1.0649851404,0.3961295849,0.8216868044,0.6524743812,116.5497374306,61.5974989907,8.2799993431,193.0182467371,-0.0256965151,0.3799254528,0.1388961427,

##################################
1.0000000000,0.1188918152,0.3905393346,0.6535423709,0.1029588368,0.9210131712,191.0000000000,-2.0000000000,15.0000000000,294.0000000000,-0.0023000000,0.4200000000,0.1600000000

optimal_chisq=1.7126919973,optimal_hour=8.1599994103, source_hour=8.1600000000 
parameter is :
0.5817015158,0.2796496004,0.4979160977,0.1939234125,0.4382059983,0.5059838405,187.8187494683,-16.3830226556,8.1599994103,291.9895333260,-0.0516892419,0.4205438097,0.1575806626,

##################################
1.0000000000,0.8372842343,1.4635775508,0.1974848174,1.2323392406,0.2640103869,321.0000000000,-70.0000000000,13.0000000000,127.0000000000,-0.0017000000,0.4100000000,0.1000000000

optimal_chisq=1.5417966604,optimal_hour=8.1600025931, source_hour=8.1600000000 
parameter is :
0.9184747461,0.8393818532,1.4245951759,0.1569953561,1.3516203419,0.2117267463,321.0003942598,-69.9939735125,8.1600025931,126.9995994105,-0.0159108190,0.4097653396,0.3332733980,

##################################
1.0000000000,0.9749258645,0.3076316967,1.6356328380,1.3308303361,0.4641507005,302.0000000000,56.0000000000,10.0000000000,4.0000000000,-0.0016000000,0.4200000000,0.1600000000

optimal_chisq=1.6762952171,optimal_hour=8.2100058893, source_hour=8.2100000000 
parameter is :
1.1234577850,1.0542494095,1.2602718333,1.1708904428,1.2762987111,0.9372324182,304.8683683751,53.2267730536,8.2100058893,4.9981622848,-0.0073473488,0.4200961539,0.1183577778,

##################################
1.0000000000,0.8729319400,1.0780352277,0.6716720763,0.3903321793,1.3135585507,151.0000000000,76.0000000000,2.0000000000,74.0000000000,-0.0021000000,0.2600000000,0.1400000000

optimal_chisq=1.7258544385,optimal_hour=8.4799974121, source_hour=8.4800000000 
parameter is :
0.7729843860,1.4368158161,1.1233331216,0.9159636811,0.9365752014,1.1175993179,151.2322629940,75.8140018295,8.4799974121,74.1900261441,-0.0343166022,0.2589392780,0.0241538083,

##################################
1.0000000000,0.6912442216,1.3501751845,0.1625613973,0.1166897333,1.3804585822,308.0000000000,89.0000000000,18.0000000000,87.0000000000,-0.0022000000,0.3900000000,0.1200000000

optimal_chisq=1.9632762857,optimal_hour=7.8400030893, source_hour=7.8400000000 
parameter is :
2.3669368528,1.8304087446,1.5031733082,2.4492907705,1.7028705264,2.1920326390,305.5983690226,86.1310961119,7.8400030893,88.6306303761,-0.0264216450,0.3899248785,0.0459551385,

##################################
1.0000000000,0.9654864697,0.2329704701,1.7085168243,0.0401096800,1.8972369325,328.0000000000,45.0000000000,18.0000000000,151.0000000000,-0.0024000000,0.4200000000,0.0900000000

optimal_chisq=1.6035833148,optimal_hour=7.8500010534, source_hour=7.8500000000 
parameter is :
1.0783271889,1.0452052728,0.1342905964,1.7799821158,0.2269450754,1.7125859300,340.7612269212,42.5533046810,7.8500010534,153.4877167912,-0.0055709594,0.4202673033,-0.0290643762,

##################################
1.0000000000,0.4295677270,0.0250366248,1.4010197930,1.0804533220,0.1732398130,242.0000000000,6.0000000000,8.0000000000,335.0000000000,-0.0024000000,0.2300000000,0.1400000000

optimal_chisq=1.7501534460,optimal_hour=7.8500049031, source_hour=7.8500000000 
parameter is :
1.2693000129,0.8736468989,0.9012796924,0.3099396587,1.0866149870,1.3361901344,236.6443966702,0.0776819960,7.8500049031,339.6732804256,-0.0081802184,0.2299685274,-0.0338177995,

##################################
1.0000000000,0.4733399690,0.8412029829,0.5073837194,0.1399365284,1.1875675221,145.0000000000,-1.0000000000,22.0000000000,20.0000000000,-0.0022000000,0.3000000000,0.0800000000

optimal_chisq=1.9983281336,optimal_hour=7.8700021512, source_hour=7.8700000000 
parameter is :
0.9471713785,0.5593789148,1.0393833378,0.4027111830,0.3720582135,1.0754296401,144.9830190188,-0.9968414437,7.8700021512,20.0023194782,-0.0158684712,0.2999487980,0.0894586337,

##################################
1,chisq=1.373067780050045483264398171741,optimalHour=7.9999996136,InitHout=8.0000000000,deviation=0.0000003864
2,chisq=1.473918025635868378486748042633,optimalHour=8.1400009920,InitHout=8.1400000000,deviation=0.0000009920
3,chisq=1.493340903237461603225710859988,optimalHour=8.3300016696,InitHout=8.3300000000,deviation=0.0000016696
4,chisq=1.499710113802204869415390930953,optimalHour=8.1700011753,InitHout=8.1700000000,deviation=0.0000011753
5,chisq=1.521884578522859188254301443521,optimalHour=7.9799979027,InitHout=7.9800000000,deviation=0.0000020973
6,chisq=1.541796660404301411162464319204,optimalHour=8.1600025931,InitHout=8.1600000000,deviation=0.0000025931
7,chisq=1.585514296166132597321052344341,optimalHour=8.2100002172,InitHout=8.2100000000,deviation=0.0000002172
8,chisq=1.592359488958554836202097249043,optimalHour=8.2100018120,InitHout=8.2100000000,deviation=0.0000018120
9,chisq=1.603583314820250071974783168116,optimalHour=7.8500010534,InitHout=7.8500000000,deviation=0.0000010534
10,chisq=1.617976964986881371899585246865,optimalHour=8.1599984599,InitHout=8.1600000000,deviation=0.0000015401
11,chisq=1.637459237476876827699356908852,optimalHour=8.3599999995,InitHout=8.3600000000,deviation=0.0000000005
12,chisq=1.676295217131251513720258117246,optimalHour=8.2100058893,InitHout=8.2100000000,deviation=0.0000058893
13,chisq=1.712691997303859903212241988513,optimalHour=8.1599994103,InitHout=8.1600000000,deviation=0.0000005897
14,chisq=1.713239829938915770313201392128,optimalHour=8.2100005697,InitHout=8.2100000000,deviation=0.0000005697
15,chisq=1.725854438508788613049205196148,optimalHour=8.4799974121,InitHout=8.4800000000,deviation=0.0000025879
16,chisq=1.731868422512397032164699339774,optimalHour=7.5300120220,InitHout=7.5300000000,deviation=0.0000120220
17,chisq=1.750153446006819102365170692792,optimalHour=7.8500049031,InitHout=7.8500000000,deviation=0.0000049031
18,chisq=1.756302852994737762060140084941,optimalHour=8.1700003955,InitHout=8.1700000000,deviation=0.0000003955
19,chisq=1.768630614686462099172103989986,optimalHour=8.1300002103,InitHout=8.1300000000,deviation=0.0000002103
20,chisq=1.777458828976948623790121928323,optimalHour=8.2799993431,InitHout=8.2800000000,deviation=0.0000006569
21,chisq=1.806117043650679265809344542504,optimalHour=8.1600003824,InitHout=8.1600000000,deviation=0.0000003824
22,chisq=1.829175038970694444628861674573,optimalHour=8.5300021282,InitHout=8.5300000000,deviation=0.0000021282
23,chisq=1.837379826651068359666396645480,optimalHour=8.2699998997,InitHout=8.2700000000,deviation=0.0000001003
24,chisq=1.865128597608890492764999180508,optimalHour=8.1499998098,InitHout=8.1500000000,deviation=0.0000001902
25,chisq=1.889517193807835671037764768698,optimalHour=8.0100022318,InitHout=8.0100000000,deviation=0.0000022318
26,chisq=1.907472507309663223296070100332,optimalHour=8.1700015336,InitHout=8.1700000000,deviation=0.0000015336
27,chisq=1.917576700409632906030310550705,optimalHour=8.3600006330,InitHout=8.3600000000,deviation=0.0000006330
28,chisq=1.963276285683353217237367971393,optimalHour=7.8400030893,InitHout=7.8400000000,deviation=0.0000030893
29,chisq=1.998328133564430508783971163211,optimalHour=7.8700021512,InitHout=7.8700000000,deviation=0.0000021512
30,chisq=2.105644442035894403630891247303,optimalHour=7.6500121184,InitHout=7.6500000000,deviation=0.0000121184
1.0000000000,0.9971215073,1.1452227663,0.7297391658,1.6186582114,0.0638992067,17.0000000000,-73.0000000000,10.0000000000,273.0000000000,-0.0021000000,0.3200000000,0.1700000000

optimal_chisq=1.3730677801,optimal_hour=7.9999996136, source_hour=8.0000000000 
parameter is :
-2.6831739689,-0.9352497640,4.1160379901,3.8297899416,3.8019443646,3.3169132411,75.8763551915,-43.4192975840,7.9999996136,342.4924771111,-0.0226474037,0.3393777048,0.1088841734,

run over!

##################################
1.0000000000,0.7865807050,1.3573698848,0.2615193079,0.6942052411,0.8338209486,242.0000000000,58.0000000000,10.0000000000,15.0000000000,-0.0021000000,0.3300000000,0.0500000000

optimal_chisq=1.4739180256,optimal_hour=8.1400009920, source_hour=8.1400000000 
parameter is :
9.5699574603,9.7567047421,11.5353630106,5.5525811528,6.5515596942,10.7014928577,237.3338440582,45.6066524480,8.1400009920,-2.2495574410,-0.0171400597,0.3301425295,-0.1593815837,

run over!

##################################
1.0000000000,0.1689121752,0.8386815433,0.1627309086,0.1535392307,0.8162073758,339.0000000000,-59.0000000000,9.0000000000,184.0000000000,-0.0016000000,0.4900000000,0.1000000000

optimal_chisq=1.4933409032,optimal_hour=8.3300016696, source_hour=8.3300000000 
parameter is :
0.7249339305,0.6798851060,0.9093643905,0.4375097490,0.4637139984,0.8912777755,338.4822940186,-59.3335385642,8.3300016696,184.4261875676,-0.0268432398,0.4899908099,0.3094230756,

run over!

##################################
1.0000000000,0.1772032763,0.7247768233,0.3127084565,0.7895963481,0.0625749301,304.0000000000,-41.0000000000,15.0000000000,83.0000000000,-0.0022000000,0.3600000000,0.1300000000

optimal_chisq=1.4997101138,optimal_hour=8.1700011753, source_hour=8.1700000000 
parameter is :
0.5852951941,0.6270758710,1.0837679408,0.0459520325,0.3929392432,0.3095502733,305.1418994770,-42.1912859010,8.1700011753,79.0015975391,-0.0036427009,0.3609758378,-0.0468517218,

run over!

##################################
1.0000000000,0.2677907493,0.4458512899,0.7471979885,0.3534276439,0.7770971042,30.0000000000,1.0000000000,23.0000000000,332.0000000000,-0.0017000000,0.3900000000,0.1800000000

optimal_chisq=1.3752371232,optimal_hour=8.0100017410, source_hour=8.0100000000 
parameter is :
1.1250039904,0.4259652526,0.6726183455,0.9721573935,0.2496167758,1.2831564675,35.9174569766,3.7933654807,8.0100017410,330.5562965723,-0.0190306656,0.3899317000,0.4085379935,

run over!

##################################
1.0000000000,0.8372842343,1.4635775508,0.1974848174,1.2323392406,0.2640103869,321.0000000000,-70.0000000000,13.0000000000,127.0000000000,-0.0017000000,0.4100000000,0.1000000000

optimal_chisq=1.4776171422,optimal_hour=8.1710001193, source_hour=8.1710000000 
parameter is :
0.8389959031,0.9018620930,1.3973179880,0.3804978965,1.0748604558,0.8385536710,323.1079611255,-63.8689920705,8.1710001193,126.9454992251,-0.0157757166,0.4098566022,0.0039401165,

run over!

##################################
1,chisq=1.373067780050045483264398171741,optimalHour=7.9999996136,InitHout=8.0000000000,deviation=0.0000003864
2,chisq=1.375237123201658473448105723946,optimalHour=8.0100017410,InitHout=8.0100000000,deviation=0.0000017410
3,chisq=1.473918025635868378486748042633,optimalHour=8.1400009920,InitHout=8.1400000000,deviation=0.0000009920
4,chisq=1.477617142164328489783997611084,optimalHour=8.1710001193,InitHout=8.1710000000,deviation=0.0000001193
5,chisq=1.493340903237461603225710859988,optimalHour=8.3300016696,InitHout=8.3300000000,deviation=0.0000016696
6,chisq=1.499710113802204869415390930953,optimalHour=8.1700011753,InitHout=8.1700000000,deviation=0.0000011753






1.0000000000,0.7865807050,1.3573698848,0.2615193079,0.6942052411,0.8338209486,242.0000000000,58.0000000000,10.0000000000,15.0000000000,-0.0021000000,0.3300000000,0.0500000000


1.0000000000,0.7865807050,1.3573698848,0.2615193079,0.6942052411,0.8338209486,242.0000000000,58.0000000000,10.0000000000,15.0000000000,-0.0021000000,0.3300000000,0.0500000000

optimal_chisq=0.9539816885,optimal_hour=8.1693000251 
parameter is :
1.1464762963,0.8978788688,1.1008764597,0.6737886171,0.6427825578,0.7929398488,242.0092477797,57.9993285906,8.1693000251,15.0081309544,-0.0091502502,0.3299401361,-0.0437605118,


Pole:
optimalLambda,optimalBeta:(50.6188893700,-11.1528368255)
optimalParameter:{0.9243130814,0.9647360574,1.1372844856,0.5418866834,0.5049643671,1.1861194080,50.6188893700,-11.1528368255,8.1693003736,273.4034231400,-0.0256414414,0.4798941368,0.2542718533}

