1.0000000000,0.4555122989,1.1733263190,0.0975354826,0.5450523304,0.6332984204,68.0000000000,-55.0000000000,11.0000000000,178.0000000000,-0.0014000000,0.2500000000,0.0800000000

optimal_chisq=0.6853582676,optimal_hour=8.5799999375, source_hour=8.5800000000 
parameter is :
0.4265630681,0.4742733497,0.4999200002,0.4430158355,0.4495673785,0.3808027468,67.0763556024,-53.6506766331,8.5799999375,176.5603355825,-0.0261803758,0.2501728049,-0.0154630263,

##################################
1.0000000000,0.6749861299,1.2765780930,0.2288064416,0.8814342957,0.4959649350,272.0000000000,-82.0000000000,9.0000000000,11.0000000000,-0.0018000000,0.3300000000,0.1300000000

optimal_chisq=0.6082372918,optimal_hour=8.3800005927, source_hour=8.3800000000 
parameter is :
1.2995881565,1.3100024398,1.6886749236,0.9836631083,0.6049444831,1.9141157309,266.9876199003,-80.1907327780,8.3800005927,5.3745998141,-0.0364644872,0.3300850715,0.0250196736,

##################################
1.0000000000,0.2238839172,0.6014364472,0.5146738080,0.8512626646,0.0825224092,339.0000000000,-82.0000000000,6.0000000000,117.0000000000,-0.0024000000,0.2600000000,0.1700000000

optimal_chisq=0.6520657742,optimal_hour=8.3600009765, source_hour=8.3600000000 
parameter is :
0.8054911508,0.5064944219,0.6433937945,0.6725959667,0.7784229870,0.5519457250,338.6914611845,-82.1822894529,8.3600009765,117.3833327843,-0.0174895753,0.2598753401,-0.0669563245,

##################################
1.0000000000,0.0705032871,0.7024290352,0.2149332138,0.5874693906,0.1759977177,22.0000000000,-81.0000000000,14.0000000000,286.0000000000,-0.0022000000,0.2700000000,0.1000000000

optimal_chisq=0.5932070455,optimal_hour=8.3799998968, source_hour=8.3800000000 
parameter is :
0.2581330527,0.3330877962,0.0948076770,0.3943635636,0.3657738360,0.2345541390,6.6066472445,-68.1428383535,8.3799998968,293.1949457984,-0.0270962343,0.2705644665,-0.0319830387,

##################################
1.0000000000,0.8697007647,0.0374280391,1.8282604761,1.4746818518,0.2166227136,344.0000000000,56.0000000000,20.0000000000,185.0000000000,-0.0023000000,0.3800000000,0.0700000000

optimal_chisq=0.6504338954,optimal_hour=8.4699998858, source_hour=8.4700000000 
parameter is :
0.9903258095,1.0919185159,1.1316224317,1.6617235988,1.1154386425,1.6757982391,361.5712536419,43.4211082654,8.4699998858,200.7715434703,-0.0220132330,0.3822734510,0.1031294432,

##################################
1.0000000000,0.3760614490,1.0798828658,0.1155034586,0.1315235009,1.0414369173,119.0000000000,-1.0000000000,21.0000000000,289.0000000000,-0.0012000000,0.4800000000,0.1600000000

optimal_chisq=0.6642195695,optimal_hour=8.5800003349, source_hour=8.5800000000 
parameter is :
1.0726377291,1.3966133173,1.4940411794,0.9012729787,1.0394382073,1.3710759763,113.1471565972,-0.4605767890,8.5800003349,282.6051726799,-0.0319929813,0.4799940755,0.0330810050,

##################################
1.0000000000,0.1214905922,0.6558131347,0.3330357238,0.0167119610,0.9687451800,41.0000000000,0.0000000000,5.0000000000,200.0000000000,-0.0012000000,0.4800000000,0.1200000000

optimal_chisq=0.6017528348,optimal_hour=7.9900041089, source_hour=7.9900000000 
parameter is :
0.7426038462,0.9899954572,1.1458089415,0.5139364379,0.5811445396,1.1142832551,37.4837409856,-6.2593740190,7.9900041089,204.1138084196,-0.0235083927,0.4799417036,-0.0310730067,

##################################
1.0000000000,0.7250310954,0.8708391563,0.7465043446,0.0851796459,1.5215610681,186.0000000000,-56.0000000000,8.0000000000,48.0000000000,-0.0016000000,0.2400000000,0.1300000000

optimal_chisq=0.6634292423,optimal_hour=8.5800001972, source_hour=8.5800000000 
parameter is :
0.9413743203,0.9228173509,0.9699624840,0.9252258094,0.6751285217,1.1791226005,185.4186489653,-55.3674388425,8.5800001972,47.5256379242,-0.0254988555,0.2404854780,-0.0073973580,

##################################
1.0000000000,0.8569551338,0.1032297283,1.7425398568,0.9962908527,0.7343427682,58.0000000000,1.0000000000,13.0000000000,356.0000000000,-0.0018000000,0.3600000000,0.0700000000

optimal_chisq=0.6193305870,optimal_hour=8.7900007877, source_hour=8.7900000000 
parameter is :
1.5165235911,0.6107165352,1.2009185067,1.0397095917,1.3709767899,0.8520693000,56.7183996850,2.3086704634,8.7900007877,355.8587009618,-0.0394367190,0.3607567581,0.2759240237,

##################################
1.0000000000,0.6488800178,0.9752949873,0.5453075966,1.0001492943,0.3749919733,154.0000000000,9.0000000000,7.0000000000,244.0000000000,-0.0015000000,0.4700000000,0.0700000000

optimal_chisq=0.6504085031,optimal_hour=8.3699999631, source_hour=8.3700000000 
parameter is :
0.7482662908,0.8911293554,0.8555876083,0.7501790830,1.0956352291,0.3229423407,154.9097984901,10.0042900637,8.3699999631,246.2537916528,-0.0138627518,0.4699601518,-0.0183027310,

##################################
1.0000000000,0.0611526207,0.8593334526,0.0023690129,0.0511344499,0.7985316521,194.0000000000,-76.0000000000,15.0000000000,121.0000000000,-0.0012000000,0.2800000000,0.1700000000

optimal_chisq=0.5913942008,optimal_hour=7.9900006810, source_hour=7.9900000000 
parameter is :
0.5947173057,0.4371357441,0.3425083864,0.6757220595,0.5251511907,0.5095156468,252.2518041878,-129.3840604387,7.9900006810,122.4534905941,-0.0157870592,0.2818852724,0.0632637519,

##################################
1.0000000000,0.7907141223,0.7165279514,0.9902221566,1.5023243638,0.0051027600,162.0000000000,-36.0000000000,5.0000000000,21.0000000000,-0.0022000000,0.2000000000,0.1600000000

optimal_chisq=0.6745543095,optimal_hour=7.9100012305, source_hour=7.9100000000 
parameter is :
1.0174439948,1.0178958765,0.7341089373,1.2556828737,1.0900342055,-0.9172810061,154.8076307363,-47.2923134035,7.9100012305,17.2969409189,-0.0224113754,0.1997643184,-0.1164314257,

##################################
1.0000000000,0.8967180289,1.6249825946,0.0812605148,0.0901585897,1.6054501572,358.0000000000,18.0000000000,8.0000000000,348.0000000000,-0.0016000000,0.4800000000,0.1900000000

optimal_chisq=0.6605394921,optimal_hour=8.0600055420, source_hour=8.0600000000 
parameter is :
1.4714726785,1.2982397457,1.4600557083,1.3867055995,1.2211491457,1.5450827046,357.4090361812,17.7866422979,8.0600055420,347.9762557750,-0.0271979701,0.4797503905,-0.0221569403,

##################################
1.0000000000,0.7549868048,0.0251246493,1.7269942394,1.4448624422,0.1229394843,6.0000000000,2.0000000000,21.0000000000,3.0000000000,-0.0020000000,0.3200000000,0.0700000000

optimal_chisq=0.6604163203,optimal_hour=8.2900024852, source_hour=8.2900000000 
parameter is :
-1.8037644417,-0.6017451285,-1.1971510909,-1.1152277086,-1.4172460324,-0.9623080295,21.5869421502,22.4446990504,8.2900024852,36.8759441626,-0.0168354576,0.1604200487,0.0443502378,

##################################
1.0000000000,0.6152834425,0.6983018681,0.8253180485,0.0926141603,1.4187500526,324.0000000000,47.0000000000,22.0000000000,266.0000000000,-0.0018000000,0.2200000000,0.1300000000

optimal_chisq=0.6464940252,optimal_hour=8.3800012795, source_hour=8.3800000000 
parameter is :
0.9564926208,0.8591356607,1.0015507824,0.8161076656,0.6003239403,1.1836357923,312.6485607401,40.2863688755,8.3800012795,279.6511947108,-0.0232486201,0.2203887391,0.1526223294,

##################################
1.0000000000,0.7561227809,0.3217908903,1.3968855293,1.2638865055,0.2923626439,349.0000000000,-56.0000000000,3.0000000000,45.0000000000,-0.0012000000,0.2000000000,0.0900000000

optimal_chisq=0.6394814711,optimal_hour=7.9300033754, source_hour=7.9300000000 
parameter is :
0.9666927176,0.9268781320,0.8939486474,0.9984702950,1.4136873046,0.3637283432,348.9597607237,-55.9520140776,7.9300033754,45.0069904266,-0.0223325779,0.1995247645,0.0655043764,

##################################
1.0000000000,0.1378726974,0.7422371051,0.2453173844,0.2233743971,0.7166551172,68.0000000000,57.0000000000,19.0000000000,42.0000000000,-0.0019000000,0.4700000000,0.1800000000

optimal_chisq=0.6709867154,optimal_hour=8.2700022453, source_hour=8.2700000000 
parameter is :
0.1677720825,0.2146616843,0.3792391819,0.1411549161,0.3370745210,0.1668235815,62.4754719306,53.5612736668,8.2700022453,36.0233057577,-0.0509774379,0.4705601926,0.1163174499,

##################################
1.0000000000,0.2031682433,0.9875761757,0.0194561181,0.3829743563,0.5411765953,158.0000000000,78.0000000000,5.0000000000,354.0000000000,-0.0016000000,0.2000000000,0.1300000000

optimal_chisq=0.6921175909,optimal_hour=8.2899999430, source_hour=8.2900000000 
parameter is :
0.4910178177,0.5436172673,0.3064758247,0.6600027369,0.4370915802,0.5888714235,158.3550249701,74.2788700864,8.2899999430,357.0602709301,-0.0218679914,0.2000313710,0.0885253957,

##################################
1.0000000000,0.9676472847,0.1649451740,1.7857910417,1.0755121409,0.7579005564,65.0000000000,5.0000000000,6.0000000000,92.0000000000,-0.0017000000,0.2800000000,0.0500000000

optimal_chisq=0.6432484466,optimal_hour=8.7800007369, source_hour=8.7800000000 
parameter is :
0.9313985345,1.4858818074,0.8170734267,1.1328798513,0.6920841921,1.7591614112,64.4594767433,11.9611580426,8.7800007369,92.8409074143,-0.0288528360,0.2800313160,-0.1529176301,

##################################
1.0000000000,0.3855458043,0.8910910653,0.3509687209,0.1342783934,1.0857694038,201.0000000000,50.0000000000,1.0000000000,291.0000000000,-0.0017000000,0.2400000000,0.0900000000

optimal_chisq=0.6609985411,optimal_hour=7.9800003169, source_hour=7.9800000000 
parameter is :
0.9097473721,0.7095225167,0.9133415846,0.6938001035,0.5547750227,1.0310521207,190.5757327757,35.0490021994,7.9800003169,294.5254029745,-0.0263666516,0.2394319301,0.0950854577,

##################################
1.0000000000,0.6911600245,0.7582367164,0.8379152203,0.5014127432,1.0292222348,304.0000000000,-63.0000000000,11.0000000000,307.0000000000,-0.0018000000,0.4200000000,0.0800000000

optimal_chisq=0.5955216823,optimal_hour=8.3700003697, source_hour=8.3700000000 
parameter is :
0.9760134781,0.6664116001,0.6551745033,0.9796924002,0.4923707899,1.0531841235,303.9994371425,-62.9991589517,8.3700003697,307.0005350922,-0.0223369760,0.4197470522,0.0723341269,

##################################
1.0000000000,0.0006446983,0.1041313780,0.8752485641,0.7138836189,0.0872859567,282.0000000000,-36.0000000000,9.0000000000,265.0000000000,-0.0022000000,0.3600000000,0.1500000000

optimal_chisq=0.6592912727,optimal_hour=8.8799976381, source_hour=8.8800000000 
parameter is :
1.7277193270,-1.4428675195,0.9895308063,2.0727634561,1.5522393562,1.6770231888,287.0585195365,-58.2719738290,8.8799976381,259.0191237438,-0.0206692897,0.3607704409,0.2161052145,

##################################
1.0000000000,0.6545758432,0.4160556124,1.1865994369,0.8578779248,0.6294162294,326.0000000000,-76.0000000000,22.0000000000,319.0000000000,-0.0014000000,0.2400000000,0.1300000000

optimal_chisq=0.6105411576,optimal_hour=8.3900003074, source_hour=8.3900000000 
parameter is :
0.8389292739,0.8554986316,0.6558372702,1.0308050772,0.8931437936,0.6212527726,325.1604953794,-75.9347603382,8.3900003074,320.0346301280,-0.0139001526,0.2398780080,-0.1508254958,

##################################
1.0000000000,0.5453121353,0.1324276648,1.3955507617,1.2072877783,0.1416988387,227.0000000000,67.0000000000,14.0000000000,205.0000000000,-0.0023000000,0.3000000000,0.0500000000

optimal_chisq=0.6869215962,optimal_hour=8.5100014571, source_hour=8.5100000000 
parameter is :
0.8000014674,0.7497612072,0.5475140549,0.9199925357,0.6327379796,0.8838136177,232.9467620118,61.5283521036,8.5100014571,212.2282229985,-0.0300461632,0.2999490543,-0.1911977235,

##################################
1.0000000000,0.2030541469,0.6478266927,0.4356438230,0.2851356394,0.7428608258,337.0000000000,46.0000000000,20.0000000000,108.0000000000,-0.0012000000,0.2400000000,0.0700000000

optimal_chisq=0.6437923256,optimal_hour=8.8100002803, source_hour=8.8100000000 
parameter is :
0.8032458664,0.3439187930,0.5868318124,0.5520983885,0.3547340047,0.7032180713,337.1373161811,45.9474547699,8.8100002803,108.0768243770,-0.0288748303,0.2401385104,-0.0390203481,

##################################
1.0000000000,0.8580853808,1.4545101779,0.2309836246,0.0458396097,1.6341972160,305.0000000000,11.0000000000,12.0000000000,310.0000000000,-0.0013000000,0.2700000000,0.1500000000

optimal_chisq=0.6206207432,optimal_hour=8.3800009225, source_hour=8.3800000000 
parameter is :
1.1703257317,1.0317616906,1.5006009009,0.6211900237,1.1534300355,1.0792665742,303.3674989764,15.0715671440,8.3800009225,305.9055331793,-0.0109115435,0.2704292491,0.0282795976,

##################################
1.0000000000,0.3519599695,0.4493562329,0.8324931216,0.2170489288,1.0299901404,59.0000000000,-75.0000000000,24.0000000000,237.0000000000,-0.0022000000,0.3700000000,0.1700000000

optimal_chisq=0.6735400699,optimal_hour=7.9100007944, source_hour=7.9100000000 
parameter is :
0.8473430618,0.3819403320,0.5770036282,0.6759078807,0.6379349003,0.6079230396,57.8427957429,-69.4625395565,7.9100007944,238.3955162909,-0.0390722473,0.3697199566,0.0495212670,

##################################
1.0000000000,0.2881470398,1.0642567194,0.0292379340,0.5222768294,0.4654662721,155.0000000000,3.0000000000,20.0000000000,154.0000000000,-0.0015000000,0.3400000000,0.1700000000

optimal_chisq=0.6487025144,optimal_hour=8.3600006818, source_hour=8.3600000000 
parameter is :
0.7396742126,0.7605285671,0.9914467634,0.5162088074,0.9256680311,0.4402249339,154.0819654504,4.8274393928,8.3600006818,152.6678803700,-0.0199240962,0.3398696846,-0.0370683773,

##################################
1.0000000000,0.8172349175,0.2030334524,1.5915744102,0.7321814927,0.9767369079,134.0000000000,-10.0000000000,22.0000000000,52.0000000000,-0.0017000000,0.3300000000,0.1300000000

optimal_chisq=0.6744689761,optimal_hour=8.6100019919, source_hour=8.6100000000 
parameter is :
0.9426202532,0.8589774785,0.9096892634,0.9562370040,0.9069372447,0.9704800002,133.9940301959,-9.9984350209,8.6100019919,52.0196352740,-0.0193088290,0.3297653459,-0.0509067393,

##################################
1.0000000000,0.3797109972,0.6913540490,0.5795606541,0.6506253141,0.5079773164,35.0000000000,-15.0000000000,2.0000000000,90.0000000000,-0.0016000000,0.4800000000,0.0700000000

optimal_chisq=0.6348433274,optimal_hour=7.7700052020, source_hour=7.7700000000 
parameter is :
0.8078036150,0.6089807314,0.5492278996,0.8630444039,1.0446586362,0.4657557392,33.9429553603,-14.0705677496,7.7700052020,89.8640171457,-0.0488790601,0.4803344405,0.1007647723,

##################################
1,chisq=0.591394200795543056869973952416,optimalHour=7.9900006810,InitHout=7.9900000000,deviation=0.0000006810
2,chisq=0.593207045535975030503550442518,optimalHour=8.3799998968,InitHout=8.3800000000,deviation=0.0000001032
3,chisq=0.595521682327458168337841470930,optimalHour=8.3700003697,InitHout=8.3700000000,deviation=0.0000003697
4,chisq=0.601752834844724193708032089489,optimalHour=7.9900041089,InitHout=7.9900000000,deviation=0.0000041089
5,chisq=0.608237291761692722147358836082,optimalHour=8.3800005927,InitHout=8.3800000000,deviation=0.0000005927
6,chisq=0.610541157598792127991771394591,optimalHour=8.3900003074,InitHout=8.3900000000,deviation=0.0000003074
7,chisq=0.619330586993391718486634545116,optimalHour=8.7900007877,InitHout=8.7900000000,deviation=0.0000007877
8,chisq=0.620620743244326145138245465205,optimalHour=8.3800009225,InitHout=8.3800000000,deviation=0.0000009225
9,chisq=0.634843327365008258666989604535,optimalHour=7.7700052020,InitHout=7.7700000000,deviation=0.0000052020
10,chisq=0.639481471122964384434794737899,optimalHour=7.9300033754,InitHout=7.9300000000,deviation=0.0000033754
11,chisq=0.643248446612495250462870899355,optimalHour=8.7800007369,InitHout=8.7800000000,deviation=0.0000007369
12,chisq=0.643792325604519155568539190426,optimalHour=8.8100002803,InitHout=8.8100000000,deviation=0.0000002803
13,chisq=0.646494025162511753990202123532,optimalHour=8.3800012795,InitHout=8.3800000000,deviation=0.0000012795
14,chisq=0.648702514410434250002879252861,optimalHour=8.3600006818,InitHout=8.3600000000,deviation=0.0000006818
15,chisq=0.650408503097293588801619534934,optimalHour=8.3699999631,InitHout=8.3700000000,deviation=0.0000000369
16,chisq=0.650433895442519838248074393050,optimalHour=8.4699998858,InitHout=8.4700000000,deviation=0.0000001142
17,chisq=0.652065774224452110452432407328,optimalHour=8.3600009765,InitHout=8.3600000000,deviation=0.0000009765
18,chisq=0.659291272720848309241148399451,optimalHour=8.8799976381,InitHout=8.8800000000,deviation=0.0000023619
19,chisq=0.660416320267198764248917086661,optimalHour=8.2900024852,InitHout=8.2900000000,deviation=0.0000024852
20,chisq=0.660539492073420775319902986666,optimalHour=8.0600055420,InitHout=8.0600000000,deviation=0.0000055420
21,chisq=0.660998541070883405268432397861,optimalHour=7.9800003169,InitHout=7.9800000000,deviation=0.0000003169
22,chisq=0.663429242262972174160040594870,optimalHour=8.5800001972,InitHout=8.5800000000,deviation=0.0000001972
23,chisq=0.664219569513048058162496545265,optimalHour=8.5800003349,InitHout=8.5800000000,deviation=0.0000003349
24,chisq=0.670986715395694544028515338141,optimalHour=8.2700022453,InitHout=8.2700000000,deviation=0.0000022453
25,chisq=0.673540069916847450315344758565,optimalHour=7.9100007944,InitHout=7.9100000000,deviation=0.0000007944
26,chisq=0.674468976116887608540650944633,optimalHour=8.6100019919,InitHout=8.6100000000,deviation=0.0000019919
27,chisq=0.674554309463289980541844670370,optimalHour=7.9100012305,InitHout=7.9100000000,deviation=0.0000012305
28,chisq=0.685358267579525115564820225700,optimalHour=8.5799999375,InitHout=8.5800000000,deviation=0.0000000625
29,chisq=0.686921596178647675401407468598,optimalHour=8.5100014571,InitHout=8.5100000000,deviation=0.0000014571
30,chisq=0.692117590870129695268531122565,optimalHour=8.2899999430,InitHout=8.2900000000,deviation=0.0000000570
1.0000000000,0.0611526207,0.8593334526,0.0023690129,0.0511344499,0.7985316521,194.0000000000,-76.0000000000,15.0000000000,121.0000000000,-0.0012000000,0.2800000000,0.1700000000

optimal_chisq=0.5913942008,optimal_hour=7.9900006810, source_hour=7.9900000000 
parameter is :
0.5947173057,0.4371357441,0.3425083864,0.6757220595,0.5251511907,0.5095156468,252.2518041878,-129.3840604387,7.9900006810,122.4534905941,-0.0157870592,0.2818852724,0.0632637519,

run over!

##################################
1.0000000000,0.0705032871,0.7024290352,0.2149332138,0.5874693906,0.1759977177,22.0000000000,-81.0000000000,14.0000000000,286.0000000000,-0.0022000000,0.2700000000,0.1000000000

optimal_chisq=0.5932070455,optimal_hour=8.3799998968, source_hour=8.3800000000 
parameter is :
0.2581330527,0.3330877962,0.0948076770,0.3943635636,0.3657738360,0.2345541390,6.6066472445,-68.1428383535,8.3799998968,293.1949457984,-0.0270962343,0.2705644665,-0.0319830387,

run over!

##################################
1.0000000000,0.6911600245,0.7582367164,0.8379152203,0.5014127432,1.0292222348,304.0000000000,-63.0000000000,11.0000000000,307.0000000000,-0.0018000000,0.4200000000,0.0800000000

optimal_chisq=0.5842325828,optimal_hour=8.3740005517, source_hour=8.3740000000 
parameter is :
0.9897815647,0.6949940501,0.7795046015,0.8431902183,0.5042277095,1.0152084518,303.9999114898,-63.0001184783,8.3740005517,307.0001059946,-0.0184156637,0.4198291360,0.0523264804,

run over!

##################################
1.0000000000,0.1214905922,0.6558131347,0.3330357238,0.0167119610,0.9687451800,41.0000000000,0.0000000000,5.0000000000,200.0000000000,-0.0012000000,0.4800000000,0.1200000000

optimal_chisq=0.6017528348,optimal_hour=7.9900041089, source_hour=7.9900000000 
parameter is :
0.7426038462,0.9899954572,1.1458089415,0.5139364379,0.5811445396,1.1142832551,37.4837409856,-6.2593740190,7.9900041089,204.1138084196,-0.0235083927,0.4799417036,-0.0310730067,

run over!

##################################
1.0000000000,0.6749861299,1.2765780930,0.2288064416,0.8814342957,0.4959649350,272.0000000000,-82.0000000000,9.0000000000,11.0000000000,-0.0018000000,0.3300000000,0.1300000000

optimal_chisq=0.6082372918,optimal_hour=8.3800005927, source_hour=8.3800000000 
parameter is :
1.2995881565,1.3100024398,1.6886749236,0.9836631083,0.6049444831,1.9141157309,266.9876199003,-80.1907327780,8.3800005927,5.3745998141,-0.0364644872,0.3300850715,0.0250196736,

run over!

##################################
1.0000000000,0.6545758432,0.4160556124,1.1865994369,0.8578779248,0.6294162294,326.0000000000,-76.0000000000,22.0000000000,319.0000000000,-0.0014000000,0.2400000000,0.1300000000

optimal_chisq=0.5249036076,optimal_hour=8.3730015025, source_hour=8.3730000000 
parameter is :
1.2185707418,0.7714008185,0.8147816870,1.2359070426,0.1375764594,-0.0359979351,326.1936492909,-75.7900626369,8.3730015025,318.9224928461,-0.0245840531,0.2403028557,0.0929312234,

run over!

##################################
1,chisq=0.524903607637509872496650586982,optimalHour=8.3730015025,InitHout=8.3730000000,deviation=0.0000015025
2,chisq=0.584232582781737286303780365415,optimalHour=8.3740005517,InitHout=8.3740000000,deviation=0.0000005517
3,chisq=0.591394200795543056869973952416,optimalHour=7.9900006810,InitHout=7.9900000000,deviation=0.0000006810
4,chisq=0.593207045535975030503550442518,optimalHour=8.3799998968,InitHout=8.3800000000,deviation=0.0000001032
5,chisq=0.601752834844724193708032089489,optimalHour=7.9900041089,InitHout=7.9900000000,deviation=0.0000041089
6,chisq=0.608237291761692722147358836082,optimalHour=8.3800005927,InitHout=8.3800000000,deviation=0.0000005927




1.0000000000,0.6545758432,0.4160556124,1.1865994369,0.8578779248,0.6294162294,326.0000000000,-76.0000000000,22.0000000000,319.0000000000,-0.0014000000,0.2400000000,0.1300000000


1.0000000000,0.6545758432,0.4160556124,1.1865994369,0.8578779248,0.6294162294,326.0000000000,-76.0000000000,22.0000000000,319.0000000000,-0.0014000000,0.2400000000,0.1300000000

optimal_chisq=0.5249036076,optimal_hour=8.3730015025 
parameter is :
1.2185707418,0.7714008185,0.8147816870,1.2359070426,0.1375764594,-0.0359979351,326.1936492909,-75.7900626369,8.3730015025,318.9224928461,-0.0245840531,0.2403028557,0.0929312234,


Pole:
optimalLambda,optimalBeta:(125.0449801979,69.8767793539)
optimalParameter:{0.8182687487,0.2942064780,0.4217825876,0.6887098019,0.5026813278,0.6288701581,125.0449801979,69.8767793539,8.3730031660,84.2127994948,-0.0131195025,0.2197978688,-0.0417162064}











