1.0000000000,0.6205594175,0.8605919684,0.6457012551,0.8715869452,0.5083869392,167.0000000000,25.0000000000,23.0000000000,185.0000000000,-0.0012000000,0.3700000000,0.1900000000

optimal_chisq=0.6551202710,optimal_hour=4.8799999843, source_hour=4.8800000000 
parameter is :
1.0000000000,0.6205594175,0.8605919684,0.6457012551,0.8715869452,0.5083869392,167.0000000000,25.0000000000,4.8799999843,185.0000000000,-0.0012000000,0.3700000000,0.1900000000,

##################################
1.0000000000,0.1333210893,0.6806990833,0.3160362876,0.5319245147,0.3432527339,32.0000000000,53.0000000000,6.0000000000,301.0000000000,-0.0015000000,0.4400000000,0.1500000000

optimal_chisq=0.6948367426,optimal_hour=4.7500010222, source_hour=4.7500000000 
parameter is :
0.5854875102,0.3680748104,0.6556738315,0.2284838050,0.5635573814,0.3947721832,2.5835275297,17.4262955541,4.7500010222,310.3138603594,-0.0418858572,0.4455247045,-0.0830960788,

##################################
1.0000000000,0.1002206994,0.5010969459,0.4989045102,0.7412311488,0.0777593884,217.0000000000,33.0000000000,23.0000000000,226.0000000000,-0.0016000000,0.3300000000,0.0800000000

optimal_chisq=0.6921111173,optimal_hour=4.5600000101, source_hour=4.5600000000 
parameter is :
0.6767977400,0.5069629386,0.6148441787,0.5428706443,0.9014133151,0.1996284787,217.0022170274,33.0236964807,4.5600000101,225.9688445370,-0.0290322612,0.3297780074,0.0165623325,

##################################
1.0000000000,0.4126537351,0.9163348869,0.3518021500,0.1131730883,1.1368566859,314.0000000000,62.0000000000,21.0000000000,26.0000000000,-0.0013000000,0.4900000000,0.1600000000

optimal_chisq=0.6554689959,optimal_hour=4.0700006537, source_hour=4.0700000000 
parameter is :
0.8263695516,0.3590410010,0.8141146175,0.4765345702,0.4070345660,0.7613838379,314.6288908114,62.0462096560,4.0700006537,26.6227507916,-0.0469891684,0.4902777073,0.0201968533,

##################################
1.0000000000,0.0308868871,0.6139072582,0.2795579994,0.3735905252,0.4264860388,337.0000000000,52.0000000000,9.0000000000,214.0000000000,-0.0019000000,0.2500000000,0.1200000000

optimal_chisq=0.6557906117,optimal_hour=5.0599987704, source_hour=5.0600000000 
parameter is :
0.6578896366,0.5745980794,1.1080654183,0.3266266967,0.2766832375,0.4557477412,345.9830306027,54.1093503991,5.0599987704,209.4293643970,-0.0105908768,0.2502349192,0.0070458492,

##################################
1.0000000000,0.4887771488,0.8446707396,0.5203467108,0.4686040531,0.8239024994,4.0000000000,69.0000000000,1.0000000000,79.0000000000,-0.0021000000,0.3400000000,0.0900000000

optimal_chisq=0.6403536925,optimal_hour=3.9699998420, source_hour=3.9700000000 
parameter is :
1.1694999645,0.3912056713,0.6263984108,0.9677114201,0.8175349045,0.7712604199,2.6134253034,67.9390284361,3.9699998420,78.9422744428,-0.0308488636,0.3402570861,0.0395895951,

##################################
1.0000000000,0.5495676042,0.7793802477,0.6620473052,1.2100889216,0.0373226460,274.0000000000,-80.0000000000,10.0000000000,259.0000000000,-0.0024000000,0.4500000000,0.1700000000

optimal_chisq=0.7201784648,optimal_hour=4.7800009972, source_hour=4.7800000000 
parameter is :
1.0885368059,0.9221566246,1.0011230906,0.9404653210,1.2528219611,0.7065408712,270.7899450328,-82.9404669341,4.7800009972,257.6941741559,-0.0413548293,0.4499321269,-0.0505378452,

##################################
1.0000000000,0.2723798762,0.9408715925,0.1606819871,0.2997611844,0.7443743343,5.0000000000,33.0000000000,6.0000000000,1.0000000000,-0.0016000000,0.2100000000,0.1800000000

optimal_chisq=0.7206718003,optimal_hour=4.9300006276, source_hour=4.9300000000 
parameter is :
1.0858038887,0.8217685619,1.1344327158,0.6492259897,0.5964522380,1.1620553151,-2.6598238063,26.1728670388,4.9300006276,12.1293453040,-0.0148179136,0.2097193143,-0.0671021497,

##################################
1.0000000000,0.8217557500,0.5750079472,1.1812674164,0.5689236840,1.1199797170,11.0000000000,86.0000000000,17.0000000000,276.0000000000,-0.0021000000,0.2500000000,0.1700000000

optimal_chisq=0.6901239039,optimal_hour=4.3800006744, source_hour=4.3800000000 
parameter is :
0.9615067279,0.8289007691,0.5089654564,1.2116697881,0.8082551012,1.0165665963,11.0005910273,85.9971944112,4.3800006744,275.9992119518,-0.0232960017,0.2493139416,0.0472722482,

##################################
1.0000000000,0.1845895179,0.3268034743,0.7997687281,0.8235837853,0.1303101432,87.0000000000,45.0000000000,5.0000000000,237.0000000000,-0.0020000000,0.3600000000,0.1100000000

optimal_chisq=0.7008857338,optimal_hour=5.0400002319, source_hour=5.0400000000 
parameter is :
0.7946212073,0.7379292107,0.3610818245,0.9970224016,0.9531144592,0.6172758434,86.3336105676,44.2166696173,5.0400002319,235.4132825178,-0.0333486770,0.3601944911,0.0706788399,

##################################
1.0000000000,0.6820975932,1.3330066454,0.1719410510,0.9031034049,0.4703343804,89.0000000000,-35.0000000000,16.0000000000,141.0000000000,-0.0022000000,0.4700000000,0.0800000000

optimal_chisq=0.7167266479,optimal_hour=4.8499998950, source_hour=4.8500000000 
parameter is :
1.0159412391,0.8378295325,0.8025780821,1.0322929140,1.1113486023,0.8201767801,88.9455116649,-31.7344518048,4.8499998950,138.1731293910,-0.0292028662,0.4700236345,0.1847187418,

##################################
1.0000000000,0.9735582839,0.0639988621,1.9030523351,0.5901690209,1.3149252399,105.0000000000,46.0000000000,19.0000000000,169.0000000000,-0.0017000000,0.3700000000,0.1000000000

optimal_chisq=0.6670779663,optimal_hour=4.2399983086, source_hour=4.2400000000 
parameter is :
4.7225406659,3.9876245913,2.8019488520,5.5007691503,2.8335200784,5.4089014824,126.1733818678,33.1415333664,4.2399983086,172.1902864613,-0.0208921281,0.3702352347,0.0310952477,

##################################
1.0000000000,0.0296254805,0.4796267038,0.4464120288,0.5705726240,0.2091049316,133.0000000000,18.0000000000,3.0000000000,151.0000000000,-0.0021000000,0.4500000000,0.0500000000

optimal_chisq=0.6769649574,optimal_hour=5.0399989487, source_hour=5.0400000000 
parameter is :
0.6641460734,0.5082906214,0.5593339168,0.5511507758,0.5485270669,0.6765823010,133.1687181854,20.1902631144,5.0399989487,152.4574306143,-0.0407504487,0.4518639926,-0.2744352874,

##################################
1.0000000000,0.9162370739,1.2385715090,0.5382513880,0.5071302198,1.2106477687,203.0000000000,72.0000000000,22.0000000000,105.0000000000,-0.0016000000,0.3500000000,0.0500000000

optimal_chisq=0.6947766760,optimal_hour=4.2499979942, source_hour=4.2500000000 
parameter is :
1.0727056184,0.9422606182,1.0924669910,0.8534153371,0.6696108973,0.9417285823,201.2591853524,72.8439022783,4.2499979942,103.1264496166,-0.0206829102,0.3502737972,0.0340732811,

##################################
1.0000000000,0.3245538745,0.8831375773,0.2909823301,0.5541473492,0.5164515578,107.0000000000,0.0000000000,1.0000000000,69.0000000000,-0.0022000000,0.2900000000,0.0500000000

optimal_chisq=0.6421122629,optimal_hour=4.2900001285, source_hour=4.2900000000 
parameter is :
0.9508684470,0.5204492118,0.6588811405,0.6788494389,0.8663519215,0.2782896006,111.4628413425,-1.8773656577,4.2900001285,74.4579553836,-0.0269440718,0.2896666385,-0.0471431888,

##################################
1.0000000000,0.3273613156,0.3842429374,0.8824496839,0.8023301135,0.3215888488,274.0000000000,-3.0000000000,11.0000000000,40.0000000000,-0.0020000000,0.4700000000,0.0900000000

optimal_chisq=0.6320318842,optimal_hour=4.5500000229, source_hour=4.5500000000 
parameter is :
1.0000000000,0.3273613156,0.3842429374,0.8824496839,0.8023301135,0.3215888488,274.0000000000,-3.0000000000,4.5500000229,40.0000000000,-0.0020000000,0.4700000000,0.0900000000,

##################################
1.0000000000,0.6207487437,1.2002552547,0.2556077472,0.0924066783,1.3506492416,186.0000000000,84.0000000000,17.0000000000,187.0000000000,-0.0019000000,0.3200000000,0.0500000000

optimal_chisq=0.6880547575,optimal_hour=4.7900001769, source_hour=4.7900000000 
parameter is :
1.3473621384,1.0226969393,1.5209227029,0.7729786106,1.0738562488,1.2422376832,184.8123730039,94.1533716264,4.7900001769,183.3631786594,-0.0222500914,0.3232020208,-0.1053569870,

##################################
1.0000000000,0.7074152281,0.4040273339,1.2546717233,1.0438980163,0.4775794176,152.0000000000,14.0000000000,21.0000000000,257.0000000000,-0.0018000000,0.4400000000,0.0700000000

optimal_chisq=0.5977425835,optimal_hour=4.3300005332, source_hour=4.3300000000 
parameter is :
0.7429276525,0.8475297605,0.7793765034,0.7772114568,1.1480165442,0.7102177641,152.2005898402,14.0081010256,4.3300005332,257.0713152034,-0.0230830163,0.4397237150,-0.0611316778,

##################################
1.0000000000,0.2012721860,0.4871841739,0.6266057766,0.0078598459,1.1045169420,241.0000000000,-82.0000000000,6.0000000000,40.0000000000,-0.0012000000,0.4000000000,0.1200000000

optimal_chisq=0.7187450501,optimal_hour=4.1599997021, source_hour=4.1600000000 
parameter is :
0.9543021616,0.7395321737,0.9413696816,0.7188488404,0.7658293264,0.8782565896,238.1800851677,-82.3224050075,4.1599997021,38.5181633325,-0.0200812600,0.3998848124,0.0064671446,

##################################
1.0000000000,0.5801663336,0.5089512728,1.0039328043,0.9630224626,0.4095365009,136.0000000000,81.0000000000,6.0000000000,266.0000000000,-0.0024000000,0.4900000000,0.1500000000

optimal_chisq=0.6459850951,optimal_hour=4.7800013970, source_hour=4.7800000000 
parameter is :
0.9001536772,0.7214502738,0.5881127800,0.9759988239,0.9774272546,0.3670535483,136.0000137260,81.0029923729,4.7800013970,265.9996088560,-0.0338237801,0.4892545984,0.0818041499,

##################################
1.0000000000,0.2985187463,0.2602224189,0.9968965185,0.9333865401,0.1516920385,307.0000000000,-89.0000000000,19.0000000000,319.0000000000,-0.0020000000,0.2200000000,0.0700000000

optimal_chisq=0.6803399338,optimal_hour=5.0500000080, source_hour=5.0500000000 
parameter is :
1.3571848046,0.5270461485,0.7336911416,1.1860253538,1.2385779737,0.5980840818,306.8205737185,-90.4228064524,5.0500000080,318.9400581519,-0.0199383131,0.2198194835,0.0568984901,

##################################
1.0000000000,0.5508127699,0.8494041741,0.5827930657,1.2243696447,0.0093420590,174.0000000000,-36.0000000000,4.0000000000,271.0000000000,-0.0015000000,0.3900000000,0.0900000000

optimal_chisq=0.6572697709,optimal_hour=4.4499898026, source_hour=4.4500000000 
parameter is :
1.0212424085,0.7687750844,1.0537974138,0.6848312729,0.7916419716,0.9452591614,176.0871481556,-15.8635265338,4.4499898026,274.2570236432,-0.0122813202,0.3903516966,0.2772880480,

##################################
1.0000000000,0.8426976375,1.2710570688,0.4214416913,1.1159001697,0.4324588737,202.0000000000,7.0000000000,2.0000000000,41.0000000000,-0.0018000000,0.2500000000,0.0900000000

optimal_chisq=0.7299615676,optimal_hour=4.5600003346, source_hour=4.5600000000 
parameter is :
1.0048699016,0.9197361115,1.0455027013,0.8047406492,1.1104848063,0.5635637937,201.8536225307,6.7437643098,4.5600003346,41.1217430816,-0.0236008031,0.2498704597,0.0250549604,

##################################
1.0000000000,0.6536668919,0.2608465040,1.3606467727,1.2314345252,0.2204230291,297.0000000000,-10.0000000000,4.0000000000,31.0000000000,-0.0013000000,0.4300000000,0.0900000000

optimal_chisq=0.6849113223,optimal_hour=4.9700005639, source_hour=4.9700000000 
parameter is :
0.8904371405,1.0499662216,0.6953107757,1.2004169525,1.3241548297,0.6365663075,300.5275649799,-12.0970232153,4.9700005639,31.6810582593,-0.0364724180,0.4304824773,0.1093425611,

##################################
1.0000000000,0.2047685311,0.8022692329,0.2500183076,0.7706686575,0.1057514829,120.0000000000,56.0000000000,19.0000000000,353.0000000000,-0.0017000000,0.3000000000,0.1000000000

optimal_chisq=0.7109860640,optimal_hour=4.8700003999, source_hour=4.8700000000 
parameter is :
0.7958518605,0.5096250333,0.8358499215,0.4726827908,0.9126456823,0.2638174977,120.9896620245,53.2531347623,4.8700003999,353.3110077784,-0.0572365450,0.2998089320,0.1902424193,

##################################
1.0000000000,0.7785712312,1.5324494034,0.0527809121,0.9923065036,0.4558828206,301.0000000000,30.0000000000,9.0000000000,337.0000000000,-0.0013000000,0.3700000000,0.1000000000

optimal_chisq=0.6760896936,optimal_hour=4.0099997529, source_hour=4.0100000000 
parameter is :
1.1818495528,0.7932817514,0.7004252440,1.0671752791,0.5751341848,1.5299711163,302.8393778045,32.1803770288,4.0099997529,336.7962126112,-0.0346210584,0.3696805843,0.0056685626,

##################################
1.0000000000,0.1797284876,0.6026674186,0.4640682359,0.6271312068,0.3050536183,79.0000000000,-25.0000000000,17.0000000000,49.0000000000,-0.0021000000,0.4800000000,0.1000000000

optimal_chisq=0.7076622689,optimal_hour=4.6300003782, source_hour=4.6300000000 
parameter is :
1.2226755164,0.8840600700,1.3551094728,0.7092077504,1.3291946083,0.5850606708,91.6357344446,-25.2029089587,4.6300003782,53.0095031748,-0.0224139564,0.4801534060,-0.0616618667,

##################################
1.0000000000,0.3242964080,0.3401766996,0.9305804956,0.7069223109,0.4406295974,126.0000000000,4.0000000000,3.0000000000,137.0000000000,-0.0019000000,0.4900000000,0.1700000000

optimal_chisq=0.6546513101,optimal_hour=4.3999999948, source_hour=4.4000000000 
parameter is :
0.9988313293,0.3419232731,0.3697121903,0.9390700635,0.6801995031,0.4324072799,126.0000826475,3.9997515017,4.3999999948,136.9998769143,-0.0055420870,0.4899858775,0.1476811964,

##################################
1.0000000000,0.6573948225,1.2970982336,0.1852961661,1.0352857583,0.2909893316,145.0000000000,-20.0000000000,19.0000000000,276.0000000000,-0.0014000000,0.3300000000,0.0900000000

optimal_chisq=0.6647588931,optimal_hour=4.9199996299, source_hour=4.9200000000 
parameter is :
0.4952895221,0.4541681741,0.6431589226,0.0327888713,0.6411563881,0.3309373090,139.0316859040,-11.2828845113,4.9199996299,279.6905894061,-0.0296338940,0.3303840902,-0.1470597060,

##################################
1.0000000000,0.0888312175,0.0697522864,1.0061121890,0.3247152163,0.6869553975,140.0000000000,61.0000000000,18.0000000000,278.0000000000,-0.0018000000,0.3800000000,0.1900000000

optimal_chisq=0.6831672406,optimal_hour=4.7800019556, source_hour=4.7800000000 
parameter is :
0.4778734890,0.5294772812,0.3933278649,0.5593707845,0.4139517455,0.5673580300,139.9036568876,60.0378016565,4.7800019556,277.5363886478,-0.0206261045,0.3800128447,0.1013031912,

##################################
1,chisq=0.597742583540669780717280445970,optimalHour=4.3300005332,InitHout=4.3300000000,deviation=0.0000005332
2,chisq=0.632031884223381079657144709927,optimalHour=4.5500000229,InitHout=4.5500000000,deviation=0.0000000229
3,chisq=0.640353692468963231476664077491,optimalHour=3.9699998420,InitHout=3.9700000000,deviation=0.0000001580
4,chisq=0.642112262920240373098579311772,optimalHour=4.2900001285,InitHout=4.2900000000,deviation=0.0000001285
5,chisq=0.645985095148883470272949125501,optimalHour=4.7800013970,InitHout=4.7800000000,deviation=0.0000013970
6,chisq=0.654651310088220750316168050631,optimalHour=4.3999999948,InitHout=4.4000000000,deviation=0.0000000052
7,chisq=0.655120271018795552464553111349,optimalHour=4.8799999843,InitHout=4.8800000000,deviation=0.0000000157
8,chisq=0.655468995907494744734833602706,optimalHour=4.0700006537,InitHout=4.0700000000,deviation=0.0000006537
9,chisq=0.655790611743921392218226174009,optimalHour=5.0599987704,InitHout=5.0600000000,deviation=0.0000012296
10,chisq=0.657269770904492900420734713407,optimalHour=4.4499898026,InitHout=4.4500000000,deviation=0.0000101974
11,chisq=0.664758893145781848410535985749,optimalHour=4.9199996299,InitHout=4.9200000000,deviation=0.0000003701
12,chisq=0.667077966263107891009553895856,optimalHour=4.2399983086,InitHout=4.2400000000,deviation=0.0000016914
13,chisq=0.676089693557590853956185128482,optimalHour=4.0099997529,InitHout=4.0100000000,deviation=0.0000002471
14,chisq=0.676964957446392845419325112744,optimalHour=5.0399989487,InitHout=5.0400000000,deviation=0.0000010513
15,chisq=0.680339933784220640688999992562,optimalHour=5.0500000080,InitHout=5.0500000000,deviation=0.0000000080
16,chisq=0.683167240589284130436453779112,optimalHour=4.7800019556,InitHout=4.7800000000,deviation=0.0000019556
17,chisq=0.684911322277804823777103138127,optimalHour=4.9700005639,InitHout=4.9700000000,deviation=0.0000005639
18,chisq=0.688054757469250599655197220272,optimalHour=4.7900001769,InitHout=4.7900000000,deviation=0.0000001769
19,chisq=0.690123903919026226994049011410,optimalHour=4.3800006744,InitHout=4.3800000000,deviation=0.0000006744
20,chisq=0.692111117296019706657261849614,optimalHour=4.5600000101,InitHout=4.5600000000,deviation=0.0000000101
21,chisq=0.694776675986343184021620800195,optimalHour=4.2499979942,InitHout=4.2500000000,deviation=0.0000020058
22,chisq=0.694836742606499857544122278341,optimalHour=4.7500010222,InitHout=4.7500000000,deviation=0.0000010222
23,chisq=0.700885733802591226471179197688,optimalHour=5.0400002319,InitHout=5.0400000000,deviation=0.0000002319
24,chisq=0.707662268923942017195827247633,optimalHour=4.6300003782,InitHout=4.6300000000,deviation=0.0000003782
25,chisq=0.710986064029594078128582168574,optimalHour=4.8700003999,InitHout=4.8700000000,deviation=0.0000003999
26,chisq=0.716726647937046101866087610688,optimalHour=4.8499998950,InitHout=4.8500000000,deviation=0.0000001050
27,chisq=0.718745050052387313144208746962,optimalHour=4.1599997021,InitHout=4.1600000000,deviation=0.0000002979
28,chisq=0.720178464752267766257887160464,optimalHour=4.7800009972,InitHout=4.7800000000,deviation=0.0000009972
29,chisq=0.720671800266215689667603783164,optimalHour=4.9300006276,InitHout=4.9300000000,deviation=0.0000006276
30,chisq=0.729961567551278278642712393776,optimalHour=4.5600003346,InitHout=4.5600000000,deviation=0.0000003346
1.0000000000,0.7074152281,0.4040273339,1.2546717233,1.0438980163,0.4775794176,152.0000000000,14.0000000000,21.0000000000,257.0000000000,-0.0018000000,0.4400000000,0.0700000000

optimal_chisq=0.5977425835,optimal_hour=4.3300005332, source_hour=4.3300000000 
parameter is :
0.7429276525,0.8475297605,0.7793765034,0.7772114568,1.1480165442,0.7102177641,152.2005898402,14.0081010256,4.3300005332,257.0713152034,-0.0230830163,0.4397237150,-0.0611316778,

run over!

##################################
1.0000000000,0.3273613156,0.3842429374,0.8824496839,0.8023301135,0.3215888488,274.0000000000,-3.0000000000,11.0000000000,40.0000000000,-0.0020000000,0.4700000000,0.0900000000

optimal_chisq=0.6320318842,optimal_hour=4.5500000229, source_hour=4.5500000000 
parameter is :
1.0000000000,0.3273613156,0.3842429374,0.8824496839,0.8023301135,0.3215888488,274.0000000000,-3.0000000000,4.5500000229,40.0000000000,-0.0020000000,0.4700000000,0.0900000000,

run over!

##################################
1.0000000000,0.4887771488,0.8446707396,0.5203467108,0.4686040531,0.8239024994,4.0000000000,69.0000000000,1.0000000000,79.0000000000,-0.0021000000,0.3400000000,0.0900000000

optimal_chisq=0.6403536925,optimal_hour=3.9699998420, source_hour=3.9700000000 
parameter is :
1.1694999645,0.3912056713,0.6263984108,0.9677114201,0.8175349045,0.7712604199,2.6134253034,67.9390284361,3.9699998420,78.9422744428,-0.0308488636,0.3402570861,0.0395895951,

run over!

##################################
1.0000000000,0.3245538745,0.8831375773,0.2909823301,0.5541473492,0.5164515578,107.0000000000,0.0000000000,1.0000000000,69.0000000000,-0.0022000000,0.2900000000,0.0500000000

optimal_chisq=0.6421122629,optimal_hour=4.2900001285, source_hour=4.2900000000 
parameter is :
0.9508684470,0.5204492118,0.6588811405,0.6788494389,0.8663519215,0.2782896006,111.4628413425,-1.8773656577,4.2900001285,74.4579553836,-0.0269440718,0.2896666385,-0.0471431888,

run over!

##################################
1.0000000000,0.5801663336,0.5089512728,1.0039328043,0.9630224626,0.4095365009,136.0000000000,81.0000000000,6.0000000000,266.0000000000,-0.0024000000,0.4900000000,0.1500000000

optimal_chisq=0.6459850951,optimal_hour=4.7800013970, source_hour=4.7800000000 
parameter is :
0.9001536772,0.7214502738,0.5881127800,0.9759988239,0.9774272546,0.3670535483,136.0000137260,81.0029923729,4.7800013970,265.9996088560,-0.0338237801,0.4892545984,0.0818041499,

run over!

##################################
1.0000000000,0.3242964080,0.3401766996,0.9305804956,0.7069223109,0.4406295974,126.0000000000,4.0000000000,3.0000000000,137.0000000000,-0.0019000000,0.4900000000,0.1700000000

optimal_chisq=0.6546513101,optimal_hour=4.3999999948, source_hour=4.4000000000 
parameter is :
0.9988313293,0.3419232731,0.3697121903,0.9390700635,0.6801995031,0.4324072799,126.0000826475,3.9997515017,4.3999999948,136.9998769143,-0.0055420870,0.4899858775,0.1476811964,

run over!

##################################
1,chisq=0.597742583540669780717280445970,optimalHour=4.3300005332,InitHout=4.3300000000,deviation=0.0000005332
2,chisq=0.632031884223381079657144709927,optimalHour=4.5500000229,InitHout=4.5500000000,deviation=0.0000000229
3,chisq=0.640353692468963231476664077491,optimalHour=3.9699998420,InitHout=3.9700000000,deviation=0.0000001580
4,chisq=0.642112262920240373098579311772,optimalHour=4.2900001285,InitHout=4.2900000000,deviation=0.0000001285
5,chisq=0.645985095148883470272949125501,optimalHour=4.7800013970,InitHout=4.7800000000,deviation=0.0000013970
6,chisq=0.654651310088220750316168050631,optimalHour=4.3999999948,InitHout=4.4000000000,deviation=0.0000000052





1.0000000000,0.3273613156,0.3842429374,0.8824496839,0.8023301135,0.3215888488,274.0000000000,-3.0000000000,11.0000000000,40.0000000000,-0.0020000000,0.4700000000,0.0900000000


1.0000000000,0.3273613156,0.3842429374,0.8824496839,0.8023301135,0.3215888488,274.0000000000,-3.0000000000,11.0000000000,40.0000000000,-0.0020000000,0.4700000000,0.0900000000

optimal_chisq=0.5998742827,optimal_hour=4.5437013502 
parameter is :
0.8478794899,0.5463433751,0.4988486912,0.8760513734,0.9219474783,0.6141388940,272.0714401611,-3.0308485590,4.5437013502,37.8659513738,0.0137278533,0.4701990665,0.0087935981,

Pole:
optimalLambda,optimalBeta:(108.4268656178,-44.1916532122)
optimalParameter:{1.2051913361,0.8486401476,1.2290826259,0.8011269768,1.4717627278,0.3670861097,108.4268656178,-44.1916532122,4.5437017462,11.3871633189,-0.2036410550,0.5235686496,-0.0983569019}


