1.0000000000,0.1915318613,0.5155407302,0.5820507658,0.7765226215,0.1542053832,209.0000000000,42.0000000000,3.0000000000,126.0000000000,-0.0014000000,0.4500000000,0.1800000000

optimal_chisq=2.4229542233,optimal_hour=9.2200001075, source_hour=9.2200000000 
parameter is :
1.0000000000,0.1915318613,0.5155407302,0.5820507658,0.7765226215,0.1542053832,209.0000000000,42.0000000000,9.2200001075,126.0000000000,-0.0014000000,0.4500000000,0.1800000000,

##################################
1.0000000000,0.7948491535,0.6026602081,1.1223142640,0.5207027316,1.1416242922,155.0000000000,-65.0000000000,23.0000000000,199.0000000000,-0.0024000000,0.3000000000,0.1200000000

optimal_chisq=1.7500242169,optimal_hour=9.2300007449, source_hour=9.2300000000 
parameter is :
1.0144457983,0.8835998496,0.3842672251,0.9489424924,0.5124364019,1.1726211410,155.8567796092,-71.8777801952,9.2300007449,207.0742341851,-0.0113457407,0.2998866660,-0.0370578452,

##################################
1.0000000000,0.4619214779,0.0930747609,1.3560006275,0.0916054311,1.3447143815,329.0000000000,-72.0000000000,15.0000000000,47.0000000000,-0.0013000000,0.2400000000,0.1800000000

optimal_chisq=2.0750376830,optimal_hour=9.2299999987, source_hour=9.2300000000 
parameter is :
0.6330642397,0.9978418064,0.1781945407,1.3803447601,0.4679564392,1.2888888754,328.9835430625,-72.0205896071,9.2299999987,47.0146311227,-0.0366662198,0.2394707598,0.0763009047,

##################################
1.0000000000,0.2083273810,0.2839493494,0.8753934970,0.8553148804,0.1305042779,308.0000000000,63.0000000000,20.0000000000,10.0000000000,-0.0017000000,0.4100000000,0.1800000000

optimal_chisq=1.9128088351,optimal_hour=9.2300008324, source_hour=9.2300000000 
parameter is :
0.9713635911,0.6602128541,0.7003170563,1.0973734451,1.0615825586,0.5116264590,318.4567601628,65.6965578112,9.2300008324,12.1409756287,-0.0623401750,0.4095472030,0.0299808216,

##################################
1.0000000000,0.2428098881,0.8826278837,0.1966182203,0.3917742316,0.6091927181,342.0000000000,-13.0000000000,10.0000000000,71.0000000000,-0.0019000000,0.4300000000,0.1800000000

optimal_chisq=1.6920584267,optimal_hour=9.2199997914, source_hour=9.2200000000 
parameter is :
0.9063479918,0.4217983384,1.0637555584,0.2986185638,0.0845592038,0.7759629695,342.0048934882,-13.0057127551,9.2199997914,70.9727410158,0.0590584521,0.4320661335,0.0168266271,

##################################
1.0000000000,0.5660284709,0.7733943687,0.6866962429,1.0117942299,0.2932356867,67.0000000000,48.0000000000,9.0000000000,62.0000000000,-0.0016000000,0.2800000000,0.1800000000

optimal_chisq=2.4756299612,optimal_hour=9.4899999526, source_hour=9.4900000000 
parameter is :
0.8116998284,0.7418794313,0.8719189465,0.6236370422,0.9978599561,0.4820828922,67.0024991050,48.0068937468,9.4899999526,62.0000423678,0.0133990327,0.2802964763,0.2342816061,

##################################
1.0000000000,0.2558741985,0.6863859928,0.4485302008,0.6274001544,0.3833734742,227.0000000000,87.0000000000,15.0000000000,143.0000000000,-0.0015000000,0.4400000000,0.0800000000

optimal_chisq=1.4826944140,optimal_hour=9.2299999783, source_hour=9.2300000000 
parameter is :
0.9644890164,0.6007094178,0.9279251711,0.4421918781,0.4296157792,0.1024581565,224.0661980696,87.9737294181,9.2299999783,139.9692488004,-0.0090523340,0.4399571102,0.0831391466,

##################################
1.0000000000,0.6609402553,0.5836909222,1.0037088247,1.2374174210,0.1747288971,41.0000000000,-57.0000000000,15.0000000000,282.0000000000,-0.0016000000,0.2200000000,0.0900000000

optimal_chisq=2.5630648901,optimal_hour=9.2299999724, source_hour=9.2300000000 
parameter is :
1.1680271662,0.6797224271,0.6234699607,1.0256874345,1.0208259455,0.4046435435,40.9963179773,-56.9931405834,9.2299999724,282.0030725968,-0.0156499404,0.2198830096,0.2157403538,

##################################
1.0000000000,0.4645498383,1.0627803850,0.2384149857,0.7525991682,0.4202604386,315.0000000000,-38.0000000000,8.0000000000,84.0000000000,-0.0018000000,0.4400000000,0.1400000000

optimal_chisq=1.4766335294,optimal_hour=9.2299998260, source_hour=9.2300000000 
parameter is :
0.7173480981,0.6585745414,0.9542847268,0.6735760920,1.1329976078,0.2339827726,323.3376999179,-36.0926348085,9.2299998260,72.4462795946,-0.0365889863,0.4398598592,0.0525500253,

##################################
1.0000000000,0.5669385412,1.2734817053,0.1092602552,0.3315739932,1.0014191763,9.0000000000,2.0000000000,13.0000000000,328.0000000000,-0.0020000000,0.2300000000,0.1700000000

optimal_chisq=2.2316822613,optimal_hour=8.9800000303, source_hour=8.9800000000 
parameter is :
1.2289911112,0.6707703469,0.9695606841,0.5271446409,0.4832115642,1.0033286091,8.9700323742,0.8489730855,8.9800000303,331.8354141594,0.0048145183,0.2300805966,-0.1540936045,

##################################
1.0000000000,0.0858146320,0.8341834831,0.0663712251,0.3920410334,0.4108572063,65.0000000000,-76.0000000000,24.0000000000,335.0000000000,-0.0024000000,0.2200000000,0.1100000000

optimal_chisq=2.1045382286,optimal_hour=9.6300014152, source_hour=9.6300000000 
parameter is :
-0.1319161331,-0.8556390567,6.9823282746,-6.7063360045,-7.2672945545,-9.3144086876,52.4653693634,-84.4959240664,9.6300014152,318.0626781672,-0.0021552486,0.2204417213,-0.0426560504,

##################################
1.0000000000,0.5156599593,1.0865969416,0.2687168368,1.0690153381,0.1040361331,197.0000000000,-9.0000000000,19.0000000000,303.0000000000,-0.0017000000,0.4900000000,0.1900000000

optimal_chisq=1.4409987750,optimal_hour=9.2299987211, source_hour=9.2300000000 
parameter is :
1.9612372049,2.5923188685,0.8696896862,2.9639501791,1.4347252530,2.3940420521,201.0909583490,15.7015810861,9.2299987211,313.3844849420,-0.0168075857,0.4902780331,0.1835637479,

##################################
1.0000000000,0.6713201993,0.0627172919,1.6010637794,0.3152250093,1.3097587501,182.0000000000,-62.0000000000,12.0000000000,34.0000000000,-0.0012000000,0.2600000000,0.1500000000

optimal_chisq=2.5524191427,optimal_hour=9.2500017558, source_hour=9.2500000000 
parameter is :
0.9782683722,0.9954765647,0.7176939311,1.3479671529,0.5628313098,1.3773631809,182.2212741062,-61.5779144148,9.2500017558,33.9143596400,-0.0157265704,0.2599529310,-0.1089790299,

##################################
1.0000000000,0.9573452314,0.2384427003,1.6942275824,1.6177982488,0.1297180211,290.0000000000,-89.0000000000,9.0000000000,288.0000000000,-0.0013000000,0.4000000000,0.1700000000

optimal_chisq=2.2139381258,optimal_hour=9.2200001046, source_hour=9.2200000000 
parameter is :
1.0432751361,0.9344053606,0.6765698238,1.4370895056,1.5455445941,0.3238886782,288.0405074709,-90.9104946339,9.2200001046,289.3870694566,0.0663822006,0.4002206521,0.1397448648,

##################################
1.0000000000,0.2812500355,0.5365297550,0.6546354179,0.9450328821,0.0576271427,141.0000000000,-85.0000000000,4.0000000000,130.0000000000,-0.0014000000,0.4800000000,0.1600000000

optimal_chisq=2.1477057359,optimal_hour=9.2200000781, source_hour=9.2200000000 
parameter is :
0.8574875422,0.4474281464,0.5327100870,0.7671774448,0.9600256945,0.2305385103,140.9844932792,-85.0051893818,9.2200000781,130.0120287768,0.0536463418,0.4801605551,-0.2147496866,

##################################
1.0000000000,0.9716426097,1.3348213977,0.4905708484,1.5773197835,0.0547859979,13.0000000000,-3.0000000000,9.0000000000,157.0000000000,-0.0024000000,0.3700000000,0.1600000000

optimal_chisq=2.2329993988,optimal_hour=9.4900000042, source_hour=9.4900000000 
parameter is :
1.0745958378,0.9868554568,1.2186918524,0.5860264037,1.5606473095,-0.2659118172,15.9294665930,-3.6744198791,9.4900000042,155.4050981668,0.0001095418,0.3714134094,0.1925505098,

##################################
1.0000000000,0.6434736991,0.6540294131,0.9055729847,0.7185386475,0.7427184782,318.0000000000,74.0000000000,22.0000000000,290.0000000000,-0.0019000000,0.3100000000,0.1700000000

optimal_chisq=2.2172382614,optimal_hour=9.2299975506, source_hour=9.2300000000 
parameter is :
0.4263109774,0.9625403520,0.8679994553,1.0060274666,0.8145062323,0.9659373497,317.9290291939,74.0067387880,9.2299975506,289.9343131999,-0.0042310397,0.3102364515,-0.0270205825,

##################################
1.0000000000,0.5146422663,0.2660535534,1.2126028610,0.6436432917,0.7421193976,81.0000000000,58.0000000000,11.0000000000,76.0000000000,-0.0019000000,0.3900000000,0.1300000000

optimal_chisq=2.6271511306,optimal_hour=9.4899999850, source_hour=9.4900000000 
parameter is :
0.9609837411,0.6315114107,0.2881584017,1.2515976161,0.6731514757,0.5993240465,80.9993324468,57.9992935190,9.4899999850,75.9990308082,-0.0079502735,0.3900581117,-0.0003337608,

##################################
1.0000000000,0.0368287256,0.6891151969,0.1911422427,0.1288565454,0.7210794228,4.0000000000,2.0000000000,1.0000000000,308.0000000000,-0.0017000000,0.3400000000,0.0500000000

optimal_chisq=2.4324257871,optimal_hour=8.6300012275, source_hour=8.6300000000 
parameter is :
1.4652602576,0.2052500445,0.6924058474,0.5395687517,0.6356151257,0.6801592227,-2.6888735182,-5.3515484912,8.6300012275,296.2049844061,-0.0241635486,0.3405179332,0.0890649764,

##################################
1.0000000000,0.2052571565,0.7082236302,0.3650603181,0.4895094602,0.4831172801,24.0000000000,90.0000000000,5.0000000000,123.0000000000,-0.0024000000,0.2100000000,0.1000000000

optimal_chisq=2.0940918449,optimal_hour=9.2300000652, source_hour=9.2300000000 
parameter is :
1.2772561444,0.6238485356,0.9105029142,0.8192286578,-0.3684695281,0.1064853104,23.1546304147,101.0964352717,9.2300000652,127.4852001794,-0.0055129122,0.2101622096,-0.0829813417,

##################################
1.0000000000,0.2786657630,0.4085553142,0.8026477191,0.4261932648,0.7099876936,110.0000000000,-18.0000000000,1.0000000000,108.0000000000,-0.0022000000,0.2800000000,0.1800000000

optimal_chisq=2.4186938892,optimal_hour=8.9700002431, source_hour=8.9700000000 
parameter is :
0.8698802645,0.6226199835,0.9253605288,0.3584949222,0.8980463252,0.4033958285,110.0150101483,-18.0406129558,8.9700002431,108.0498846875,-0.0062493180,0.2802128272,0.0589093232,

##################################
1.0000000000,0.2339690934,0.0614685283,1.1624560691,0.8930438835,0.1615119967,199.0000000000,-66.0000000000,22.0000000000,265.0000000000,-0.0023000000,0.4600000000,0.1000000000

optimal_chisq=2.4082191601,optimal_hour=9.2299998607, source_hour=9.2300000000 
parameter is :
0.8897012251,0.5312091633,0.3763817113,1.1085513470,0.7451658304,0.8186061396,195.1097255554,-67.7001507729,9.2299998607,269.6035496701,0.0338196850,0.4601807793,0.0211144690,

##################################
1.0000000000,0.6034052584,1.2309479430,0.2004669357,0.0473161870,1.3774567651,67.0000000000,54.0000000000,3.0000000000,244.0000000000,-0.0020000000,0.3800000000,0.0800000000

optimal_chisq=1.3833607479,optimal_hour=9.2299998686, source_hour=9.2300000000 
parameter is :
0.8913996560,0.7761426344,1.2893967317,0.1962186845,0.1818821377,1.3114616052,66.9990837277,53.9994056647,9.2299998686,244.0000171816,-0.0183558813,0.3798518770,0.1118523386,

##################################
1.0000000000,0.4820026646,0.8874045302,0.4631885248,0.6913339607,0.5476633810,104.0000000000,-43.0000000000,20.0000000000,209.0000000000,-0.0012000000,0.2200000000,0.0900000000

optimal_chisq=1.9377720615,optimal_hour=9.2299998340, source_hour=9.2300000000 
parameter is :
0.9699650913,0.3977502127,0.6356881050,0.9349811921,0.7211251016,0.6137487893,104.0156955210,-42.9955286752,9.2299998340,208.9902136245,-0.0059283747,0.2202081904,-0.0002508789,

##################################
1.0000000000,0.5731821324,1.0880792887,0.3318439554,0.8070636267,0.4882464211,182.0000000000,69.0000000000,16.0000000000,18.0000000000,-0.0016000000,0.3500000000,0.0500000000

optimal_chisq=1.9124302847,optimal_hour=9.2299998926, source_hour=9.2300000000 
parameter is :
1.0237819987,0.5680303436,1.0130953256,0.4510641945,0.8094354880,0.5277373063,181.9973106343,69.0001832006,9.2299998926,17.9975178400,-0.0167940161,0.3499305418,-0.0548873238,

##################################
1.0000000000,0.2373361360,0.6478044653,0.4740427809,0.2542827159,0.8202348789,259.0000000000,-32.0000000000,1.0000000000,311.0000000000,-0.0021000000,0.2600000000,0.1600000000

optimal_chisq=2.6054602558,optimal_hour=8.6299999815, source_hour=8.6300000000 
parameter is :
0.9696733425,0.2071644730,0.6782979611,0.5080112001,0.3012738667,0.8072916469,258.9989077904,-31.9999345589,8.6299999815,311.0002532652,0.0144563156,0.2601400385,0.1796498046,

##################################
1.0000000000,0.5148474940,0.2248074879,1.2597539592,1.2519727040,0.0385653786,242.0000000000,83.0000000000,18.0000000000,74.0000000000,-0.0020000000,0.2400000000,0.1700000000

optimal_chisq=2.3558367785,optimal_hour=9.5999996241, source_hour=9.6000000000 
parameter is :
2.6090114031,1.1911699552,1.4806295069,1.7708647472,1.8746499494,1.5422532880,224.3327179447,67.3549117475,9.5999996241,67.1701998269,-0.0079587577,0.2403406096,-0.0112934835,

##################################
1.0000000000,0.4217462658,0.5393268593,0.8020026473,0.1208209096,1.2022448167,305.0000000000,-47.0000000000,1.0000000000,108.0000000000,-0.0014000000,0.4400000000,0.0800000000

optimal_chisq=1.9121978892,optimal_hour=9.2300003284, source_hour=9.2300000000 
parameter is :
1.0204077562,0.5809089587,0.7323439278,0.8464268578,0.6925272823,1.0632524242,305.0481367437,-46.9632798445,9.2300003284,108.0129849595,-0.0115140480,0.4402902115,-0.1795764410,

##################################
1.0000000000,0.4045486317,0.2253612052,1.1463285076,0.4993306892,0.7952152673,38.0000000000,-38.0000000000,14.0000000000,267.0000000000,-0.0018000000,0.4100000000,0.1500000000

optimal_chisq=2.3576538593,optimal_hour=9.2300002705, source_hour=9.2300000000 
parameter is :
0.6826543000,0.5037271939,0.4871133626,0.4003218870,0.1527538251,0.9955169797,49.4422505238,-62.2090241382,9.2300002705,266.9636124222,-0.0142772075,0.4104914228,0.0149030176,

##################################
1.0000000000,0.1296313876,0.0780332284,1.0376092279,0.5308243672,0.4797657304,299.0000000000,-24.0000000000,6.0000000000,145.0000000000,-0.0024000000,0.4200000000,0.1300000000

optimal_chisq=2.3275745161,optimal_hour=9.5700002413, source_hour=9.5700000000 
parameter is :
0.5262921452,0.7644477335,0.4157123053,0.8758688815,0.4254311481,0.9991375194,295.4526697236,-25.7239479111,9.5700002413,147.6493070321,-0.0252509359,0.4198502297,0.1517735014,

##################################
1,chisq=1.383360747936509760336321051000,optimalHour=9.2299998686,InitHout=9.2300000000,deviation=0.0000001314
2,chisq=1.440998774974846297070030232135,optimalHour=9.2299987211,InitHout=9.2300000000,deviation=0.0000012789
3,chisq=1.476633529371998099222196287883,optimalHour=9.2299998260,InitHout=9.2300000000,deviation=0.0000001740
4,chisq=1.482694413972946323454493722238,optimalHour=9.2299999783,InitHout=9.2300000000,deviation=0.0000000217
5,chisq=1.692058426712608865116749257140,optimalHour=9.2199997914,InitHout=9.2200000000,deviation=0.0000002086
6,chisq=1.750024216870870841233909231960,optimalHour=9.2300007449,InitHout=9.2300000000,deviation=0.0000007449
7,chisq=1.912197889169645614870773897565,optimalHour=9.2300003284,InitHout=9.2300000000,deviation=0.0000003284
8,chisq=1.912430284696290838652998900216,optimalHour=9.2299998926,InitHout=9.2300000000,deviation=0.0000001074
9,chisq=1.912808835076989844026229548035,optimalHour=9.2300008324,InitHout=9.2300000000,deviation=0.0000008324
10,chisq=1.937772061536995549246853443037,optimalHour=9.2299998340,InitHout=9.2300000000,deviation=0.0000001660
11,chisq=2.075037682959106177804642356932,optimalHour=9.2299999987,InitHout=9.2300000000,deviation=0.0000000013
12,chisq=2.094091844877361552335059968755,optimalHour=9.2300000652,InitHout=9.2300000000,deviation=0.0000000652
13,chisq=2.104538228598183291495615776512,optimalHour=9.6300014152,InitHout=9.6300000000,deviation=0.0000014152
14,chisq=2.147705735891681566585020846105,optimalHour=9.2200000781,InitHout=9.2200000000,deviation=0.0000000781
15,chisq=2.213938125815878343871645483887,optimalHour=9.2200001046,InitHout=9.2200000000,deviation=0.0000001046
16,chisq=2.217238261364354201532478327863,optimalHour=9.2299975506,InitHout=9.2300000000,deviation=0.0000024494
17,chisq=2.231682261344346773768165803631,optimalHour=8.9800000303,InitHout=8.9800000000,deviation=0.0000000303
18,chisq=2.232999398847453687011466172407,optimalHour=9.4900000042,InitHout=9.4900000000,deviation=0.0000000042
19,chisq=2.327574516118120495633547761827,optimalHour=9.5700002413,InitHout=9.5700000000,deviation=0.0000002413
20,chisq=2.355836778475316695136143607670,optimalHour=9.5999996241,InitHout=9.6000000000,deviation=0.0000003759
21,chisq=2.357653859279897901046751940157,optimalHour=9.2300002705,InitHout=9.2300000000,deviation=0.0000002705
22,chisq=2.408219160113131085410032028449,optimalHour=9.2299998607,InitHout=9.2300000000,deviation=0.0000001393
23,chisq=2.418693889221414927703790453961,optimalHour=8.9700002431,InitHout=8.9700000000,deviation=0.0000002431
24,chisq=2.422954223322453248812280435232,optimalHour=9.2200001075,InitHout=9.2200000000,deviation=0.0000001075
25,chisq=2.432425787051773369285001535900,optimalHour=8.6300012275,InitHout=8.6300000000,deviation=0.0000012275
26,chisq=2.475629961235242149086843710393,optimalHour=9.4899999526,InitHout=9.4900000000,deviation=0.0000000474
27,chisq=2.552419142740024682325383764692,optimalHour=9.2500017558,InitHout=9.2500000000,deviation=0.0000017558
28,chisq=2.563064890091212966183320531854,optimalHour=9.2299999724,InitHout=9.2300000000,deviation=0.0000000276
29,chisq=2.605460255837229066600002624909,optimalHour=8.6299999815,InitHout=8.6300000000,deviation=0.0000000185
30,chisq=2.627151130603212703107374181855,optimalHour=9.4899999850,InitHout=9.4900000000,deviation=0.0000000150
1.0000000000,0.6034052584,1.2309479430,0.2004669357,0.0473161870,1.3774567651,67.0000000000,54.0000000000,3.0000000000,244.0000000000,-0.0020000000,0.3800000000,0.0800000000

optimal_chisq=1.3833607479,optimal_hour=9.2299998686, source_hour=9.2300000000 
parameter is :
0.8913996560,0.7761426344,1.2893967317,0.1962186845,0.1818821377,1.3114616052,66.9990837277,53.9994056647,9.2299998686,244.0000171816,-0.0183558813,0.3798518770,0.1118523386,

run over!

##################################
1.0000000000,0.5156599593,1.0865969416,0.2687168368,1.0690153381,0.1040361331,197.0000000000,-9.0000000000,19.0000000000,303.0000000000,-0.0017000000,0.4900000000,0.1900000000

optimal_chisq=1.4409987750,optimal_hour=9.2299987211, source_hour=9.2300000000 
parameter is :
1.9612372049,2.5923188685,0.8696896862,2.9639501791,1.4347252530,2.3940420521,201.0909583490,15.7015810861,9.2299987211,313.3844849420,-0.0168075857,0.4902780331,0.1835637479,

run over!

##################################
1.0000000000,0.4645498383,1.0627803850,0.2384149857,0.7525991682,0.4202604386,315.0000000000,-38.0000000000,8.0000000000,84.0000000000,-0.0018000000,0.4400000000,0.1400000000

optimal_chisq=1.2831589013,optimal_hour=9.2329997785, source_hour=9.2330000000 
parameter is :
0.8273680639,0.5747259682,0.9879415085,0.7057769716,1.0277004444,0.1196486703,315.0445572480,-37.9856579492,9.2329997785,83.9638888995,-0.0125111807,0.4404941194,-0.0033439355,

run over!

##################################
1.0000000000,0.2558741985,0.6863859928,0.4485302008,0.6274001544,0.3833734742,227.0000000000,87.0000000000,15.0000000000,143.0000000000,-0.0015000000,0.4400000000,0.0800000000

optimal_chisq=1.4826944140,optimal_hour=9.2299999783, source_hour=9.2300000000 
parameter is :
0.9644890164,0.6007094178,0.9279251711,0.4421918781,0.4296157792,0.1024581565,224.0661980696,87.9737294181,9.2299999783,139.9692488004,-0.0090523340,0.4399571102,0.0831391466,

run over!

##################################
1.0000000000,0.2428098881,0.8826278837,0.1966182203,0.3917742316,0.6091927181,342.0000000000,-13.0000000000,10.0000000000,71.0000000000,-0.0019000000,0.4300000000,0.1800000000

optimal_chisq=0.6707971861,optimal_hour=9.2299991770, source_hour=9.2300000000 
parameter is :
3.6888711073,1.4318500634,3.5327191579,3.6332640549,1.2099702024,4.6958088926,340.1781720033,-18.2114696318,9.2299991770,53.3140319178,-0.0134713008,0.4311115505,0.0529452435,

run over!

##################################
1.0000000000,0.7948491535,0.6026602081,1.1223142640,0.5207027316,1.1416242922,155.0000000000,-65.0000000000,23.0000000000,199.0000000000,-0.0024000000,0.3000000000,0.1200000000

optimal_chisq=1.7500242169,optimal_hour=9.2300007449, source_hour=9.2300000000 
parameter is :
1.0144457983,0.8835998496,0.3842672251,0.9489424924,0.5124364019,1.1726211410,155.8567796092,-71.8777801952,9.2300007449,207.0742341851,-0.0113457407,0.2998866660,-0.0370578452,

run over!

##################################
1,chisq=0.670797186126611877377001746936,optimalHour=9.2299991770,InitHout=9.2300000000,deviation=0.0000008230
2,chisq=1.283158901326147516286368954752,optimalHour=9.2329997785,InitHout=9.2330000000,deviation=0.0000002215
3,chisq=1.383360747936509760336321051000,optimalHour=9.2299998686,InitHout=9.2300000000,deviation=0.0000001314
4,chisq=1.440998774974846297070030232135,optimalHour=9.2299987211,InitHout=9.2300000000,deviation=0.0000012789
5,chisq=1.482694413972946323454493722238,optimalHour=9.2299999783,InitHout=9.2300000000,deviation=0.0000000217
6,chisq=1.750024216870870841233909231960,optimalHour=9.2300007449,InitHout=9.2300000000,deviation=0.0000007449



1.0000000000,0.2428098881,0.8826278837,0.1966182203,0.3917742316,0.6091927181,342.0000000000,-13.0000000000,10.0000000000,71.0000000000,-0.0019000000,0.4300000000,0.1800000000


1.0000000000,0.2428098881,0.8826278837,0.1966182203,0.3917742316,0.6091927181,342.0000000000,-13.0000000000,10.0000000000,71.0000000000,-0.0019000000,0.4300000000,0.1800000000

optimal_chisq=0.4844118207,optimal_hour=9.2273998750 
parameter is :
0.9375240510,0.4113905319,0.8521003661,0.2198067040,0.4426967595,0.7003869318,342.0156920366,-13.0035992492,9.2273998750,70.9788119432,-0.0263118487,0.4299535961,0.0131893392,

Pole:
optimalLambda,optimalBeta:(333.3131753839,-13.4077716951)
optimalParameter:{1.1435029629,0.9254516071,1.3361408571,0.4364758054,0.2067240454,0.5102769586,333.3131753839,-13.4077716951,9.2273974951,242.6093355622,-0.0158779673,0.3800547862,-0.0036978181}



