1.0000000000,0.8721617236,1.0939664640,0.6529498232,0.0050951970,1.7412375591,336.0000000000,76.0000000000,23.0000000000,305.0000000000,-0.0016000000,0.2300000000,0.1200000000

optimal_chisq=5.7402543445,optimal_hour=3.8800025791, source_hour=3.8800000000 
parameter is :
1.0842237195,0.7787844261,0.2390644061,2.5210881877,-0.4782148577,2.2764959014,337.3364680352,76.1806175675,3.8800025791,306.0232734261,-0.0154841137,0.2297208197,-0.0049155725,

##################################
1.0000000000,0.8296557701,0.5325630600,1.2368977564,0.0845813064,1.6752671703,202.0000000000,-18.0000000000,5.0000000000,29.0000000000,-0.0018000000,0.2800000000,0.0900000000

optimal_chisq=6.7757356936,optimal_hour=3.7200016476, source_hour=3.7200000000 
parameter is :
1.0809814037,1.3386296970,0.9577511219,1.0826006554,0.4757873417,1.1966909519,205.1916083014,-14.2799924531,3.7200016476,28.9146582606,-0.0158739940,0.2798638039,-0.0178493824,

##################################
1.0000000000,0.0487797894,0.1566583630,0.8613438179,0.7126149953,0.1377936390,240.0000000000,18.0000000000,14.0000000000,17.0000000000,-0.0017000000,0.3900000000,0.1500000000

optimal_chisq=6.1600585917,optimal_hour=3.7000040355, source_hour=3.7000000000 
parameter is :
-2.2912823103,3.7547072440,-1.2281584402,0.8912881361,2.2929349267,-1.3112817190,239.7606136670,17.5155413891,3.7000040355,16.5306051921,-0.0423381202,0.3938977310,1.4890468414,

##################################
1.0000000000,0.5705809610,1.2738393310,0.1130434305,1.1027731174,0.1008705027,40.0000000000,44.0000000000,13.0000000000,243.0000000000,-0.0023000000,0.2700000000,0.1900000000

optimal_chisq=6.6980361708,optimal_hour=3.8600005069, source_hour=3.8600000000 
parameter is :
0.9461737698,0.6423797474,1.3127976271,0.0832216386,1.0502513723,0.2680398368,40.0036635661,44.0010509746,3.8600005069,243.0018548142,-0.0296510604,0.2693919647,0.4568769617,

##################################
1.0000000000,0.6372927859,0.2938427220,1.3067329339,0.1770503969,1.4010873704,322.0000000000,-54.0000000000,6.0000000000,181.0000000000,-0.0018000000,0.4100000000,0.1100000000

optimal_chisq=6.0276299030,optimal_hour=3.8799999908, source_hour=3.8800000000 
parameter is :
0.7485984183,0.8887825064,0.0068269131,1.4904994161,0.1829294727,1.3880921576,323.1806484255,-55.3274506287,3.8799999908,180.5627098170,-0.0681046531,0.4098047635,0.5577650769,

##################################
1.0000000000,0.9561987235,1.3583026125,0.4474547939,0.9964598540,0.6912105299,136.0000000000,-19.0000000000,11.0000000000,232.0000000000,-0.0019000000,0.3800000000,0.0600000000

optimal_chisq=6.8710543115,optimal_hour=3.8499809583, source_hour=3.8500000000 
parameter is :
1.4221281062,0.6350497981,1.1496384042,1.0290056980,1.1631132395,1.8283141495,140.4008273044,-10.6977836886,3.8499809583,232.0326235948,-0.0401850614,0.3790384760,0.5208358046,

##################################
1.0000000000,0.2579931259,0.1896795144,1.0373979572,0.5695332886,0.5563755504,126.0000000000,24.0000000000,12.0000000000,333.0000000000,-0.0019000000,0.3900000000,0.0600000000

optimal_chisq=7.3566984685,optimal_hour=3.8700001587, source_hour=3.8700000000 
parameter is :
1.1083861115,0.0895465040,1.0028577594,0.5186591965,0.9255411614,1.3013739209,131.9405488271,29.7612882388,3.8700001587,333.9337414105,-0.0578263367,0.3890365882,-0.0021955448,

##################################
1.0000000000,0.4782953949,0.0774612910,1.3902789266,1.0880747573,0.2123201834,354.0000000000,41.0000000000,19.0000000000,155.0000000000,-0.0021000000,0.2800000000,0.0900000000

optimal_chisq=6.8260753766,optimal_hour=4.1900006413, source_hour=4.1900000000 
parameter is :
1.0175585453,0.6122443528,-0.2718197026,1.2426498441,1.2423875190,-0.2840317523,346.3828683607,38.2298335917,4.1900006413,150.3985881737,0.0111524818,0.2806792088,-0.2316124616,

##################################
1.0000000000,0.5747719391,0.9536899326,0.4888591300,0.2932252715,1.1074548053,180.0000000000,-90.0000000000,22.0000000000,357.0000000000,-0.0020000000,0.3900000000,0.0800000000

optimal_chisq=6.5352180671,optimal_hour=3.8499966041, source_hour=3.8500000000 
parameter is :
1.3631978001,1.0463918861,0.7508518331,1.1418802572,0.9557492790,0.8165032111,180.0877837709,-89.8346970452,3.8499966041,357.1988772616,0.0190697718,0.3901235874,-0.2179742818,

##################################
1.0000000000,0.1650758140,0.8673220293,0.1225069372,0.3322262789,0.5851749970,327.0000000000,10.0000000000,18.0000000000,17.0000000000,-0.0018000000,0.3400000000,0.1000000000

optimal_chisq=5.6273421036,optimal_hour=3.8299988631, source_hour=3.8300000000 
parameter is :
1.0483049798,0.2213334188,0.8419214351,0.0901070393,0.3438908305,0.5215403510,327.0002677140,10.0003887839,3.8299988631,16.9999123291,-0.0034357023,0.3399903376,0.1306918516,

##################################
1.0000000000,0.1227226565,0.7378675491,0.2328262003,0.1513101452,0.7871366741,220.0000000000,-47.0000000000,3.0000000000,93.0000000000,-0.0022000000,0.3200000000,0.1000000000

optimal_chisq=6.1344605312,optimal_hour=3.7000012311, source_hour=3.7000000000 
parameter is :
0.0969541755,0.2837234718,1.0096764948,-0.2865420835,0.0863148711,0.6165496515,221.3286064113,-44.7620510750,3.7000012311,94.0313032496,-0.0439687501,0.3211968968,0.0102240530,

##################################
1.0000000000,0.3913196295,0.3265314299,1.0161494756,1.0410632578,0.1227052119,341.0000000000,18.0000000000,23.0000000000,33.0000000000,-0.0017000000,0.3100000000,0.1000000000

optimal_chisq=3.7557392478,optimal_hour=3.8300048269, source_hour=3.8300000000 
parameter is :
3.2579315479,-0.9314222542,0.5009692341,-0.1167180470,-0.2358943848,0.1101113141,335.1187490504,3.0924137661,3.8300048269,32.3554818274,-0.0150985092,0.3126508062,0.0044873049,

##################################
1.0000000000,0.6313406800,0.9638354133,0.5392583922,0.0459556648,1.4509982503,158.0000000000,4.0000000000,13.0000000000,158.0000000000,-0.0015000000,0.3700000000,0.1400000000

optimal_chisq=5.2089133522,optimal_hour=3.8800024008, source_hour=3.8800000000 
parameter is :
5.4135600044,-1.8129388150,2.9887515331,0.3909783645,0.5510613807,2.6076055592,166.5702520118,39.5131854081,3.8800024008,167.3745370702,-0.0217013742,0.3700018118,0.2968318810,

##################################
1.0000000000,0.8233646899,1.2223999192,0.4552358931,1.2902672813,0.2160549495,331.0000000000,-85.0000000000,9.0000000000,291.0000000000,-0.0014000000,0.3100000000,0.0900000000

optimal_chisq=4.9981622795,optimal_hour=3.8499932391, source_hour=3.8500000000 
parameter is :
0.3064093116,1.4215791480,0.8926092469,0.9303430695,1.3113652816,1.0462124111,331.2006465671,-84.0480364765,3.8499932391,291.1248478168,0.0195180370,0.3107531239,0.2059358840,

##################################
1.0000000000,0.1785757505,0.5958723839,0.4709987021,0.2451791963,0.7735579429,264.0000000000,-45.0000000000,12.0000000000,14.0000000000,-0.0021000000,0.4100000000,0.0500000000

optimal_chisq=7.2446668291,optimal_hour=4.0100002731, source_hour=4.0100000000 
parameter is :
0.9075916597,0.5738570566,0.4949771666,0.4731840483,0.1873643577,0.8958393501,263.9987599717,-45.0151558496,4.0100002731,13.9956548298,-0.0272305579,0.4099424370,-0.0568533300,

##################################
1.0000000000,0.4282650512,0.5988811581,0.7399185049,1.0172644453,0.1467496251,215.0000000000,86.0000000000,23.0000000000,327.0000000000,-0.0018000000,0.3500000000,0.0600000000

optimal_chisq=6.4269655321,optimal_hour=3.8600043835, source_hour=3.8600000000 
parameter is :
1.1463640953,0.2370027977,0.5490527477,1.1704780861,0.6644619985,0.3993216287,214.9806811067,85.1836244786,3.8600043835,327.0016548466,-0.0368030588,0.3496448729,0.0999336236,

##################################
1.0000000000,0.9963756972,0.6791544104,1.2466907559,1.3598028746,0.4126006077,248.0000000000,-38.0000000000,7.0000000000,147.0000000000,-0.0015000000,0.3700000000,0.0900000000

optimal_chisq=5.9756970393,optimal_hour=3.8600001216, source_hour=3.8600000000 
parameter is :
1.5499140861,1.2385155821,0.5158739671,0.9619179177,1.0534559759,0.4865611902,248.0229025713,-37.9570992602,3.8600001216,146.9981325944,-0.0390052701,0.3696666928,0.0475152753,

##################################
1.0000000000,0.6204926924,1.2735216378,0.1705975773,0.6574710972,0.6889889087,253.0000000000,81.0000000000,6.0000000000,280.0000000000,-0.0013000000,0.4300000000,0.0600000000

optimal_chisq=5.7021490708,optimal_hour=3.8800025313, source_hour=3.8800000000 
parameter is :
1.1236959576,0.2535203355,1.4519499420,-0.3997920973,1.3999837637,-0.0299171713,252.9083918436,81.0322228148,3.8800025313,279.8932019603,-0.0481548946,0.4300815197,-0.0455673673,

##################################
1.0000000000,0.5530389392,0.8276869680,0.6102288223,0.6218983646,0.7235743206,310.0000000000,37.0000000000,4.0000000000,194.0000000000,-0.0013000000,0.4900000000,0.1300000000

optimal_chisq=5.5731176478,optimal_hour=3.8600109781, source_hour=3.8600000000 
parameter is :
1.2313218693,-1.3292096078,0.6786417982,1.1339635463,1.1468065987,0.5576314149,309.6718111234,37.9966394199,3.8600109781,194.2818977722,-0.0565261196,0.4924761673,-0.0138791349,

##################################
1.0000000000,0.6966134886,0.0878963939,1.5982916389,1.1187158571,0.4222781157,94.0000000000,80.0000000000,15.0000000000,269.0000000000,-0.0015000000,0.2900000000,0.0700000000

optimal_chisq=4.7997101263,optimal_hour=3.8800012646, source_hour=3.8800000000 
parameter is :
1.4205399773,0.3074767507,-0.3607525534,1.4090720655,1.5364726287,-0.7271227984,80.2598445256,93.3615710955,3.8800012646,259.9871751122,-0.0267651178,0.2899102301,0.0170455051,

##################################
1.0000000000,0.4640973282,0.2155937360,1.2184353405,1.2206095168,0.0160086634,164.0000000000,-49.0000000000,2.0000000000,47.0000000000,-0.0020000000,0.4100000000,0.0500000000

optimal_chisq=5.8526807355,optimal_hour=3.7000000656, source_hour=3.7000000000 
parameter is :
0.1373932070,1.4608617551,1.3174880710,1.0154543109,1.3266184147,-0.3637000597,162.4827876324,-48.5281809431,3.7000000656,46.5748412094,-0.0573802264,0.4139048482,0.1689133139,

##################################
1.0000000000,0.7324972552,0.2372348258,1.4674288062,0.7088510165,0.9081371414,192.0000000000,83.0000000000,21.0000000000,344.0000000000,-0.0014000000,0.2800000000,0.1800000000

optimal_chisq=6.2310139467,optimal_hour=3.8399821716, source_hour=3.8400000000 
parameter is :
0.6321091625,1.5847687042,0.4763232628,1.3018578989,0.2451348077,1.2826657512,192.0046995160,82.9996105222,3.8399821716,344.0219831376,-0.0271767307,0.2797075210,0.0997219246,

##################################
1.0000000000,0.9566487614,0.6394752378,1.2494662667,1.5368330382,0.1722672939,131.0000000000,27.0000000000,21.0000000000,193.0000000000,-0.0013000000,0.3300000000,0.1800000000

optimal_chisq=6.0259461113,optimal_hour=3.8300013654, source_hour=3.8300000000 
parameter is :
1.2618470932,1.2731130775,0.3353057193,1.3818942934,1.1604028932,0.4226321913,131.0020125283,26.9957098067,3.8300013654,192.9998974599,-0.0258161231,0.3299034207,0.3667267633,

##################################
1.0000000000,0.3100250612,0.2482874211,1.0226666091,0.2645800151,0.9632778182,99.0000000000,-18.0000000000,22.0000000000,16.0000000000,-0.0012000000,0.4300000000,0.1400000000

optimal_chisq=7.6727990490,optimal_hour=3.8399487781, source_hour=3.8400000000 
parameter is :
0.6783509151,0.4138951767,0.9602164861,0.8482119276,0.1925420969,1.2276133097,98.9911773170,-17.9941532739,3.8399487781,16.0074295429,0.0041032146,0.4303739572,0.0860155221,

##################################
1.0000000000,0.9829220786,1.4279962777,0.3985669930,0.2853002272,1.5094706594,230.0000000000,-60.0000000000,22.0000000000,287.0000000000,-0.0023000000,0.3600000000,0.1100000000

optimal_chisq=6.1493841169,optimal_hour=4.0100027685, source_hour=4.0100000000 
parameter is :
1.0660301919,1.1389185165,1.3755891216,0.3278520396,0.1855719990,1.4442982642,229.9915547780,-59.9975275803,4.0100027685,287.0066042769,-0.0203036776,0.3597199898,0.1244398899,

##################################
1.0000000000,0.6599520345,1.2753252543,0.2132820243,0.2481586498,1.2063253733,189.0000000000,-8.0000000000,20.0000000000,83.0000000000,-0.0020000000,0.4800000000,0.1800000000

optimal_chisq=6.2308028811,optimal_hour=3.8300051579, source_hour=3.8300000000 
parameter is :
0.5439883437,1.0627626943,1.3479481158,0.3090394248,0.4538414807,1.7228172944,186.9482286490,-7.2522976479,3.8300051579,82.1948211924,-0.0131931970,0.4806964344,-0.0122386407,

##################################
1.0000000000,0.5679177770,0.2729499763,1.2593414209,0.1898555685,1.3172409502,149.0000000000,-40.0000000000,22.0000000000,348.0000000000,-0.0016000000,0.2700000000,0.0500000000

optimal_chisq=4.4241892879,optimal_hour=3.8800007185, source_hour=3.8800000000 
parameter is :
1.3077058422,0.4003007796,0.6230218126,1.1117713682,0.8715412735,1.0011048106,152.5031220350,-45.0653227187,3.8800007185,345.4048455502,0.0207321298,0.2702554759,-0.4408381162,

##################################
1.0000000000,0.5460711338,0.4866035212,0.9937249720,0.6103159152,0.7823664758,212.0000000000,72.0000000000,18.0000000000,83.0000000000,-0.0017000000,0.4100000000,0.1000000000

optimal_chisq=5.8883137243,optimal_hour=3.8800003984, source_hour=3.8800000000 
parameter is :
1.7332605210,-0.0375809306,0.6098957350,0.5799041513,0.3577224847,0.9362077625,212.0216789203,72.0135977233,3.8800003984,83.0074396167,-0.0194988013,0.4097577989,-0.0308581625,

##################################
1.0000000000,0.8777598398,1.2652412018,0.4663853760,1.1811895255,0.4011394619,113.0000000000,27.0000000000,2.0000000000,332.0000000000,-0.0020000000,0.2000000000,0.0700000000

optimal_chisq=6.9331512196,optimal_hour=3.8799950393, source_hour=3.8800000000 
parameter is :
1.1054115364,0.9974403925,1.2264381967,0.4153675694,1.0868166093,0.3488741239,113.0008350533,27.0019408072,3.8799950393,331.9997340178,-0.0265077698,0.1991969021,0.1222280382,

##################################
1.0000000000,0.7257564071,0.2453509763,1.4514868180,1.0733539033,0.4857997154,292.0000000000,-57.0000000000,6.0000000000,126.0000000000,-0.0019000000,0.3900000000,0.1600000000

optimal_chisq=7.5623313395,optimal_hour=4.1900022647, source_hour=4.1900000000 
parameter is :
0.4038443939,1.1064640604,0.3175319258,0.8666191632,1.6755115662,-0.5568303083,283.5876660061,-58.5042080084,4.1900022647,130.4751651776,0.0033046917,0.3900250380,0.2308872694,

##################################
1,chisq=3.755739247809445569004083154141,optimalHour=3.8300048269,InitHout=3.8300000000,deviation=0.0000048269
2,chisq=4.424189287907236867170013283612,optimalHour=3.8800007185,InitHout=3.8800000000,deviation=0.0000007185
3,chisq=4.799710126277471289313325542025,optimalHour=3.8800012646,InitHout=3.8800000000,deviation=0.0000012646
4,chisq=4.998162279472086133580432942836,optimalHour=3.8499932391,InitHout=3.8500000000,deviation=0.0000067609
5,chisq=5.208913352212247716011006559711,optimalHour=3.8800024008,InitHout=3.8800000000,deviation=0.0000024008
6,chisq=5.573117647829120002711533743422,optimalHour=3.8600109781,InitHout=3.8600000000,deviation=0.0000109781
7,chisq=5.627342103648151905304075626191,optimalHour=3.8299988631,InitHout=3.8300000000,deviation=0.0000011369
8,chisq=5.702149070777102757290322188055,optimalHour=3.8800025313,InitHout=3.8800000000,deviation=0.0000025313
9,chisq=5.740254344460641533487432752736,optimalHour=3.8800025791,InitHout=3.8800000000,deviation=0.0000025791
10,chisq=5.852680735523781763163242430892,optimalHour=3.7000000656,InitHout=3.7000000000,deviation=0.0000000656
11,chisq=5.888313724263527504376725119073,optimalHour=3.8800003984,InitHout=3.8800000000,deviation=0.0000003984
12,chisq=5.975697039331121729333062830847,optimalHour=3.8600001216,InitHout=3.8600000000,deviation=0.0000001216
13,chisq=6.025946111261284876547961175675,optimalHour=3.8300013654,InitHout=3.8300000000,deviation=0.0000013654
14,chisq=6.027629902992458710286882705986,optimalHour=3.8799999908,InitHout=3.8800000000,deviation=0.0000000092
15,chisq=6.134460531162384988590474677039,optimalHour=3.7000012311,InitHout=3.7000000000,deviation=0.0000012311
16,chisq=6.149384116877311790005933289649,optimalHour=4.0100027685,InitHout=4.0100000000,deviation=0.0000027685
17,chisq=6.160058591703674757411590690026,optimalHour=3.7000040355,InitHout=3.7000000000,deviation=0.0000040355
18,chisq=6.230802881092740719282119243871,optimalHour=3.8300051579,InitHout=3.8300000000,deviation=0.0000051579
19,chisq=6.231013946652993240604700986296,optimalHour=3.8399821716,InitHout=3.8400000000,deviation=0.0000178284
20,chisq=6.426965532109154111140014720149,optimalHour=3.8600043835,InitHout=3.8600000000,deviation=0.0000043835
21,chisq=6.535218067079784809436659998028,optimalHour=3.8499966041,InitHout=3.8500000000,deviation=0.0000033959
22,chisq=6.698036170829587021557927073445,optimalHour=3.8600005069,InitHout=3.8600000000,deviation=0.0000005069
23,chisq=6.775735693581634855320317001315,optimalHour=3.7200016476,InitHout=3.7200000000,deviation=0.0000016476
24,chisq=6.826075376609818334827650687657,optimalHour=4.1900006413,InitHout=4.1900000000,deviation=0.0000006413
25,chisq=6.871054311522843960347017855383,optimalHour=3.8499809583,InitHout=3.8500000000,deviation=0.0000190417
26,chisq=6.933151219605541371038270881400,optimalHour=3.8799950393,InitHout=3.8800000000,deviation=0.0000049607
27,chisq=7.244666829051041645470832008868,optimalHour=4.0100002731,InitHout=4.0100000000,deviation=0.0000002731
28,chisq=7.356698468479399011243913264479,optimalHour=3.8700001587,InitHout=3.8700000000,deviation=0.0000001587
29,chisq=7.562331339524498652338024839992,optimalHour=4.1900022647,InitHout=4.1900000000,deviation=0.0000022647
30,chisq=7.672799048951867817436323093716,optimalHour=3.8399487781,InitHout=3.8400000000,deviation=0.0000512219
1.0000000000,0.3913196295,0.3265314299,1.0161494756,1.0410632578,0.1227052119,341.0000000000,18.0000000000,23.0000000000,33.0000000000,-0.0017000000,0.3100000000,0.1000000000

optimal_chisq=2.2726370508,optimal_hour=3.8559949661, source_hour=3.8560000000 
parameter is :
-1.1144616867,1.4114244615,1.3468933320,1.1664545360,2.2248039900,1.3945656758,345.7748195403,19.7344179514,3.8559949661,33.0459460183,-0.0415887196,0.3104794635,0.2603736484,

run over!

##################################
1.0000000000,0.5679177770,0.2729499763,1.2593414209,0.1898555685,1.3172409502,149.0000000000,-40.0000000000,22.0000000000,348.0000000000,-0.0016000000,0.2700000000,0.0500000000

optimal_chisq=4.2844754814,optimal_hour=3.8520015817, source_hour=3.8520000000 
parameter is :
1.9129952075,-0.2256383105,0.6047704737,0.8860652979,0.6623244548,0.7048206039,151.5648160398,-44.6781076279,3.8520015817,348.4655065916,-0.0093741923,0.2699578318,-0.0021277620,

run over!

##################################
1.0000000000,0.6966134886,0.0878963939,1.5982916389,1.1187158571,0.4222781157,94.0000000000,80.0000000000,15.0000000000,269.0000000000,-0.0015000000,0.2900000000,0.0700000000

optimal_chisq=2.9942533370,optimal_hour=3.8549940604, source_hour=3.8550000000 
parameter is :
1.3414385702,0.8832208851,2.0284768563,1.0509730860,1.6391466655,0.4640427403,101.3966713484,83.3587058921,3.8549940604,272.8035835896,-0.0073349536,0.2915590863,-0.0052796162,

run over!

##################################
1.0000000000,0.8233646899,1.2223999192,0.4552358931,1.2902672813,0.2160549495,331.0000000000,-85.0000000000,9.0000000000,291.0000000000,-0.0014000000,0.3100000000,0.0900000000

optimal_chisq=2.9719503109,optimal_hour=3.8549911825, source_hour=3.8550000000 
parameter is :
2.9924991516,1.9117618107,0.3969905092,-0.4760199168,2.2421938513,1.5533968184,333.7655894074,-89.2391420279,3.8549911825,289.5736746838,-0.0429078985,0.3111068352,0.2724888001,

run over!

##################################
1.0000000000,0.6313406800,0.9638354133,0.5392583922,0.0459556648,1.4509982503,158.0000000000,4.0000000000,13.0000000000,158.0000000000,-0.0015000000,0.3700000000,0.1400000000

optimal_chisq=4.8823643461,optimal_hour=3.8559972697, source_hour=3.8560000000 
parameter is :
0.6194851274,1.1468288336,2.1425950980,-0.9539434004,0.3661208092,1.2298694361,158.0326035600,3.8595433930,3.8559972697,158.0701343189,-0.0434964528,0.3698297621,-0.1999844536,

run over!

##################################
1.0000000000,0.5530389392,0.8276869680,0.6102288223,0.6218983646,0.7235743206,310.0000000000,37.0000000000,4.0000000000,194.0000000000,-0.0013000000,0.4900000000,0.1300000000

optimal_chisq=5.0186777634,optimal_hour=3.8770039344, source_hour=3.8770000000 
parameter is :
1.2731825075,0.4963383198,0.6307485071,0.5542278090,0.5836060572,0.6954691115,309.9967932313,37.0050808701,3.8770039344,193.9970535418,-0.0153702764,0.4899359942,0.1526922030,

run over!

##################################
1,chisq=2.272637050817420956150272104423,optimalHour=3.8559949661,InitHout=3.8560000000,deviation=0.0000050339
2,chisq=2.971950310935832284542357228929,optimalHour=3.8549911825,InitHout=3.8550000000,deviation=0.0000088175
3,chisq=2.994253337002605874772598326672,optimalHour=3.8549940604,InitHout=3.8550000000,deviation=0.0000059396
4,chisq=4.284475481405605634677158377599,optimalHour=3.8520015817,InitHout=3.8520000000,deviation=0.0000015817
5,chisq=4.882364346056433213050240738085,optimalHour=3.8559972697,InitHout=3.8560000000,deviation=0.0000027303
6,chisq=5.018677763390029689105631405255,optimalHour=3.8770039344,InitHout=3.8770000000,deviation=0.0000039344






1.0000000000,0.8233646899,1.2223999192,0.4552358931,1.2902672813,0.2160549495,331.0000000000,-85.0000000000,9.0000000000,291.0000000000,-0.0014000000,0.3100000000,0.0900000000


1.0000000000,0.8233646899,1.2223999192,0.4552358931,1.2902672813,0.2160549495,331.0000000000,-85.0000000000,9.0000000000,291.0000000000,-0.0014000000,0.3100000000,0.0900000000

optimal_chisq=1.0602545781,optimal_hour=3.8542937589 
parameter is :
-0.3916242485,1.1754230923,1.1292686934,1.0215823817,1.2557340010,1.7769786874,330.3181344060,-83.6064242503,3.8542937589,292.9921538810,-0.0130658394,0.3099785289,0.3033807955,

Pole:
optimalLambda,optimalBeta:(291.9916266527,-88.0024458014)
optimalParameter:{0.7024970100,0.9230691780,0.7933881678,0.8990318884,1.1123274172,1.1117201473,291.9916266527,-88.0024458014,3.8543232254,57.0047570189,0.0051425069,0.4599965265,0.1333710488}


