1.0000000000,0.0161720337,0.0726687848,0.9289936128,0.5123228510,0.3736931339,317.0000000000,-7.0000000000,7.0000000000,94.0000000000,-0.0020000000,0.2400000000,0.0900000000

optimal_chisq=4.6547711233,optimal_hour=6.9100032053, source_hour=6.9100000000 
parameter is :
0.4578949388,-0.0032383742,0.3079768198,0.1734088928,0.2666365852,0.2339759903,320.7389032131,-1.6916828920,6.9100032053,106.1085647184,-1.0192079996,-1.8157663178,0.2618093634,

##################################
1.0000000000,0.1215811512,0.4167460331,0.6248114954,0.7945573626,0.0613319041,88.0000000000,-35.0000000000,1.0000000000,18.0000000000,-0.0014000000,0.4900000000,0.1600000000

optimal_chisq=4.2492524555,optimal_hour=6.8900010967, source_hour=6.8900000000 
parameter is :
1.0266513392,0.1491639463,0.4265755253,0.6004697413,0.7718514873,0.0473781089,88.0000995584,-34.9999324820,6.8900010967,17.9998332455,-0.0033706185,0.4899943696,0.1660534072,

##################################
1.0000000000,0.3536375111,0.6554282248,0.5932279052,0.6700300509,0.4600445145,183.0000000000,-11.0000000000,18.0000000000,67.0000000000,-0.0020000000,0.4000000000,0.1400000000

optimal_chisq=5.3804941860,optimal_hour=6.6399999203, source_hour=6.6400000000 
parameter is :
1.4142753633,0.0040531298,0.7303472753,0.7962526694,0.5982231123,0.6566380300,183.0998323488,-11.0588404580,6.6399999203,66.9352805607,-0.5722618243,0.1886829150,0.0660105931,

##################################
1.0000000000,0.4948208297,0.3097926547,1.1423615415,0.5607621370,0.8095474696,32.0000000000,-82.0000000000,3.0000000000,129.0000000000,-0.0024000000,0.2700000000,0.1100000000

optimal_chisq=4.4824856797,optimal_hour=6.8800006729, source_hour=6.8800000000 
parameter is :
0.6470533464,0.8236308096,0.2539284024,1.1402755656,0.6839521717,0.9830456916,32.0015174362,-82.0021075369,6.8800006729,128.9961788946,-0.0796455576,0.2685382777,0.0765213987,

##################################
1.0000000000,0.0199064752,0.5437909409,0.3551277403,0.1206598857,0.7505597207,289.0000000000,-61.0000000000,1.0000000000,62.0000000000,-0.0017000000,0.4500000000,0.0900000000

optimal_chisq=3.5737785255,optimal_hour=6.8799993450, source_hour=6.8800000000 
parameter is :
0.6974339758,0.4712560143,0.2339019316,0.6825887871,0.6526415626,0.2740605092,286.1152415031,-60.2026853373,6.8799993450,64.5332993156,-0.2034881342,0.4519749439,0.0994551147,

##################################
1.0000000000,0.7785624423,1.0946108719,0.5509103349,1.1811474678,0.3054696841,200.0000000000,19.0000000000,13.0000000000,194.0000000000,-0.0021000000,0.4100000000,0.1800000000

optimal_chisq=4.5820643260,optimal_hour=7.3700002683, source_hour=7.3700000000 
parameter is :
1.2125527605,3.3791049710,0.2873023145,4.0226031517,2.1652717464,2.3620519386,203.4751566926,27.6464728961,7.3700002683,196.5681258377,-1.1523503867,-0.5630396047,0.0999859956,

##################################
1.0000000000,0.9551320807,1.1392632841,0.6914045710,0.2311032614,1.5739584597,112.0000000000,66.0000000000,2.0000000000,305.0000000000,-0.0020000000,0.3900000000,0.0700000000

optimal_chisq=2.8123354896,optimal_hour=6.8900004302, source_hour=6.8900000000 
parameter is :
1.3730866609,0.9799500360,1.5289832730,0.2871484276,0.5257962528,1.3282570685,109.3186477309,66.7237370508,6.8900004302,307.8046029669,-0.2745567220,0.3412689173,0.2476793366,

##################################
1.0000000000,0.6226820828,1.2752896307,0.1710446069,0.5539549463,0.8112243939,160.0000000000,67.0000000000,11.0000000000,85.0000000000,-0.0020000000,0.4400000000,0.0600000000

optimal_chisq=2.7043739703,optimal_hour=6.8999999941, source_hour=6.9000000000 
parameter is :
1.8424268847,0.4427680411,0.1414629399,2.1569102652,-0.9477821155,1.7916049064,142.4753499000,19.9031433616,6.8999999941,97.5258260658,-1.5574820746,-15.8887688471,0.3051539041,

##################################
1.0000000000,0.6658563896,0.3601117678,1.2613257955,1.1561634349,0.3072668113,344.0000000000,40.0000000000,8.0000000000,109.0000000000,-0.0012000000,0.2800000000,0.1000000000

optimal_chisq=4.5467704226,optimal_hour=7.4900020343, source_hour=7.4900000000 
parameter is :
0.8228359059,0.8053546397,0.4251709147,1.1566576075,1.2869669634,0.2980307743,343.9789344737,40.0195915786,7.4900020343,109.0025428004,-0.0269959293,0.2798324487,0.2265107986,

##################################
1.0000000000,0.9786940031,0.7503575789,1.1493387916,0.8903252620,0.9104909148,170.0000000000,-64.0000000000,9.0000000000,188.0000000000,-0.0016000000,0.4000000000,0.1300000000

optimal_chisq=4.5248409750,optimal_hour=7.0100030169, source_hour=7.0100000000 
parameter is :
1.1389731878,1.0581898049,0.7321779182,1.1370682342,0.9754865016,0.6349107186,169.9948873994,-64.0081629170,7.0100030169,188.0016786518,-0.0394367252,0.3992902023,0.2038529233,

##################################
1.0000000000,0.7326283351,0.1153930900,1.6038112340,0.3789111856,1.2950211550,290.0000000000,-72.0000000000,22.0000000000,237.0000000000,-0.0023000000,0.4900000000,0.1500000000

optimal_chisq=4.1995653668,optimal_hour=7.0100011055, source_hour=7.0100000000 
parameter is :
1.3782420160,0.6548825196,0.3165979560,1.4085336981,0.6015381582,1.1990395614,289.9953562307,-72.0021580481,7.0100011055,237.0042532873,-0.0337476030,0.4895909989,0.0588659074,

##################################
1.0000000000,0.8585825622,0.7886736347,0.9807649895,1.1571945616,0.4700133692,38.0000000000,-4.0000000000,4.0000000000,157.0000000000,-0.0013000000,0.4400000000,0.1200000000

optimal_chisq=4.7573986065,optimal_hour=6.6499978359, source_hour=6.6500000000 
parameter is :
0.8187710641,0.8143903865,0.8979987243,1.1574089564,1.1034027227,0.4798773660,38.0100855955,-4.0040854967,6.6499978359,156.9999807429,-0.0265457263,0.4398485795,0.1658597584,

##################################
1.0000000000,0.4575383130,1.2430836232,0.0171813083,0.0847183166,1.1619555193,177.0000000000,-73.0000000000,16.0000000000,275.0000000000,-0.0013000000,0.3200000000,0.1800000000

optimal_chisq=4.1358672570,optimal_hour=7.3700001919, source_hour=7.3700000000 
parameter is :
1.1457890511,0.8640283384,1.6033004886,0.1638438847,0.0457360584,1.7710743455,178.0612670154,-67.4125079716,7.3700001919,274.5371253105,-0.1823337273,0.3191970230,0.2256229749,

##################################
1.0000000000,0.7487043490,1.1756647974,0.4262578311,1.3319205809,0.0815396402,284.0000000000,25.0000000000,1.0000000000,265.0000000000,-0.0013000000,0.2200000000,0.0600000000

optimal_chisq=4.7694130555,optimal_hour=7.2800010896, source_hour=7.2800000000 
parameter is :
0.3874376872,1.0216724009,1.1419173013,0.6834299524,1.1621639402,-0.3838613020,281.8964997914,50.2645452319,7.2800010896,272.5405589125,-0.6565990427,-0.1760311629,-0.0447708388,

##################################
1.0000000000,0.8115736296,0.9564407444,0.7425431487,0.9430745220,0.6365007506,321.0000000000,-20.0000000000,20.0000000000,303.0000000000,-0.0019000000,0.4800000000,0.1500000000

optimal_chisq=4.8676338445,optimal_hour=6.8800004839, source_hour=6.8800000000 
parameter is :
1.0863388253,0.7394129736,0.9234789890,0.6629122814,1.0171307112,0.6255797819,320.9860483825,-19.9960273197,6.8800004839,303.0191213451,-0.1655368684,0.4793522734,0.1169823147,

##################################
1.0000000000,0.2445148231,0.8896213031,0.1901074470,0.8305769157,0.0633187578,42.0000000000,86.0000000000,9.0000000000,192.0000000000,-0.0022000000,0.4600000000,0.1200000000

optimal_chisq=4.8715172060,optimal_hour=6.8900000644, source_hour=6.8900000000 
parameter is :
1.0000000000,0.2445148231,0.8896213031,0.1901074470,0.8305769157,0.0633187578,42.0000000000,86.0000000000,6.8900000644,192.0000000000,-0.0022000000,0.4600000000,0.1200000000,

##################################
1.0000000000,0.4324168272,1.1627687990,0.0829683974,0.8588868689,0.2289418533,17.0000000000,-87.0000000000,19.0000000000,76.0000000000,-0.0020000000,0.4500000000,0.1600000000

optimal_chisq=4.0583685664,optimal_hour=6.8799999791, source_hour=6.8800000000 
parameter is :
0.8334926651,0.5869011488,0.5295441776,0.9945670731,1.2832374282,-0.4319149371,44.9277614231,-75.1742417269,6.8799999791,79.6532624144,-3.1509859630,-2.2896111391,0.0351974710,

##################################
1.0000000000,0.5521003397,0.1415370097,1.3921057051,0.1588389967,1.3538021746,260.0000000000,28.0000000000,15.0000000000,330.0000000000,-0.0017000000,0.4000000000,0.1600000000

optimal_chisq=3.3032690477,optimal_hour=6.8899996591, source_hour=6.8900000000 
parameter is :
0.9792580267,1.0535041796,0.5074221240,1.7222419370,0.2322512423,1.8261287179,259.4156650035,27.8305629879,6.8899996591,333.2477778934,-0.1509516549,0.3967797049,0.0839017855,

##################################
1.0000000000,0.7955424566,1.2509963654,0.3922907281,1.0408747145,0.4640866024,21.0000000000,33.0000000000,4.0000000000,299.0000000000,-0.0016000000,0.2100000000,0.0700000000

optimal_chisq=5.0883113450,optimal_hour=6.6400013476, source_hour=6.6400000000 
parameter is :
1.0256278321,0.3836144891,0.8605328147,0.7975136019,1.6372931284,1.0097605633,25.6233524773,18.8388948614,6.6400013476,301.3814744005,-0.0878089271,0.2127433138,-0.4866186164,

##################################
1.0000000000,0.8983975928,1.2902847623,0.4607378318,0.4271653639,1.2736258605,39.0000000000,-19.0000000000,8.0000000000,150.0000000000,-0.0017000000,0.4200000000,0.1300000000

optimal_chisq=3.6239819271,optimal_hour=6.8900000175, source_hour=6.8900000000 
parameter is :
1.0302580009,0.9921311298,1.2328666638,0.4343152610,0.4524421534,1.2430936247,38.9996994011,-19.0009705375,6.8900000175,150.0019660073,-0.0214533691,0.4197187125,0.2241127527,

##################################
1.0000000000,0.0314754136,0.6946182886,0.1775766028,0.3310649061,0.4571234383,155.0000000000,-53.0000000000,12.0000000000,172.0000000000,-0.0022000000,0.3500000000,0.0600000000

optimal_chisq=4.7585337518,optimal_hour=7.2900016750, source_hour=7.2900000000 
parameter is :
1.0962944114,0.1725457167,1.1648700378,-0.0499533959,0.6551236741,0.6430935179,162.4326332855,-55.1661732923,7.2900016750,169.3446816662,-0.0555221636,0.3498447368,-0.0542858973,

##################################
1.0000000000,0.2380281208,0.7275631058,0.3789607348,0.0226483608,1.0797666168,78.0000000000,18.0000000000,15.0000000000,265.0000000000,-0.0024000000,0.2700000000,0.1800000000

optimal_chisq=3.4533956207,optimal_hour=6.8999983104, source_hour=6.9000000000 
parameter is :
0.8406720757,0.5755586900,0.7897863352,0.5073182935,0.1144911001,1.1066180527,77.9584792758,18.0013999633,6.8999983104,264.9678605527,-0.1135633555,0.2558480452,0.1762173518,

##################################
1.0000000000,0.7096200342,0.5367224363,1.1076163504,1.3566225674,0.1016584497,73.0000000000,79.0000000000,6.0000000000,10.0000000000,-0.0023000000,0.2700000000,0.0500000000

optimal_chisq=4.6655731931,optimal_hour=6.7200003893, source_hour=6.7200000000 
parameter is :
1.3313134249,0.8805043164,0.7056525966,1.1498055589,1.4498482432,0.3580811338,71.1288221539,71.8607036337,6.7200003893,10.2761705210,-0.1210084585,0.2704225749,-0.1498733785,

##################################
1.0000000000,0.3121310479,0.6048257283,0.6075282335,0.9249100636,0.1084302577,2.0000000000,-23.0000000000,24.0000000000,239.0000000000,-0.0013000000,0.3100000000,0.1000000000

optimal_chisq=4.2927878533,optimal_hour=7.4900046104, source_hour=7.4900000000 
parameter is :
0.6984627771,-0.0345244267,0.0429666406,0.6875104474,0.3726947661,0.4572944020,7.6266090466,-30.3780476915,7.4900046104,236.8720227198,-1.0106414395,-0.6430006783,-0.1233430046,

##################################
1.0000000000,0.4305915071,1.1671131839,0.0756533065,0.4125802758,0.7598030440,172.0000000000,2.0000000000,15.0000000000,295.0000000000,-0.0013000000,0.2800000000,0.1700000000

optimal_chisq=4.7557193019,optimal_hour=6.9700027208, source_hour=6.9700000000 
parameter is :
4.6298580328,1.4769015334,4.0816118683,2.1623315580,4.2681654271,2.9014867894,189.4674481356,31.7931497317,6.9700027208,293.9441782342,-2.4845880690,-6.0558667403,0.4078652993,

##################################
1.0000000000,0.0458453689,0.3760687027,0.5920891930,0.2326380905,0.6848053802,171.0000000000,10.0000000000,15.0000000000,53.0000000000,-0.0015000000,0.4300000000,0.1700000000

optimal_chisq=5.3617336312,optimal_hour=6.9000001089, source_hour=6.9000000000 
parameter is :
1.1559497869,0.5405871794,0.3654607494,1.3079928307,0.5543216208,1.2139532294,196.1974057666,10.2663780196,6.9000001089,82.2301134739,-0.0430728162,0.4289061472,-0.0311792260,

##################################
1.0000000000,0.7136352452,0.8045559568,0.8093780684,1.0249407337,0.4500140129,222.0000000000,-83.0000000000,23.0000000000,194.0000000000,-0.0021000000,0.2400000000,0.1100000000

optimal_chisq=5.0333401302,optimal_hour=7.0100022964, source_hour=7.0100000000 
parameter is :
0.9154523991,0.9583978296,0.5546158902,1.0409373352,1.0834352747,0.2597579994,221.9096913418,-83.0213385273,7.0100022964,194.0883468654,-0.1487464816,0.2151020284,-0.0925554758,

##################################
1.0000000000,0.8546351399,0.9261021480,0.8226151089,1.3482696942,0.2295440305,143.0000000000,-12.0000000000,12.0000000000,143.0000000000,-0.0017000000,0.2400000000,0.1900000000

optimal_chisq=4.3937632669,optimal_hour=7.1599999301, source_hour=7.1600000000 
parameter is :
0.5440862148,1.2428236550,0.9002392219,0.9506354536,1.3152798403,0.4722510949,140.5395014348,-10.8471946677,7.1599999301,142.9276381936,-0.1462914929,0.2326198471,1.1961862486,

##################################
1.0000000000,0.6302257481,1.1659888682,0.3057907584,0.4008063592,1.0143275527,123.0000000000,-71.0000000000,1.0000000000,72.0000000000,-0.0022000000,0.3700000000,0.1200000000

optimal_chisq=3.6944688331,optimal_hour=7.3700015108, source_hour=7.3700000000 
parameter is :
0.6809500197,0.6868606949,1.0915445730,0.2724099290,0.2325063096,1.1372420150,125.0007273131,-64.5646802041,7.3700015108,72.9847035762,-0.2402690607,0.3366348598,0.5405613954,

##################################
1.0000000000,0.0905386014,0.7334883754,0.1998800559,0.1242418525,0.7816983099,326.0000000000,27.0000000000,14.0000000000,10.0000000000,-0.0014000000,0.4400000000,0.1200000000

optimal_chisq=5.1987557065,optimal_hour=6.7100008149, source_hour=6.7100000000 
parameter is :
2.4323844227,1.3374501706,2.3749520457,1.1106653680,0.7732441864,2.6492080581,317.8897919816,18.9013253786,6.7100008149,9.2353205828,-0.4334105269,0.3369499089,-0.1322531249,

##################################
1,chisq=2.704373970299351892521144691273,optimalHour=6.8999999941,InitHout=6.9000000000,deviation=0.0000000059
2,chisq=2.812335489644939734432682598708,optimalHour=6.8900004302,InitHout=6.8900000000,deviation=0.0000004302
3,chisq=3.303269047718223383469648979371,optimalHour=6.8899996591,InitHout=6.8900000000,deviation=0.0000003409
4,chisq=3.453395620713257674339047298417,optimalHour=6.8999983104,InitHout=6.9000000000,deviation=0.0000016896
5,chisq=3.573778525527326888067136678728,optimalHour=6.8799993450,InitHout=6.8800000000,deviation=0.0000006550
6,chisq=3.623981927065924146802444738569,optimalHour=6.8900000175,InitHout=6.8900000000,deviation=0.0000000175
7,chisq=3.694468833060035706239432329312,optimalHour=7.3700015108,InitHout=7.3700000000,deviation=0.0000015108
8,chisq=4.058368566370614161087360116653,optimalHour=6.8799999791,InitHout=6.8800000000,deviation=0.0000000209
9,chisq=4.135867257032989741105666325893,optimalHour=7.3700001919,InitHout=7.3700000000,deviation=0.0000001919
10,chisq=4.199565366782089803621147439117,optimalHour=7.0100011055,InitHout=7.0100000000,deviation=0.0000011055
11,chisq=4.249252455486442592302864795784,optimalHour=6.8900010967,InitHout=6.8900000000,deviation=0.0000010967
12,chisq=4.292787853264401931596694339532,optimalHour=7.4900046104,InitHout=7.4900000000,deviation=0.0000046104
13,chisq=4.393763266907606102051886409754,optimalHour=7.1599999301,InitHout=7.1600000000,deviation=0.0000000699
14,chisq=4.482485679709859560659879207378,optimalHour=6.8800006729,InitHout=6.8800000000,deviation=0.0000006729
15,chisq=4.524840974984007502257554733660,optimalHour=7.0100030169,InitHout=7.0100000000,deviation=0.0000030169
16,chisq=4.546770422563754188161055935780,optimalHour=7.4900020343,InitHout=7.4900000000,deviation=0.0000020343
17,chisq=4.582064326002574183860360790277,optimalHour=7.3700002683,InitHout=7.3700000000,deviation=0.0000002683
18,chisq=4.654771123266675303398187679704,optimalHour=6.9100032053,InitHout=6.9100000000,deviation=0.0000032053
19,chisq=4.665573193061554491123388288543,optimalHour=6.7200003893,InitHout=6.7200000000,deviation=0.0000003893
20,chisq=4.755719301899411277645413065329,optimalHour=6.9700027208,InitHout=6.9700000000,deviation=0.0000027208
21,chisq=4.757398606458111522954368410865,optimalHour=6.6499978359,InitHout=6.6500000000,deviation=0.0000021641
22,chisq=4.758533751839463477040226280224,optimalHour=7.2900016750,InitHout=7.2900000000,deviation=0.0000016750
23,chisq=4.769413055497137676752572588157,optimalHour=7.2800010896,InitHout=7.2800000000,deviation=0.0000010896
24,chisq=4.867633844463074233033239579527,optimalHour=6.8800004839,InitHout=6.8800000000,deviation=0.0000004839
25,chisq=4.871517206008339151424024748849,optimalHour=6.8900000644,InitHout=6.8900000000,deviation=0.0000000644
26,chisq=5.033340130178618032630311063258,optimalHour=7.0100022964,InitHout=7.0100000000,deviation=0.0000022964
27,chisq=5.088311345011338637789322092431,optimalHour=6.6400013476,InitHout=6.6400000000,deviation=0.0000013476
28,chisq=5.198755706495843398329270712566,optimalHour=6.7100008149,InitHout=6.7100000000,deviation=0.0000008149
29,chisq=5.361733631151311740836717945058,optimalHour=6.9000001089,InitHout=6.9000000000,deviation=0.0000001089
30,chisq=5.380494186038504267344251275063,optimalHour=6.6399999203,InitHout=6.6400000000,deviation=0.0000000797
1.0000000000,0.6226820828,1.2752896307,0.1710446069,0.5539549463,0.8112243939,160.0000000000,67.0000000000,11.0000000000,85.0000000000,-0.0020000000,0.4400000000,0.0600000000

optimal_chisq=2.7043739703,optimal_hour=6.8999999941, source_hour=6.9000000000 
parameter is :
1.8424268847,0.4427680411,0.1414629399,2.1569102652,-0.9477821155,1.7916049064,142.4753499000,19.9031433616,6.8999999941,97.5258260658,-1.5574820746,-15.8887688471,0.3051539041,

run over!

##################################
1.0000000000,0.9551320807,1.1392632841,0.6914045710,0.2311032614,1.5739584597,112.0000000000,66.0000000000,2.0000000000,305.0000000000,-0.0020000000,0.3900000000,0.0700000000

optimal_chisq=2.8123354896,optimal_hour=6.8900004302, source_hour=6.8900000000 
parameter is :
1.3730866609,0.9799500360,1.5289832730,0.2871484276,0.5257962528,1.3282570685,109.3186477309,66.7237370508,6.8900004302,307.8046029669,-0.2745567220,0.3412689173,0.2476793366,

run over!

##################################
1.0000000000,0.5521003397,0.1415370097,1.3921057051,0.1588389967,1.3538021746,260.0000000000,28.0000000000,15.0000000000,330.0000000000,-0.0017000000,0.4000000000,0.1600000000

optimal_chisq=2.8639377783,optimal_hour=6.8930014102, source_hour=6.8930000000 
parameter is :
2.3107195947,0.6567673283,0.4700369242,1.8638272613,1.3016304149,1.0638920673,249.0342435612,-7.6930210511,6.8930014102,350.8720355924,-0.0319234763,0.4003052638,0.0733033514,

run over!

##################################
1.0000000000,0.2380281208,0.7275631058,0.3789607348,0.0226483608,1.0797666168,78.0000000000,18.0000000000,15.0000000000,265.0000000000,-0.0024000000,0.2700000000,0.1800000000

optimal_chisq=3.2496506733,optimal_hour=6.9649997652, source_hour=6.9650000000 
parameter is :
0.6812543929,0.5240617967,0.6205390712,-0.2645950417,0.3292459127,0.5606076719,77.7309846563,12.4882278149,6.9649997652,271.9076716162,-0.1565842130,0.2613132220,0.1133560776,

run over!

##################################
1.0000000000,0.0199064752,0.5437909409,0.3551277403,0.1206598857,0.7505597207,289.0000000000,-61.0000000000,1.0000000000,62.0000000000,-0.0017000000,0.4500000000,0.0900000000

optimal_chisq=1.4494804452,optimal_hour=6.8950010746, source_hour=6.8950000000 
parameter is :
202.1095688183,144.3713741489,98.1761184117,77.1925897747,145.6316649241,306.2041854159,298.4288371294,-70.9498365533,6.8950010746,42.3115950143,49.5557540788,-4.4534159737,-0.0250146260,

run over!

##################################
1.0000000000,0.8983975928,1.2902847623,0.4607378318,0.4271653639,1.2736258605,39.0000000000,-19.0000000000,8.0000000000,150.0000000000,-0.0017000000,0.4200000000,0.1300000000

optimal_chisq=3.5943762133,optimal_hour=6.8930012068, source_hour=6.8930000000 
parameter is :
1.2696529609,0.6001926793,0.8835501422,1.0390662334,0.5284795254,1.3119309631,39.0097216087,-18.9962870177,6.8930012068,149.9858986448,-0.0343982778,0.4193013890,-0.3362447215,

run over!

##################################
1,chisq=1.449480445163792374785316496855,optimalHour=6.8950010746,InitHout=6.8950000000,deviation=0.0000010746
2,chisq=2.704373970299351892521144691273,optimalHour=6.8999999941,InitHout=6.9000000000,deviation=0.0000000059
3,chisq=2.812335489644939734432682598708,optimalHour=6.8900004302,InitHout=6.8900000000,deviation=0.0000004302
4,chisq=2.863937778315888582625348135480,optimalHour=6.8930014102,InitHout=6.8930000000,deviation=0.0000014102
5,chisq=3.249650673345083173870762038860,optimalHour=6.9649997652,InitHout=6.9650000000,deviation=0.0000002348
6,chisq=3.594376213349634863192250122665,optimalHour=6.8930012068,InitHout=6.8930000000,deviation=0.0000012068





1.0000000000,0.6226820828,1.2752896307,0.1710446069,0.5539549463,0.8112243939,160.0000000000,67.0000000000,11.0000000000,85.0000000000,-0.0020000000,0.4400000000,0.0600000000


1.0000000000,0.6226820828,1.2752896307,0.1710446069,0.5539549463,0.8112243939,160.0000000000,67.0000000000,11.0000000000,85.0000000000,-0.0020000000,0.4400000000,0.0600000000

optimal_chisq=1.1944840390,optimal_hour=6.8952008285 
parameter is :
-3.5194412737,0.9364548018,-1.5860443149,-1.3923209196,0.8247169925,-2.1105712319,85.8346371548,39.3437967204,6.8952008285,81.9957061358,-2.0888207891,-1.0966272889,0.0102158198,

Pole:
optimalLambda,optimalBeta:(261.4465242405,9.2111526268)
optimalParameter:{1.1484976493,1.2914754362,0.7800811547,0.9918638465,0.1263013255,1.1929675059,261.4465242405,9.2111526268,6.8952004163,103.4623649330,-0.3287142970,0.4554207708,0.2083486216}


