1.0000000000,0.5841447188,0.5048706562,1.0127390841,0.6375913643,0.7907406212,72.0000000000,17.0000000000,6.0000000000,15.0000000000,-0.0013000000,0.3200000000,0.1300000000

optimal_chisq=0.3076611545,optimal_hour=5.2500033107, source_hour=5.2500000000 
parameter is :
0.9808325138,0.5877372336,0.7605745233,0.8182314107,0.4875764054,1.0013660705,71.9071545954,16.9674243497,5.2500033107,14.9776213077,-0.0169411326,0.3205606330,-0.0015822476,

##################################
1.0000000000,0.9039311325,0.5125741323,1.3358977712,0.6591305825,1.1150382948,24.0000000000,-1.0000000000,1.0000000000,136.0000000000,-0.0013000000,0.3100000000,0.0600000000

optimal_chisq=0.2989673718,optimal_hour=5.3899905999, source_hour=5.3900000000 
parameter is :
1.0568694618,1.2238891665,0.9228264442,1.2238919710,1.0346737745,1.0977829831,24.6058931122,-0.4286605581,5.3899905999,136.1742931723,-0.0163831541,0.3101304056,0.0805562393,

##################################
1.0000000000,0.3858730921,0.5232506744,0.7824753314,0.1151030350,1.1727477580,319.0000000000,48.0000000000,11.0000000000,340.0000000000,-0.0019000000,0.3100000000,0.1700000000

optimal_chisq=0.2953245793,optimal_hour=5.4200362349, source_hour=5.4200000000 
parameter is :
0.4771395301,0.8255710766,0.7077750987,0.6654312922,0.6719504282,0.7350397754,318.5950518778,47.8055018615,5.4200362349,339.2646965480,-0.0173184296,0.3103366629,0.1053395857,

##################################
1.0000000000,0.4317154411,0.2755408975,1.1165890291,0.7742516516,0.4959701742,265.0000000000,-60.0000000000,18.0000000000,319.0000000000,-0.0014000000,0.4400000000,0.1500000000

optimal_chisq=0.2750511859,optimal_hour=5.4299976316, source_hour=5.4300000000 
parameter is :
0.9409420619,0.9253327635,0.6456793687,1.2028744056,0.9346324150,0.2300202895,267.1597800756,-58.9804971905,5.4299976316,319.6410300899,-0.0203596594,0.4400451746,0.1278315016,

##################################
1.0000000000,0.8283018897,0.9134932094,0.8087253738,0.3231051217,1.3607363181,284.0000000000,79.0000000000,5.0000000000,62.0000000000,-0.0019000000,0.2900000000,0.0800000000

optimal_chisq=0.3144350665,optimal_hour=4.9499990325, source_hour=4.9500000000 
parameter is :
1.7257334180,0.7743904874,1.1021619040,1.4530127253,1.3248759975,1.2446510457,286.7461646811,79.8177241915,4.9499990325,64.7005742823,-0.0140026766,0.2899918013,-0.1145485143,

##################################
1.0000000000,0.6655011245,0.2253738740,1.4126087816,0.0844127423,1.5431973131,16.0000000000,-36.0000000000,2.0000000000,202.0000000000,-0.0023000000,0.2600000000,0.1300000000

optimal_chisq=0.2938491351,optimal_hour=5.3899903113, source_hour=5.3900000000 
parameter is :
0.7580125966,0.5301267513,0.5994533728,0.6678469315,0.8005757117,0.4609976180,11.7141213014,-32.8292947330,5.3899903113,201.3775225160,-0.0161231798,0.2598724562,0.1068613033,

##################################
1.0000000000,0.8781619025,1.2701212370,0.4613288111,1.2493913538,0.3231586460,76.0000000000,83.0000000000,4.0000000000,76.0000000000,-0.0013000000,0.4600000000,0.0800000000

optimal_chisq=0.3153459902,optimal_hour=5.3100011399, source_hour=5.3100000000 
parameter is :
0.8873828653,0.8092519811,1.0803919256,0.5321243551,0.7441062315,1.0033933585,74.5532427654,82.5742006413,5.3100011399,74.3446421673,-0.0223327706,0.4604480914,-0.2395034714,

##################################
1.0000000000,0.8518110411,1.1760423722,0.5385915925,1.4588095810,0.0642629811,248.0000000000,-13.0000000000,4.0000000000,206.0000000000,-0.0021000000,0.2900000000,0.1400000000

optimal_chisq=0.3248492013,optimal_hour=4.9100021142, source_hour=4.9100000000 
parameter is :
1.4970750430,0.6572644139,1.0346621621,1.1696184933,1.1000939806,1.0762375430,220.1329986323,66.1717651982,4.9100021142,216.3832894551,-0.0142432049,0.2881403980,0.0349480882,

##################################
1.0000000000,0.4182006132,0.5571102297,0.7776107278,0.1156865074,1.2014683289,97.0000000000,-54.0000000000,23.0000000000,119.0000000000,-0.0013000000,0.2500000000,0.1200000000

optimal_chisq=0.2733272750,optimal_hour=5.3800084025, source_hour=5.3800000000 
parameter is :
0.6178469743,0.4952221339,0.4572867170,0.6926992782,0.5387814589,0.5776347955,99.9799904331,-56.7742405846,5.3800084025,118.8610054623,-0.0154859342,0.2500154291,-0.0765011239,

##################################
1.0000000000,0.2774273978,0.1299254257,1.1268255731,0.0502722655,1.1984267907,347.0000000000,-5.0000000000,14.0000000000,313.0000000000,-0.0022000000,0.3200000000,0.1200000000

optimal_chisq=0.2684339709,optimal_hour=5.3700015213, source_hour=5.3700000000 
parameter is :
0.3142469123,0.3573783850,0.4331803272,0.2733285938,0.3513873874,0.2971856333,358.8867888056,-4.0389374007,5.3700015213,312.6795752017,-0.0100781813,0.3213296066,0.1334352724,

##################################
1.0000000000,0.1767054625,0.2529691693,0.8790425566,0.2260154394,0.8645469496,122.0000000000,-54.0000000000,10.0000000000,299.0000000000,-0.0022000000,0.3400000000,0.1300000000

optimal_chisq=0.2415350259,optimal_hour=5.3100023809, source_hour=5.3100000000 
parameter is :
0.8446470993,0.9502617540,0.6579300188,1.0353806442,1.0209249440,0.6897472822,123.2494868331,-50.6223651756,5.3100023809,309.6622533866,-0.0214736617,0.3403103778,-0.1502813895,

##################################
1.0000000000,0.1811140423,0.8468306737,0.1672726383,0.3589393259,0.5785928948,316.0000000000,7.0000000000,10.0000000000,159.0000000000,-0.0012000000,0.3200000000,0.1300000000

optimal_chisq=0.2822308719,optimal_hour=5.4100303434, source_hour=5.4100000000 
parameter is :
0.4608574435,0.3470786131,0.3380004547,0.4602708634,0.4354255877,0.3609855134,311.3744793924,12.5620088378,5.4100303434,160.3653314665,-0.0202890098,0.3195803231,-0.2103072291,

##################################
1.0000000000,0.1163360803,0.9119415942,0.0056193260,0.2434212019,0.6175970861,181.0000000000,83.0000000000,24.0000000000,184.0000000000,-0.0016000000,0.4600000000,0.1300000000

optimal_chisq=0.3080603739,optimal_hour=5.4700038952, source_hour=5.4700000000 
parameter is :
1.1864351180,0.4976240486,1.0004605958,0.6674140543,0.4442690798,1.2200229052,186.4377139839,80.8140088450,5.4700038952,183.9890362667,-0.0199102636,0.4598092937,-0.0887799411,

##################################
1.0000000000,0.0443333392,0.0153301508,1.0260590151,0.2631615528,0.7249627448,186.0000000000,32.0000000000,9.0000000000,50.0000000000,-0.0018000000,0.4400000000,0.0800000000

optimal_chisq=0.2746721739,optimal_hour=5.4000149247, source_hour=5.4000000000 
parameter is :
1.3252622532,1.1783791257,0.9544499386,1.4373793296,1.1837531298,1.4066566818,172.3656156103,14.5165133625,5.4000149247,51.2765304880,-0.0190872452,0.4399466401,0.0807571905,

##################################
1.0000000000,0.5319787746,0.3958191587,1.0826138472,1.0469189033,0.2728639246,261.0000000000,64.0000000000,1.0000000000,268.0000000000,-0.0024000000,0.2600000000,0.0900000000

optimal_chisq=0.2927767450,optimal_hour=5.4500025149, source_hour=5.4500000000 
parameter is :
4.9697801751,2.4200868840,3.6364476272,3.8684174876,4.2008140605,3.2789244261,277.5902529780,43.9687675455,5.4500025149,268.8195829211,-0.0148147136,0.2598642852,-0.1175912868,

##################################
1.0000000000,0.3286842170,0.6899303388,0.5251969995,0.3021218254,0.8610579405,336.0000000000,-63.0000000000,16.0000000000,54.0000000000,-0.0012000000,0.4300000000,0.1900000000

optimal_chisq=0.2885782095,optimal_hour=5.4200032893, source_hour=5.4200000000 
parameter is :
0.5936365142,0.4623908499,0.5819043143,0.5232129024,0.5149488508,0.6272660949,334.8223253761,-61.4840539899,5.4200032893,55.4641377693,-0.0271571836,0.4302227191,0.0854024137,

##################################
1.0000000000,0.5445742954,0.7928073467,0.6411942176,0.2487655006,1.1496580736,93.0000000000,64.0000000000,13.0000000000,336.0000000000,-0.0021000000,0.4100000000,0.1400000000

optimal_chisq=0.2922195268,optimal_hour=5.4200012589, source_hour=5.4200000000 
parameter is :
1.1525730563,1.0522659915,1.3992475168,0.7536500732,0.8250911768,1.3349616148,93.3782878571,63.9167199876,5.4200012589,337.8488338751,-0.0229027869,0.4099761095,0.1127135099,

##################################
1.0000000000,0.6910281357,0.9706426697,0.5965122402,0.0903194625,1.4652228462,128.0000000000,-42.0000000000,20.0000000000,48.0000000000,-0.0020000000,0.3000000000,0.1500000000

optimal_chisq=0.2649514895,optimal_hour=5.3799937390, source_hour=5.3800000000 
parameter is :
0.5906815786,0.6304878583,0.6062236362,0.6154005205,0.4785760019,0.7844253014,132.3638652420,-59.7849852180,5.3799937390,36.7171414035,-0.0183776664,0.3003419469,0.0881040291,

##################################
1.0000000000,0.8038143282,0.8185335491,0.8894318156,0.0210784936,1.6844150360,33.0000000000,82.0000000000,12.0000000000,345.0000000000,-0.0024000000,0.4500000000,0.1900000000

optimal_chisq=0.3149574755,optimal_hour=5.4800035165, source_hour=5.4800000000 
parameter is :
0.8717111371,0.8981195520,1.0355925483,1.2794262808,1.0442765050,1.3157470699,34.9257083108,81.8302243305,5.4800035165,346.1238396512,-0.0250546369,0.4500643886,-0.1528126896,

##################################
1.0000000000,0.4923710863,0.4672963729,0.9595752875,0.8005196242,0.5035825745,219.0000000000,45.0000000000,22.0000000000,274.0000000000,-0.0018000000,0.2600000000,0.0700000000

optimal_chisq=0.2963801390,optimal_hour=5.4400038089, source_hour=5.4400000000 
parameter is :
1.0754273968,0.4323125712,0.6951566368,0.8298699056,0.6886708388,0.8626165306,218.8023856684,46.9738620155,5.4400038089,273.8555960207,-0.0151753450,0.2601560203,-0.0169018299,

##################################
1.0000000000,0.2839372076,0.3208126036,0.9110383338,0.9934977205,0.0474743796,175.0000000000,26.0000000000,2.0000000000,238.0000000000,-0.0018000000,0.4600000000,0.1800000000

optimal_chisq=0.2095910268,optimal_hour=5.3800127332, source_hour=5.3800000000 
parameter is :
1.9538112936,2.3204319415,2.3559796079,2.0950598391,-2.1012169454,1.5600276656,164.8006788650,25.6653306509,5.3800127332,243.9145710534,-0.0271302989,0.4597494287,0.9854388167,

##################################
1.0000000000,0.8889078428,1.5334801488,0.1760209475,0.2356939278,1.4457728437,349.0000000000,74.0000000000,6.0000000000,79.0000000000,-0.0019000000,0.3200000000,0.0600000000

optimal_chisq=0.2877119077,optimal_hour=4.8899978878, source_hour=4.8900000000 
parameter is :
0.4995805918,0.7433877297,0.7718871537,0.5299192232,0.4889185205,0.7464074752,344.0305160037,41.1666146028,4.8899978878,98.8183769990,-0.0166793288,0.3206150151,-0.0498708134,

##################################
1.0000000000,0.8849512548,1.6319799053,0.0600718204,0.4390611412,1.1993961271,93.0000000000,24.0000000000,9.0000000000,304.0000000000,-0.0018000000,0.2000000000,0.1600000000

optimal_chisq=0.3129719030,optimal_hour=5.3300020437, source_hour=5.3300000000 
parameter is :
0.5798332380,0.8003485822,0.8241671611,0.5509817662,0.5256675894,0.8447829506,95.6966805204,15.4910619277,5.3300020437,296.8895286307,-0.0125521279,0.2001215516,-0.1374525555,

##################################
1.0000000000,0.3315736248,0.9055318299,0.2722761867,0.8161479249,0.2012165203,206.0000000000,75.0000000000,7.0000000000,45.0000000000,-0.0014000000,0.4400000000,0.1800000000

optimal_chisq=0.2939893120,optimal_hour=5.3299990149, source_hour=5.3300000000 
parameter is :
0.8846024929,0.7336157574,0.6101630644,1.0081206809,0.8480386065,0.7973117454,219.9688626900,44.0541590129,5.3299990149,43.2642765732,-0.0237629323,0.4410359289,0.4237208261,

##################################
1.0000000000,0.0195420999,0.6690099934,0.1958167208,0.6011870344,0.0895747396,156.0000000000,-17.0000000000,1.0000000000,263.0000000000,-0.0018000000,0.3800000000,0.1100000000

optimal_chisq=0.2041614198,optimal_hour=5.3600006498, source_hour=5.3600000000 
parameter is :
0.6253195915,0.4468341793,0.6411382547,0.4205238215,0.5357700178,0.5539944404,166.2160615991,-4.7749476110,5.3600006498,268.6127714131,-0.0202405383,0.3807014829,-0.2516970873,

##################################
1.0000000000,0.3063055651,0.3450071598,0.9061482360,0.9855731398,0.0807230942,210.0000000000,29.0000000000,8.0000000000,104.0000000000,-0.0021000000,0.2600000000,0.0700000000

optimal_chisq=0.3016895505,optimal_hour=5.3199994087, source_hour=5.3200000000 
parameter is :
5.2620289567,3.8402231685,4.1263435455,4.7298754998,6.3158730695,1.7012804501,209.0478696191,34.0668656590,5.3199994087,101.4774940868,-0.0125687172,0.2605749786,-0.1482782653,

##################################
1.0000000000,0.3398169933,0.6097531790,0.6318429579,0.0286150922,1.2083543999,195.0000000000,-33.0000000000,2.0000000000,99.0000000000,-0.0023000000,0.4600000000,0.1300000000

optimal_chisq=0.2872989439,optimal_hour=5.4300005151, source_hour=5.4300000000 
parameter is :
1.7307657108,0.8194696417,1.2076258430,1.0830053926,0.9324423687,1.5335245834,187.9631565233,-39.5857966342,5.4300005151,99.5303392742,-0.0215516218,0.4598372964,0.0875070375,

##################################
1.0000000000,0.4643584329,0.4060224676,1.0006060883,1.1721900675,0.0412349436,187.0000000000,26.0000000000,12.0000000000,262.0000000000,-0.0023000000,0.3700000000,0.1100000000

optimal_chisq=0.2561357875,optimal_hour=5.3699961650, source_hour=5.3700000000 
parameter is :
4.9008062162,3.6993667085,3.5470665289,4.7031289369,4.5871346130,4.3337402079,172.6459618194,22.5905298454,5.3699961650,258.7743629990,-0.0185765031,0.3704794147,-0.1592691763,

##################################
1.0000000000,0.8245020061,0.7289830904,1.0117637029,0.1065193649,1.6219018024,158.0000000000,78.0000000000,2.0000000000,117.0000000000,-0.0022000000,0.2100000000,0.1100000000

optimal_chisq=0.2907244743,optimal_hour=5.4700038136, source_hour=5.4700000000 
parameter is :
0.2974074446,0.0888282420,1.0006429484,1.4332432695,0.8275524867,1.7087699869,158.6425442326,76.8475794036,5.4700038136,117.5030699887,-0.0121972219,0.2100660718,-0.0866743011,

##################################
1.0000000000,0.5602526616,0.3682659424,1.1432589826,1.2723938612,0.0461279881,47.0000000000,57.0000000000,6.0000000000,352.0000000000,-0.0013000000,0.3600000000,0.1300000000

optimal_chisq=0.2976010284,optimal_hour=5.4000096895, source_hour=5.4000000000 
parameter is :
1.0501254302,0.6892459998,0.8912239952,0.8307215459,1.1717996232,0.5013439565,46.7966946274,51.4181020043,5.4000096895,352.1366531781,-0.0180981799,0.3599665152,0.0783760796,

##################################
1,chisq=0.204161419824401169087479956943,optimalHour=5.3600006498,InitHout=5.3600000000,deviation=0.0000006498
2,chisq=0.209591026789893164483657983510,optimalHour=5.3800127332,InitHout=5.3800000000,deviation=0.0000127332
3,chisq=0.241535025913563156096941497708,optimalHour=5.3100023809,InitHout=5.3100000000,deviation=0.0000023809
4,chisq=0.256135787521817537282231569407,optimalHour=5.3699961650,InitHout=5.3700000000,deviation=0.0000038350
5,chisq=0.264951489530062478383598545406,optimalHour=5.3799937390,InitHout=5.3800000000,deviation=0.0000062610
6,chisq=0.268433970873041882754250764265,optimalHour=5.3700015213,InitHout=5.3700000000,deviation=0.0000015213
7,chisq=0.273327275041333361826900727465,optimalHour=5.3800084025,InitHout=5.3800000000,deviation=0.0000084025
8,chisq=0.274672173913242501086529046006,optimalHour=5.4000149247,InitHout=5.4000000000,deviation=0.0000149247
9,chisq=0.275051185897104699673576533314,optimalHour=5.4299976316,InitHout=5.4300000000,deviation=0.0000023684
10,chisq=0.282230871923421500202522338441,optimalHour=5.4100303434,InitHout=5.4100000000,deviation=0.0000303434
11,chisq=0.287298943936585671199424041333,optimalHour=5.4300005151,InitHout=5.4300000000,deviation=0.0000005151
12,chisq=0.287711907723232573896865460483,optimalHour=4.8899978878,InitHout=4.8900000000,deviation=0.0000021122
13,chisq=0.288578209499086080214169669489,optimalHour=5.4200032893,InitHout=5.4200000000,deviation=0.0000032893
14,chisq=0.290724474279494937700718537599,optimalHour=5.4700038136,InitHout=5.4700000000,deviation=0.0000038136
15,chisq=0.292219526773134175012813784633,optimalHour=5.4200012589,InitHout=5.4200000000,deviation=0.0000012589
16,chisq=0.292776744972673697020582039841,optimalHour=5.4500025149,InitHout=5.4500000000,deviation=0.0000025149
17,chisq=0.293849135090431423655843445886,optimalHour=5.3899903113,InitHout=5.3900000000,deviation=0.0000096887
18,chisq=0.293989312024343196760867158446,optimalHour=5.3299990149,InitHout=5.3300000000,deviation=0.0000009851
19,chisq=0.295324579295174749482555398572,optimalHour=5.4200362349,InitHout=5.4200000000,deviation=0.0000362349
20,chisq=0.296380138966720774185148457036,optimalHour=5.4400038089,InitHout=5.4400000000,deviation=0.0000038089
21,chisq=0.297601028436359660300780660691,optimalHour=5.4000096895,InitHout=5.4000000000,deviation=0.0000096895
22,chisq=0.298967371799921111108488958052,optimalHour=5.3899905999,InitHout=5.3900000000,deviation=0.0000094001
23,chisq=0.301689550548198237578390035196,optimalHour=5.3199994087,InitHout=5.3200000000,deviation=0.0000005913
24,chisq=0.307661154473523212882213329067,optimalHour=5.2500033107,InitHout=5.2500000000,deviation=0.0000033107
25,chisq=0.308060373879034121724629358141,optimalHour=5.4700038952,InitHout=5.4700000000,deviation=0.0000038952
26,chisq=0.312971902957981218396099620804,optimalHour=5.3300020437,InitHout=5.3300000000,deviation=0.0000020437
27,chisq=0.314435066526391027164066827027,optimalHour=4.9499990325,InitHout=4.9500000000,deviation=0.0000009675
28,chisq=0.314957475510212525637854241722,optimalHour=5.4800035165,InitHout=5.4800000000,deviation=0.0000035165
29,chisq=0.315345990187465841092517848665,optimalHour=5.3100011399,InitHout=5.3100000000,deviation=0.0000011399
30,chisq=0.324849201329986403408156547812,optimalHour=4.9100021142,InitHout=4.9100000000,deviation=0.0000021142
1.0000000000,0.0195420999,0.6690099934,0.1958167208,0.6011870344,0.0895747396,156.0000000000,-17.0000000000,1.0000000000,263.0000000000,-0.0018000000,0.3800000000,0.1100000000

optimal_chisq=0.2041614198,optimal_hour=5.3600006498, source_hour=5.3600000000 
parameter is :
0.6253195915,0.4468341793,0.6411382547,0.4205238215,0.5357700178,0.5539944404,166.2160615991,-4.7749476110,5.3600006498,268.6127714131,-0.0202405383,0.3807014829,-0.2516970873,

run over!

##################################
1.0000000000,0.2839372076,0.3208126036,0.9110383338,0.9934977205,0.0474743796,175.0000000000,26.0000000000,2.0000000000,238.0000000000,-0.0018000000,0.4600000000,0.1800000000

optimal_chisq=0.2095910268,optimal_hour=5.3800127332, source_hour=5.3800000000 
parameter is :
1.9538112936,2.3204319415,2.3559796079,2.0950598391,-2.1012169454,1.5600276656,164.8006788650,25.6653306509,5.3800127332,243.9145710534,-0.0271302989,0.4597494287,0.9854388167,

run over!

##################################
1.0000000000,0.1767054625,0.2529691693,0.8790425566,0.2260154394,0.8645469496,122.0000000000,-54.0000000000,10.0000000000,299.0000000000,-0.0022000000,0.3400000000,0.1300000000

optimal_chisq=0.2415350259,optimal_hour=5.3100023809, source_hour=5.3100000000 
parameter is :
0.8446470993,0.9502617540,0.6579300188,1.0353806442,1.0209249440,0.6897472822,123.2494868331,-50.6223651756,5.3100023809,309.6622533866,-0.0214736617,0.3403103778,-0.1502813895,

run over!

##################################
1.0000000000,0.4643584329,0.4060224676,1.0006060883,1.1721900675,0.0412349436,187.0000000000,26.0000000000,12.0000000000,262.0000000000,-0.0023000000,0.3700000000,0.1100000000

optimal_chisq=0.2418140444,optimal_hour=5.3100003827, source_hour=5.3100000000 
parameter is :
0.7939948205,0.8506430036,0.6649925643,0.9181831742,0.9310138654,0.8164622536,166.5429053040,-8.9270573098,5.3100003827,208.8004220698,-0.0211648386,0.3651664960,0.1357205451,

run over!

##################################
1.0000000000,0.6910281357,0.9706426697,0.5965122402,0.0903194625,1.4652228462,128.0000000000,-42.0000000000,20.0000000000,48.0000000000,-0.0020000000,0.3000000000,0.1500000000

optimal_chisq=0.1986620809,optimal_hour=5.3860036046, source_hour=5.3860000000 
parameter is :
0.8456286449,0.7194775807,0.9701446731,1.0170281559,0.7913096050,1.1121172640,120.0537187668,-38.1325992663,5.3860036046,50.7909408777,-0.0162399998,0.2999225871,-0.2166971732,

run over!

##################################
1.0000000000,0.2774273978,0.1299254257,1.1268255731,0.0502722655,1.1984267907,347.0000000000,-5.0000000000,14.0000000000,313.0000000000,-0.0022000000,0.3200000000,0.1200000000

optimal_chisq=0.2537365235,optimal_hour=5.3730008035, source_hour=5.3730000000 
parameter is :
0.9391641804,0.4142469186,0.4202298683,0.9706431336,0.4180285335,0.9945586008,349.3516973947,-5.5045440608,5.3730008035,311.2260634219,-0.0137821962,0.3199610078,-0.0147629881,

run over!

##################################
1,chisq=0.198662080888486386465174859950,optimalHour=5.3860036046,InitHout=5.3860000000,deviation=0.0000036046
2,chisq=0.204161419824401169087479956943,optimalHour=5.3600006498,InitHout=5.3600000000,deviation=0.0000006498
3,chisq=0.209591026789893164483657983510,optimalHour=5.3800127332,InitHout=5.3800000000,deviation=0.0000127332
4,chisq=0.241535025913563156096941497708,optimalHour=5.3100023809,InitHout=5.3100000000,deviation=0.0000023809
5,chisq=0.241814044405403993920344873914,optimalHour=5.3100003827,InitHout=5.3100000000,deviation=0.0000003827
6,chisq=0.253736523545352810060649062507,optimalHour=5.3730008035,InitHout=5.3730000000,deviation=0.0000008035




1.0000000000,0.0195420999,0.6690099934,0.1958167208,0.6011870344,0.0895747396,156.0000000000,-17.0000000000,1.0000000000,263.0000000000,-0.0018000000,0.3800000000,0.1100000000


1.0000000000,0.0195420999,0.6690099934,0.1958167208,0.6011870344,0.0895747396,156.0000000000,-17.0000000000,1.0000000000,263.0000000000,-0.0018000000,0.3800000000,0.1100000000

optimal_chisq=0.1881146412,optimal_hour=5.3892057472 
parameter is :
0.1973949124,0.2919799328,0.1601149240,0.3013747593,0.1778642158,0.2644462753,164.7485498246,-13.2175087200,5.3892057472,266.2268069563,-0.0205088063,0.3798540667,0.0999726994,

Pole:
optimalLambda,optimalBeta:(327.1718250219,-23.2464416708)
optimalParameter:{0.7797657714,0.8222331261,1.0409355986,0.4591208796,0.5950968614,0.8923570614,327.1718250219,-23.2464416708,5.3892091757,60.0078149017,-0.0093697659,0.2299523923,0.1524526990}




