1.0000000000,0.9032691032,0.5277216040,1.3183759144,1.5774766372,0.0780498927,106.0000000000,81.0000000000,10.0000000000,267.0000000000,-0.0012000000,0.2900000000,0.0500000000

optimal_chisq=0.6131284982,optimal_hour=3.9600001394, source_hour=3.9600000000 
parameter is :
0.7671665208,0.9296415884,0.9347613338,1.1818089254,1.5800904799,0.7822270755,105.1033917613,78.5616515672,3.9600001394,265.2229337907,0.0986904782,0.2832782354,0.0804561755,

##################################
1.0000000000,0.7750849560,0.7784834659,0.9040652744,1.0398752483,0.5083414930,180.0000000000,-73.0000000000,12.0000000000,47.0000000000,-0.0013000000,0.3500000000,0.1400000000

optimal_chisq=0.5165497588,optimal_hour=4.5400000867, source_hour=4.5400000000 
parameter is :
0.7060225735,0.7906352461,0.8761149392,0.8514719894,1.0396567163,1.0074449544,179.9840730768,-72.9831557833,4.5400000867,46.9992752283,0.0287542716,0.3501116703,-0.1252016384,

##################################
1.0000000000,0.2483085567,0.6021832851,0.5407502394,0.2732717248,0.8196544466,210.0000000000,20.0000000000,19.0000000000,193.0000000000,-0.0023000000,0.4100000000,0.1000000000

optimal_chisq=0.6154624848,optimal_hour=4.4800023999, source_hour=4.4800000000 
parameter is :
0.8152780448,0.4808461651,0.4502523188,0.5550511168,0.1003259587,1.0217682623,211.2074645605,20.5912144194,4.4800023999,192.6871936334,0.1860752600,0.4043071888,0.0175734930,

##################################
1.0000000000,0.1370762359,0.5603621449,0.4677009045,0.5465636041,0.3610612229,211.0000000000,-16.0000000000,7.0000000000,270.0000000000,-0.0021000000,0.4400000000,0.1700000000

optimal_chisq=0.6061292810,optimal_hour=4.5500166821, source_hour=4.5500000000 
parameter is :
-6.8090610214,-8.5093614264,6.3133897596,-6.2510952606,-6.4013250584,0.8722605905,233.7893706206,-25.0924657268,4.5500166821,270.4336673654,1.2092942260,0.0187057257,0.8128037089,

##################################
1.0000000000,0.1396254488,0.1708916454,0.9379092160,0.7520852679,0.1984752112,17.0000000000,11.0000000000,19.0000000000,36.0000000000,-0.0021000000,0.3300000000,0.0600000000

optimal_chisq=0.6832491803,optimal_hour=4.1600020513, source_hour=4.1600000000 
parameter is :
1.2581097905,0.0369386092,0.6743262493,0.6829653510,0.5279445975,0.5883387273,17.2046166278,11.3450988613,4.1600020513,36.0805491213,0.1670216584,0.3003111688,-0.0552573421,

##################################
1.0000000000,0.2399704872,0.1742271279,1.0369740464,0.3941808798,0.7479976562,116.0000000000,-80.0000000000,5.0000000000,266.0000000000,-0.0017000000,0.4700000000,0.1600000000

optimal_chisq=0.5406553538,optimal_hour=3.9500016324, source_hour=3.9500000000 
parameter is :
2.4208329104,3.3171350016,2.9706204400,3.1908956921,1.5100731083,4.1236567399,112.0633552917,-75.6031878924,3.9500016324,269.6228531583,0.2683525824,0.4140319586,0.0328966894,

##################################
1.0000000000,0.3724434871,0.5516929050,0.7349967397,0.3716212934,0.8544484227,83.0000000000,-11.0000000000,13.0000000000,32.0000000000,-0.0021000000,0.4300000000,0.0900000000

optimal_chisq=0.4723997224,optimal_hour=3.9600015088, source_hour=3.9600000000 
parameter is :
0.9954630706,0.5986811795,0.8130482959,0.4402220908,0.5392269128,0.7241025187,86.4232240747,-12.4371590649,3.9600015088,33.9564246339,0.0423047908,0.4304887241,0.2330829348,

##################################
1.0000000000,0.6476961391,0.5851529403,0.9881583062,1.2589913124,0.1334933356,352.0000000000,69.0000000000,9.0000000000,55.0000000000,-0.0018000000,0.4300000000,0.0500000000

optimal_chisq=0.6196890013,optimal_hour=4.3500021368, source_hour=4.3500000000 
parameter is :
1.1470786428,1.0153416595,0.6591103510,1.1990572335,1.0988595245,0.8417225592,352.0641837878,69.1062237970,4.3500021368,55.0214040858,-0.0118746667,0.4303514372,0.0375598312,

##################################
1.0000000000,0.8965206532,0.9377688909,0.8540813057,0.2691815949,1.4921020782,203.0000000000,-53.0000000000,24.0000000000,53.0000000000,-0.0015000000,0.3300000000,0.1900000000

optimal_chisq=0.5159472567,optimal_hour=4.3000000067, source_hour=4.3000000000 
parameter is :
1.2438165606,0.7694452364,0.7703813586,0.9996261808,0.2937256932,1.3298107377,202.9923441962,-54.0384353499,4.3000000067,54.0847451630,-0.0525408610,0.3285980228,0.0577216175,

##################################
1.0000000000,0.7923724175,0.8306430653,0.8636791643,0.6206196959,0.9969685831,278.0000000000,-11.0000000000,13.0000000000,166.0000000000,-0.0014000000,0.2900000000,0.1500000000

optimal_chisq=0.4751687731,optimal_hour=3.9599996698, source_hour=3.9600000000 
parameter is :
1.0304055004,0.6593160143,0.9960893591,1.0546927348,0.3911314577,0.9178115257,277.9971685072,-11.0042353890,3.9599996698,165.9513415173,-0.0484670513,0.2880315860,-0.0740018997,

##################################
1.0000000000,0.7009097574,1.3972182860,0.1194421492,1.0763755013,0.2817793729,119.0000000000,62.0000000000,11.0000000000,241.0000000000,-0.0017000000,0.3100000000,0.1700000000

optimal_chisq=0.5948112048,optimal_hour=4.1399978692, source_hour=4.1400000000 
parameter is :
1.0640016260,1.1491432494,0.7835217267,1.3891946282,1.2163623507,1.2053555550,118.2903451500,63.9987302168,4.1399978692,241.0678606538,0.1321590936,0.2921951729,-0.0485579575,

##################################
1.0000000000,0.9709145212,1.6510823510,0.1349431717,0.7498450101,0.9478433319,295.0000000000,-15.0000000000,3.0000000000,344.0000000000,-0.0017000000,0.4900000000,0.1100000000

optimal_chisq=0.3890127310,optimal_hour=4.3000017222, source_hour=4.3000000000 
parameter is :
1.1597489561,1.0558933601,1.3683244254,0.5331129492,1.0517810669,0.8960177609,295.3146650006,-14.8714668952,4.3000017222,343.3261345224,0.0836110189,0.4901860580,0.0010611180,

##################################
1.0000000000,0.3807496589,1.1231012712,0.0692667363,0.9479303877,0.0554995968,180.0000000000,85.0000000000,5.0000000000,309.0000000000,-0.0021000000,0.3800000000,0.0800000000

optimal_chisq=0.5926108481,optimal_hour=4.1400014049, source_hour=4.1400000000 
parameter is :
0.6457185185,0.7173384695,1.1039993448,0.2225929726,1.0412220294,0.4160461112,174.7295530993,78.6858919036,4.1400014049,305.3986654983,0.1506596490,0.3691356180,-0.0894829250,

##################################
1.0000000000,0.3858793924,0.7096993592,0.5648119583,0.2384169595,0.9975133878,194.0000000000,84.0000000000,8.0000000000,157.0000000000,-0.0018000000,0.2400000000,0.0900000000

optimal_chisq=0.5748239759,optimal_hour=4.1399975796, source_hour=4.1400000000 
parameter is :
-0.1943269147,0.9202362375,0.8224690240,0.9494979628,0.6759961516,0.9081403795,194.8025054784,82.3799410743,4.1399975796,157.5968953480,0.0528683914,0.2371957540,0.0282614557,

##################################
1.0000000000,0.5450218383,0.6242088936,0.8352746171,1.0589881130,0.2370798794,266.0000000000,-30.0000000000,12.0000000000,29.0000000000,-0.0012000000,0.3700000000,0.1900000000

optimal_chisq=0.4494860800,optimal_hour=4.3000005669, source_hour=4.3000000000 
parameter is :
0.7980885880,0.6007482524,0.7082082023,1.1544423525,0.8703972432,0.2952928688,265.9964955623,-30.0011243655,4.3000005669,29.0020972682,0.0408631389,0.3688862203,0.1381965731,

##################################
1.0000000000,0.1719029998,0.3563668099,0.7511839598,0.6086129038,0.3752143339,173.0000000000,62.0000000000,6.0000000000,84.0000000000,-0.0021000000,0.3300000000,0.1700000000

optimal_chisq=0.6432481890,optimal_hour=3.9600037057, source_hour=3.9600000000 
parameter is :
0.6895635373,0.4619809747,0.6039263697,0.6233973067,0.8179206235,0.5771489324,171.1086374172,58.6515695735,3.9600037057,81.2654929139,0.0902914704,0.3244540944,-0.0194879826,

##################################
1.0000000000,0.9012700794,0.6470248016,1.1835545650,0.4180608314,1.3656429455,4.0000000000,62.0000000000,2.0000000000,100.0000000000,-0.0013000000,0.2000000000,0.1400000000

optimal_chisq=0.4317475699,optimal_hour=4.3100002524, source_hour=4.3100000000 
parameter is :
0.8920339168,0.9268684214,0.5084167930,1.2878209833,0.4038799702,1.4110501990,4.0037193171,61.9953807706,4.3100002524,100.0048840363,0.0099576144,0.2000731749,0.5017576509,

##################################
1.0000000000,0.7492220461,0.8030261293,0.8489774689,0.8668898528,0.6724849213,186.0000000000,-78.0000000000,14.0000000000,264.0000000000,-0.0018000000,0.2200000000,0.1600000000

optimal_chisq=0.4057501608,optimal_hour=4.2999983892, source_hour=4.3000000000 
parameter is :
0.8286525940,0.7759110748,0.9269417854,0.9149876571,0.8609412201,0.6736900194,186.0027229526,-77.9998816858,4.2999983892,263.9979366117,-0.0063758645,0.2199618511,0.0852458766,

##################################
1.0000000000,0.5986262479,0.2817601837,1.2808022005,0.4439156403,1.0595962443,88.0000000000,85.0000000000,1.0000000000,339.0000000000,-0.0014000000,0.4400000000,0.1800000000

optimal_chisq=0.5029904627,optimal_hour=4.3000125306, source_hour=4.3000000000 
parameter is :
-4.2314152765,-16.0853750552,-10.3503838398,-6.9168574793,-7.1727095498,-10.4045306131,116.8336204744,35.5187749452,4.3000125306,417.0998233145,0.3913530572,0.3034975734,0.0080345669,

##################################
1.0000000000,0.8945654905,0.3688152368,1.4859814489,0.7218995533,1.0514821083,234.0000000000,-87.0000000000,18.0000000000,265.0000000000,-0.0023000000,0.4300000000,0.1800000000

optimal_chisq=0.6300008124,optimal_hour=3.9599999543, source_hour=3.9600000000 
parameter is :
0.9297233898,0.8945117481,0.4524343624,1.3315299984,0.8010263365,1.2276497969,234.0019285465,-87.0014229222,3.9599999543,264.9982691043,-0.0283349354,0.4294311008,0.0500839755,

##################################
1.0000000000,0.7960185156,1.1942957921,0.4570802215,0.8409545680,0.7013712629,235.0000000000,1.0000000000,13.0000000000,354.0000000000,-0.0021000000,0.3400000000,0.1600000000

optimal_chisq=0.5371269224,optimal_hour=4.3299994632, source_hour=4.3300000000 
parameter is :
0.3460985025,1.1035857907,1.2479140413,1.0852623841,0.9789899749,0.6108411356,234.9938258375,1.0215255593,4.3299994632,353.9922147219,-0.0123081376,0.3403764819,0.1140491030,

##################################
1.0000000000,0.0843485287,0.8683431600,0.0206513761,0.0961945570,0.7706046290,203.0000000000,-31.0000000000,11.0000000000,233.0000000000,-0.0013000000,0.3000000000,0.1000000000

optimal_chisq=0.5875019595,optimal_hour=3.9500018889, source_hour=3.9500000000 
parameter is :
1.1146523163,0.0151065930,0.7735103417,0.4250683010,0.5029872234,0.7381808570,203.1134513177,-25.7067503915,3.9500018889,227.0081654397,0.0034836766,0.3013797519,-0.0660183814,

##################################
1.0000000000,0.3971556865,0.4695369307,0.8568176379,0.2404056517,1.0486494002,198.0000000000,-77.0000000000,11.0000000000,108.0000000000,-0.0023000000,0.4100000000,0.1400000000

optimal_chisq=0.5605008720,optimal_hour=4.3000012104, source_hour=4.3000000000 
parameter is :
0.4753775375,0.3658967795,0.4608604622,0.3346305105,0.4531104362,0.4428742307,197.8904038650,-73.3305805373,4.3000012104,107.9439578801,-0.0287252269,0.4096306100,0.3537507160,

##################################
1.0000000000,0.2697735188,0.7193743108,0.4246355527,0.7016009227,0.3026880099,176.0000000000,89.0000000000,16.0000000000,196.0000000000,-0.0022000000,0.3700000000,0.1100000000

optimal_chisq=0.6297693354,optimal_hour=4.7000000007, source_hour=4.7000000000 
parameter is :
0.8419730120,0.5589487168,0.8225792214,0.4515951270,0.7279822123,0.2228099130,176.0099869266,89.0064095518,4.7000000007,196.0079981503,0.0924864266,0.3705630040,0.0807021419,

##################################
1.0000000000,0.7939505376,0.7395410227,0.9677776476,1.2987052418,0.2397848841,45.0000000000,37.0000000000,23.0000000000,350.0000000000,-0.0018000000,0.2400000000,0.1500000000

optimal_chisq=0.6634483209,optimal_hour=4.3500016546, source_hour=4.3500000000 
parameter is :
0.7406241314,1.0815614626,0.7556537007,1.2948147649,0.9682110610,0.7946149115,44.9765456106,36.9820601056,4.3500016546,350.0081267343,0.0282701305,0.2402842339,0.5472665271,

##################################
1.0000000000,0.0250028689,0.5098979114,0.4034502993,0.6438864805,0.0952304374,27.0000000000,-73.0000000000,4.0000000000,289.0000000000,-0.0016000000,0.3700000000,0.1700000000

optimal_chisq=0.4826568048,optimal_hour=4.2999999658, source_hour=4.3000000000 
parameter is :
0.9173402366,0.2903209628,0.6573913428,0.4017351022,0.6009007328,0.3706104499,30.5213239649,-73.0337662845,4.2999999658,286.1966829347,0.0232848373,0.3701046967,0.0138104461,

##################################
1.0000000000,0.2904234996,0.6037368329,0.5851207901,0.6983542923,0.3583241849,133.0000000000,3.0000000000,5.0000000000,36.0000000000,-0.0023000000,0.3000000000,0.0500000000

optimal_chisq=0.6219343472,optimal_hour=3.9599990961, source_hour=3.9600000000 
parameter is :
0.7449224014,0.4478082017,0.3910242346,0.9626212007,0.8516424210,0.3875372452,133.8470373277,4.8959752373,3.9599990961,41.5460608093,0.0214589422,0.3001808584,-0.0312971964,

##################################
1.0000000000,0.2432947751,0.0441673475,1.1919814680,0.0401560816,1.1894612578,226.0000000000,-54.0000000000,1.0000000000,104.0000000000,-0.0016000000,0.4000000000,0.1900000000

optimal_chisq=0.6583544135,optimal_hour=4.2700022189, source_hour=4.2700000000 
parameter is :
0.3375737683,0.6744378006,0.2177845674,0.6668101269,0.2417938459,0.6601891698,218.2020877354,-58.1457330637,4.2700022189,106.9980323224,0.1446869701,0.3958745754,0.1430030541,

##################################
1.0000000000,0.6886127031,0.9210976205,0.6502807297,0.1570625303,1.3940644109,32.0000000000,25.0000000000,21.0000000000,345.0000000000,-0.0024000000,0.4200000000,0.1800000000

optimal_chisq=0.6517978053,optimal_hour=4.7500015197, source_hour=4.7500000000 
parameter is :
0.9685525307,1.4876343931,1.4079498284,0.9460772481,0.0612475717,2.5149774146,34.9496201654,15.1875552119,4.7500015197,352.1108777451,0.8291983217,-0.0160008188,-0.1229732093,

##################################
1.0000000000,0.0441907435,0.7301721476,0.1476606943,0.2906467054,0.5150370580,297.0000000000,89.0000000000,16.0000000000,162.0000000000,-0.0015000000,0.2800000000,0.1900000000

optimal_chisq=0.6020416384,optimal_hour=4.6600006485, source_hour=4.6600000000 
parameter is :
5.4694506641,7.2510525884,9.7492201684,2.5216728639,5.6159696747,7.6995630697,246.7023863433,92.3468026870,4.6600006485,161.3647554610,0.4791448742,0.0412680249,-0.0475061058,

##################################
1,chisq=0.389012730971702636040276956919,optimalHour=4.3000017222,InitHout=4.3000000000,deviation=0.0000017222
2,chisq=0.405750160811514215541961903000,optimalHour=4.2999983892,InitHout=4.3000000000,deviation=0.0000016108
3,chisq=0.431747569890020777005901209122,optimalHour=4.3100002524,InitHout=4.3100000000,deviation=0.0000002524
4,chisq=0.449486079972637786461575615249,optimalHour=4.3000005669,InitHout=4.3000000000,deviation=0.0000005669
5,chisq=0.472399722351141859721934679328,optimalHour=3.9600015088,InitHout=3.9600000000,deviation=0.0000015088
6,chisq=0.475168773114330145190820076095,optimalHour=3.9599996698,InitHout=3.9600000000,deviation=0.0000003302
7,chisq=0.482656804779721337883557907844,optimalHour=4.2999999658,InitHout=4.3000000000,deviation=0.0000000342
8,chisq=0.502990462692876283412601878808,optimalHour=4.3000125306,InitHout=4.3000000000,deviation=0.0000125306
9,chisq=0.515947256725289293832759085490,optimalHour=4.3000000067,InitHout=4.3000000000,deviation=0.0000000067
10,chisq=0.516549758822973381633403278101,optimalHour=4.5400000867,InitHout=4.5400000000,deviation=0.0000000867
11,chisq=0.537126922444868593053968197637,optimalHour=4.3299994632,InitHout=4.3300000000,deviation=0.0000005368
12,chisq=0.540655353818129458254304609000,optimalHour=3.9500016324,InitHout=3.9500000000,deviation=0.0000016324
13,chisq=0.560500872009006667617825314665,optimalHour=4.3000012104,InitHout=4.3000000000,deviation=0.0000012104
14,chisq=0.574823975873441694872667540039,optimalHour=4.1399975796,InitHout=4.1400000000,deviation=0.0000024204
15,chisq=0.587501959543834662014205605374,optimalHour=3.9500018889,InitHout=3.9500000000,deviation=0.0000018889
16,chisq=0.592610848090723951742120334529,optimalHour=4.1400014049,InitHout=4.1400000000,deviation=0.0000014049
17,chisq=0.594811204798919024305803304742,optimalHour=4.1399978692,InitHout=4.1400000000,deviation=0.0000021308
18,chisq=0.602041638416034641245744296612,optimalHour=4.6600006485,InitHout=4.6600000000,deviation=0.0000006485
19,chisq=0.606129280994679664473778757383,optimalHour=4.5500166821,InitHout=4.5500000000,deviation=0.0000166821
20,chisq=0.613128498179380976296215521870,optimalHour=3.9600001394,InitHout=3.9600000000,deviation=0.0000001394
21,chisq=0.615462484775541773807105982996,optimalHour=4.4800023999,InitHout=4.4800000000,deviation=0.0000023999
22,chisq=0.619689001255324223293996510620,optimalHour=4.3500021368,InitHout=4.3500000000,deviation=0.0000021368
23,chisq=0.621934347205816751014140209008,optimalHour=3.9599990961,InitHout=3.9600000000,deviation=0.0000009039
24,chisq=0.629769335447697309326997583412,optimalHour=4.7000000007,InitHout=4.7000000000,deviation=0.0000000007
25,chisq=0.630000812390128284157242433139,optimalHour=3.9599999543,InitHout=3.9600000000,deviation=0.0000000457
26,chisq=0.643248188973105872179303332814,optimalHour=3.9600037057,InitHout=3.9600000000,deviation=0.0000037057
27,chisq=0.651797805261038920576766031445,optimalHour=4.7500015197,InitHout=4.7500000000,deviation=0.0000015197
28,chisq=0.658354413524464998630492118536,optimalHour=4.2700022189,InitHout=4.2700000000,deviation=0.0000022189
29,chisq=0.663448320874117203338471426832,optimalHour=4.3500016546,InitHout=4.3500000000,deviation=0.0000016546
30,chisq=0.683249180298871161554075115419,optimalHour=4.1600020513,InitHout=4.1600000000,deviation=0.0000020513
1.0000000000,0.9709145212,1.6510823510,0.1349431717,0.7498450101,0.9478433319,295.0000000000,-15.0000000000,3.0000000000,344.0000000000,-0.0017000000,0.4900000000,0.1100000000

optimal_chisq=0.3780446899,optimal_hour=4.3120006037, source_hour=4.3120000000 
parameter is :
0.9904043803,0.8811628682,1.5825775663,0.6826261714,0.8819396988,1.0769052074,295.1848903753,-15.7539669460,4.3120006037,341.4588203202,0.1759350347,0.4767630338,-0.0112386151,

run over!

##################################
1.0000000000,0.7492220461,0.8030261293,0.8489774689,0.8668898528,0.6724849213,186.0000000000,-78.0000000000,14.0000000000,264.0000000000,-0.0018000000,0.2200000000,0.1600000000

optimal_chisq=0.4057501608,optimal_hour=4.2999983892, source_hour=4.3000000000 
parameter is :
0.8286525940,0.7759110748,0.9269417854,0.9149876571,0.8609412201,0.6736900194,186.0027229526,-77.9998816858,4.2999983892,263.9979366117,-0.0063758645,0.2199618511,0.0852458766,

run over!

##################################
1.0000000000,0.9012700794,0.6470248016,1.1835545650,0.4180608314,1.3656429455,4.0000000000,62.0000000000,2.0000000000,100.0000000000,-0.0013000000,0.2000000000,0.1400000000

optimal_chisq=0.4317475699,optimal_hour=4.3100002524, source_hour=4.3100000000 
parameter is :
0.8920339168,0.9268684214,0.5084167930,1.2878209833,0.4038799702,1.4110501990,4.0037193171,61.9953807706,4.3100002524,100.0048840363,0.0099576144,0.2000731749,0.5017576509,

run over!

##################################
1.0000000000,0.5450218383,0.6242088936,0.8352746171,1.0589881130,0.2370798794,266.0000000000,-30.0000000000,12.0000000000,29.0000000000,-0.0012000000,0.3700000000,0.1900000000

optimal_chisq=0.4057567301,optimal_hour=4.3030020722, source_hour=4.3030000000 
parameter is :
1.7134974882,0.3511807949,0.7298683293,0.8734380140,0.7652343473,0.7464078487,265.4827102474,-28.3010945508,4.3030020722,32.1502207556,0.3371609329,0.2720397757,0.0229154356,

run over!

##################################
1.0000000000,0.3724434871,0.5516929050,0.7349967397,0.3716212934,0.8544484227,83.0000000000,-11.0000000000,13.0000000000,32.0000000000,-0.0021000000,0.4300000000,0.0900000000

optimal_chisq=0.4538369451,optimal_hour=3.9519999991, source_hour=3.9520000000 
parameter is :
1.0422340272,0.5028412668,0.5324296297,0.6831350039,0.3885645057,0.7943011977,81.3803003418,-11.1437702736,3.9519999991,30.3273545683,0.0240220641,0.4301283141,0.1076004730,

run over!

##################################
1.0000000000,0.7923724175,0.8306430653,0.8636791643,0.6206196959,0.9969685831,278.0000000000,-11.0000000000,13.0000000000,166.0000000000,-0.0014000000,0.2900000000,0.1500000000

optimal_chisq=0.4214462367,optimal_hour=3.9689974200, source_hour=3.9690000000 
parameter is :
0.8608168701,0.7102056274,0.9256084019,0.9896793591,0.6409424487,1.0037392309,278.0008519566,-10.9983005543,3.9689974200,165.9951324597,0.0114027658,0.2900183782,0.1167936490,

run over!

##################################
1,chisq=0.378044689927202748336299009679,optimalHour=4.3120006037,InitHout=4.3120000000,deviation=0.0000006037
2,chisq=0.405750160811514215541961903000,optimalHour=4.2999983892,InitHout=4.3000000000,deviation=0.0000016108
3,chisq=0.405756730086769434873161799260,optimalHour=4.3030020722,InitHout=4.3030000000,deviation=0.0000020722
4,chisq=0.421446236740265822717788068985,optimalHour=3.9689974200,InitHout=3.9690000000,deviation=0.0000025800
5,chisq=0.431747569890020777005901209122,optimalHour=4.3100002524,InitHout=4.3100000000,deviation=0.0000002524
6,chisq=0.453836945067680352927652620565,optimalHour=3.9519999991,InitHout=3.9520000000,deviation=0.0000000009






1.0000000000,0.7492220461,0.8030261293,0.8489774689,0.8668898528,0.6724849213,186.0000000000,-78.0000000000,14.0000000000,264.0000000000,-0.0018000000,0.2200000000,0.1600000000


1.0000000000,0.7492220461,0.8030261293,0.8489774689,0.8668898528,0.6724849213,186.0000000000,-78.0000000000,14.0000000000,264.0000000000,-0.0018000000,0.2200000000,0.1600000000

optimal_chisq=0.3132849384,optimal_hour=4.3175997648 
parameter is :
0.8398168160,0.7500873793,0.9293718874,0.9282865743,0.8928952278,0.6250510004,186.0000761326,-77.9984120486,4.3175997648,263.9993853049,0.0235744308,0.2202076031,0.0114309535,

Pole:
optimalLambda,optimalBeta:(243.4884077989,52.8846905009)
optimalParameter:{0.5921118165,0.6635432336,1.0669748819,1.2373672499,0.7371653035,1.0096634130,243.4884077989,52.8846905009,4.3175963896,167.6781945938,0.4253991488,0.2450744855,0.1997492655}


