1.0000000000,0.2125294591,0.9816687373,0.0383872136,0.6340225120,0.2411411003,180.0000000000,73.0000000000,9.0000000000,93.0000000000,-0.0023000000,0.3500000000,0.0800000000

optimal_chisq=1.8622189639,optimal_hour=3.8500047740, source_hour=3.8500000000 
parameter is :
5.1435311454,4.2937911845,4.0046632382,5.1220391461,5.6602742271,4.4861848873,134.0994150545,90.6262991481,3.8500047740,86.9799327156,-0.0861407410,0.3506890145,-0.0960970469,

##################################
1.0000000000,0.4277495744,0.0358793595,1.3868263948,0.0204425260,1.3993836468,58.0000000000,48.0000000000,22.0000000000,242.0000000000,-0.0012000000,0.2500000000,0.1400000000

optimal_chisq=1.7636717520,optimal_hour=3.8500033362, source_hour=3.8500000000 
parameter is :
1.6005501487,0.5140483794,0.5286837382,1.4196980192,0.6671366980,1.2277110362,57.1254059779,28.9891446546,3.8500033362,245.2062005074,-0.0205768512,0.2496686696,-0.0040510801,

##################################
1.0000000000,0.9201347716,0.8780466577,0.9458031392,0.3092375956,1.4800466941,130.0000000000,61.0000000000,24.0000000000,236.0000000000,-0.0014000000,0.3400000000,0.0500000000

optimal_chisq=1.8617452058,optimal_hour=4.1500001242, source_hour=4.1500000000 
parameter is :
1.1418413270,0.9945998201,-0.5353526881,1.4053974751,0.3863077438,1.5588106731,132.3555636364,61.8282074502,4.1500001242,235.6393976352,-0.0882983024,0.3371011479,0.2675742531,

##################################
1.0000000000,0.2081485769,0.7704786947,0.2927361028,0.7484542013,0.1477290965,214.0000000000,40.0000000000,3.0000000000,22.0000000000,-0.0023000000,0.4600000000,0.1300000000

optimal_chisq=1.6945596112,optimal_hour=3.8500060077, source_hour=3.8500000000 
parameter is :
1.9553642956,0.3960448547,1.8802776588,0.5987367833,1.0331500044,0.3180202738,225.2556727568,43.9147057560,3.8500060077,25.1778265072,-0.0417658369,0.4591692174,0.0424205204,

##################################
1.0000000000,0.4929118103,0.9372441817,0.4172804547,0.7310548537,0.5052005565,190.0000000000,13.0000000000,2.0000000000,67.0000000000,-0.0023000000,0.3400000000,0.1300000000

optimal_chisq=1.9421402475,optimal_hour=4.1300021269, source_hour=4.1300000000 
parameter is :
0.9627542109,0.4671263104,0.6118778442,0.9301562173,1.0660168437,0.3509423658,190.5997278837,19.1321944807,4.1300021269,65.6602044174,-0.0276910629,0.3397539607,0.1982662346,

##################################
1.0000000000,0.4912265895,0.1801406865,1.2865211837,1.0230085754,0.2875333655,219.0000000000,26.0000000000,23.0000000000,268.0000000000,-0.0022000000,0.3100000000,0.1600000000

optimal_chisq=1.6422281502,optimal_hour=3.8499986675, source_hour=3.8500000000 
parameter is :
0.6015883723,1.0926804413,0.8661297593,0.8348314090,1.1629767471,0.7019271811,220.0604314511,18.8095099789,3.8499986675,270.5510777963,-0.0210238897,0.3098899008,0.2324357311,

##################################
1.0000000000,0.8445460446,0.4165617542,1.3816537188,1.5709097572,0.0312006610,297.0000000000,-66.0000000000,7.0000000000,242.0000000000,-0.0019000000,0.4200000000,0.0800000000

optimal_chisq=2.1265822432,optimal_hour=4.5400015810, source_hour=4.5400000000 
parameter is :
0.7220023569,1.0062577294,0.7477969593,0.8176049129,1.0337860872,0.4853816569,296.2982834625,-62.8495455770,4.5400015810,240.2970352697,-0.0811199128,0.4195094583,-0.0920698003,

##################################
1.0000000000,0.3606741342,0.9608937540,0.2397122571,0.9955913017,0.0062654837,146.0000000000,-67.0000000000,3.0000000000,90.0000000000,-0.0019000000,0.4400000000,0.0600000000

optimal_chisq=2.0050578205,optimal_hour=4.4900007168, source_hour=4.4900000000 
parameter is :
0.7958152031,0.8909057963,1.2519769638,0.3674859087,1.0981634197,0.5666614995,136.1088160422,-42.1476840671,4.4900007168,90.9800732987,-0.3336921475,0.3730325799,-0.0975128412,

##################################
1.0000000000,0.2064786303,0.3469880512,0.7989298623,0.4772791876,0.5782003683,205.0000000000,-15.0000000000,11.0000000000,62.0000000000,-0.0012000000,0.4500000000,0.0700000000

optimal_chisq=1.6088989912,optimal_hour=3.8499931311, source_hour=3.8500000000 
parameter is :
0.7971951347,0.6619581713,0.7617149085,1.0826874928,0.8045451718,0.7540616689,205.9214421536,-19.6927672714,3.8499931311,63.2730675482,-0.0848247098,0.4468748695,-0.0620613887,

##################################
1.0000000000,0.5590855058,1.3149939272,0.0516502805,1.0172603710,0.1793618627,139.0000000000,6.0000000000,23.0000000000,80.0000000000,-0.0024000000,0.2400000000,0.1100000000

optimal_chisq=2.1745357505,optimal_hour=4.0500033229, source_hour=4.0500000000 
parameter is :
0.6498273050,1.6258408746,1.3494019239,0.5757077001,1.5211027820,0.3759355000,141.0845361091,14.1554111065,4.0500033229,79.1611317423,-0.0578552645,0.2398652535,-0.0549230413,

##################################
1.0000000000,0.3916785588,0.8285434632,0.4316393376,0.9635528333,0.1185392376,232.0000000000,55.0000000000,4.0000000000,222.0000000000,-0.0016000000,0.4900000000,0.1900000000

optimal_chisq=1.6687108600,optimal_hour=3.8300022224, source_hour=3.8300000000 
parameter is :
0.7192842629,0.8173557960,0.8664481261,0.5022739185,0.9622932320,0.2864980697,232.6284375151,50.6409310409,3.8300022224,222.5618489996,-0.0514309883,0.4886438776,-0.0021754363,

##################################
1.0000000000,0.5130615046,0.1690463195,1.3213301354,0.6615676772,0.7339988701,201.0000000000,-28.0000000000,7.0000000000,308.0000000000,-0.0019000000,0.3100000000,0.1900000000

optimal_chisq=1.2605383701,optimal_hour=4.1700001555, source_hour=4.1700000000 
parameter is :
3.0042292682,1.0955054768,1.8081269637,2.3725469376,3.0521065517,1.8625222479,226.2015427790,-35.9104303899,4.1700001555,306.0378331881,-0.0573722666,0.3107120449,0.0399912303,

##################################
1.0000000000,0.0608796571,0.2287199060,0.7871294718,0.5438860520,0.3503161008,185.0000000000,-60.0000000000,13.0000000000,25.0000000000,-0.0014000000,0.2400000000,0.0700000000

optimal_chisq=1.6516400117,optimal_hour=4.5499994534, source_hour=4.5500000000 
parameter is :
-3.5694449733,-6.2558598303,-7.9945264469,-7.5372724467,-7.8269695443,-10.1743460234,213.6856348959,-44.9649659409,4.5499994534,23.4635086127,-0.0622460600,0.2382299182,0.1652609617,

##################################
1.0000000000,0.0752543761,0.8680215728,0.0093682953,0.5201767995,0.2158695853,234.0000000000,-21.0000000000,19.0000000000,216.0000000000,-0.0017000000,0.3700000000,0.1300000000

optimal_chisq=1.5315553924,optimal_hour=4.1700027261, source_hour=4.1700000000 
parameter is :
1.0720445567,0.5621311985,1.4311012523,0.1105736083,1.0814765268,0.6390609479,242.7110058906,-21.3554084247,4.1700027261,209.1736761678,-0.0344854279,0.3689718223,-0.1524852713,

##################################
1.0000000000,0.4788737425,0.9724501027,0.3605159305,0.1643225349,1.1435145995,217.0000000000,-12.0000000000,11.0000000000,132.0000000000,-0.0018000000,0.4800000000,0.1600000000

optimal_chisq=1.4331985681,optimal_hour=4.1300011772, source_hour=4.1300000000 
parameter is :
1.0653152921,0.6913409818,0.8044759735,0.7188403064,0.6906309440,0.8080094502,216.9638218990,-12.0463212336,4.1300011772,132.0988818011,-0.0370816760,0.4818713331,-0.1037520454,

##################################
1.0000000000,0.1307397015,0.3373820096,0.7301498332,0.4121692761,0.5715657593,135.0000000000,-8.0000000000,20.0000000000,76.0000000000,-0.0013000000,0.4700000000,0.0900000000

optimal_chisq=2.1638506369,optimal_hour=3.8600036061, source_hour=3.8600000000 
parameter is :
0.6305386825,0.3217930835,0.9682573085,0.2717962270,0.5969748842,0.8210156556,135.2059494452,-8.3935664168,3.8600036061,76.5963929867,-0.1246505258,0.4720332440,-0.1020604970,

##################################
1.0000000000,0.7177536929,1.3521618801,0.1902623761,1.2810244486,0.0720495675,19.0000000000,-26.0000000000,9.0000000000,295.0000000000,-0.0016000000,0.3100000000,0.1600000000

optimal_chisq=1.6270798278,optimal_hour=4.1300027916, source_hour=4.1300000000 
parameter is :
4.6206956863,4.5927232620,6.8359770870,2.8939028188,7.8068035129,1.0385335866,15.6840772902,-18.0099377366,4.1300027916,289.8643052765,-0.0266879223,0.3109510858,0.1779497413,

##################################
1.0000000000,0.7240539322,0.1893721007,1.5124263047,0.3229416993,1.3400173000,15.0000000000,17.0000000000,9.0000000000,220.0000000000,-0.0012000000,0.4500000000,0.1000000000

optimal_chisq=1.9149005279,optimal_hour=4.1600007578, source_hour=4.1600000000 
parameter is :
0.9930385019,0.8397526120,0.4732033271,1.1955636741,0.5888561581,1.0805803756,14.9222576893,19.7493777253,4.1600007578,219.0109484450,-0.1099585171,0.4499650275,0.2045545851,

##################################
1.0000000000,0.3942337564,1.0378097125,0.1869528797,0.9172775649,0.1327740852,289.0000000000,-39.0000000000,10.0000000000,54.0000000000,-0.0016000000,0.3300000000,0.1200000000

optimal_chisq=1.7506309718,optimal_hour=4.5500003543, source_hour=4.5500000000 
parameter is :
0.9337449655,0.6337873004,0.9321770506,0.4369445546,0.6902951691,0.6633322551,287.9173443092,-40.2773029359,4.5500003543,56.3759561996,-0.0630450743,0.3284383630,-0.0991666189,

##################################
1.0000000000,0.1725253645,0.9186026909,0.0676392338,0.6938415890,0.1223892087,8.0000000000,-28.0000000000,4.0000000000,198.0000000000,-0.0012000000,0.2500000000,0.1900000000

optimal_chisq=1.8468070588,optimal_hour=4.1700017090, source_hour=4.1700000000 
parameter is :
1.4750415610,1.7700195933,1.3119523833,1.5599416647,1.1581536717,-1.7778013706,2.1511094500,-15.2210984184,4.1700017090,196.4246527474,-0.0197428492,0.2499250510,0.0853147446,

##################################
1.0000000000,0.7547044921,0.4721557190,1.2269725427,1.3711866084,0.1473482921,26.0000000000,49.0000000000,12.0000000000,202.0000000000,-0.0022000000,0.2000000000,0.1400000000

optimal_chisq=1.4966047662,optimal_hour=3.8499953109, source_hour=3.8500000000 
parameter is :
1.2398885156,1.0348860215,0.8323386017,0.8372446384,1.0325845239,0.9159922608,39.4185827004,19.0193375821,3.8499953109,201.3062763496,-0.0361898959,0.2003785000,-0.2155770747,

##################################
1.0000000000,0.1017824486,0.8123173672,0.1140970489,0.4799141929,0.3276446945,227.0000000000,-56.0000000000,20.0000000000,110.0000000000,-0.0017000000,0.3400000000,0.0500000000

optimal_chisq=1.5695804891,optimal_hour=3.8499882068, source_hour=3.8500000000 
parameter is :
-0.2066012685,0.0261748861,1.3426672722,0.9031981812,0.6911104859,1.2417870506,230.3395324088,-54.5166311249,3.8499882068,111.3148597298,-0.0581716466,0.3401478995,0.0393829386,

##################################
1.0000000000,0.4137550450,0.5876349666,0.7374244374,0.5757048071,0.6558632455,295.0000000000,55.0000000000,16.0000000000,285.0000000000,-0.0019000000,0.2200000000,0.1000000000

optimal_chisq=1.7464239195,optimal_hour=3.8300001490, source_hour=3.8300000000 
parameter is :
0.7228529900,0.7043767782,0.8210121688,0.7429783052,0.4996009711,0.8430246909,294.9822520073,55.0135571641,3.8300001490,285.0019432884,-0.0189834247,0.2198760866,-0.0225407452,

##################################
1.0000000000,0.0100707407,0.6775223360,0.1732821165,0.2272858245,0.5662330805,261.0000000000,-80.0000000000,24.0000000000,44.0000000000,-0.0021000000,0.4500000000,0.1600000000

optimal_chisq=1.7660877543,optimal_hour=3.8400034804, source_hour=3.8400000000 
parameter is :
1.4747048578,0.4733981410,1.1830769165,0.9029008462,0.6723074307,1.2807096918,249.9932161608,-33.7480961286,3.8400034804,45.8158680304,-0.0814117051,0.4475800110,0.1589893223,

##################################
1.0000000000,0.9034161097,0.7371105328,1.0854167427,0.2512163155,1.5433129416,243.0000000000,43.0000000000,14.0000000000,344.0000000000,-0.0018000000,0.2400000000,0.1900000000

optimal_chisq=1.7441255444,optimal_hour=3.8300062373, source_hour=3.8300000000 
parameter is :
1.0701266988,0.8686673493,0.6608338395,1.1574581801,0.3068675978,1.4962437769,243.0064706215,43.0000988341,3.8300062373,343.9992362814,-0.0441104780,0.2396826707,0.1287361479,

##################################
1.0000000000,0.8942149346,1.3491632847,0.3898910860,1.1424109316,0.4534738376,80.0000000000,51.0000000000,7.0000000000,158.0000000000,-0.0018000000,0.4200000000,0.1100000000

optimal_chisq=1.6389571336,optimal_hour=3.8300044940, source_hour=3.8300000000 
parameter is :
1.0862384907,0.9761921296,1.1854876458,0.6386603490,0.9519892044,0.8614737432,80.2103988167,51.1739434903,3.8300044940,158.0675394867,-0.0850365928,0.4196435611,-0.0138826599,

##################################
1.0000000000,0.5624311620,0.9449667663,0.4853284945,0.6091566953,0.7301742369,279.0000000000,12.0000000000,9.0000000000,34.0000000000,-0.0013000000,0.3400000000,0.0700000000

optimal_chisq=1.7958582932,optimal_hour=4.1000012573, source_hour=4.1000000000 
parameter is :
0.6451090274,0.9824328625,0.4070444441,1.0932345549,1.2071848212,0.7094387250,278.5470298364,11.7006567293,4.1000012573,33.0788621672,-0.0609459692,0.3395966897,0.0479629084,

##################################
1.0000000000,0.6611898433,1.0553927646,0.4671626840,0.3619644637,1.1114585272,280.0000000000,20.0000000000,18.0000000000,152.0000000000,-0.0016000000,0.3200000000,0.1300000000

optimal_chisq=1.8739280591,optimal_hour=3.8300016288, source_hour=3.8300000000 
parameter is :
1.1853413428,0.6295218438,0.9911123753,0.6448502654,0.7086248726,0.9267141763,275.9705473285,23.5375386778,3.8300016288,152.5627129831,-0.0810435562,0.3196016400,0.0933773788,

##################################
1.0000000000,0.0891666967,0.8368466974,0.0671830083,0.1636083466,0.7026476895,197.0000000000,-8.0000000000,8.0000000000,219.0000000000,-0.0018000000,0.4400000000,0.1200000000

optimal_chisq=1.9537411939,optimal_hour=3.8500008358, source_hour=3.8500000000 
parameter is :
0.1959434312,0.3039291524,-0.2117182659,0.2453743145,0.1290794245,-0.2724874894,198.0098458930,-13.9326768102,3.8500008358,214.9559329197,-0.0303244854,0.4398604777,1.1663543509,

##################################
1.0000000000,0.7601351793,0.3794269210,1.3364837030,1.3399731856,0.2021551164,184.0000000000,90.0000000000,17.0000000000,52.0000000000,-0.0014000000,0.4600000000,0.0700000000

optimal_chisq=1.9121205519,optimal_hour=3.8398684145, source_hour=3.8400000000 
parameter is :
0.6830848404,0.5251057880,0.5576379806,0.6550916329,0.6467611681,0.6466510435,184.9387336195,90.5789682199,3.8398684145,53.0888981484,-0.0844001007,0.4574168651,0.0629593224,

##################################
1,chisq=1.260538370136793595577273663366,optimalHour=4.1700001555,InitHout=4.1700000000,deviation=0.0000001555
2,chisq=1.433198568102879377761382784229,optimalHour=4.1300011772,InitHout=4.1300000000,deviation=0.0000011772
3,chisq=1.496604766150588128326148762426,optimalHour=3.8499953109,InitHout=3.8500000000,deviation=0.0000046891
4,chisq=1.531555392362063727773602295201,optimalHour=4.1700027261,InitHout=4.1700000000,deviation=0.0000027261
5,chisq=1.569580489138786116853907515178,optimalHour=3.8499882068,InitHout=3.8500000000,deviation=0.0000117932
6,chisq=1.608898991164595226877054301440,optimalHour=3.8499931311,InitHout=3.8500000000,deviation=0.0000068689
7,chisq=1.627079827808298517766161239706,optimalHour=4.1300027916,InitHout=4.1300000000,deviation=0.0000027916
8,chisq=1.638957133647624075933890708257,optimalHour=3.8300044940,InitHout=3.8300000000,deviation=0.0000044940
9,chisq=1.642228150240082840127797680907,optimalHour=3.8499986675,InitHout=3.8500000000,deviation=0.0000013325
10,chisq=1.651640011727188550594291882589,optimalHour=4.5499994534,InitHout=4.5500000000,deviation=0.0000005466
11,chisq=1.668710860031165310601863893680,optimalHour=3.8300022224,InitHout=3.8300000000,deviation=0.0000022224
12,chisq=1.694559611194291548486035026144,optimalHour=3.8500060077,InitHout=3.8500000000,deviation=0.0000060077
13,chisq=1.744125544389111492904476108379,optimalHour=3.8300062373,InitHout=3.8300000000,deviation=0.0000062373
14,chisq=1.746423919478221620238400646485,optimalHour=3.8300001490,InitHout=3.8300000000,deviation=0.0000001490
15,chisq=1.750630971772118238405369083921,optimalHour=4.5500003543,InitHout=4.5500000000,deviation=0.0000003543
16,chisq=1.763671752005923298867173798499,optimalHour=3.8500033362,InitHout=3.8500000000,deviation=0.0000033362
17,chisq=1.766087754277538168778960425698,optimalHour=3.8400034804,InitHout=3.8400000000,deviation=0.0000034804
18,chisq=1.795858293219325219070015009493,optimalHour=4.1000012573,InitHout=4.1000000000,deviation=0.0000012573
19,chisq=1.846807058819000424421119532781,optimalHour=4.1700017090,InitHout=4.1700000000,deviation=0.0000017090
20,chisq=1.861745205845426465174341501552,optimalHour=4.1500001242,InitHout=4.1500000000,deviation=0.0000001242
21,chisq=1.862218963855811537655426946003,optimalHour=3.8500047740,InitHout=3.8500000000,deviation=0.0000047740
22,chisq=1.873928059079909891337933913746,optimalHour=3.8300016288,InitHout=3.8300000000,deviation=0.0000016288
23,chisq=1.912120551880068131112011542427,optimalHour=3.8398684145,InitHout=3.8400000000,deviation=0.0001315855
24,chisq=1.914900527932021923049887845991,optimalHour=4.1600007578,InitHout=4.1600000000,deviation=0.0000007578
25,chisq=1.942140247520196760788735446113,optimalHour=4.1300021269,InitHout=4.1300000000,deviation=0.0000021269
26,chisq=1.953741193857808200462500280992,optimalHour=3.8500008358,InitHout=3.8500000000,deviation=0.0000008358
27,chisq=2.005057820522792244588572430075,optimalHour=4.4900007168,InitHout=4.4900000000,deviation=0.0000007168
28,chisq=2.126582243201355471029501131852,optimalHour=4.5400015810,InitHout=4.5400000000,deviation=0.0000015810
29,chisq=2.163850636853795972314173923223,optimalHour=3.8600036061,InitHout=3.8600000000,deviation=0.0000036061
30,chisq=2.174535750529948963105653092498,optimalHour=4.0500033229,InitHout=4.0500000000,deviation=0.0000033229
1.0000000000,0.5130615046,0.1690463195,1.3213301354,0.6615676772,0.7339988701,201.0000000000,-28.0000000000,7.0000000000,308.0000000000,-0.0019000000,0.3100000000,0.1900000000

optimal_chisq=1.2605383701,optimal_hour=4.1700001555, source_hour=4.1700000000 
parameter is :
3.0042292682,1.0955054768,1.8081269637,2.3725469376,3.0521065517,1.8625222479,226.2015427790,-35.9104303899,4.1700001555,306.0378331881,-0.0573722666,0.3107120449,0.0399912303,

run over!

##################################
1.0000000000,0.4788737425,0.9724501027,0.3605159305,0.1643225349,1.1435145995,217.0000000000,-12.0000000000,11.0000000000,132.0000000000,-0.0018000000,0.4800000000,0.1600000000

optimal_chisq=1.4331985681,optimal_hour=4.1300011772, source_hour=4.1300000000 
parameter is :
1.0653152921,0.6913409818,0.8044759735,0.7188403064,0.6906309440,0.8080094502,216.9638218990,-12.0463212336,4.1300011772,132.0988818011,-0.0370816760,0.4818713331,-0.1037520454,

run over!

##################################
1.0000000000,0.7547044921,0.4721557190,1.2269725427,1.3711866084,0.1473482921,26.0000000000,49.0000000000,12.0000000000,202.0000000000,-0.0022000000,0.2000000000,0.1400000000

optimal_chisq=1.4173530722,optimal_hour=3.8160023091, source_hour=3.8160000000 
parameter is :
1.7791836653,1.3982117704,0.9359863768,1.8507340716,1.9283568068,0.8231701447,20.6532466629,46.7787810160,3.8160023091,202.6629705861,-0.0363552170,0.1997211359,-0.0982940297,

run over!

##################################
1.0000000000,0.0752543761,0.8680215728,0.0093682953,0.5201767995,0.2158695853,234.0000000000,-21.0000000000,19.0000000000,216.0000000000,-0.0017000000,0.3700000000,0.1300000000

optimal_chisq=1.5315553924,optimal_hour=4.1700027261, source_hour=4.1700000000 
parameter is :
1.0720445567,0.5621311985,1.4311012523,0.1105736083,1.0814765268,0.6390609479,242.7110058906,-21.3554084247,4.1700027261,209.1736761678,-0.0344854279,0.3689718223,-0.1524852713,

run over!

##################################
1.0000000000,0.1017824486,0.8123173672,0.1140970489,0.4799141929,0.3276446945,227.0000000000,-56.0000000000,20.0000000000,110.0000000000,-0.0017000000,0.3400000000,0.0500000000

optimal_chisq=1.4862990339,optimal_hour=3.8249965314, source_hour=3.8250000000 
parameter is :
-0.1961648157,0.2213354506,-0.0359565135,-0.0200126686,-0.1792739523,0.1796197047,222.0597297972,-48.1166791132,3.8249965314,110.5178362399,-0.0187402584,0.3399424004,0.0601113848,

run over!

##################################
1.0000000000,0.2064786303,0.3469880512,0.7989298623,0.4772791876,0.5782003683,205.0000000000,-15.0000000000,11.0000000000,62.0000000000,-0.0012000000,0.4500000000,0.0700000000

optimal_chisq=1.6088989912,optimal_hour=3.8499931311, source_hour=3.8500000000 
parameter is :
0.7971951347,0.6619581713,0.7617149085,1.0826874928,0.8045451718,0.7540616689,205.9214421536,-19.6927672714,3.8499931311,63.2730675482,-0.0848247098,0.4468748695,-0.0620613887,

run over!

##################################
1,chisq=1.260538370136793595577273663366,optimalHour=4.1700001555,InitHout=4.1700000000,deviation=0.0000001555
2,chisq=1.417353072188606732950688638084,optimalHour=3.8160023091,InitHout=3.8160000000,deviation=0.0000023091
3,chisq=1.433198568102879377761382784229,optimalHour=4.1300011772,InitHout=4.1300000000,deviation=0.0000011772
4,chisq=1.486299033897559018768674832245,optimalHour=3.8249965314,InitHout=3.8250000000,deviation=0.0000034686
5,chisq=1.531555392362063727773602295201,optimalHour=4.1700027261,InitHout=4.1700000000,deviation=0.0000027261
6,chisq=1.608898991164595226877054301440,optimalHour=3.8499931311,InitHout=3.8500000000,deviation=0.0000068689




1.0000000000,0.4788737425,0.9724501027,0.3605159305,0.1643225349,1.1435145995,217.0000000000,-12.0000000000,11.0000000000,132.0000000000,-0.0018000000,0.4800000000,0.1600000000


1.0000000000,0.4788737425,0.9724501027,0.3605159305,0.1643225349,1.1435145995,217.0000000000,-12.0000000000,11.0000000000,132.0000000000,-0.0018000000,0.4800000000,0.1600000000

optimal_chisq=1.0090445210,optimal_hour=4.1512006306 
parameter is :
0.3313530389,0.4777480497,0.7231148656,0.3862675097,-0.3175606475,1.1936854984,214.9469841544,-11.2096472693,4.1512006306,132.7403751617,-0.0916184986,0.4818346365,-0.0197566405,

Pole:
optimalLambda,optimalBeta:(216.0222394953,-40.0434586426)
optimalParameter:{1.2511527137,1.1155171395,0.4963392273,1.4712186351,0.4837997510,1.4774746884,216.0222394953,-40.0434586426,4.1512015942,137.8820423687,-0.0241611164,0.2905336351,-0.1168001930}


