1.0000000000,0.7442702277,0.7261910277,0.9304066099,0.0096528029,1.6457786370,145.0000000000,72.0000000000,19.0000000000,330.0000000000,-0.0019000000,0.2500000000,0.1800000000

optimal_chisq=0.9291966158,optimal_hour=7.6900005152, source_hour=7.6900000000 
parameter is :
1.1856449985,0.7177610834,0.6004374742,1.2788756190,0.6964551946,1.2861834351,145.0039385600,72.0199436599,7.6900005152,330.0065338911,-0.0753275417,0.2447362120,-0.0498590688,

##################################
1.0000000000,0.0786872269,0.8481452195,0.0394260343,0.3331276649,0.4716567842,130.0000000000,86.0000000000,20.0000000000,314.0000000000,-0.0014000000,0.2100000000,0.1000000000

optimal_chisq=0.7901904465,optimal_hour=7.7300126663, source_hour=7.7300000000 
parameter is :
39.9660592197,40.9867266513,27.2184250189,49.7628149017,28.0787549222,49.3344590594,250.6392934138,130.0621295963,7.7300126663,240.8292561259,0.8235998595,-3.3831825724,0.4742712723,

##################################
1.0000000000,0.1736732233,0.3950508171,0.7069236842,0.7789023667,0.1565409635,262.0000000000,64.0000000000,5.0000000000,38.0000000000,-0.0014000000,0.2500000000,0.1200000000

optimal_chisq=0.7922095649,optimal_hour=6.9199996955, source_hour=6.9200000000 
parameter is :
0.6328679788,0.5829318082,0.7566733744,0.5872577469,0.8131330087,0.6196364388,273.0272037162,59.4819165911,6.9199996955,42.9625167228,-0.0746950451,0.2548475129,-0.0997111690,

##################################
1.0000000000,0.1280436526,0.6546906620,0.3419770797,0.5659256345,0.3000378325,76.0000000000,-16.0000000000,11.0000000000,56.0000000000,-0.0018000000,0.3300000000,0.1300000000

optimal_chisq=0.7521867560,optimal_hour=6.7900005302, source_hour=6.7900000000 
parameter is :
1.0188607832,0.3362007660,0.5482542233,0.5589581092,0.4003116775,0.4485146266,76.0414454558,-15.9775499292,6.7900005302,55.9926918228,-0.0774910612,0.3430817925,-0.0737724094,

##################################
1.0000000000,0.5998860503,1.2880516766,0.1301942744,0.7774793443,0.5210157764,340.0000000000,-9.0000000000,22.0000000000,61.0000000000,-0.0013000000,0.2300000000,0.1800000000

optimal_chisq=0.8455060100,optimal_hour=7.0299991401, source_hour=7.0300000000 
parameter is :
0.2335613775,0.3747512242,0.1490297382,0.3849859105,0.2994174013,0.2806277314,318.1833006424,-37.4020856085,7.0299991401,86.0387077029,-0.0732554753,0.2365917006,0.0401112914,

##################################
1.0000000000,0.7687233681,0.0950895568,1.6628153012,1.4083914197,0.1711886484,156.0000000000,-44.0000000000,13.0000000000,114.0000000000,-0.0018000000,0.2200000000,0.1500000000

optimal_chisq=0.8320800569,optimal_hour=7.2900001824, source_hour=7.2900000000 
parameter is :
0.5525311562,0.8073974958,1.0961979160,0.5095958057,0.7135184290,1.0558327368,154.6502063468,-4.4005722332,7.2900001824,83.4237159353,-0.0485873570,0.2227973094,0.1380474181,

##################################
1.0000000000,0.4328134635,1.2276509064,0.0061612989,0.4279417524,0.7320893717,101.0000000000,-18.0000000000,15.0000000000,4.0000000000,-0.0023000000,0.4300000000,0.1000000000

optimal_chisq=0.7841721305,optimal_hour=6.7200009154, source_hour=6.7200000000 
parameter is :
0.4013487725,0.3880732662,0.5752389799,0.2616191941,0.5036965061,0.2806812236,94.9591910014,-9.2614642877,6.7200009154,-5.1513200205,-0.7445178163,-0.0295337001,-0.0165063861,

##################################
1.0000000000,0.0909254826,0.0761975498,1.0005749808,0.7836561215,0.1195979916,283.0000000000,73.0000000000,16.0000000000,95.0000000000,-0.0018000000,0.4400000000,0.1200000000

optimal_chisq=0.7905770207,optimal_hour=7.4000015150, source_hour=7.4000000000 
parameter is :
0.4901384277,0.3129332100,0.4967263811,0.3793462316,0.3238367216,0.4804306660,273.5770563287,56.7663530792,7.4000015150,100.5473355331,-0.1377889487,0.4540894594,-0.0228098929,

##################################
1.0000000000,0.9757033810,0.0221165451,1.9513454403,0.6839791051,1.2175427002,290.0000000000,-77.0000000000,15.0000000000,37.0000000000,-0.0022000000,0.3700000000,0.0800000000

optimal_chisq=0.8391859127,optimal_hour=7.2100021817, source_hour=7.2100000000 
parameter is :
1.0241017960,1.2088163912,0.6778932707,1.5617942469,1.1345095698,1.2117993620,321.9377644880,-87.9359101009,7.2100021817,24.3809594094,-0.0830334378,0.3885536112,-0.0462820320,

##################################
1.0000000000,0.6919353878,1.0009795339,0.5629473735,0.2540973861,1.2766299595,224.0000000000,-70.0000000000,15.0000000000,326.0000000000,-0.0012000000,0.2700000000,0.1100000000

optimal_chisq=0.8833156589,optimal_hour=7.1800000784, source_hour=7.1800000000 
parameter is :
0.9523812140,0.7180990890,1.0433828814,0.5998433257,0.3651519305,1.2278893480,224.0007298597,-69.9999006440,7.1800000784,326.0002729331,-0.0635368501,0.2743740898,-0.0131708540,

##################################
1.0000000000,0.5518047980,1.1390651305,0.2485655633,0.1234009520,1.2462098856,245.0000000000,-24.0000000000,9.0000000000,297.0000000000,-0.0013000000,0.3600000000,0.1000000000

optimal_chisq=0.6493198906,optimal_hour=6.6900001495, source_hour=6.6900000000 
parameter is :
0.7467599589,0.7063223462,1.1460157597,0.3261904922,0.3690865251,1.0785754083,244.8644378693,-20.7761896995,6.6900001495,299.9196989567,-0.1056050458,0.3648298232,0.1912931032,

##################################
1.0000000000,0.6520623461,0.0002585250,1.6517725232,0.0096765328,1.6411822125,293.0000000000,6.0000000000,17.0000000000,249.0000000000,-0.0016000000,0.3800000000,0.0500000000

optimal_chisq=0.8287391420,optimal_hour=7.0400031548, source_hour=7.0400000000 
parameter is :
1.1691041954,0.6621410905,0.3940726472,1.4238169317,-0.4529378359,1.2469842874,292.9375038002,5.3626452900,7.0400031548,250.2855808930,-0.1196989138,0.3763571566,0.0554735092,

##################################
1.0000000000,0.7875223862,0.5592184038,1.1633765420,0.7769496840,0.8501437147,64.0000000000,-6.0000000000,10.0000000000,202.0000000000,-0.0012000000,0.3500000000,0.0900000000

optimal_chisq=0.8766111166,optimal_hour=6.9200009805, source_hour=6.9200000000 
parameter is :
1.0000000001,0.7875223863,0.5592184037,1.1633765419,0.7769496840,0.8501437147,64.0000000000,-6.0000000000,6.9200009805,202.0000000000,-0.0012000001,0.3500000000,0.0900000000,

##################################
1.0000000000,0.2058644761,0.3900161620,0.7472605822,0.3836698999,0.6815725582,305.0000000000,-27.0000000000,17.0000000000,179.0000000000,-0.0022000000,0.2500000000,0.1700000000

optimal_chisq=0.8198303558,optimal_hour=7.2500005513, source_hour=7.2500000000 
parameter is :
0.8615708435,0.3097474410,0.4488131435,0.7651495422,0.5036280958,0.6705994231,303.1337860137,-25.6113716566,7.2500005513,182.2663218730,-0.0667195615,0.2494310570,0.1630672248,

##################################
1.0000000000,0.6730572855,1.4468247789,0.0303404334,0.7584393320,0.6076912004,50.0000000000,-90.0000000000,12.0000000000,265.0000000000,-0.0018000000,0.4400000000,0.1800000000

optimal_chisq=0.8279872919,optimal_hour=7.1800010335, source_hour=7.1800000000 
parameter is :
1.1880270358,1.6262717582,1.1392192693,1.5994335444,0.7908003182,1.9119897024,63.0223005716,-113.8302630257,7.1800010335,276.4122561464,0.1383025688,-3.1937810608,0.0253236337,

##################################
1.0000000000,0.0237515033,0.5861391368,0.3062480572,0.6587908058,0.0468841293,264.0000000000,-75.0000000000,8.0000000000,185.0000000000,-0.0019000000,0.2500000000,0.0800000000

optimal_chisq=0.8632539107,optimal_hour=6.7500014438, source_hour=6.7500000000 
parameter is :
0.8204411400,0.4867324498,0.8489032322,0.4296144665,0.5144116794,0.7329990301,264.5817821660,-73.2283252656,6.7500014438,187.4593616486,-0.0708460531,0.2494940555,-0.0844480261,

##################################
1.0000000000,0.4931492319,1.2675524430,0.0302600241,0.2667018258,0.9886192285,178.0000000000,65.0000000000,2.0000000000,318.0000000000,-0.0013000000,0.3100000000,0.1300000000

optimal_chisq=0.8870938680,optimal_hour=7.0400015876, source_hour=7.0400000000 
parameter is :
2.2623231864,2.8377265115,2.6626004313,2.1243849146,2.1011519144,2.5868880502,172.6600761350,55.7475660645,7.0400015876,311.4662370446,-0.3495800138,-0.6543024347,-0.1199925484,

##################################
1.0000000000,0.1349637649,0.3534896822,0.7153281659,0.3959859604,0.5927309055,85.0000000000,-52.0000000000,5.0000000000,27.0000000000,-0.0018000000,0.3100000000,0.0700000000

optimal_chisq=0.8047522391,optimal_hour=7.3600007990, source_hour=7.3600000000 
parameter is :
1.6103292760,0.6635662559,1.5088225716,1.0309449890,0.8019114494,1.4661285660,88.3715251782,-52.6011091898,7.3600007990,21.4638719919,-0.3177330790,0.1852656350,-0.0827178147,

##################################
1.0000000000,0.9535668790,0.4213209921,1.4881154853,0.1817970423,1.7084036960,318.0000000000,-74.0000000000,13.0000000000,92.0000000000,-0.0022000000,0.2500000000,0.0900000000

optimal_chisq=0.8287789139,optimal_hour=7.6500002036, source_hour=7.6500000000 
parameter is :
0.9312852213,0.8348148517,0.8155500146,1.0060454986,0.7504275832,1.1818064541,317.6380891551,-72.2057337264,7.6500002036,92.5214810039,-0.0730106961,0.2550635884,-0.0981125367,

##################################
1.0000000000,0.8397875455,1.1957094253,0.5033266118,0.5605446569,1.0697242390,264.0000000000,42.0000000000,18.0000000000,313.0000000000,-0.0018000000,0.3100000000,0.1800000000

optimal_chisq=0.7865607324,optimal_hour=7.1699999622, source_hour=7.1700000000 
parameter is :
1.0253039880,0.7804274096,1.0523328696,0.6122409046,0.5507726539,1.0975558938,266.2093037774,40.6902584430,7.1699999622,312.6338611024,-0.0934648134,0.3141465039,-0.1851924881,

##################################
1.0000000000,0.6309333605,1.1979812730,0.2697044287,0.6659236063,0.7045828987,119.0000000000,13.0000000000,10.0000000000,258.0000000000,-0.0017000000,0.2600000000,0.0600000000

optimal_chisq=0.7315754153,optimal_hour=7.4399992941, source_hour=7.4400000000 
parameter is :
0.6357586794,0.8757895230,1.1264349916,0.5677934786,0.6564687749,0.9144754679,116.1182489503,14.8934796530,7.4399992941,256.6234429815,-0.0824382884,0.2602422050,-0.0326777808,

##################################
1.0000000000,0.9184872144,0.4285597078,1.4441587794,0.0109568377,1.8605907642,27.0000000000,32.0000000000,10.0000000000,85.0000000000,-0.0017000000,0.4000000000,0.1800000000

optimal_chisq=0.8583323268,optimal_hour=7.7300050151, source_hour=7.7300000000 
parameter is :
1.0781429306,1.1465021219,0.8105320829,1.4036191843,0.6184449388,1.5522326271,27.1987326786,31.9937669658,7.7300050151,85.0513528051,-0.1053240906,0.4092620543,-0.1691526609,

##################################
1.0000000000,0.7824900550,1.3151100804,0.3050352716,1.0584143930,0.4183927592,16.0000000000,53.0000000000,8.0000000000,303.0000000000,-0.0024000000,0.3700000000,0.1300000000

optimal_chisq=0.8130987768,optimal_hour=6.9299999858, source_hour=6.9300000000 
parameter is :
0.8695465192,0.5466009075,0.4902201486,0.9202207989,0.6934963839,0.7226870847,15.7226347480,52.1237401799,6.9299999858,304.6149148206,-0.1015203941,0.3812268528,-0.1595206541,

##################################
1.0000000000,0.9606466740,1.1389329042,0.6976890164,1.0654871653,0.6466736465,282.0000000000,25.0000000000,3.0000000000,82.0000000000,-0.0019000000,0.2500000000,0.0500000000

optimal_chisq=0.7376381287,optimal_hour=6.9200000000, source_hour=6.9200000000 
parameter is :
1.0000000000,0.9606466740,1.1389329042,0.6976890164,1.0654871653,0.6466736465,282.0000000000,25.0000000000,6.9200000000,82.0000000000,-0.0019000000,0.2500000000,0.0500000000,

##################################
1.0000000000,0.1763712346,0.6671865670,0.3820033962,0.1414843778,0.8800039718,239.0000000000,-24.0000000000,17.0000000000,221.0000000000,-0.0024000000,0.2000000000,0.0800000000

optimal_chisq=0.8521709809,optimal_hour=6.8000000014, source_hour=6.8000000000 
parameter is :
1.0333842557,0.4127622651,0.8476498101,0.5661936830,0.2879147140,1.0769283261,236.8988131248,-23.4637643464,6.8000000014,222.7206970558,-0.0479066483,0.2028465096,-0.0121076652,

##################################
1.0000000000,0.8404582123,1.2079596073,0.4902345922,0.6272013932,0.9935987622,5.0000000000,-77.0000000000,22.0000000000,278.0000000000,-0.0023000000,0.3400000000,0.1400000000

optimal_chisq=0.7077226477,optimal_hour=7.2099998815, source_hour=7.2100000000 
parameter is :
0.9613564309,0.8051850339,0.8743969140,1.0255821575,0.6879310985,1.0137778586,6.6254452344,-78.9450575304,7.2099998815,276.4904089936,-0.1006952871,0.3394885543,-0.0032101620,

##################################
1.0000000000,0.9813821404,0.9274082803,0.9554639041,1.5356563158,0.1668123989,239.0000000000,70.0000000000,18.0000000000,155.0000000000,-0.0022000000,0.2900000000,0.1900000000

optimal_chisq=0.8407207290,optimal_hour=7.5299992783, source_hour=7.5300000000 
parameter is :
0.9679536638,0.9947411793,0.9910755011,1.1037240636,1.4347234323,0.0147531380,238.9962383924,69.9945556896,7.5299992783,155.0005207665,-0.0812544583,0.2915805276,0.0443276334,

##################################
1.0000000000,0.2122527096,0.0297473576,1.1775775388,0.6871938414,0.3928818551,279.0000000000,-20.0000000000,11.0000000000,213.0000000000,-0.0014000000,0.3600000000,0.1600000000

optimal_chisq=0.8069646697,optimal_hour=7.5199949116, source_hour=7.5200000000 
parameter is :
2.1614314109,2.3766949261,1.5659818728,2.8779525847,2.2954169225,2.6090730158,309.5857315818,-12.2247188884,7.5199949116,229.9674372754,2.1415341874,-8.6914879575,-0.1002823339,

##################################
1.0000000000,0.7307393550,1.1518955268,0.4335335742,0.3659523100,1.1718836377,290.0000000000,85.0000000000,18.0000000000,28.0000000000,-0.0016000000,0.2100000000,0.0700000000

optimal_chisq=0.8004407747,optimal_hour=6.9200017304, source_hour=6.9200000000 
parameter is :
0.8409959558,1.0985592338,0.8230639938,0.9949366279,0.8089692977,0.8915364803,296.9170947247,72.5233543861,6.9200017304,29.6582548759,-0.0647108222,0.2126015144,-0.0344852097,

##################################
1.0000000000,0.6858953278,0.4933557706,1.1318256243,1.1355407569,0.3352258214,211.0000000000,-23.0000000000,16.0000000000,259.0000000000,-0.0023000000,0.4600000000,0.1000000000

optimal_chisq=0.7784228406,optimal_hour=7.2100009147, source_hour=7.2100000000 
parameter is :
0.9278028639,0.8871595742,0.4540924321,1.2110823092,0.9106084290,0.5747110951,210.9987224350,-23.0061003423,7.2100009147,258.9971510153,-0.1165292819,0.4612321930,0.0802544333,

##################################
1,chisq=0.649319890624132756151709600090,optimalHour=6.6900001495,InitHout=6.6900000000,deviation=0.0000001495
2,chisq=0.707722647717117236965123083792,optimalHour=7.2099998815,InitHout=7.2100000000,deviation=0.0000001185
3,chisq=0.731575415271619844403971910651,optimalHour=7.4399992941,InitHout=7.4400000000,deviation=0.0000007059
4,chisq=0.737638128666533443578146034270,optimalHour=6.9200000000,InitHout=6.9200000000,deviation=0.0000000000
5,chisq=0.752186755958826447354681477009,optimalHour=6.7900005302,InitHout=6.7900000000,deviation=0.0000005302
6,chisq=0.778422840643175351083016266784,optimalHour=7.2100009147,InitHout=7.2100000000,deviation=0.0000009147
7,chisq=0.784172130515433774000655375858,optimalHour=6.7200009154,InitHout=6.7200000000,deviation=0.0000009154
8,chisq=0.786560732411056506840907331934,optimalHour=7.1699999622,InitHout=7.1700000000,deviation=0.0000000378
9,chisq=0.790190446518952982479788715864,optimalHour=7.7300126663,InitHout=7.7300000000,deviation=0.0000126663
10,chisq=0.790577020746197733913618321822,optimalHour=7.4000015150,InitHout=7.4000000000,deviation=0.0000015150
11,chisq=0.792209564938337384987221412302,optimalHour=6.9199996955,InitHout=6.9200000000,deviation=0.0000003045
12,chisq=0.800440774658207399028242434724,optimalHour=6.9200017304,InitHout=6.9200000000,deviation=0.0000017304
13,chisq=0.804752239124483570442691870994,optimalHour=7.3600007990,InitHout=7.3600000000,deviation=0.0000007990
14,chisq=0.806964669700381720396364926273,optimalHour=7.5199949116,InitHout=7.5200000000,deviation=0.0000050884
15,chisq=0.813098776831136960119295054028,optimalHour=6.9299999858,InitHout=6.9300000000,deviation=0.0000000142
16,chisq=0.819830355796742127338916361623,optimalHour=7.2500005513,InitHout=7.2500000000,deviation=0.0000005513
17,chisq=0.827987291879813680495203698229,optimalHour=7.1800010335,InitHout=7.1800000000,deviation=0.0000010335
18,chisq=0.828739141996518879906830079562,optimalHour=7.0400031548,InitHout=7.0400000000,deviation=0.0000031548
19,chisq=0.828778913916999537825347488251,optimalHour=7.6500002036,InitHout=7.6500000000,deviation=0.0000002036
20,chisq=0.832080056930731171149773217621,optimalHour=7.2900001824,InitHout=7.2900000000,deviation=0.0000001824
21,chisq=0.839185912658637289673890791164,optimalHour=7.2100021817,InitHout=7.2100000000,deviation=0.0000021817
22,chisq=0.840720729021890433863006819593,optimalHour=7.5299992783,InitHout=7.5300000000,deviation=0.0000007217
23,chisq=0.845506010011065622933301710873,optimalHour=7.0299991401,InitHout=7.0300000000,deviation=0.0000008599
24,chisq=0.852170980919214726689858707687,optimalHour=6.8000000014,InitHout=6.8000000000,deviation=0.0000000014
25,chisq=0.858332326776360066133975124103,optimalHour=7.7300050151,InitHout=7.7300000000,deviation=0.0000050151
26,chisq=0.863253910675696456422656410723,optimalHour=6.7500014438,InitHout=6.7500000000,deviation=0.0000014438
27,chisq=0.876611116586046512644259109948,optimalHour=6.9200009805,InitHout=6.9200000000,deviation=0.0000009805
28,chisq=0.883315658931189351399382303498,optimalHour=7.1800000784,InitHout=7.1800000000,deviation=0.0000000784
29,chisq=0.887093867952087888895107425924,optimalHour=7.0400015876,InitHout=7.0400000000,deviation=0.0000015876
30,chisq=0.929196615833968286857214025076,optimalHour=7.6900005152,InitHout=7.6900000000,deviation=0.0000005152

1.0000000000,0.5518047980,1.1390651305,0.2485655633,0.1234009520,1.2462098856,245.0000000000,-24.0000000000,9.0000000000,297.0000000000,-0.0013000000,0.3600000000,0.1000000000

optimal_chisq=0.6493198906,optimal_hour=6.6900001495, source_hour=6.6900000000 
parameter is :
0.7467599589,0.7063223462,1.1460157597,0.3261904922,0.3690865251,1.0785754083,244.8644378693,-20.7761896995,6.6900001495,299.9196989567,-0.1056050458,0.3648298232,0.1912931032,

run over!

##################################
1.0000000000,0.8404582123,1.2079596073,0.4902345922,0.6272013932,0.9935987622,5.0000000000,-77.0000000000,22.0000000000,278.0000000000,-0.0023000000,0.3400000000,0.1400000000

optimal_chisq=0.7077226477,optimal_hour=7.2099998815, source_hour=7.2100000000 
parameter is :
0.9613564309,0.8051850339,0.8743969140,1.0255821575,0.6879310985,1.0137778586,6.6254452344,-78.9450575304,7.2099998815,276.4904089936,-0.1006952871,0.3394885543,-0.0032101620,

run over!

##################################
1.0000000000,0.6309333605,1.1979812730,0.2697044287,0.6659236063,0.7045828987,119.0000000000,13.0000000000,10.0000000000,258.0000000000,-0.0017000000,0.2600000000,0.0600000000

optimal_chisq=0.7315754153,optimal_hour=7.4399992941, source_hour=7.4400000000 
parameter is :
0.6357586794,0.8757895230,1.1264349916,0.5677934786,0.6564687749,0.9144754679,116.1182489503,14.8934796530,7.4399992941,256.6234429815,-0.0824382884,0.2602422050,-0.0326777808,

run over!

##################################
1.0000000000,0.9606466740,1.1389329042,0.6976890164,1.0654871653,0.6466736465,282.0000000000,25.0000000000,3.0000000000,82.0000000000,-0.0019000000,0.2500000000,0.0500000000

optimal_chisq=0.7267670815,optimal_hour=6.9589999434, source_hour=6.9590000000 
parameter is :
1.0000000000,0.9606466740,1.1389329042,0.6976890164,1.0654871653,0.6466736465,282.0000000000,25.0000000000,6.9589999434,82.0000000000,-0.0019000000,0.2500000000,0.0500000000,

run over!

##################################
1.0000000000,0.1280436526,0.6546906620,0.3419770797,0.5659256345,0.3000378325,76.0000000000,-16.0000000000,11.0000000000,56.0000000000,-0.0018000000,0.3300000000,0.1300000000

optimal_chisq=0.7521867560,optimal_hour=6.7900005302, source_hour=6.7900000000 
parameter is :
1.0188607832,0.3362007660,0.5482542233,0.5589581092,0.4003116775,0.4485146266,76.0414454558,-15.9775499292,6.7900005302,55.9926918228,-0.0774910612,0.3430817925,-0.0737724094,

run over!

##################################
1.0000000000,0.6858953278,0.4933557706,1.1318256243,1.1355407569,0.3352258214,211.0000000000,-23.0000000000,16.0000000000,259.0000000000,-0.0023000000,0.4600000000,0.1000000000

optimal_chisq=0.7272277602,optimal_hour=7.2850005328, source_hour=7.2850000000 
parameter is :
1.3452578223,1.3593801735,0.9999124311,1.7143690994,2.0113680875,0.4768587179,205.2030324185,-27.6712817997,7.2850005328,258.8072865379,-0.1318309368,0.4695052798,0.1698516309,

run over!

##################################
1,chisq=0.649319890624132756151709600090,optimalHour=6.6900001495,InitHout=6.6900000000,deviation=0.0000001495
2,chisq=0.707722647717117236965123083792,optimalHour=7.2099998815,InitHout=7.2100000000,deviation=0.0000001185
3,chisq=0.726767081503261747066346742940,optimalHour=6.9589999434,InitHout=6.9590000000,deviation=0.0000000566
4,chisq=0.727227760157063252144382659026,optimalHour=7.2850005328,InitHout=7.2850000000,deviation=0.0000005328
5,chisq=0.731575415271619844403971910651,optimalHour=7.4399992941,InitHout=7.4400000000,deviation=0.0000007059
6,chisq=0.752186755958826447354681477009,optimalHour=6.7900005302,InitHout=6.7900000000,deviation=0.0000005302





1.0000000000,0.8404582123,1.2079596073,0.4902345922,0.6272013932,0.9935987622,5.0000000000,-77.0000000000,22.0000000000,278.0000000000,-0.0023000000,0.3400000000,0.1400000000


1.0000000000,0.8404582123,1.2079596073,0.4902345922,0.6272013932,0.9935987622,5.0000000000,-77.0000000000,22.0000000000,278.0000000000,-0.0023000000,0.3400000000,0.1400000000

optimal_chisq=0.7077226477,optimal_hour=7.2099998815 
parameter is :
0.9613564309,0.8051850339,0.8743969140,1.0255821575,0.6879310985,1.0137778586,6.6254452344,-78.9450575304,7.2099998815,276.4904089936,-0.1006952871,0.3394885543,-0.0032101620,


Pole:
optimalLambda,optimalBeta:(111.0701002337,34.6896643100)
optimalParameter:{0.8655730654,0.6331753935,0.8259081361,0.5307410122,0.4994824402,0.8265512113,111.0701002337,34.6896643100,7.2099998140,131.4526637986,-0.0757109236,0.3637215895,0.1232573574}


