1.0000000000,0.3434319656,0.6113426034,0.6339009209,0.2959888425,0.8997472976,341.0000000000,-36.0000000000,21.0000000000,175.0000000000,-0.0017000000,0.2400000000,0.1700000000

optimal_chisq=2.8444249964,optimal_hour=8.8000008391, source_hour=8.8000000000 
parameter is :
0.8475539154,0.2624826218,0.6277583513,0.5805439685,0.5431928035,1.0537348529,341.0683345934,-35.9837790525,8.8000008391,174.9348081103,0.0190135373,0.2421874349,-0.0501583584,

##################################
1.0000000000,0.8453752039,0.8471319426,0.9013437813,1.4719562736,0.0877745384,35.0000000000,18.0000000000,24.0000000000,132.0000000000,-0.0019000000,0.3100000000,0.1200000000

optimal_chisq=2.1709930934,optimal_hour=8.6000011691, source_hour=8.6000000000 
parameter is :
0.9657653037,0.8176361116,0.9276522717,0.8460747734,1.4984754470,0.1820675736,34.9960178040,18.0075762190,8.6000011691,131.9954723691,-0.0295913153,0.3095926306,-0.1611432072,

##################################
1.0000000000,0.5103560544,1.2951480457,0.0179405869,1.0468037150,0.0805799542,221.0000000000,11.0000000000,7.0000000000,270.0000000000,-0.0013000000,0.2200000000,0.0500000000

optimal_chisq=2.5159074072,optimal_hour=8.7899999823, source_hour=8.7900000000 
parameter is :
1.0341194624,0.5271914125,1.2524319092,0.1774297370,1.0308984353,0.2486482728,221.0004265579,10.9990238125,8.7899999823,270.0002788796,-0.0140954573,0.2199220145,0.0214922441,

##################################
1.0000000000,0.1237543687,0.4877376627,0.5412138602,0.1513474453,0.8472933914,264.0000000000,-2.0000000000,12.0000000000,237.0000000000,-0.0017000000,0.2300000000,0.1200000000

optimal_chisq=2.4898322190,optimal_hour=8.7000000626, source_hour=8.7000000000 
parameter is :
0.8136703696,0.4077327733,0.6037696133,0.5377615578,0.1739875432,0.9473573452,263.9987073339,-2.0024999935,8.7000000626,236.9981115747,-0.0111950672,0.2299324338,0.1164351451,

##################################
1.0000000000,0.0608834997,0.8168163299,0.0571442463,0.2880125155,0.5141379645,96.0000000000,-19.0000000000,11.0000000000,80.0000000000,-0.0012000000,0.4100000000,0.0700000000

optimal_chisq=2.3911135805,optimal_hour=8.7499998650, source_hour=8.7500000000 
parameter is :
0.7936977500,0.6116457017,1.1514920745,0.1900593699,0.9474260551,0.3189553253,95.1706109543,-21.9151436303,8.7499998650,81.2238155767,0.0125633073,0.4140670171,0.2511269852,

##################################
1.0000000000,0.1580267237,0.0201187699,1.1344228009,0.1878684108,0.9331558826,120.0000000000,-10.0000000000,19.0000000000,271.0000000000,-0.0013000000,0.3700000000,0.1900000000

optimal_chisq=2.9874094732,optimal_hour=9.0700016847, source_hour=9.0700000000 
parameter is :
1.0267305802,1.2331071044,0.4918926426,1.6300080636,0.8438796132,1.3422246800,118.5667888910,15.2999432482,9.0700016847,268.1924770544,-0.0091823748,0.3705707977,0.0832896527,

##################################
1.0000000000,0.2695366336,0.8037669018,0.3231166817,0.5514068607,0.4672110295,204.0000000000,-57.0000000000,2.0000000000,342.0000000000,-0.0017000000,0.4600000000,0.1700000000

optimal_chisq=1.9892057561,optimal_hour=8.7900010177, source_hour=8.7900000000 
parameter is :
0.8683887988,0.3131336400,0.7237555608,0.4946095602,0.5923519901,0.8298939683,204.2590950862,-56.9553819937,8.7900010177,341.7615163149,-0.0249405787,0.4603028061,-0.2006400487,

##################################
1.0000000000,0.2460604581,0.4053031514,0.7718985638,0.4218003677,0.6787486279,259.0000000000,-85.0000000000,22.0000000000,56.0000000000,-0.0021000000,0.3000000000,0.1100000000

optimal_chisq=2.5619024712,optimal_hour=8.7400000468, source_hour=8.7400000000 
parameter is :
0.8647707406,0.4661477481,0.4283150571,0.7987734052,0.3252148267,0.8038229058,258.9861384235,-84.9980754555,8.7400000468,56.0132419840,0.0051700835,0.3000476882,0.0781483174,

##################################
1.0000000000,0.5619523393,0.5569940203,0.9300451589,0.2517062136,1.2006717099,274.0000000000,-65.0000000000,9.0000000000,322.0000000000,-0.0013000000,0.2800000000,0.1600000000

optimal_chisq=2.3226941206,optimal_hour=9.2699999285, source_hour=9.2700000000 
parameter is :
1.1713575479,0.5546212631,0.7329085389,0.7934054538,0.2275279360,1.2177960079,273.9210763007,-65.0297424500,9.2699999285,322.0598769598,0.1390089804,0.2613785317,0.0507455884,

##################################
1.0000000000,0.2412476219,0.2121738152,0.9938892767,0.7206246750,0.3509387381,183.0000000000,-77.0000000000,14.0000000000,265.0000000000,-0.0015000000,0.4800000000,0.1800000000

optimal_chisq=2.7328439788,optimal_hour=8.8900008794, source_hour=8.8900000000 
parameter is :
2.2559906157,2.5177252725,1.0396795830,4.7986433301,2.3632109501,1.7202120578,167.9871761621,-110.1007672799,8.8900008794,271.9147867823,-0.0684025403,0.4801480985,-0.0611392687,

##################################
1.0000000000,0.5362577599,0.0218424345,1.5115664526,0.2527407046,1.2469627586,280.0000000000,24.0000000000,11.0000000000,203.0000000000,-0.0019000000,0.4500000000,0.1600000000

optimal_chisq=2.6192516231,optimal_hour=8.7400006838, source_hour=8.7400000000 
parameter is :
1.0857394607,0.3320632458,0.1408282988,1.2482173172,0.0353259543,1.2385151917,286.8298420239,25.2859009332,8.7400006838,204.0259300312,-0.0243775194,0.4499046288,-0.1593003011,

##################################
1.0000000000,0.4707270691,1.1027767028,0.1984527057,1.0200604789,0.0988355486,347.0000000000,29.0000000000,9.0000000000,66.0000000000,-0.0013000000,0.3400000000,0.0500000000

optimal_chisq=2.4650944149,optimal_hour=9.0100055213, source_hour=9.0100000000 
parameter is :
1.4515586970,1.0555199487,1.1165246128,0.4298982999,0.4486142705,0.7085448424,350.4256338039,27.5505088075,9.0100055213,67.4486979849,-0.0312136561,0.3409287388,-0.0322860016,

##################################
1.0000000000,0.0750662159,0.3279573516,0.6821753457,0.5105331515,0.3856666606,71.0000000000,-86.0000000000,21.0000000000,353.0000000000,-0.0012000000,0.4300000000,0.0700000000

optimal_chisq=2.3578515398,optimal_hour=8.7900024795, source_hour=8.7900000000 
parameter is :
0.8095186504,0.4304569729,0.0192796611,0.6798709290,0.5443638541,0.8958159291,70.9228984599,-86.0203858844,8.7900024795,353.0819496955,-0.0270515116,0.4308568891,-0.0683534880,

##################################
1.0000000000,0.3412804559,0.7783016871,0.4346465511,0.7483385208,0.3251935742,159.0000000000,-16.0000000000,11.0000000000,118.0000000000,-0.0015000000,0.4600000000,0.1600000000

optimal_chisq=2.7433702522,optimal_hour=8.5399980589, source_hour=8.5400000000 
parameter is :
1.6618077345,-0.1485192823,0.6390301486,0.4307469029,-0.8492338506,1.8800946111,161.8729022469,-15.2133865054,8.5399980589,116.7275599506,0.0422158073,0.4604338724,-0.1048125946,

##################################
1.0000000000,0.9178863661,0.0077106159,1.9093713385,1.1256822269,0.6657239012,198.0000000000,16.0000000000,21.0000000000,358.0000000000,-0.0018000000,0.3600000000,0.1200000000

optimal_chisq=2.2642241565,optimal_hour=8.8000004298, source_hour=8.8000000000 
parameter is :
1.5114777922,0.6123267439,0.5265039677,1.3690877791,1.2426458519,1.3552923700,191.6274035603,16.4453485368,8.8000004298,351.4072767778,0.0050305449,0.3611289758,0.1674133965,

##################################
1.0000000000,0.9170130118,0.4056777700,1.4680331764,1.2695853425,0.4570682753,264.0000000000,-61.0000000000,22.0000000000,14.0000000000,-0.0018000000,0.3900000000,0.1400000000

optimal_chisq=2.5501801894,optimal_hour=8.7200016224, source_hour=8.7200000000 
parameter is :
0.7242412177,1.1068802599,0.7581760090,1.5470262431,1.1729405053,0.8202923706,264.1208127394,-61.2646443814,8.7200016224,13.7901294745,0.0484287895,0.4048150618,-0.0542336526,

##################################
1.0000000000,0.9887803113,0.3814497617,1.5682004786,1.2823637279,0.5254147338,213.0000000000,-48.0000000000,20.0000000000,339.0000000000,-0.0023000000,0.3600000000,0.1900000000

optimal_chisq=2.3372443891,optimal_hour=8.8099994466, source_hour=8.8100000000 
parameter is :
1.5354628670,0.7701646196,0.6711723234,0.6622230875,0.5597102627,1.9130749463,228.9947570666,-26.4636634094,8.8099994466,354.0571544763,0.0154517655,0.3716049254,0.1354306510,

##################################
1.0000000000,0.8975329138,0.5434783228,1.2949297053,0.4828248882,1.3014635389,263.0000000000,-75.0000000000,23.0000000000,147.0000000000,-0.0021000000,0.4100000000,0.1400000000

optimal_chisq=2.5590776351,optimal_hour=8.7000017075, source_hour=8.7000000000 
parameter is :
0.6872438534,1.2700544524,0.7750293553,1.1326586682,1.1551563673,1.0228415981,263.0761185216,-74.9959139794,8.7000017075,146.9241501292,-0.0206827840,0.4128523889,0.0290378788,

##################################
1.0000000000,0.3020989114,0.7907543853,0.3757701102,0.2459721448,0.8767346513,180.0000000000,84.0000000000,5.0000000000,5.0000000000,-0.0012000000,0.3500000000,0.0900000000

optimal_chisq=2.5217789426,optimal_hour=8.8800000318, source_hour=8.8800000000 
parameter is :
1.2216640107,0.7609745618,1.5506723119,0.3336654736,0.8135005457,1.2692640134,136.9203056118,95.9896658657,8.8800000318,-11.7584436890,-0.0319694150,0.3585051045,-0.0467964491,

##################################
1.0000000000,0.7696420442,1.2031048351,0.4181177583,0.5445160022,1.0064921298,308.0000000000,-52.0000000000,15.0000000000,189.0000000000,-0.0017000000,0.4200000000,0.1700000000

optimal_chisq=2.2327311156,optimal_hour=8.7899999419, source_hour=8.7900000000 
parameter is :
1.0000000000,0.7696420442,1.2031048351,0.4181177583,0.5445160022,1.0064921298,308.0000000000,-52.0000000000,8.7899999419,189.0000000000,-0.0017000000,0.4200000000,0.1700000000,

##################################
1.0000000000,0.4102964901,0.4041551490,0.9462860666,0.8375569888,0.3747031626,183.0000000000,-3.0000000000,14.0000000000,81.0000000000,-0.0018000000,0.4600000000,0.1800000000

optimal_chisq=2.3741206004,optimal_hour=8.8499998526, source_hour=8.8500000000 
parameter is :
1.0090826591,0.4932380484,0.3582271518,0.8974864642,0.8591555808,0.3865288886,182.9994633725,-2.9975051466,8.8499998526,80.9983034385,-0.0110527237,0.4601911906,0.1760758914,

##################################
1.0000000000,0.3516411359,0.4413566668,0.8414746973,0.7497801465,0.4029652217,329.0000000000,32.0000000000,19.0000000000,127.0000000000,-0.0017000000,0.2600000000,0.0700000000

optimal_chisq=2.3759040352,optimal_hour=8.8299985960, source_hour=8.8300000000 
parameter is :
3.4245961884,1.5290617087,1.1044632210,2.7130335978,1.3066759350,2.5345370265,344.6494016705,26.2944687380,8.8299985960,123.7574496646,-0.0254203262,0.2600084904,0.2713947535,

##################################
1.0000000000,0.3907711969,1.0224574156,0.2011986131,0.7364915937,0.3518185297,163.0000000000,-59.0000000000,17.0000000000,43.0000000000,-0.0012000000,0.2900000000,0.1700000000

optimal_chisq=2.0652784905,optimal_hour=8.7900000022, source_hour=8.7900000000 
parameter is :
0.8352782434,0.5771470304,0.9911870507,0.2563308147,0.8879954762,0.3554410730,163.0016406598,-58.9957599050,8.7900000022,43.0002782984,0.0007197190,0.2900079457,0.1934124827,

##################################
1.0000000000,0.6206943512,0.5439398385,1.0065928391,0.9683484636,0.4451719025,306.0000000000,41.0000000000,19.0000000000,126.0000000000,-0.0023000000,0.3100000000,0.1400000000

optimal_chisq=2.3493021712,optimal_hour=8.8000020813, source_hour=8.8000000000 
parameter is :
1.9917625015,0.8416152398,-0.3276041337,1.7305205332,0.6230247416,0.6776105811,354.2320401289,32.7235766206,8.8000020813,110.1964625135,-0.0151218975,0.3099517193,-0.0685092502,

##################################
1.0000000000,0.0250785146,0.0795922793,0.9297145639,0.7516448010,0.0760351144,283.0000000000,36.0000000000,10.0000000000,61.0000000000,-0.0021000000,0.3700000000,0.1300000000

optimal_chisq=1.8481983998,optimal_hour=8.7399997243, source_hour=8.7400000000 
parameter is :
1.4209993783,0.5643221500,0.9154615056,1.1411908130,1.6668683962,0.2327694895,289.6906896351,26.6440240838,8.7399997243,64.0707201334,0.5709570893,0.2648050379,0.1293092284,

##################################
1.0000000000,0.3932975346,1.0260057642,0.1999050857,0.6492278221,0.4595791821,307.0000000000,41.0000000000,22.0000000000,227.0000000000,-0.0017000000,0.3600000000,0.1900000000

optimal_chisq=2.3953424980,optimal_hour=8.6999994789, source_hour=8.7000000000 
parameter is :
1.2176992532,0.1105171401,0.4522258595,0.9356508583,0.9904545907,0.5306941977,308.0409822196,40.5772867812,8.6999994789,228.1102705498,-0.0214091689,0.3596458897,0.1280456926,

##################################
1.0000000000,0.4533067166,0.7058664296,0.6427610577,0.8779337515,0.3246907668,46.0000000000,-12.0000000000,3.0000000000,98.0000000000,-0.0019000000,0.2200000000,0.0700000000

optimal_chisq=2.0922345498,optimal_hour=8.7999999820, source_hour=8.8000000000 
parameter is :
1.0807756310,0.5864467189,0.9063110533,0.5389162487,0.5775137117,0.2824802845,43.8944027536,-11.9146772906,8.7999999820,101.8593463602,-0.0002337453,0.2200177926,-0.1308955021,

##################################
1.0000000000,0.2219332951,0.3664560985,0.7922230875,0.8623157892,0.1209683621,287.0000000000,-88.0000000000,18.0000000000,256.0000000000,-0.0017000000,0.3500000000,0.1300000000

optimal_chisq=2.4086551908,optimal_hour=8.7000000251, source_hour=8.7000000000 
parameter is :
0.9434740387,0.2605173844,0.4077831407,0.7710558895,0.9228266161,0.1044357481,286.9981928314,-88.0021346839,8.7000000251,256.0015717847,0.0003776307,0.3500117372,0.0412290041,

##################################
1.0000000000,0.9181893132,1.4413702569,0.3124498296,0.4733960995,1.2246667944,92.0000000000,-47.0000000000,18.0000000000,8.0000000000,-0.0012000000,0.2300000000,0.1300000000

optimal_chisq=2.6255266526,optimal_hour=8.7499997093, source_hour=8.7500000000 
parameter is :
1.0256921272,0.6297537348,0.9300867132,1.5077467575,0.7394826602,1.3800707372,87.8694076780,-46.1673913517,8.7499997093,8.1234486248,-0.0356584131,0.2293465136,0.1477576043,

##################################
1.0000000000,0.9494451959,0.5873181852,1.2998848268,0.8988650453,0.8877137991,132.0000000000,-7.0000000000,17.0000000000,106.0000000000,-0.0018000000,0.2000000000,0.0600000000

optimal_chisq=2.8558598730,optimal_hour=9.2699995482, source_hour=9.2700000000 
parameter is :
-0.8506565566,0.6894732891,0.4876788834,-0.0127683507,2.5066683417,3.5542180390,128.5169688479,-5.7543866859,9.2699995482,106.0520279828,-0.0300237585,0.2027506348,-0.4537610064,

##################################
1,chisq=1.848198399825014881514562148368,optimalHour=8.7399997243,InitHout=8.7400000000,deviation=0.0000002757
2,chisq=1.989205756077162989825524164189,optimalHour=8.7900010177,InitHout=8.7900000000,deviation=0.0000010177
3,chisq=2.065278490522759469172342505772,optimalHour=8.7900000022,InitHout=8.7900000000,deviation=0.0000000022
4,chisq=2.092234549768351214993344910908,optimalHour=8.7999999820,InitHout=8.8000000000,deviation=0.0000000180
5,chisq=2.170993093389956385408368078060,optimalHour=8.6000011691,InitHout=8.6000000000,deviation=0.0000011691
6,chisq=2.232731115584390302331030397909,optimalHour=8.7899999419,InitHout=8.7900000000,deviation=0.0000000581
7,chisq=2.264224156499189621882806022768,optimalHour=8.8000004298,InitHout=8.8000000000,deviation=0.0000004298
8,chisq=2.322694120643229886979952425463,optimalHour=9.2699999285,InitHout=9.2700000000,deviation=0.0000000715
9,chisq=2.337244389082001827517842684756,optimalHour=8.8099994466,InitHout=8.8100000000,deviation=0.0000005534
10,chisq=2.349302171213555112672111135907,optimalHour=8.8000020813,InitHout=8.8000000000,deviation=0.0000020813
11,chisq=2.357851539835944976175596821122,optimalHour=8.7900024795,InitHout=8.7900000000,deviation=0.0000024795
12,chisq=2.374120600393481161916042765370,optimalHour=8.8499998526,InitHout=8.8500000000,deviation=0.0000001474
13,chisq=2.375904035210412601486495987047,optimalHour=8.8299985960,InitHout=8.8300000000,deviation=0.0000014040
14,chisq=2.391113580529652171691168405232,optimalHour=8.7499998650,InitHout=8.7500000000,deviation=0.0000001350
15,chisq=2.395342497977294371480638801586,optimalHour=8.6999994789,InitHout=8.7000000000,deviation=0.0000005211
16,chisq=2.408655190795284450899771400145,optimalHour=8.7000000251,InitHout=8.7000000000,deviation=0.0000000251
17,chisq=2.465094414946700673851864848984,optimalHour=9.0100055213,InitHout=9.0100000000,deviation=0.0000055213
18,chisq=2.489832219020078341031876334455,optimalHour=8.7000000626,InitHout=8.7000000000,deviation=0.0000000626
19,chisq=2.515907407175292931356125336606,optimalHour=8.7899999823,InitHout=8.7900000000,deviation=0.0000000177
20,chisq=2.521778942571244019887899412424,optimalHour=8.8800000318,InitHout=8.8800000000,deviation=0.0000000318
21,chisq=2.550180189390551799277773170616,optimalHour=8.7200016224,InitHout=8.7200000000,deviation=0.0000016224
22,chisq=2.559077635113781834519386393367,optimalHour=8.7000017075,InitHout=8.7000000000,deviation=0.0000017075
23,chisq=2.561902471150174775971208873671,optimalHour=8.7400000468,InitHout=8.7400000000,deviation=0.0000000468
24,chisq=2.619251623134006834447973233182,optimalHour=8.7400006838,InitHout=8.7400000000,deviation=0.0000006838
25,chisq=2.625526652620290946060777059756,optimalHour=8.7499997093,InitHout=8.7500000000,deviation=0.0000002907
26,chisq=2.732843978794867290105230495101,optimalHour=8.8900008794,InitHout=8.8900000000,deviation=0.0000008794
27,chisq=2.743370252211485560422943308367,optimalHour=8.5399980589,InitHout=8.5400000000,deviation=0.0000019411
28,chisq=2.844424996399004701430612840340,optimalHour=8.8000008391,InitHout=8.8000000000,deviation=0.0000008391
29,chisq=2.855859873010484051292223739438,optimalHour=9.2699995482,InitHout=9.2700000000,deviation=0.0000004518
30,chisq=2.987409473219479583150359758292,optimalHour=9.0700016847,InitHout=9.0700000000,deviation=0.0000016847
1.0000000000,0.0250785146,0.0795922793,0.9297145639,0.7516448010,0.0760351144,283.0000000000,36.0000000000,10.0000000000,61.0000000000,-0.0021000000,0.3700000000,0.1300000000

optimal_chisq=1.6760498609,optimal_hour=8.7340010308, source_hour=8.7340000000 
parameter is :
1.3301624163,-0.0235152698,0.5453705097,0.9785252803,1.0700333403,0.3531875644,283.3467091562,23.3100601966,8.7340010308,57.9358721622,-0.0340703604,0.3695155752,0.1474515062,

run over!

##################################
1.0000000000,0.2695366336,0.8037669018,0.3231166817,0.5514068607,0.4672110295,204.0000000000,-57.0000000000,2.0000000000,342.0000000000,-0.0017000000,0.4600000000,0.1700000000

optimal_chisq=1.0844107712,optimal_hour=8.7339999462, source_hour=8.7340000000 
parameter is :
1.0021605151,0.2723581656,0.7995803120,0.3213645979,0.5526632880,0.4678650045,204.0001302483,-56.9999970561,8.7339999462,341.9998599459,-0.0014832513,0.4600007670,0.1698876693,

run over!

##################################
1.0000000000,0.3907711969,1.0224574156,0.2011986131,0.7364915937,0.3518185297,163.0000000000,-59.0000000000,17.0000000000,43.0000000000,-0.0012000000,0.2900000000,0.1700000000

optimal_chisq=1.6808145379,optimal_hour=8.7340001614, source_hour=8.7340000000 
parameter is :
1.0982161828,0.9652581084,0.7978651568,0.8213691845,1.6810809440,0.1932397957,161.0302798229,-40.3957341821,8.7340001614,43.6381652852,-0.0139225167,0.2899538751,-0.1191499729,

run over!

##################################
1.0000000000,0.4533067166,0.7058664296,0.6427610577,0.8779337515,0.3246907668,46.0000000000,-12.0000000000,3.0000000000,98.0000000000,-0.0019000000,0.2200000000,0.0700000000

optimal_chisq=1.4626520479,optimal_hour=8.7429990173, source_hour=8.7430000000 
parameter is :
0.8071613681,0.3903964696,0.8529601795,0.5929258192,0.7990179928,0.9758893676,45.9975330303,-12.0164658245,8.7429990173,98.0287396346,-0.0438579057,0.2196772133,-0.0879235486,

run over!

##################################
1.0000000000,0.8453752039,0.8471319426,0.9013437813,1.4719562736,0.0877745384,35.0000000000,18.0000000000,24.0000000000,132.0000000000,-0.0019000000,0.3100000000,0.1200000000

optimal_chisq=2.1709930934,optimal_hour=8.6000011691, source_hour=8.6000000000 
parameter is :
0.9657653037,0.8176361116,0.9276522717,0.8460747734,1.4984754470,0.1820675736,34.9960178040,18.0075762190,8.6000011691,131.9954723691,-0.0295913153,0.3095926306,-0.1611432072,

run over!

##################################
1.0000000000,0.7696420442,1.2031048351,0.4181177583,0.5445160022,1.0064921298,308.0000000000,-52.0000000000,15.0000000000,189.0000000000,-0.0017000000,0.4200000000,0.1700000000

optimal_chisq=1.9640859259,optimal_hour=8.8860012476, source_hour=8.8860000000 
parameter is :
1.6730039462,0.8771065956,0.7859557539,0.9896930736,0.7213899317,1.1652151292,310.0951576154,-53.6093763595,8.8860012476,186.5926034850,-0.0682387399,0.4197283089,0.2779458659,

run over!

##################################
1,chisq=1.084410771223931924112093838630,optimalHour=8.7339999462,InitHout=8.7340000000,deviation=0.0000000538
2,chisq=1.462652047913218122943135313108,optimalHour=8.7429990173,InitHout=8.7430000000,deviation=0.0000009827
3,chisq=1.676049860944578195898202466196,optimalHour=8.7340010308,InitHout=8.7340000000,deviation=0.0000010308
4,chisq=1.680814537926242246967944993230,optimalHour=8.7340001614,InitHout=8.7340000000,deviation=0.0000001614
5,chisq=1.964085925906732921220054777223,optimalHour=8.8860012476,InitHout=8.8860000000,deviation=0.0000012476
6,chisq=2.170993093389956385408368078060,optimalHour=8.6000011691,InitHout=8.6000000000,deviation=0.0000011691







1.0000000000,0.4533067166,0.7058664296,0.6427610577,0.8779337515,0.3246907668,46.0000000000,-12.0000000000,3.0000000000,98.0000000000,-0.0019000000,0.2200000000,0.0700000000


1.0000000000,0.4533067166,0.7058664296,0.6427610577,0.8779337515,0.3246907668,46.0000000000,-12.0000000000,3.0000000000,98.0000000000,-0.0019000000,0.2200000000,0.0700000000

optimal_chisq=1.3782683376,optimal_hour=8.7364008656 
parameter is :
0.9211020120,0.4030233911,0.7589025325,0.8054105158,0.7981487744,0.3845677651,45.9998939356,-11.9997594087,8.7364008656,97.9998769947,0.0058404714,0.2202068867,0.1103351608,

Pole:
optimalLambda,optimalBeta:(262.2339083615,-30.0337524070)
optimalParameter:{0.8911140557,0.4831101500,0.2411627689,1.0486297828,1.1452962903,0.0016144600,262.2339083615,-30.0337524070,8.7364009066,32.0163508163,-0.0173728430,0.2597832240,0.1663170651}

