1.0000000000,0.5910633214,0.9860554540,0.4695213054,1.0676735973,0.2223791386,139.0000000000,-27.0000000000,1.0000000000,213.0000000000,-0.0015000000,0.3800000000,0.1400000000

optimal_chisq=8.6617671291,optimal_hour=7.7799990333, source_hour=7.7800000000 
parameter is :
0.9540318418,0.8449606623,0.2740606724,1.4596531373,1.0444381208,0.8638792757,138.9426317304,-26.8972217552,7.7799990333,213.0102737755,-0.0015000515,0.3799999872,-0.3207155432,

##################################
1.0000000000,0.8298607608,0.9198524546,0.8032407250,1.0170250999,0.5785906326,84.0000000000,-39.0000000000,9.0000000000,256.0000000000,-0.0016000000,0.4600000000,0.0500000000

optimal_chisq=7.9695774472,optimal_hour=7.5600151258, source_hour=7.5600000000 
parameter is :
0.4899421185,3.0852080376,2.2539147511,-1.7236820746,2.6993432319,3.3941841591,50.5326033638,-36.6825603691,7.5600151258,249.0144561833,-0.0015813740,0.4600637716,-0.0816746575,

##################################
1.0000000000,0.2086800091,0.7190979138,0.3557814178,0.7814238763,0.1200990480,292.0000000000,-78.0000000000,23.0000000000,142.0000000000,-0.0012000000,0.4500000000,0.1500000000

optimal_chisq=8.9513864375,optimal_hour=7.7599959286, source_hour=7.7600000000 
parameter is :
1.4898259486,-0.0176813008,0.7396168080,0.3831477562,0.2841089308,0.8541615667,291.9618848291,-78.2881607423,7.7599959286,142.0247264828,-0.0011999397,0.4499999812,0.2316746691,

##################################
1.0000000000,0.8743346887,0.7879941501,0.9981041699,1.3921259514,0.2214172140,187.0000000000,-27.0000000000,14.0000000000,86.0000000000,-0.0021000000,0.2200000000,0.1600000000

optimal_chisq=6.3226266633,optimal_hour=7.5599863248, source_hour=7.5600000000 
parameter is :
1.3721441661,1.4318703558,0.9745053908,0.7380310387,0.8681131098,-1.0103891039,183.9540666621,-19.4023474781,7.5599863248,87.0300358325,-0.0021057721,0.2199885796,0.3480898391,

##################################
1.0000000000,0.4110299770,0.2267939043,1.1513224655,0.9379775497,0.2869963676,25.0000000000,11.0000000000,8.0000000000,310.0000000000,-0.0022000000,0.3700000000,0.1600000000

optimal_chisq=6.3932741200,optimal_hour=7.3000022972, source_hour=7.3000000000 
parameter is :
2.2931792480,-0.7572115953,-0.3131646289,1.0175615416,-0.4950960385,0.4178337307,9.7447393917,-11.2287297300,7.3000022972,314.5594558881,-0.0022570451,0.3699850185,0.1988509333,

##################################
1.0000000000,0.6707706478,0.0088612210,1.6608480179,0.0941278531,1.5642294469,353.0000000000,-62.0000000000,20.0000000000,252.0000000000,-0.0016000000,0.3900000000,0.0900000000

optimal_chisq=7.1759560201,optimal_hour=7.7600030675, source_hour=7.7600000000 
parameter is :
0.1999835454,1.5979536225,0.0957669992,1.6533870363,1.0194767504,1.6320246043,382.7227539283,-54.1931865405,7.7600030675,243.4779000268,-0.0015696046,0.3900436239,0.0231821558,

##################################
1.0000000000,0.4955228458,0.4050526075,1.0341830550,0.0361004954,1.3981009377,36.0000000000,5.0000000000,23.0000000000,148.0000000000,-0.0022000000,0.2200000000,0.1500000000

optimal_chisq=7.6271773134,optimal_hour=7.5600066367, source_hour=7.5600000000 
parameter is :
2.0723585894,0.6975152951,-0.3390612449,3.9392267918,0.1763182524,3.8768745423,26.6607615572,0.8796747394,7.5600066367,144.3546598239,-0.0022005522,0.2200064702,-0.0332976508,

##################################
1.0000000000,0.4075241454,1.1811525644,0.0315795881,0.6066445633,0.4960590048,49.0000000000,-90.0000000000,23.0000000000,228.0000000000,-0.0024000000,0.4700000000,0.0900000000

optimal_chisq=7.9139931656,optimal_hour=7.9899997708, source_hour=7.9900000000 
parameter is :
4.1317696272,-2.0498338072,-8.1932914284,-0.9069609971,2.6830938507,-3.4513583657,46.6402967144,-136.4556057679,7.9899997708,221.8945373219,-0.0021544153,0.4703585834,0.0630396513,

##################################
1.0000000000,0.0163106453,0.0259694164,0.9852047415,0.7314437666,0.1047934917,341.0000000000,9.0000000000,15.0000000000,25.0000000000,-0.0013000000,0.4400000000,0.1900000000

optimal_chisq=9.7631056454,optimal_hour=7.3600016151, source_hour=7.3600000000 
parameter is :
1.6796241360,0.5922628444,0.6725522229,1.6071476376,3.3525849659,-0.1346939440,360.6734110085,18.3652143980,7.3600016151,30.3877373661,-0.0013689206,0.4399384151,0.7639124320,

##################################
1.0000000000,0.1281382698,0.5025437448,0.5280714650,0.7990204175,0.0414607475,192.0000000000,-77.0000000000,21.0000000000,33.0000000000,-0.0015000000,0.4600000000,0.1200000000

optimal_chisq=7.9138784645,optimal_hour=7.2999988746, source_hour=7.3000000000 
parameter is :
0.6463591530,0.6982926896,1.0403115530,0.8827960629,0.1534375120,-0.3059766522,193.1334311940,-73.0870489514,7.2999988746,38.0287453457,-0.0014928974,0.4600000500,-0.3162788017,

##################################
1.0000000000,0.6009448774,1.0053429644,0.4582188592,0.7868365706,0.5598719700,249.0000000000,17.0000000000,18.0000000000,205.0000000000,-0.0020000000,0.2100000000,0.1300000000

optimal_chisq=7.9029520778,optimal_hour=7.5000053810, source_hour=7.5000000000 
parameter is :
0.3120625517,-0.7937085391,0.6481926429,0.4690284036,1.9339952174,1.7760592817,251.0868232826,29.8789156853,7.5000053810,205.1049384978,-0.0020041478,0.2100071953,-0.2867643054,

##################################
1.0000000000,0.8952187499,0.0368794710,1.8544394108,0.9923060338,0.7875060139,39.0000000000,-58.0000000000,20.0000000000,296.0000000000,-0.0020000000,0.4000000000,0.1600000000

optimal_chisq=6.6655937814,optimal_hour=7.5300068241, source_hour=7.5300000000 
parameter is :
0.2900639834,2.6600500326,-0.3550313252,1.7274521934,0.3524656798,1.7791754112,29.6843129663,-53.6779116187,7.5300068241,297.9177833233,-0.0020030635,0.3999949175,-0.1841429431,

##################################
1.0000000000,0.2087519216,0.6428332848,0.4480646643,0.4146514582,0.5940299550,198.0000000000,33.0000000000,7.0000000000,320.0000000000,-0.0023000000,0.4500000000,0.1000000000

optimal_chisq=5.9083567572,optimal_hour=7.5599973945, source_hour=7.5600000000 
parameter is :
1.3893653586,1.3370091730,1.2565635697,0.3484727628,-0.2756251246,1.2682423099,196.2634108281,32.2656351329,7.5599973945,322.2359304662,-0.0023003837,0.4499944097,0.1244114250,

##################################
1.0000000000,0.2091616072,0.8395435136,0.2095699045,0.7043658931,0.1866421256,282.0000000000,-31.0000000000,14.0000000000,15.0000000000,-0.0024000000,0.3900000000,0.1000000000

optimal_chisq=9.2001371246,optimal_hour=7.5500167597, source_hour=7.5500000000 
parameter is :
6.5174604365,-1.4419166370,2.1660717835,-10.7712054517,-2.8377256354,5.3579673539,210.5362868080,-9.6260191211,7.5500167597,0.3977712490,-0.0050766909,0.4089869093,0.1027929421,

##################################
1.0000000000,0.0765435179,0.5639555893,0.3949649169,0.7433004035,0.0211546805,293.0000000000,-36.0000000000,8.0000000000,235.0000000000,-0.0022000000,0.3900000000,0.0900000000

optimal_chisq=10.4021305996,optimal_hour=8.0799999777, source_hour=8.0800000000 
parameter is :
1.0312431997,0.0054834017,0.5919387612,0.4761369860,0.6350741033,0.2513630347,293.0030988160,-35.9940444719,8.0799999777,234.9974154010,-0.0022000063,0.3899999932,-0.0902101588,

##################################
1.0000000000,0.5214482520,1.2507726449,0.0831413859,0.9025328576,0.2785497153,151.0000000000,-79.0000000000,16.0000000000,60.0000000000,-0.0021000000,0.3000000000,0.1600000000

optimal_chisq=8.3230934768,optimal_hour=7.7600076497, source_hour=7.7600000000 
parameter is :
2.4533140187,0.6668536249,3.3975395993,0.7114834825,0.6885710725,2.2561743807,192.0062076862,-83.0927087851,7.7600076497,64.1166596282,-0.0020857054,0.3000361542,0.0951663951,

##################################
1.0000000000,0.5812784320,1.2555559027,0.1466380445,1.1779763526,0.0290274265,355.0000000000,-56.0000000000,2.0000000000,17.0000000000,-0.0016000000,0.3400000000,0.1900000000

optimal_chisq=8.6209659593,optimal_hour=7.5299983503, source_hour=7.5300000000 
parameter is :
0.1587635762,1.2225969845,1.6355683387,0.4448869866,0.9043027252,0.7026992743,354.8529980864,-55.9525714352,7.5299983503,16.9564472870,-0.0015999454,0.3400000626,0.2851095432,

##################################
1.0000000000,0.5242447567,0.9218945787,0.4698718291,0.9770168782,0.2563140514,14.0000000000,8.0000000000,21.0000000000,191.0000000000,-0.0019000000,0.4100000000,0.1600000000

optimal_chisq=6.8998786073,optimal_hour=7.2999984528, source_hour=7.3000000000 
parameter is :
1.7729974730,2.1922639633,0.7670169487,-0.0759887672,1.5762744804,0.5775433376,18.6927192876,-1.4061977600,7.2999984528,217.1820495701,-0.0019411560,0.4099085560,-0.1836750667,

##################################
1.0000000000,0.6437942412,0.0099449859,1.6326383596,0.9525573030,0.5644416006,73.0000000000,-86.0000000000,19.0000000000,175.0000000000,-0.0015000000,0.3900000000,0.1500000000

optimal_chisq=7.6034454190,optimal_hour=7.7799881406, source_hour=7.7800000000 
parameter is :
-1.1209623180,2.4434521212,-1.6950907556,2.0259905094,1.4802177649,3.6400199312,32.1660743264,-141.9828207905,7.7799881406,208.0703986212,-0.0007009265,0.3907083544,0.0299933377,

##################################
1.0000000000,0.1933697514,0.7125762754,0.3461882318,0.3826862849,0.5980365424,256.0000000000,-39.0000000000,8.0000000000,224.0000000000,-0.0022000000,0.3200000000,0.1800000000

optimal_chisq=6.7487716339,optimal_hour=7.5299999018, source_hour=7.5300000000 
parameter is :
1.0953103541,0.0224269294,0.9786447946,0.4312091050,0.2061565141,0.8771220766,255.9338101163,-38.8965435310,7.5299999018,224.0221210625,-0.0022000075,0.3199999841,0.9955911821,

##################################
1.0000000000,0.4695538764,0.4838570474,0.9165967940,0.8377453086,0.4306089559,171.0000000000,70.0000000000,22.0000000000,35.0000000000,-0.0018000000,0.4100000000,0.1000000000

optimal_chisq=7.2074281497,optimal_hour=7.7799943603, source_hour=7.7800000000 
parameter is :
1.0005585205,1.3286554834,0.2023669933,2.0334100666,3.5890303781,-0.8987783585,177.5950153057,33.9312873051,7.7799943603,31.8597013938,-0.0018223111,0.4099241330,0.0923836697,

##################################
1.0000000000,0.3752392984,0.1515822315,1.2012474114,0.5337470022,0.7349410756,106.0000000000,81.0000000000,24.0000000000,255.0000000000,-0.0020000000,0.2500000000,0.1100000000

optimal_chisq=9.0438087172,optimal_hour=7.5600080358, source_hour=7.5600000000 
parameter is :
-1.2753973564,1.3166987251,0.5072767909,1.5711110412,-0.7711981213,2.7406590593,106.8133330924,68.4147876684,7.5600080358,258.1278015022,-0.0020009513,0.2499980343,0.4394548127,

##################################
1.0000000000,0.8461804133,0.4597458122,1.3352081265,0.8771988439,0.8140193564,319.0000000000,-88.0000000000,6.0000000000,93.0000000000,-0.0021000000,0.3800000000,0.1100000000

optimal_chisq=8.8758717510,optimal_hour=7.5599934369, source_hour=7.5600000000 
parameter is :
-1.1214295323,1.4200237297,-0.0921784658,-0.0029746140,3.5681016088,0.8187246407,318.9626606437,-89.5178876812,7.5599934369,93.3623826199,-0.0021036355,0.3799965433,0.1502896328,

##################################
1.0000000000,0.3095667280,0.8632783012,0.2975540659,0.8847263185,0.0956119605,356.0000000000,-73.0000000000,1.0000000000,176.0000000000,-0.0018000000,0.4300000000,0.0500000000

optimal_chisq=8.8708425762,optimal_hour=7.5299998381, source_hour=7.5300000000 
parameter is :
1.0099445810,0.1285558311,0.7938307776,0.6593534392,0.9965369864,0.1904397763,356.1231240305,-73.1261374091,7.5299998381,175.9712698432,-0.0018000005,0.4299999736,-0.1139336885,

##################################
1.0000000000,0.7917256834,0.1155896855,1.6631391110,0.4506761562,1.2758464120,261.0000000000,-60.0000000000,17.0000000000,102.0000000000,-0.0015000000,0.3900000000,0.1500000000

optimal_chisq=8.0332982683,optimal_hour=7.7999996892, source_hour=7.8000000000 
parameter is :
1.1031226580,0.9855504503,0.2789428179,1.4452771420,0.2890400079,1.4007424595,260.9941226706,-60.0079507570,7.7999996892,102.0031834122,-0.0015000020,0.3900000015,0.4823245093,

##################################
1.0000000000,0.3135590885,0.2180508151,1.0614238446,0.5902851100,0.5890880500,0.0000000000,-37.0000000000,1.0000000000,353.0000000000,-0.0015000000,0.4700000000,0.0700000000

optimal_chisq=6.9435615008,optimal_hour=7.9900058963, source_hour=7.9900000000 
parameter is :
2.5370337534,6.3886537187,-3.3236033435,1.0175197872,-2.7818300542,-2.5642972787,18.1426428059,5.1912269834,7.9900058963,345.2823089181,-0.0013603558,0.4700886549,0.3673610081,

##################################
1.0000000000,0.3071202525,0.0898931584,1.2033248506,0.0569816513,1.2273630935,101.0000000000,-57.0000000000,21.0000000000,213.0000000000,-0.0016000000,0.3600000000,0.0900000000

optimal_chisq=8.8476634615,optimal_hour=7.7600064439, source_hour=7.7600000000 
parameter is :
1.3308186055,-1.1015970013,-0.3606684322,0.8590976236,0.5193060735,1.3979847490,94.8361695222,-80.1650735772,7.7600064439,209.4577616759,-0.0016027443,0.3599985208,0.2254510522,

##################################
1.0000000000,0.7542301033,1.3971578142,0.1798852702,0.4168586126,1.1054166349,207.0000000000,13.0000000000,6.0000000000,185.0000000000,-0.0018000000,0.3800000000,0.1800000000

optimal_chisq=7.2701809223,optimal_hour=7.5600026493, source_hour=7.5600000000 
parameter is :
-0.5970720690,0.4871287347,1.1302691825,-0.2774872712,-0.1753306620,0.8697117672,205.2037739097,1.4737969436,7.5600026493,175.3827773968,-0.0018226161,0.3800086252,-0.0328565625,

##################################
1.0000000000,0.0080206203,0.5483581826,0.3355925916,0.2570102666,0.5643596243,105.0000000000,-73.0000000000,16.0000000000,356.0000000000,-0.0018000000,0.2900000000,0.0900000000

optimal_chisq=8.3263923253,optimal_hour=7.3000019170, source_hour=7.3000000000 
parameter is :
-0.6770481244,-0.4296768751,0.3900722181,-0.3230253704,-0.1645308962,-0.0246171802,100.6936802584,-87.2299570074,7.3000019170,361.1919997619,-0.0018471197,0.2899922823,-0.3470164340,

##################################
1.0000000000,0.4340618315,1.1717809953,0.0741895532,0.3462125150,0.8414568736,211.0000000000,10.0000000000,14.0000000000,107.0000000000,-0.0019000000,0.3200000000,0.0700000000

optimal_chisq=6.8589684099,optimal_hour=7.5599907005, source_hour=7.5600000000 
parameter is :
1.8867225218,-0.1395112638,0.9878615214,0.4572492695,2.0813048524,0.0604549096,209.4745735529,5.8550585162,7.5599907005,102.0107939466,-0.0019029696,0.3199978590,0.0655379489,

##################################
1,chisq=5.908356757210801113444631482707,optimalHour=7.5599973945,InitHout=7.5600000000,deviation=0.0000026055
2,chisq=6.322626663309360850462326197885,optimalHour=7.5599863248,InitHout=7.5600000000,deviation=0.0000136752
3,chisq=6.393274120025471241035575076239,optimalHour=7.3000022972,InitHout=7.3000000000,deviation=0.0000022972
4,chisq=6.665593781383259752715275681112,optimalHour=7.5300068241,InitHout=7.5300000000,deviation=0.0000068241
5,chisq=6.748771633947862724767219333444,optimalHour=7.5299999018,InitHout=7.5300000000,deviation=0.0000000982
6,chisq=6.858968409921554432173707027687,optimalHour=7.5599907005,InitHout=7.5600000000,deviation=0.0000092995
7,chisq=6.899878607276548336812993511558,optimalHour=7.2999984528,InitHout=7.3000000000,deviation=0.0000015472
8,chisq=6.943561500807650332944831461646,optimalHour=7.9900058963,InitHout=7.9900000000,deviation=0.0000058963
9,chisq=7.175956020127753909321199898841,optimalHour=7.7600030675,InitHout=7.7600000000,deviation=0.0000030675
10,chisq=7.207428149667610028927811072208,optimalHour=7.7799943603,InitHout=7.7800000000,deviation=0.0000056397
11,chisq=7.270180922322079020148066774709,optimalHour=7.5600026493,InitHout=7.5600000000,deviation=0.0000026493
12,chisq=7.603445418961464419282947346801,optimalHour=7.7799881406,InitHout=7.7800000000,deviation=0.0000118594
13,chisq=7.627177313436062533469339541625,optimalHour=7.5600066367,InitHout=7.5600000000,deviation=0.0000066367
14,chisq=7.902952077788231832755627692677,optimalHour=7.5000053810,InitHout=7.5000000000,deviation=0.0000053810
15,chisq=7.913878464530498924034418450901,optimalHour=7.2999988746,InitHout=7.3000000000,deviation=0.0000011254
16,chisq=7.913993165588495415363468055148,optimalHour=7.9899997708,InitHout=7.9900000000,deviation=0.0000002292
17,chisq=7.969577447155997695915630174568,optimalHour=7.5600151258,InitHout=7.5600000000,deviation=0.0000151258
18,chisq=8.033298268315887113999451685231,optimalHour=7.7999996892,InitHout=7.8000000000,deviation=0.0000003108
19,chisq=8.323093476843325788649963214993,optimalHour=7.7600076497,InitHout=7.7600000000,deviation=0.0000076497
20,chisq=8.326392325261213755993594531901,optimalHour=7.3000019170,InitHout=7.3000000000,deviation=0.0000019170
21,chisq=8.620965959267058664750038587954,optimalHour=7.5299983503,InitHout=7.5300000000,deviation=0.0000016497
22,chisq=8.661767129109437135525695339311,optimalHour=7.7799990333,InitHout=7.7800000000,deviation=0.0000009667
23,chisq=8.847663461482456526141504582483,optimalHour=7.7600064439,InitHout=7.7600000000,deviation=0.0000064439
24,chisq=8.870842576196192652560057467781,optimalHour=7.5299998381,InitHout=7.5300000000,deviation=0.0000001619
25,chisq=8.875871751003149512371237506159,optimalHour=7.5599934369,InitHout=7.5600000000,deviation=0.0000065631
26,chisq=8.951386437451301247847368358634,optimalHour=7.7599959286,InitHout=7.7600000000,deviation=0.0000040714
27,chisq=9.043808717210382042139826808125,optimalHour=7.5600080358,InitHout=7.5600000000,deviation=0.0000080358
28,chisq=9.200137124586836634421160852071,optimalHour=7.5500167597,InitHout=7.5500000000,deviation=0.0000167597
29,chisq=9.763105645371609853100380860269,optimalHour=7.3600016151,InitHout=7.3600000000,deviation=0.0000016151
30,chisq=10.402130599555720280591231130529,optimalHour=8.0799999777,InitHout=8.0800000000,deviation=0.0000000223
1.0000000000,0.2087519216,0.6428332848,0.4480646643,0.4146514582,0.5940299550,198.0000000000,33.0000000000,7.0000000000,320.0000000000,-0.0023000000,0.4500000000,0.1000000000

optimal_chisq=4.7236888227,optimal_hour=7.5319955068, source_hour=7.5320000000 
parameter is :
0.2621443821,0.6751722935,1.8191658155,-0.3267204717,0.7191355934,0.7027471415,198.0399553768,32.5933411516,7.5319955068,317.5788849387,-0.0023024945,0.4499969881,-0.0681834228,

run over!

##################################
1.0000000000,0.8743346887,0.7879941501,0.9981041699,1.3921259514,0.2214172140,187.0000000000,-27.0000000000,14.0000000000,86.0000000000,-0.0021000000,0.2200000000,0.1600000000

optimal_chisq=2.4532778919,optimal_hour=7.5319902992, source_hour=7.5320000000 
parameter is :
1.5638653399,1.2053913795,1.2186640212,0.1755773747,1.3480938449,-0.0157073667,186.6996264807,-22.8114240106,7.5319902992,86.2939637397,-0.0020984560,0.2199964969,0.1181073234,

run over!

##################################
1.0000000000,0.4110299770,0.2267939043,1.1513224655,0.9379775497,0.2869963676,25.0000000000,11.0000000000,8.0000000000,310.0000000000,-0.0022000000,0.3700000000,0.1600000000

optimal_chisq=6.3932741200,optimal_hour=7.3000022972, source_hour=7.3000000000 
parameter is :
2.2931792480,-0.7572115953,-0.3131646289,1.0175615416,-0.4950960385,0.4178337307,9.7447393917,-11.2287297300,7.3000022972,314.5594558881,-0.0022570451,0.3699850185,0.1988509333,

run over!

##################################
1.0000000000,0.8952187499,0.0368794710,1.8544394108,0.9923060338,0.7875060139,39.0000000000,-58.0000000000,20.0000000000,296.0000000000,-0.0020000000,0.4000000000,0.1600000000

optimal_chisq=4.5171723815,optimal_hour=7.5430024029, source_hour=7.5430000000 
parameter is :
1.5484070239,0.9548254012,-1.2522781005,2.6235098380,-0.0883106136,0.1962002275,32.0925290575,-67.5629949283,7.5430024029,290.4557247498,-0.0014036939,0.3999460500,0.3085417290,

run over!

##################################
1.0000000000,0.1933697514,0.7125762754,0.3461882318,0.3826862849,0.5980365424,256.0000000000,-39.0000000000,8.0000000000,224.0000000000,-0.0022000000,0.3200000000,0.1800000000

optimal_chisq=6.7487716339,optimal_hour=7.5299999018, source_hour=7.5300000000 
parameter is :
1.0953103541,0.0224269294,0.9786447946,0.4312091050,0.2061565141,0.8771220766,255.9338101163,-38.8965435310,7.5299999018,224.0221210625,-0.0022000075,0.3199999841,0.9955911821,

run over!

##################################
1.0000000000,0.4340618315,1.1717809953,0.0741895532,0.3462125150,0.8414568736,211.0000000000,10.0000000000,14.0000000000,107.0000000000,-0.0019000000,0.3200000000,0.0700000000

optimal_chisq=3.2397031443,optimal_hour=7.5319970315, source_hour=7.5320000000 
parameter is :
1.8054969444,-0.0839129034,0.9429352595,1.1342106028,2.8116871656,-0.4246183998,211.5265824503,8.4904876292,7.5319970315,106.4726280164,-0.0019001129,0.3200000142,0.0102983480,

run over!

##################################
1,chisq=2.453277891871987748118044692092,optimalHour=7.5319902992,InitHout=7.5320000000,deviation=0.0000097008
2,chisq=3.239703144268831547236686674296,optimalHour=7.5319970315,InitHout=7.5320000000,deviation=0.0000029685
3,chisq=4.517172381517788437577110016719,optimalHour=7.5430024029,InitHout=7.5430000000,deviation=0.0000024029
4,chisq=4.723688822651100238658727903385,optimalHour=7.5319955068,InitHout=7.5320000000,deviation=0.0000044932
5,chisq=6.393274120025471241035575076239,optimalHour=7.3000022972,InitHout=7.3000000000,deviation=0.0000022972
6,chisq=6.748771633947862724767219333444,optimalHour=7.5299999018,InitHout=7.5300000000,deviation=0.0000000982





1.0000000000,0.8952187499,0.0368794710,1.8544394108,0.9923060338,0.7875060139,39.0000000000,-58.0000000000,20.0000000000,296.0000000000,-0.0020000000,0.4000000000,0.1600000000


1.0000000000,0.8952187499,0.0368794710,1.8544394108,0.9923060338,0.7875060139,39.0000000000,-58.0000000000,20.0000000000,296.0000000000,-0.0020000000,0.4000000000,0.1600000000

optimal_chisq=1.2344835543,optimal_hour=7.5314000275 
parameter is :
-0.5073849393,1.6866896472,-1.4851119733,2.3251301831,1.4589221532,0.7819558042,22.9669132583,-53.4178262756,7.5314000275,307.1266363404,-0.0019996215,0.4000063712,-0.0084225790,

Pole:
optimalLambda,optimalBeta:(32.8748995082,40.8705741712)
optimalParameter:{1.7357753308,0.1147150172,0.6749032912,0.1622303678,0.4931207861,0.4077767762,32.8748995082,40.8705741712,7.5313976030,43.7575528726,-0.0016991178,0.2799997230,0.0440317696}
	
	
