1.0000000000,0.7829523812,0.4354170484,1.2972763488,0.6348799596,1.0211379430,14.0000000000,70.0000000000,5.0000000000,109.0000000000,-0.0020000000,0.2300000000,0.0600000000

optimal_chisq=8.0634416977,optimal_hour=8.1100010653, source_hour=8.1100000000 
parameter is :
1.1893135233,-0.2708112975,0.0393692007,1.3058345250,0.5762984867,1.5820668455,14.0160136119,69.9751854285,8.1100010653,109.0212014406,0.2333445147,0.1668582040,0.1650156549,

##################################
1.0000000000,0.1228020820,0.0151025180,1.1050029397,0.8793805741,0.0518634050,232.0000000000,89.0000000000,1.0000000000,247.0000000000,-0.0022000000,0.3100000000,0.0900000000

optimal_chisq=12.8620391729,optimal_hour=8.3900006705, source_hour=8.3900000000 
parameter is :
0.5437946753,0.4399508371,0.7020502630,0.4950522185,0.6974706878,-0.1792491815,250.9884044047,77.9034863417,8.3900006705,260.1666723923,-0.0186386563,0.3096819210,-0.1850264603,

##################################
1.0000000000,0.1363549005,0.0343453102,1.0959322672,0.0534409286,1.0672999342,225.0000000000,17.0000000000,18.0000000000,5.0000000000,-0.0022000000,0.2800000000,0.1800000000

optimal_chisq=8.8137292259,optimal_hour=8.1100002229, source_hour=8.1100000000 
parameter is :
0.2608085036,3.8806458450,0.0976459096,2.0741086023,0.8088804975,1.9165199975,216.7890954735,26.0961217182,8.1100002229,7.6089000011,0.5139524104,0.0052214921,-0.1336365208,

##################################
1.0000000000,0.9402301293,0.7639582088,1.0940372514,0.3848018738,1.4308053576,59.0000000000,-89.0000000000,22.0000000000,257.0000000000,-0.0019000000,0.4800000000,0.0500000000

optimal_chisq=8.4588470061,optimal_hour=8.2099962410, source_hour=8.2100000000 
parameter is :
-0.4025022544,0.9795480344,1.1300766879,1.0564557959,2.1887116061,1.0244673534,58.7993462552,-89.1176326488,8.2099962410,257.1918056299,0.3761067364,0.4134904158,-0.1882178553,

##################################
1.0000000000,0.0946083479,0.5566255421,0.4245181763,0.2449169353,0.6834646566,143.0000000000,-25.0000000000,18.0000000000,166.0000000000,-0.0019000000,0.4900000000,0.1100000000

optimal_chisq=10.4625627112,optimal_hour=8.1300021296, source_hour=8.1300000000 
parameter is :
0.6351545874,-0.3337443495,1.4677606600,-0.5933355979,0.4384855774,-0.3815885278,153.5017413743,-33.1763519600,8.1300021296,159.3990176601,-0.3680164924,0.5105965076,0.4706252534,

##################################
1.0000000000,0.4490485240,1.0399550575,0.2475473522,1.0834868032,0.0049196086,356.0000000000,-60.0000000000,17.0000000000,8.0000000000,-0.0018000000,0.3700000000,0.0500000000

optimal_chisq=10.0820922296,optimal_hour=8.3300092235, source_hour=8.3300000000 
parameter is :
-2.0368221289,-2.2004641665,-3.1427335988,-2.0785089645,3.6305384432,-3.9721479001,364.0023061028,-27.4423668805,8.3300092235,-15.7909956920,0.9470689774,0.1572957954,7.8693269268,

##################################
1.0000000000,0.0353262280,0.7657765272,0.0907372828,0.6278446244,0.0409014733,227.0000000000,-63.0000000000,8.0000000000,104.0000000000,-0.0015000000,0.3100000000,0.1700000000

optimal_chisq=10.5313512720,optimal_hour=8.2699993813, source_hour=8.2700000000 
parameter is :
1.4249018393,1.1219602083,1.7701318699,-2.0742801058,1.0144850107,0.9567221157,215.7157121397,-54.1333276756,8.2699993813,113.1590073291,1.1208920266,-0.2715067542,-0.0739970364,

##################################
1.0000000000,0.5044407959,0.9008838877,0.4723508011,0.8390205269,0.3986315462,220.0000000000,50.0000000000,1.0000000000,137.0000000000,-0.0019000000,0.4200000000,0.1300000000

optimal_chisq=7.7130944602,optimal_hour=8.1100037124, source_hour=8.1100000000 
parameter is :
1.1422273248,-1.5038763903,1.3388834985,0.2154299873,-0.1575104558,1.3829164151,222.0757723761,52.0237689336,8.1100037124,145.3690402380,0.4425883527,0.3389945174,0.0174934335,

##################################
1.0000000000,0.8446843237,1.3975182983,0.2806091531,0.1770068921,1.4797527167,359.0000000000,21.0000000000,20.0000000000,98.0000000000,-0.0013000000,0.4200000000,0.1300000000

optimal_chisq=9.7813823414,optimal_hour=8.1299994780, source_hour=8.1300000000 
parameter is :
0.9736933284,0.8687151164,1.5144894828,0.1390290092,0.2197622523,1.4031200132,359.0472989937,21.0044689786,8.1299994780,98.0002807266,0.3229103426,0.4209998657,0.7081938902,

##################################
1.0000000000,0.3982430642,0.3147384008,1.0369344600,0.0013294951,1.3501466186,335.0000000000,-20.0000000000,4.0000000000,358.0000000000,-0.0014000000,0.3800000000,0.1400000000

optimal_chisq=8.6734212146,optimal_hour=8.1500027979, source_hour=8.1500000000 
parameter is :
0.7537355881,-0.8433405047,-1.5927445144,2.0024587856,0.8663405782,-0.0618598237,343.0485526055,-9.8777246005,8.1500027979,357.6259405674,0.3155837875,0.3313408951,-1.7958168926,

##################################
1.0000000000,0.6228966916,0.3373356814,1.2428657337,0.9898415391,0.4531686724,227.0000000000,41.0000000000,18.0000000000,323.0000000000,-0.0024000000,0.2500000000,0.0800000000

optimal_chisq=5.9565124656,optimal_hour=8.1700026085, source_hour=8.1700000000 
parameter is :
0.7672745260,0.8079782832,-0.9836545534,2.0450848338,-0.0132876566,1.4270779157,245.4574602831,-25.9071776753,8.1700026085,312.9878020575,-0.1185250926,0.2474577838,0.0394564997,

##################################
1.0000000000,0.2032689225,0.7383897857,0.3261551073,0.1624207478,0.8706808190,269.0000000000,56.0000000000,8.0000000000,44.0000000000,-0.0019000000,0.4700000000,0.0600000000

optimal_chisq=10.8806725248,optimal_hour=8.1100005335, source_hour=8.1100000000 
parameter is :
2.0348304157,0.3878559284,1.6986235584,0.1327169117,0.1622309142,1.6641993361,258.4073822174,69.8675283812,8.1100005335,40.8951401404,0.0569785350,0.4702354227,0.1958088319,

##################################
1.0000000000,0.8065073745,0.2133514015,1.5692184652,1.5747223803,0.0089817586,10.0000000000,87.0000000000,12.0000000000,2.0000000000,-0.0018000000,0.4000000000,0.1200000000

optimal_chisq=9.8431888667,optimal_hour=8.1099903400, source_hour=8.1100000000 
parameter is :
0.0084351474,2.0629727132,-2.4535826007,-0.3835495923,-0.3846465841,3.1596484002,5.1991376748,91.8411795885,8.1099903400,5.0454195280,1.3800028404,-0.0224727204,-0.0229741481,

##################################
1.0000000000,0.5751189639,0.6472923352,0.8408322548,0.5410780005,0.8703770564,112.0000000000,26.0000000000,1.0000000000,23.0000000000,-0.0013000000,0.3300000000,0.1000000000

optimal_chisq=14.8822130963,optimal_hour=8.1999979063, source_hour=8.2000000000 
parameter is :
1.1113698604,1.3442977732,2.0214829014,2.1588875686,4.5300015208,-2.4584644608,114.2483705267,29.9136045817,8.1999979063,25.1522153859,-0.1389002949,0.3317168426,2.6745281193,

##################################
1.0000000000,0.2525365051,0.1749622944,1.0489843544,0.6223739407,0.4896359440,209.0000000000,30.0000000000,12.0000000000,31.0000000000,-0.0023000000,0.3200000000,0.1500000000

optimal_chisq=10.4557170168,optimal_hour=8.2500009942, source_hour=8.2500000000 
parameter is :
-0.3072804553,0.3295787888,-0.0323248138,0.0470089928,0.0780970718,0.2417667471,223.2958465163,24.1444568180,8.2500009942,20.8593701926,-0.0406186129,0.3197815388,0.3041480787,

##################################
1.0000000000,0.0521741621,0.3841677927,0.5890591527,0.4232943321,0.4533624785,2.0000000000,2.0000000000,9.0000000000,214.0000000000,-0.0015000000,0.4000000000,0.0900000000

optimal_chisq=9.1686219489,optimal_hour=8.1500027163, source_hour=8.1500000000 
parameter is :
3.8191155803,0.2736118512,0.4878494332,-0.7897052985,0.0254151512,1.5176258662,6.1737554597,4.9599723015,8.1500027163,215.5205482379,0.9573226225,0.1425019417,0.6242026803,

##################################
1.0000000000,0.2153955056,0.2267039451,0.9501649329,0.9688217901,0.0101132647,243.0000000000,-34.0000000000,3.0000000000,106.0000000000,-0.0019000000,0.3900000000,0.1100000000

optimal_chisq=4.2760459984,optimal_hour=8.1700016840, source_hour=8.1700000000 
parameter is :
1.9428703279,-0.9083585550,0.3728367388,0.6835736419,0.9163674500,0.6123061398,239.9838359239,-26.6145687849,8.1700016840,73.1837422788,-0.2219817859,0.4442652120,-0.1678026818,

##################################
1.0000000000,0.6841511664,1.0429456627,0.5065916901,1.0368389593,0.3647460458,170.0000000000,27.0000000000,24.0000000000,256.0000000000,-0.0018000000,0.3800000000,0.1200000000

optimal_chisq=9.3705409021,optimal_hour=8.2300027728, source_hour=8.2300000000 
parameter is :
1.2436395510,1.1190062854,0.7750058384,0.3910314249,0.7403015547,0.3716570450,170.0029897232,27.0109738154,8.2300027728,255.9925748420,0.0569551280,0.3779553429,0.1267987338,

##################################
1.0000000000,0.3855190852,0.2065274314,1.1485087132,1.0522134995,0.1238906119,141.0000000000,7.0000000000,1.0000000000,292.0000000000,-0.0012000000,0.4000000000,0.0900000000

optimal_chisq=11.5322797370,optimal_hour=8.3900024452, source_hour=8.3900000000 
parameter is :
0.8173955120,0.4913144458,-1.2884360596,1.4597317731,-0.8422567785,1.0908500293,195.5497159470,37.1215554265,8.3900024452,318.8219972232,0.0058450056,0.4007397607,0.0464613757,

##################################
1.0000000000,0.1178190546,0.0245069657,1.0889099705,0.8263055239,0.1107491203,351.0000000000,72.0000000000,6.0000000000,350.0000000000,-0.0016000000,0.2500000000,0.0500000000

optimal_chisq=9.0381023845,optimal_hour=8.1500008081, source_hour=8.1500000000 
parameter is :
0.7861806142,0.7402891841,0.1249124361,1.2856255356,0.1735533424,1.0588842249,365.5613384146,60.6525818048,8.1500008081,368.3856226570,0.2530735703,0.1895198923,1.0803735585,

##################################
1.0000000000,0.1918316070,0.5589593738,0.5302350224,0.8756082422,0.0175064731,306.0000000000,-75.0000000000,15.0000000000,97.0000000000,-0.0024000000,0.3300000000,0.0900000000

optimal_chisq=9.6690586934,optimal_hour=8.1699990817, source_hour=8.1700000000 
parameter is :
0.1814711588,1.2502762718,2.5195937157,0.0429986376,0.7108657398,0.6916193393,319.2103540313,-78.6578840842,8.1699990817,93.8890258929,0.1945398094,0.3108828669,-0.1250753040,

##################################
1.0000000000,0.5985444745,0.2776245507,1.2853958120,1.1148624938,0.2893720767,186.0000000000,-64.0000000000,6.0000000000,93.0000000000,-0.0020000000,0.3900000000,0.0900000000

optimal_chisq=5.3599505359,optimal_hour=8.1699997797, source_hour=8.1700000000 
parameter is :
-0.7661293649,0.7836434533,0.1913527957,1.4545643280,2.4418327246,-0.2730004795,185.4450805017,-64.1505925734,8.1699997797,93.7779769687,0.6948032476,0.3028459081,0.1377538408,

##################################
1.0000000000,0.5437114218,0.6766302250,0.7737792372,0.1532561847,1.2757032374,287.0000000000,17.0000000000,4.0000000000,63.0000000000,-0.0019000000,0.3900000000,0.1100000000

optimal_chisq=14.8229772427,optimal_hour=8.4099993558, source_hour=8.4100000000 
parameter is :
3.6170452802,2.0991635014,-0.2963788974,-4.2472913940,1.6860570044,2.1818280510,270.4723227054,-6.1404704638,8.4099993558,60.9510825209,0.4449890794,0.2550944778,0.1021725599,

##################################
1.0000000000,0.8444397421,1.2496052874,0.4475780880,0.0278781379,1.6660136296,199.0000000000,-11.0000000000,19.0000000000,12.0000000000,-0.0023000000,0.2600000000,0.0600000000

optimal_chisq=8.1018801433,optimal_hour=8.2300017502, source_hour=8.2300000000 
parameter is :
0.7605851353,0.7468032086,1.0343422207,0.4831723730,-0.8355110562,1.9203663813,198.8964089399,-11.0037314863,8.2300017502,12.0874940634,0.3469055264,0.1696386507,0.1004837537,

##################################
1.0000000000,0.8308655498,0.3302933305,1.4637511329,1.5338191993,0.0688127293,319.0000000000,72.0000000000,1.0000000000,261.0000000000,-0.0013000000,0.4300000000,0.1300000000

optimal_chisq=8.0901361655,optimal_hour=8.1900019655, source_hour=8.1900000000 
parameter is :
0.9865576316,0.9631308530,0.3451612196,1.4103109885,1.5575313743,0.1974137755,318.9967549522,71.9836980951,8.1900019655,260.9931320226,-0.0472575169,0.4288429934,-0.4073651801,

##################################
1.0000000000,0.9454675633,1.4401518629,0.3438652463,0.3975705519,1.3407034167,245.0000000000,67.0000000000,24.0000000000,353.0000000000,-0.0014000000,0.4800000000,0.1500000000

optimal_chisq=10.1211172388,optimal_hour=8.1099996584, source_hour=8.1100000000 
parameter is :
0.9946550540,1.5042843477,0.6464879184,1.5343932201,2.6748561691,0.7829563038,244.8847929896,67.0883077420,8.1099996584,352.9241121437,0.2565486644,0.4659232495,-0.1156467761,

##################################
1.0000000000,0.8698599543,1.3559001505,0.3555052171,0.8208170804,0.7885855882,248.0000000000,29.0000000000,9.0000000000,340.0000000000,-0.0017000000,0.4100000000,0.0500000000

optimal_chisq=12.8479317897,optimal_hour=8.1899993320, source_hour=8.1900000000 
parameter is :
4.8096686153,-1.7045326998,1.4258698274,-4.6588216198,-2.9594677927,5.5858130437,246.3423958096,25.4144507178,8.1899993320,340.7768115580,0.1739453689,0.5528422551,0.3836048004,

##################################
1.0000000000,0.3117838555,0.7688068004,0.4128539556,0.6981252436,0.3503682058,330.0000000000,-23.0000000000,10.0000000000,153.0000000000,-0.0021000000,0.2200000000,0.1100000000

optimal_chisq=9.4445306049,optimal_hour=8.2899936054, source_hour=8.2900000000 
parameter is :
6.1528131032,-0.6582946833,1.0107063126,0.6031043362,-1.0097442499,0.9355039327,344.8936316461,-36.3801556114,8.2899936054,164.7209973334,0.5445816000,-0.0351865537,0.4564985814,

##################################
1.0000000000,0.0473651323,0.5374844385,0.3945442338,0.5205156687,0.2817518871,182.0000000000,-70.0000000000,23.0000000000,289.0000000000,-0.0020000000,0.2000000000,0.1900000000

optimal_chisq=7.9887081380,optimal_hour=8.1700043065, source_hour=8.1700000000 
parameter is :
-0.1608455449,-0.2739636313,0.4260368659,0.2001458063,1.7384783343,0.5056866165,182.6673601667,-56.5934885752,8.1700043065,287.8544303261,0.1467134208,0.1813560744,-0.1884562348,

##################################
1.0000000000,0.2582579238,0.4442123077,0.7389570762,0.1345627483,1.0254055272,74.0000000000,39.0000000000,4.0000000000,247.0000000000,-0.0019000000,0.2400000000,0.1500000000

optimal_chisq=11.8764149404,optimal_hour=8.1600016514, source_hour=8.1600000000 
parameter is :
1.6337689901,-0.3681734444,0.4956638906,0.6379832384,-0.1226816437,1.2716059547,64.1899759354,45.2721292464,8.1600016514,242.4042338229,0.0273582736,0.2402396348,0.0627907583,

##################################
1,chisq=4.276045998443001039390765072312,optimalHour=8.1700016840,InitHout=8.1700000000,deviation=0.0000016840
2,chisq=5.359950535905849022810798487626,optimalHour=8.1699997797,InitHout=8.1700000000,deviation=0.0000002203
3,chisq=5.956512465629407060418998298701,optimalHour=8.1700026085,InitHout=8.1700000000,deviation=0.0000026085
4,chisq=7.713094460222568393703568290221,optimalHour=8.1100037124,InitHout=8.1100000000,deviation=0.0000037124
5,chisq=7.988708138005224057565101247746,optimalHour=8.1700043065,InitHout=8.1700000000,deviation=0.0000043065
6,chisq=8.063441697669849972385236469563,optimalHour=8.1100010653,InitHout=8.1100000000,deviation=0.0000010653
7,chisq=8.090136165541043311577595886774,optimalHour=8.1900019655,InitHout=8.1900000000,deviation=0.0000019655
8,chisq=8.101880143346649632007938635070,optimalHour=8.2300017502,InitHout=8.2300000000,deviation=0.0000017502
9,chisq=8.458847006131254175897993263789,optimalHour=8.2099962410,InitHout=8.2100000000,deviation=0.0000037590
10,chisq=8.673421214572091031413947348483,optimalHour=8.1500027979,InitHout=8.1500000000,deviation=0.0000027979
11,chisq=8.813729225873572659111232496798,optimalHour=8.1100002229,InitHout=8.1100000000,deviation=0.0000002229
12,chisq=9.038102384525750210286787478253,optimalHour=8.1500008081,InitHout=8.1500000000,deviation=0.0000008081
13,chisq=9.168621948861456871782138478011,optimalHour=8.1500027163,InitHout=8.1500000000,deviation=0.0000027163
14,chisq=9.370540902120687576370983151719,optimalHour=8.2300027728,InitHout=8.2300000000,deviation=0.0000027728
15,chisq=9.444530604852271693516740924679,optimalHour=8.2899936054,InitHout=8.2900000000,deviation=0.0000063946
16,chisq=9.669058693403133730726040084846,optimalHour=8.1699990817,InitHout=8.1700000000,deviation=0.0000009183
17,chisq=9.781382341412314218587198411115,optimalHour=8.1299994780,InitHout=8.1300000000,deviation=0.0000005220
18,chisq=9.843188866674994486061223142315,optimalHour=8.1099903400,InitHout=8.1100000000,deviation=0.0000096600
19,chisq=10.082092229570715602449126890860,optimalHour=8.3300092235,InitHout=8.3300000000,deviation=0.0000092235
20,chisq=10.121117238770400703629093186464,optimalHour=8.1099996584,InitHout=8.1100000000,deviation=0.0000003416
21,chisq=10.455717016808403485583767178468,optimalHour=8.2500009942,InitHout=8.2500000000,deviation=0.0000009942
22,chisq=10.462562711205828591687350126449,optimalHour=8.1300021296,InitHout=8.1300000000,deviation=0.0000021296
23,chisq=10.531351272044084055323764914647,optimalHour=8.2699993813,InitHout=8.2700000000,deviation=0.0000006187
24,chisq=10.880672524824495539519375597592,optimalHour=8.1100005335,InitHout=8.1100000000,deviation=0.0000005335
25,chisq=11.532279737003102937364928948227,optimalHour=8.3900024452,InitHout=8.3900000000,deviation=0.0000024452
26,chisq=11.876414940391823549248329072725,optimalHour=8.1600016514,InitHout=8.1600000000,deviation=0.0000016514
27,chisq=12.847931789711905636863775725942,optimalHour=8.1899993320,InitHout=8.1900000000,deviation=0.0000006680
28,chisq=12.862039172923731555897575162817,optimalHour=8.3900006705,InitHout=8.3900000000,deviation=0.0000006705
29,chisq=14.822977242684784116022456146311,optimalHour=8.4099993558,InitHout=8.4100000000,deviation=0.0000006442
30,chisq=14.882213096318389844441298919264,optimalHour=8.1999979063,InitHout=8.2000000000,deviation=0.0000020937
1.0000000000,0.2153955056,0.2267039451,0.9501649329,0.9688217901,0.0101132647,243.0000000000,-34.0000000000,3.0000000000,106.0000000000,-0.0019000000,0.3900000000,0.1100000000

optimal_chisq=4.2760459984,optimal_hour=8.1700016840, source_hour=8.1700000000 
parameter is :
1.9428703279,-0.9083585550,0.3728367388,0.6835736419,0.9163674500,0.6123061398,239.9838359239,-26.6145687849,8.1700016840,73.1837422788,-0.2219817859,0.4442652120,-0.1678026818,

run over!

##################################
1.0000000000,0.5985444745,0.2776245507,1.2853958120,1.1148624938,0.2893720767,186.0000000000,-64.0000000000,6.0000000000,93.0000000000,-0.0020000000,0.3900000000,0.0900000000

optimal_chisq=4.5901861233,optimal_hour=8.1520014777, source_hour=8.1520000000 
parameter is :
-0.8412082040,0.6698131688,-0.4985068741,-0.6762531743,1.5715892108,0.9087776775,195.6261735690,-86.3342636294,8.1520014777,96.8611782819,0.5558398836,0.6793151669,-0.2692530601,

run over!

##################################
1.0000000000,0.6228966916,0.3373356814,1.2428657337,0.9898415391,0.4531686724,227.0000000000,41.0000000000,18.0000000000,323.0000000000,-0.0024000000,0.2500000000,0.0800000000

optimal_chisq=5.9565124656,optimal_hour=8.1700026085, source_hour=8.1700000000 
parameter is :
0.7672745260,0.8079782832,-0.9836545534,2.0450848338,-0.0132876566,1.4270779157,245.4574602831,-25.9071776753,8.1700026085,312.9878020575,-0.1185250926,0.2474577838,0.0394564997,

run over!

##################################
1.0000000000,0.5044407959,0.9008838877,0.4723508011,0.8390205269,0.3986315462,220.0000000000,50.0000000000,1.0000000000,137.0000000000,-0.0019000000,0.4200000000,0.1300000000

optimal_chisq=4.5771086638,optimal_hour=8.1890000084, source_hour=8.1890000000 
parameter is :
1.5160792907,0.4696710141,0.9607828309,-0.2357804642,0.3961827333,0.6893076970,223.1999863946,52.2375405553,8.1890000084,139.3194649408,-0.0249858312,0.4198367255,-0.0180016108,

run over!

##################################
1.0000000000,0.0473651323,0.5374844385,0.3945442338,0.5205156687,0.2817518871,182.0000000000,-70.0000000000,23.0000000000,289.0000000000,-0.0020000000,0.2000000000,0.1900000000

optimal_chisq=3.9415691035,optimal_hour=8.1880010697, source_hour=8.1880000000 
parameter is :
0.7404048626,0.1803210307,1.2458133017,-0.2344367362,0.4510529206,0.4838808336,199.6599503311,-66.4269231171,8.1880010697,273.2522266806,0.0402084947,0.1983642760,0.1635082525,

run over!

##################################
1.0000000000,0.7829523812,0.4354170484,1.2972763488,0.6348799596,1.0211379430,14.0000000000,70.0000000000,5.0000000000,109.0000000000,-0.0020000000,0.2300000000,0.0600000000

optimal_chisq=5.1160360387,optimal_hour=8.1489999897, source_hour=8.1490000000 
parameter is :
1.2576049661,0.9194604637,0.1459163642,1.2483562498,0.5112108070,0.8979261135,13.9952982286,69.9999682834,8.1489999897,108.9957021416,0.0352014759,0.2288353893,0.1625706860,

run over!

##################################
1,chisq=3.941569103496449510970478513627,optimalHour=8.1880010697,InitHout=8.1880000000,deviation=0.0000010697
2,chisq=4.276045998443001039390765072312,optimalHour=8.1700016840,InitHout=8.1700000000,deviation=0.0000016840
3,chisq=4.577108663837186064426987286424,optimalHour=8.1890000084,InitHout=8.1890000000,deviation=0.0000000084
4,chisq=4.590186123294023090579685231205,optimalHour=8.1520014777,InitHout=8.1520000000,deviation=0.0000014777
5,chisq=5.116036038740221059128998604137,optimalHour=8.1489999897,InitHout=8.1490000000,deviation=0.0000000103
6,chisq=5.956512465629407060418998298701,optimalHour=8.1700026085,InitHout=8.1700000000,deviation=0.0000026085





1.0000000000,0.2153955056,0.2267039451,0.9501649329,0.9688217901,0.0101132647,243.0000000000,-34.0000000000,3.0000000000,106.0000000000,-0.0019000000,0.3900000000,0.1100000000


1.0000000000,0.2153955056,0.2267039451,0.9501649329,0.9688217901,0.0101132647,243.0000000000,-34.0000000000,3.0000000000,106.0000000000,-0.0019000000,0.3900000000,0.1100000000

optimal_chisq=3.4438728796,optimal_hour=8.1698990518 
parameter is :
3.7709012718,-0.8108860881,2.0778262995,0.0411542938,1.2907874309,-2.0319109331,220.3075377852,-75.5385172361,8.1698990518,128.1997433649,0.0475200771,0.4285235382,0.2861142636,

Pole:
optimalLambda,optimalBeta:(26.8348300089,-54.8368361505)
optimalParameter:{2.4636674331,0.6558975732,1.0406593322,0.9703446749,0.2295720659,0.2632162179,26.8348300089,-54.8368361505,8.1699003662,122.2458688660,0.2706365947,0.1956484567,-0.2869757182}

