1.0000000000,0.9934683368,1.6613792999,0.1484988547,0.6788222441,1.0526458919,52.0000000000,69.0000000000,5.0000000000,47.0000000000,-0.0024000000,0.3800000000,0.1500000000

optimal_chisq=1.3772230660,optimal_hour=9.5700033607, source_hour=9.5700000000 
parameter is :
0.9761602043,1.0409892281,1.2878886497,0.6160064333,0.9264640227,1.4242038618,52.0360066603,69.0097427285,9.5700033607,47.0256465547,-0.0230246210,0.3796215915,-0.0278925440,

##################################
1.0000000000,0.0885238047,0.7515288989,0.1747215354,0.6820412726,0.0605060487,90.0000000000,-35.0000000000,14.0000000000,264.0000000000,-0.0023000000,0.2200000000,0.1000000000

optimal_chisq=1.1412940247,optimal_hour=9.1799999354, source_hour=9.1800000000 
parameter is :
1.0463629256,0.2769259253,0.7229791244,0.2924234014,0.5744970978,0.4252968249,89.9913038762,-35.0020831226,9.1799999354,264.0127769921,0.0484842224,0.2180789772,0.1150421159,

##################################
1.0000000000,0.8489760337,1.4961520401,0.1736196042,0.5384379009,1.0641371525,100.0000000000,15.0000000000,11.0000000000,30.0000000000,-0.0015000000,0.2700000000,0.1000000000

optimal_chisq=1.0083186119,optimal_hour=9.5700000311, source_hour=9.5700000000 
parameter is :
1.3224228878,0.5763792477,1.2040043603,0.3288641034,0.6619496755,0.8478482952,98.9305066346,15.1883680115,9.5700000311,33.7976243353,-0.0009446069,0.2700041541,0.1172152109,

##################################
1.0000000000,0.9482031683,0.5699368074,1.3178860334,1.3549900953,0.3763035388,42.0000000000,50.0000000000,6.0000000000,340.0000000000,-0.0023000000,0.3000000000,0.0900000000

optimal_chisq=1.3698719397,optimal_hour=9.4499999873, source_hour=9.4500000000 
parameter is :
1.5554406775,0.8316850978,0.6282487645,1.5320192428,1.2748929711,0.3754568208,41.6045935899,47.6613567090,9.4499999873,340.0528302270,0.0016857613,0.3000293179,0.3362657906,

##################################
1.0000000000,0.0804827353,0.0956304377,0.9668509589,0.6068701020,0.3254225370,340.0000000000,2.0000000000,11.0000000000,301.0000000000,-0.0023000000,0.3600000000,0.0700000000

optimal_chisq=1.6187229158,optimal_hour=9.5700015013, source_hour=9.5700000000 
parameter is :
0.9271940374,0.2154968225,0.0163038202,1.0596975896,0.9095215298,-0.3112678471,340.1067561067,1.9718623798,9.5700015013,300.9906861459,0.0500407857,0.3603345488,0.0017795939,

##################################
1.0000000000,0.0410166467,0.3687488141,0.5958081010,0.1785857726,0.7473990700,197.0000000000,29.0000000000,16.0000000000,272.0000000000,-0.0018000000,0.3300000000,0.0700000000

optimal_chisq=1.5139286862,optimal_hour=9.3900010837, source_hour=9.3900000000 
parameter is :
0.7793668299,0.4008317585,0.8188464529,0.6291753237,0.3002268806,0.8272706152,196.8233902415,28.6763311987,9.3900010837,272.0047358881,-0.0388740427,0.3312987792,0.0372947988,

##################################
1.0000000000,0.9783821069,1.6238395758,0.1738878250,0.4190060287,1.3308304951,164.0000000000,-38.0000000000,23.0000000000,345.0000000000,-0.0012000000,0.4200000000,0.0800000000

optimal_chisq=0.9713290835,optimal_hour=9.5700000261, source_hour=9.5700000000 
parameter is :
1.2874418000,1.1315595483,1.4279069131,0.7353808166,0.5922160560,1.5504939725,167.8676932849,-34.9352047422,9.5700000261,344.5864468276,0.0089531585,0.4219434603,-0.3117120358,

##################################
1.0000000000,0.1930594725,0.9802439714,0.0160343507,0.5464509057,0.3243173507,336.0000000000,32.0000000000,16.0000000000,74.0000000000,-0.0019000000,0.3300000000,0.1600000000

optimal_chisq=1.5556121168,optimal_hour=9.8900040211, source_hour=9.8900000000 
parameter is :
4.0218579510,2.6702131998,4.8543384281,0.9162048704,4.2660612442,-1.4478603351,298.3876801161,18.1498997928,9.8900040211,66.5786132374,-0.0192130653,0.3390825355,-0.0981758368,

##################################
1.0000000000,0.6624674246,1.3958759047,0.0770542338,0.4044964299,1.0112929451,27.0000000000,35.0000000000,5.0000000000,99.0000000000,-0.0017000000,0.3400000000,0.1600000000

optimal_chisq=1.3041957151,optimal_hour=9.4500002236, source_hour=9.4500000000 
parameter is :
1.1283110522,0.2665760175,0.6955593334,0.5120818191,-0.5554660891,1.0374091735,27.3449805871,39.9242377831,9.4500002236,100.3963165556,-0.0192990322,0.3406174777,0.0033800431,

##################################
1.0000000000,0.9302865248,1.1442416255,0.6591457492,0.8628605400,0.8391327149,328.0000000000,19.0000000000,16.0000000000,218.0000000000,-0.0018000000,0.2700000000,0.0700000000

optimal_chisq=1.4874044860,optimal_hour=9.5200004610, source_hour=9.5200000000 
parameter is :
2.5694532991,1.7149047687,1.0312198765,2.8637793848,2.1716118587,-2.7191165678,321.4424803534,-39.9835909859,9.5200004610,209.3687098549,-0.0277103401,0.2762180455,-0.0347629056,

##################################
1.0000000000,0.3536018163,0.1975963860,1.1261513453,0.5345916121,0.7027461461,0.0000000000,-8.0000000000,8.0000000000,124.0000000000,-0.0015000000,0.4200000000,0.1700000000

optimal_chisq=1.0786641307,optimal_hour=9.5900027997, source_hour=9.5900000000 
parameter is :
0.6183560815,0.6021920503,0.2291359648,0.9779228165,0.2743379746,0.9349480573,-7.9246549070,-14.6943655161,9.5900027997,127.5811298101,-0.0356215890,0.4260611986,0.3483023856,

##################################
1.0000000000,0.9664189988,1.7413589043,0.0282532520,1.2179759806,0.4011914526,337.0000000000,3.0000000000,6.0000000000,132.0000000000,-0.0019000000,0.4400000000,0.1500000000

optimal_chisq=1.0551783525,optimal_hour=9.5700016437, source_hour=9.5700000000 
parameter is :
1.6157463485,1.4633654050,1.9532866075,0.8679980594,1.9590821217,-0.8642824789,339.4915613735,-23.4029188304,9.5700016437,139.2210647012,-0.0523687277,0.4766487414,-0.3034987873,

##################################
1.0000000000,0.9905750598,0.6541260886,1.2684003799,0.2708592679,1.6230642218,23.0000000000,90.0000000000,10.0000000000,251.0000000000,-0.0019000000,0.3100000000,0.0700000000

optimal_chisq=1.0750993830,optimal_hour=9.4500003980, source_hour=9.4500000000 
parameter is :
1.0280583843,1.0704670968,0.6579982334,1.2688198478,0.2252776290,1.5627971267,23.0003233803,90.0005354213,9.4500003980,251.0003111682,-0.0131939159,0.3099307792,0.0279578918,

##################################
1.0000000000,0.8871456934,0.1791482600,1.6888163137,1.5949467641,0.0828994615,316.0000000000,-80.0000000000,4.0000000000,255.0000000000,-0.0013000000,0.2500000000,0.1700000000

optimal_chisq=1.3713516447,optimal_hour=9.4000011312, source_hour=9.4000000000 
parameter is :
-2.0726352377,1.0005981567,1.1121781468,2.3765753343,0.8365896851,2.3730404202,319.2279332246,-80.9635982071,9.4000011312,251.9577057151,-0.0059652244,0.2527889861,-0.0493070515,

##################################
1.0000000000,0.8460392378,0.3669439925,1.4384454006,1.1160183352,0.5558668762,304.0000000000,-44.0000000000,8.0000000000,14.0000000000,-0.0017000000,0.3000000000,0.1800000000

optimal_chisq=1.5515362101,optimal_hour=9.7199985592, source_hour=9.7200000000 
parameter is :
1.7246835452,1.6259637306,1.7787309838,1.7472595025,1.6917065769,2.2712274417,300.2067544263,-46.0181435152,9.7199985592,16.3745484793,-0.0123896921,0.2999403168,0.1384212863,

##################################
1.0000000000,0.7439692350,0.8965167896,0.7377366881,0.4123989581,1.1697221048,244.0000000000,89.0000000000,13.0000000000,358.0000000000,-0.0015000000,0.3300000000,0.0700000000

optimal_chisq=1.2641976674,optimal_hour=9.4499990491, source_hour=9.4500000000 
parameter is :
0.9618794299,0.4997300182,0.4434089382,1.3365959917,1.1737180237,0.9475601080,243.9832579017,89.0523006446,9.4499990491,358.0149721762,-0.0161265097,0.3299336639,-0.0661029137,

##################################
1.0000000000,0.2571443674,0.1789107981,1.0490951439,0.1137092688,1.0954892958,179.0000000000,38.0000000000,6.0000000000,143.0000000000,-0.0021000000,0.2300000000,0.1000000000

optimal_chisq=1.3508790385,optimal_hour=9.4500017561, source_hour=9.4500000000 
parameter is :
1.0219149948,0.7066937637,0.3319952430,1.2313422655,0.4032233734,1.2005097394,179.9305190340,38.4073076737,9.4500017561,144.0594220291,0.0001688623,0.2300203642,0.1874185176,

##################################
1.0000000000,0.9574444531,1.3682944369,0.4376147754,1.4333982563,0.1966377549,345.0000000000,-41.0000000000,6.0000000000,335.0000000000,-0.0021000000,0.3500000000,0.0600000000

optimal_chisq=1.0237215722,optimal_hour=9.4800003110, source_hour=9.4800000000 
parameter is :
1.3403284417,0.6384216136,1.0434533346,1.0031527648,1.5377315977,0.3920991948,341.6953387467,-39.0999084483,9.4800003110,331.6175832304,0.1333123158,0.3465584096,-0.2692427656,

##################################
1.0000000000,0.7256157253,0.2882865783,1.4032432474,0.9796361316,0.5868166898,210.0000000000,-25.0000000000,13.0000000000,36.0000000000,-0.0024000000,0.3800000000,0.1800000000

optimal_chisq=1.8017634573,optimal_hour=9.9800001400, source_hour=9.9800000000 
parameter is :
1.5989837732,1.0897831794,1.0007453785,0.6840394523,0.7249068894,0.3841991074,219.5574749038,-24.0527824117,9.9800001400,36.2303681589,-0.0178229652,0.3807791285,0.7186304415,

##################################
1.0000000000,0.7722256876,1.2952811657,0.3161865836,1.1539209706,0.2986690569,321.0000000000,67.0000000000,1.0000000000,290.0000000000,-0.0022000000,0.4100000000,0.1000000000

optimal_chisq=0.7653475677,optimal_hour=9.4499990393, source_hour=9.4500000000 
parameter is :
0.8734690026,0.7785971354,1.0864898374,1.1396869320,1.2614753350,0.6405424258,313.5160834777,66.5543681348,9.4499990393,282.8015112315,-0.0200048732,0.4109301503,0.1296908080,

##################################
1.0000000000,0.8336023576,0.8569776358,0.8778265223,0.7552916828,0.8875638315,355.0000000000,-9.0000000000,22.0000000000,301.0000000000,-0.0012000000,0.4500000000,0.1700000000

optimal_chisq=1.8573833538,optimal_hour=9.4000017281, source_hour=9.4000000000 
parameter is :
1.0241922623,0.8482703488,0.8476806341,0.8422268956,0.7559387377,0.8901692564,354.9997047323,-8.9997156406,9.4000017281,301.0001090550,-0.0086905598,0.4499800248,0.1737261571,

##################################
1.0000000000,0.1138934368,0.4708128594,0.5509209880,0.7142279788,0.1403530964,151.0000000000,79.0000000000,23.0000000000,172.0000000000,-0.0016000000,0.4900000000,0.1300000000

optimal_chisq=1.5559609407,optimal_hour=9.5199996982, source_hour=9.5200000000 
parameter is :
1.1388505384,0.4353132597,0.5379324410,0.8285014702,1.1851233170,0.3288194660,111.9930270716,216.0632411075,9.5199996982,186.9144388851,-0.0211013684,0.4921876715,-0.0508695098,

##################################
1.0000000000,0.9156651692,0.2648883430,1.6227106594,1.2347602972,0.5114140783,291.0000000000,24.0000000000,6.0000000000,127.0000000000,-0.0017000000,0.4800000000,0.1800000000

optimal_chisq=1.0820902184,optimal_hour=9.9200042445, source_hour=9.9200000000 
parameter is :
1.0158475349,0.3933664491,0.7209305292,1.5140805857,1.1803449736,1.5174594643,293.3607148716,22.7419576695,9.9200042445,131.7929211552,0.0270506375,0.4818429006,0.1795149750,

##################################
1.0000000000,0.8214822392,0.5485493802,1.2105663682,1.5391897716,0.0228518752,280.0000000000,17.0000000000,19.0000000000,170.0000000000,-0.0022000000,0.3700000000,0.1300000000

optimal_chisq=1.2417758083,optimal_hour=9.3799958153, source_hour=9.3800000000 
parameter is :
0.7162232185,1.1741035756,0.6971089607,1.5126227104,0.4096040603,2.4956163396,280.8539862998,19.2201667854,9.3799958153,169.7085643999,0.0363556483,0.3926581027,0.0911002790,

##################################
1.0000000000,0.9690385014,1.5152366666,0.2855122219,0.5245324279,1.2159418047,67.0000000000,-75.0000000000,19.0000000000,72.0000000000,-0.0015000000,0.2700000000,0.1400000000

optimal_chisq=1.1675074900,optimal_hour=9.8499916605, source_hour=9.8500000000 
parameter is :
1.1172468783,1.2683614052,1.0183507404,1.1298671802,1.3651990932,0.7411606105,70.7439313288,-70.8713469542,9.8499916605,68.4307833456,-0.0152656152,0.2699156805,0.3187113772,

##################################
1.0000000000,0.2127326951,0.6556468291,0.4370843832,0.4496589776,0.5534161425,74.0000000000,-32.0000000000,16.0000000000,255.0000000000,-0.0016000000,0.2000000000,0.1300000000

optimal_chisq=1.1104800163,optimal_hour=9.2300003032, source_hour=9.2300000000 
parameter is :
0.3093677307,0.8447338230,0.7855578678,1.2028378715,0.6486274846,0.7506256917,71.6789650468,-33.6717052320,9.2300003032,256.8268672869,0.0009180379,0.2008077430,0.1629796642,

##################################
1.0000000000,0.1716419091,0.6055583383,0.4515104525,0.5970436778,0.3314155500,12.0000000000,0.0000000000,12.0000000000,284.0000000000,-0.0012000000,0.3000000000,0.1400000000

optimal_chisq=1.7934173988,optimal_hour=9.4900000233, source_hour=9.4900000000 
parameter is :
0.2972821697,1.0056382805,0.9385284028,0.4043228699,0.6933749103,0.7042772603,12.0302789261,-0.0226789558,9.4900000233,283.9736243165,-0.0039137990,0.3002902057,-0.2026512385,

##################################
1.0000000000,0.6824928325,0.2035541725,1.4543835553,0.4566156519,1.1442769433,31.0000000000,-65.0000000000,1.0000000000,18.0000000000,-0.0016000000,0.4100000000,0.1300000000

optimal_chisq=1.5750737652,optimal_hour=9.4399999674, source_hour=9.4400000000 
parameter is :
1.1125922630,0.7858254864,0.9159529562,1.1910387499,0.3788695437,1.2308350352,30.9900279075,-64.9302287381,9.4399999674,18.0349986030,-0.0293950044,0.4094696808,0.1564356060,

##################################
1.0000000000,0.6848498605,0.4415235496,1.1891748441,1.2712037892,0.1848899394,236.0000000000,50.0000000000,17.0000000000,53.0000000000,-0.0018000000,0.2900000000,0.1500000000

optimal_chisq=1.3650754668,optimal_hour=9.2300005549, source_hour=9.2300000000 
parameter is :
0.1751576949,0.5935369089,0.7189005233,0.2430737642,-0.1050023252,1.4187544167,257.7215896808,33.1779052459,9.2300005549,58.0643085299,0.0333090374,0.2914161928,0.0405309767,

##################################
1.0000000000,0.2654806922,0.3141031740,0.8996188506,0.2437190940,0.9284174878,275.0000000000,32.0000000000,19.0000000000,114.0000000000,-0.0019000000,0.2200000000,0.0900000000

optimal_chisq=0.8202912804,optimal_hour=9.4500014210, source_hour=9.4500000000 
parameter is :
1.0970635175,0.4814115054,0.3292890829,0.7962046502,0.2674473732,0.8341250426,275.0053189249,31.9987244270,9.4500014210,113.9951106885,-0.0169600504,0.2197170676,0.1341160307,

##################################
1,chisq=0.765347567669004802404231213586,optimalHour=9.4499990393,InitHout=9.4500000000,deviation=0.0000009607
2,chisq=0.820291280353213858589356277662,optimalHour=9.4500014210,InitHout=9.4500000000,deviation=0.0000014210
3,chisq=0.971329083516957791921697662474,optimalHour=9.5700000261,InitHout=9.5700000000,deviation=0.0000000261
4,chisq=1.008318611855030910717800907150,optimalHour=9.5700000311,InitHout=9.5700000000,deviation=0.0000000311
5,chisq=1.023721572182986649934832712461,optimalHour=9.4800003110,InitHout=9.4800000000,deviation=0.0000003110
6,chisq=1.055178352510787842533090952202,optimalHour=9.5700016437,InitHout=9.5700000000,deviation=0.0000016437
7,chisq=1.075099382965326144656614815176,optimalHour=9.4500003980,InitHout=9.4500000000,deviation=0.0000003980
8,chisq=1.078664130650813124390197117464,optimalHour=9.5900027997,InitHout=9.5900000000,deviation=0.0000027997
9,chisq=1.082090218431318806580065938761,optimalHour=9.9200042445,InitHout=9.9200000000,deviation=0.0000042445
10,chisq=1.110480016264516311963461703272,optimalHour=9.2300003032,InitHout=9.2300000000,deviation=0.0000003032
11,chisq=1.141294024653803251823092068662,optimalHour=9.1799999354,InitHout=9.1800000000,deviation=0.0000000646
12,chisq=1.167507489960516231519704888342,optimalHour=9.8499916605,InitHout=9.8500000000,deviation=0.0000083395
13,chisq=1.241775808256097901605130573444,optimalHour=9.3799958153,InitHout=9.3800000000,deviation=0.0000041847
14,chisq=1.264197667392714219403160313959,optimalHour=9.4499990491,InitHout=9.4500000000,deviation=0.0000009509
15,chisq=1.304195715055211479693753062747,optimalHour=9.4500002236,InitHout=9.4500000000,deviation=0.0000002236
16,chisq=1.350879038499661621841596570448,optimalHour=9.4500017561,InitHout=9.4500000000,deviation=0.0000017561
17,chisq=1.365075466821155103502860583831,optimalHour=9.2300005549,InitHout=9.2300000000,deviation=0.0000005549
18,chisq=1.369871939679220718133478840173,optimalHour=9.4499999873,InitHout=9.4500000000,deviation=0.0000000127
19,chisq=1.371351644653198142975725204451,optimalHour=9.4000011312,InitHout=9.4000000000,deviation=0.0000011312
20,chisq=1.377223065978290472699541169277,optimalHour=9.5700033607,InitHout=9.5700000000,deviation=0.0000033607
21,chisq=1.487404485996065339747929101577,optimalHour=9.5200004610,InitHout=9.5200000000,deviation=0.0000004610
22,chisq=1.513928686207768548044327872049,optimalHour=9.3900010837,InitHout=9.3900000000,deviation=0.0000010837
23,chisq=1.551536210074002442027563120064,optimalHour=9.7199985592,InitHout=9.7200000000,deviation=0.0000014408
24,chisq=1.555612116782138398818347013730,optimalHour=9.8900040211,InitHout=9.8900000000,deviation=0.0000040211
25,chisq=1.555960940685161553176385496045,optimalHour=9.5199996982,InitHout=9.5200000000,deviation=0.0000003018
26,chisq=1.575073765231505662498534547922,optimalHour=9.4399999674,InitHout=9.4400000000,deviation=0.0000000326
27,chisq=1.618722915847002896683193284844,optimalHour=9.5700015013,InitHout=9.5700000000,deviation=0.0000015013
28,chisq=1.793417398774530546745609171921,optimalHour=9.4900000233,InitHout=9.4900000000,deviation=0.0000000233
29,chisq=1.801763457333660500836458595586,optimalHour=9.9800001400,InitHout=9.9800000000,deviation=0.0000001400
30,chisq=1.857383353841625561742034733470,optimalHour=9.4000017281,InitHout=9.4000000000,deviation=0.0000017281
1.0000000000,0.7722256876,1.2952811657,0.3161865836,1.1539209706,0.2986690569,321.0000000000,67.0000000000,1.0000000000,290.0000000000,-0.0022000000,0.4100000000,0.1000000000

optimal_chisq=0.7653475677,optimal_hour=9.4499990393, source_hour=9.4500000000 
parameter is :
0.8734690026,0.7785971354,1.0864898374,1.1396869320,1.2614753350,0.6405424258,313.5160834777,66.5543681348,9.4499990393,282.8015112315,-0.0200048732,0.4109301503,0.1296908080,

run over!

##################################
1.0000000000,0.2654806922,0.3141031740,0.8996188506,0.2437190940,0.9284174878,275.0000000000,32.0000000000,19.0000000000,114.0000000000,-0.0019000000,0.2200000000,0.0900000000

optimal_chisq=0.7966228480,optimal_hour=9.4040015789, source_hour=9.4040000000 
parameter is :
1.2137414472,0.4528242127,0.4699734123,0.7507578869,0.5915095467,0.6538565565,274.9423756461,32.0065262086,9.4040015789,113.9329109990,-0.0259036559,0.2196614623,-0.0177640151,

run over!

##################################
1.0000000000,0.9783821069,1.6238395758,0.1738878250,0.4190060287,1.3308304951,164.0000000000,-38.0000000000,23.0000000000,345.0000000000,-0.0012000000,0.4200000000,0.0800000000

optimal_chisq=0.7435312246,optimal_hour=9.5150007995, source_hour=9.5150000000 
parameter is :
1.1844379527,1.0866354351,1.3481296663,0.5705016966,0.5803838526,1.3348150269,163.9788523018,-38.0262293778,9.5150007995,344.9465685149,-0.0360671249,0.4191687110,-0.3449309258,

run over!

##################################
1.0000000000,0.8489760337,1.4961520401,0.1736196042,0.5384379009,1.0641371525,100.0000000000,15.0000000000,11.0000000000,30.0000000000,-0.0015000000,0.2700000000,0.1000000000

optimal_chisq=0.5882988189,optimal_hour=9.5780003497, source_hour=9.5780000000 
parameter is :
1.0817120651,1.5464707197,1.4025039349,0.6164208548,0.7645385972,1.1023697865,100.0459057051,14.9792520669,9.5780003497,29.9277164176,-0.0223726702,0.2720713831,0.2250139602,

run over!

##################################
1.0000000000,0.9574444531,1.3682944369,0.4376147754,1.4333982563,0.1966377549,345.0000000000,-41.0000000000,6.0000000000,335.0000000000,-0.0021000000,0.3500000000,0.0600000000

optimal_chisq=1.0237215722,optimal_hour=9.4800003110, source_hour=9.4800000000 
parameter is :
1.3403284417,0.6384216136,1.0434533346,1.0031527648,1.5377315977,0.3920991948,341.6953387467,-39.0999084483,9.4800003110,331.6175832304,0.1333123158,0.3465584096,-0.2692427656,

run over!

##################################
1.0000000000,0.9664189988,1.7413589043,0.0282532520,1.2179759806,0.4011914526,337.0000000000,3.0000000000,6.0000000000,132.0000000000,-0.0019000000,0.4400000000,0.1500000000

optimal_chisq=1.0551783525,optimal_hour=9.5700016437, source_hour=9.5700000000 
parameter is :
1.6157463485,1.4633654050,1.9532866075,0.8679980594,1.9590821217,-0.8642824789,339.4915613735,-23.4029188304,9.5700016437,139.2210647012,-0.0523687277,0.4766487414,-0.3034987873,

run over!

##################################
1,chisq=0.588298818946372592542104484892,optimalHour=9.5780003497,InitHout=9.5780000000,deviation=0.0000003497
2,chisq=0.743531224558448888828365852532,optimalHour=9.5150007995,InitHout=9.5150000000,deviation=0.0000007995
3,chisq=0.765347567669004802404231213586,optimalHour=9.4499990393,InitHout=9.4500000000,deviation=0.0000009607
4,chisq=0.796622848040128395119552351389,optimalHour=9.4040015789,InitHout=9.4040000000,deviation=0.0000015789
5,chisq=1.023721572182986649934832712461,optimalHour=9.4800003110,InitHout=9.4800000000,deviation=0.0000003110
6,chisq=1.055178352510787842533090952202,optimalHour=9.5700016437,InitHout=9.5700000000,deviation=0.0000016437







1.0000000000,0.7722256876,1.2952811657,0.3161865836,1.1539209706,0.2986690569,321.0000000000,67.0000000000,1.0000000000,290.0000000000,-0.0022000000,0.4100000000,0.1000000000


1.0000000000,0.7722256876,1.2952811657,0.3161865836,1.1539209706,0.2986690569,321.0000000000,67.0000000000,1.0000000000,290.0000000000,-0.0022000000,0.4100000000,0.1000000000

optimal_chisq=0.7653475677,optimal_hour=9.4499990393 
parameter is :
0.8734690026,0.7785971354,1.0864898374,1.1396869320,1.2614753350,0.6405424258,313.5160834777,66.5543681348,9.4499990393,282.8015112315,-0.0200048732,0.4109301503,0.1296908080,


Pole:
optimalLambda,optimalBeta:(263.1270668152,53.8098461000)
optimalParameter:{0.8856769749,1.7029165288,0.1431898652,1.4642080626,0.0265512606,1.5603110022,263.1270668152,53.8098461000,9.4500008906,166.4026296009,-0.0291362610,0.3944122609,-0.0783802398}












