1.0000000000,0.2085372071,0.6421290686,0.4486729166,0.3561915940,0.6648394271,338.0000000000,18.0000000000,20.0000000000,260.0000000000,-0.0024000000,0.2700000000,0.0500000000

optimal_chisq=7.2631403147,optimal_hour=2.8799949822, source_hour=2.8800000000 
parameter is :
0.9472127538,0.5456285363,0.4000761073,0.8953592560,0.5737047562,0.6214118681,337.9932284799,18.0018877032,2.8799949822,259.9917829514,-0.0850980597,0.2704631884,0.0996802555,

##################################
1.0000000000,0.6681988405,0.0001753266,1.6680024938,0.3874181174,1.2329409033,194.0000000000,29.0000000000,6.0000000000,85.0000000000,-0.0024000000,0.4600000000,0.1400000000

optimal_chisq=7.0670671515,optimal_hour=2.7200026539, source_hour=2.7200000000 
parameter is :
2.3204984172,1.1807039894,0.7276267265,1.9691529343,1.2686163433,1.1602223923,197.7552299056,37.0362943735,2.7200026539,86.3836866122,-0.2457985377,0.4316496949,0.0068443785,

##################################
1.0000000000,0.2542772327,0.3848772999,0.8046912090,0.2370240116,0.9112613784,147.0000000000,57.0000000000,11.0000000000,257.0000000000,-0.0014000000,0.2000000000,0.1500000000

optimal_chisq=7.4346430409,optimal_hour=2.7099861344, source_hour=2.7100000000 
parameter is :
-1.0223256833,-3.1943501408,-3.1831801180,-1.3075045226,-3.4182487370,-1.6955883659,138.9175817450,67.4181489203,2.7099861344,240.8325891051,2.5779094432,-2.9391047928,-0.0253324876,

##################################
1.0000000000,0.0238196585,0.2456861105,0.7276502580,0.2529974229,0.6652335458,265.0000000000,-90.0000000000,1.0000000000,41.0000000000,-0.0020000000,0.3900000000,0.1300000000

optimal_chisq=7.3525779530,optimal_hour=2.8900000170, source_hour=2.8900000000 
parameter is :
0.9165476354,0.2045579795,0.4022315960,0.8463348805,0.6161969988,0.5450250067,261.4866804311,-91.1869041231,2.8900000170,42.2156052031,-0.4223628309,0.2393863148,-0.0225594671,

##################################
1.0000000000,0.1782688071,0.4636593597,0.6298037794,0.4126864634,0.5992097184,108.0000000000,-36.0000000000,3.0000000000,350.0000000000,-0.0020000000,0.2500000000,0.0500000000

optimal_chisq=7.3460036506,optimal_hour=2.8999975383, source_hour=2.9000000000 
parameter is :
0.6877921356,0.2807017965,0.7827381723,0.7654381465,0.3325773146,0.9838796506,108.3225688726,-35.9630203913,2.8999975383,349.4695164599,-0.5016067931,-0.0862841201,0.0269936378,

##################################
1.0000000000,0.1417077291,0.3972301836,0.6700389285,0.3534343218,0.6428869264,168.0000000000,5.0000000000,1.0000000000,2.0000000000,-0.0023000000,0.4900000000,0.1500000000

optimal_chisq=7.0581569028,optimal_hour=2.8899923218, source_hour=2.8900000000 
parameter is :
0.3360077638,0.8753501030,0.4633701092,0.7622577672,0.3868077588,1.1579411020,168.8082298495,6.3066260808,2.8899923218,1.6481476552,-0.5055729256,0.2957256766,0.1835224598,

##################################
1.0000000000,0.7332300943,0.5376396614,1.1311559812,0.0475606862,1.6155153518,293.0000000000,0.0000000000,6.0000000000,293.0000000000,-0.0018000000,0.2800000000,0.0900000000

optimal_chisq=5.8758664268,optimal_hour=2.8900044583, source_hour=2.8900000000 
parameter is :
0.7254513016,0.6061368969,-0.6695283648,1.3450999676,0.7017289687,0.6298121633,244.5842572466,-19.0021682627,2.8900044583,299.3128838959,-0.3986682604,-1.5759268849,-0.2039541104,

##################################
1.0000000000,0.3045221839,0.6516267891,0.5438830251,0.9513821841,0.0550712576,262.0000000000,42.0000000000,4.0000000000,289.0000000000,-0.0015000000,0.4100000000,0.1900000000

optimal_chisq=6.7226657526,optimal_hour=3.0899998343, source_hour=3.0900000000 
parameter is :
1.0383613636,0.3729055785,0.6144516008,0.5442711000,0.9107785193,0.0797771653,261.9997833431,42.0000835593,3.0899998343,288.9995574518,-0.0083803672,0.4099462170,0.1680484372,

##################################
1.0000000000,0.8953134091,1.5827224174,0.1275014948,0.4616847749,1.1927265635,122.0000000000,61.0000000000,20.0000000000,43.0000000000,-0.0018000000,0.2400000000,0.1200000000

optimal_chisq=6.5042189235,optimal_hour=2.7200014547, source_hour=2.7200000000 
parameter is :
-0.3176079140,0.3046520349,-0.7105799386,0.8761994128,-0.1693419309,-0.2164073904,90.3701836051,49.5659735844,2.7200014547,43.0121097300,-0.7566672061,-1.3983927187,-0.3679640777,

##################################
1.0000000000,0.4523480355,1.0419428498,0.2489790180,0.3108909239,0.9299200183,268.0000000000,-21.0000000000,24.0000000000,117.0000000000,-0.0012000000,0.4300000000,0.1300000000

optimal_chisq=6.3995808554,optimal_hour=3.0900006453, source_hour=3.0900000000 
parameter is :
2.9666759130,-0.4292635818,2.1701644877,0.1848787172,0.6334175784,1.7818731600,258.8976401913,-17.8085468446,3.0900006453,117.4724001501,18.6968797228,6.2452794865,-0.0253043812,

##################################
1.0000000000,0.6709835886,1.0645695406,0.4674368840,0.8124248993,0.6049429892,81.0000000000,-66.0000000000,2.0000000000,166.0000000000,-0.0013000000,0.2400000000,0.0700000000

optimal_chisq=7.0889974283,optimal_hour=2.8500007256, source_hour=2.8500000000 
parameter is :
0.5438885199,0.6277555953,0.5623342442,0.3354984206,0.9443244087,0.4891541945,74.8316883130,-71.6628562672,2.8500007256,167.8052886428,-0.3281210432,0.0648655040,-0.0224634187,

##################################
1.0000000000,0.4283969777,0.2712346390,1.1181175758,0.2174722810,1.1398352760,7.0000000000,38.0000000000,15.0000000000,321.0000000000,-0.0017000000,0.2200000000,0.1500000000

optimal_chisq=7.9365921967,optimal_hour=3.0900010778, source_hour=3.0900000000 
parameter is :
0.1507285901,0.0146906762,0.1086167928,0.1294738052,0.1351627657,0.1218601404,4.2505639033,67.7077119379,3.0900010778,306.7535099459,-0.2043680951,0.1734828425,0.3113577762,

##################################
1.0000000000,0.4101821163,0.5874718779,0.7337839510,0.6337419680,0.5833757018,238.0000000000,-40.0000000000,5.0000000000,68.0000000000,-0.0014000000,0.4500000000,0.0600000000

optimal_chisq=5.7686212331,optimal_hour=2.8900041942, source_hour=2.8900000000 
parameter is :
1.1497373620,0.4025020159,0.1193866803,1.1044603136,0.6074655306,0.5006322979,240.7474255883,-41.9471663207,2.8900041942,67.3723536640,-0.2638949041,0.4491874398,0.1060373563,

##################################
1.0000000000,0.8024482014,1.3657772114,0.2696467513,1.1489275678,0.3312550702,339.0000000000,-10.0000000000,16.0000000000,342.0000000000,-0.0014000000,0.2100000000,0.1600000000

optimal_chisq=7.3124659614,optimal_hour=2.9000286310, source_hour=2.9000000000 
parameter is :
1.0013068149,1.3095419651,0.8480566948,1.1769585502,1.2042471323,0.7015607048,338.9724213777,-9.9384615710,2.9000286310,342.1122185782,-0.0631497149,0.2105288271,0.4035480474,

##################################
1.0000000000,0.5911852105,1.0275374007,0.4218595434,0.8827446487,0.4324103803,21.0000000000,5.0000000000,19.0000000000,292.0000000000,-0.0014000000,0.4200000000,0.1300000000

optimal_chisq=7.8471144830,optimal_hour=2.6900008637, source_hour=2.6900000000 
parameter is :
1.8521396198,0.0165885439,0.8238954039,0.7470577725,0.7281124932,0.7709363270,21.5160287980,4.3977738196,2.6900008637,291.6332425335,-0.6328558381,0.1625110766,-0.0072111663,

##################################
1.0000000000,0.7155376546,0.5698381653,1.0764734497,0.7974956414,0.7454423241,331.0000000000,0.0000000000,14.0000000000,186.0000000000,-0.0024000000,0.4500000000,0.1900000000

optimal_chisq=7.7102225705,optimal_hour=2.6900018598, source_hour=2.6900000000 
parameter is :
1.0483504053,0.6950145872,0.5309377839,1.0624399261,0.7919648773,0.7558963204,330.9996994128,0.0002442408,2.6900018598,186.0002030212,-0.0245724932,0.4498650530,0.2093489394,

##################################
1.0000000000,0.7327702999,0.5457085191,1.1216020482,0.4884807883,1.1180166360,257.0000000000,-25.0000000000,16.0000000000,76.0000000000,-0.0014000000,0.4900000000,0.1400000000

optimal_chisq=6.7380822452,optimal_hour=2.8900019951, source_hour=2.8900000000 
parameter is :
1.0594054075,0.7481794890,0.5102947654,1.0899543216,0.4906822914,1.1027924446,257.0001228608,-25.0001847946,2.8900019951,75.9997134108,-0.0212865864,0.4899431810,0.1410076351,

##################################
1.0000000000,0.8022236846,1.5822752031,0.0227879953,0.0077346963,1.5963641356,336.0000000000,-82.0000000000,20.0000000000,257.0000000000,-0.0013000000,0.4400000000,0.1900000000

optimal_chisq=8.2930179553,optimal_hour=3.0800011040, source_hour=3.0800000000 
parameter is :
0.9532034348,1.0439190913,1.5838046179,0.1952283247,0.1747148514,1.4625012475,334.7801245222,-80.4792719618,3.0800011040,257.5924267496,-0.4225688647,0.3428091346,0.7677994765,

##################################
1.0000000000,0.5982810788,0.8323873326,0.6538835694,0.6925523558,0.6938092043,242.0000000000,58.0000000000,16.0000000000,235.0000000000,-0.0016000000,0.4500000000,0.1100000000

optimal_chisq=7.7252525455,optimal_hour=2.8900053322, source_hour=2.8900000000 
parameter is :
1.0000000025,0.5982810818,0.8323873296,0.6538835662,0.6925523560,0.6938092044,242.0000000000,58.0000000000,2.8900053322,235.0000000000,-0.0016000003,0.4500000000,0.1100000004,

##################################
1.0000000000,0.3209525888,0.6665951937,0.5442536080,0.2774292713,0.8857162524,129.0000000000,-6.0000000000,3.0000000000,79.0000000000,-0.0013000000,0.3200000000,0.0600000000

optimal_chisq=6.9734237233,optimal_hour=2.8799949872, source_hour=2.8800000000 
parameter is :
0.9481652731,0.6614813791,0.5773782798,0.5954979948,0.5695092955,0.7475617463,129.0005514459,-5.9994184400,2.8799949872,79.0013884949,-0.1007831744,0.3184458663,-0.0366505105,

##################################
1.0000000000,0.9714674791,0.3972664769,1.5330400285,0.8668029404,0.9690742715,16.0000000000,53.0000000000,14.0000000000,114.0000000000,-0.0017000000,0.4400000000,0.1600000000

optimal_chisq=7.2902103370,optimal_hour=2.7199961724, source_hour=2.7200000000 
parameter is :
0.7634497051,0.9053434944,1.5190002145,0.7285215331,1.7690286792,1.0154343161,18.8275508599,54.8956661208,2.7199961724,115.4308922683,-0.4751036742,0.2826408707,0.0195699249,

##################################
1.0000000000,0.1084003035,0.4670977303,0.5493991466,0.5699655094,0.3181820911,128.0000000000,-10.0000000000,5.0000000000,242.0000000000,-0.0019000000,0.4800000000,0.1900000000

optimal_chisq=7.7369388025,optimal_hour=2.6900004259, source_hour=2.6900000000 
parameter is :
1.0105269441,0.1614215023,0.4852508817,0.4800368906,0.5947350415,0.3158027532,127.9988656320,-9.9993838320,2.6900004259,241.9970989305,-0.0231348685,0.4799159452,0.1393299296,

##################################
1.0000000000,0.1215012409,0.7102705665,0.2656753634,0.7679328466,0.0107823500,12.0000000000,75.0000000000,11.0000000000,282.0000000000,-0.0022000000,0.2900000000,0.1200000000

optimal_chisq=7.1669939772,optimal_hour=2.8900051920, source_hour=2.8900000000 
parameter is :
0.8911694895,0.4038132980,0.5351546300,0.5857841639,0.8271853891,0.2876012212,11.7551593081,74.5748801892,2.8900051920,282.0182737486,-0.2352406704,0.2177533609,0.0167150868,

##################################
1.0000000000,0.9458818598,1.0955185563,0.7303645416,1.0424252832,0.6610712702,166.0000000000,71.0000000000,8.0000000000,282.0000000000,-0.0022000000,0.2400000000,0.1200000000

optimal_chisq=7.3688625893,optimal_hour=3.0899991540, source_hour=3.0900000000 
parameter is :
1.1466065476,1.3322140904,1.3994858490,1.3550572753,0.9299449280,-1.1911916140,163.3596552761,69.1257879609,3.0899991540,279.1343043170,-0.1351072030,0.2387693989,0.0349088813,

##################################
1.0000000000,0.7625483977,0.7993576831,0.8672652770,0.4955674968,1.1092973019,342.0000000000,-12.0000000000,1.0000000000,355.0000000000,-0.0016000000,0.3200000000,0.0700000000

optimal_chisq=7.2724358650,optimal_hour=2.8700001421, source_hour=2.8700000000 
parameter is :
1.0833146425,0.8084393179,0.7827867001,0.7862465220,0.4736440513,1.0877178451,341.9996749304,-11.9995546673,2.8700001421,355.0003093245,-0.0237380604,0.3198893096,0.0849784443,

##################################
1.0000000000,0.0065094992,0.2258153701,0.7336216555,0.2358603414,0.6715938179,107.0000000000,90.0000000000,12.0000000000,77.0000000000,-0.0013000000,0.2600000000,0.1000000000

optimal_chisq=7.4054857652,optimal_hour=2.8900041165, source_hour=2.8900000000 
parameter is :
0.8200576746,0.3038504818,0.0094561066,0.9384654554,0.4388314157,0.6206205464,97.7386699158,90.1791834003,2.8900041165,75.3940465171,-0.3261247979,0.0943851306,-0.0213658227,

##################################
1.0000000000,0.4252312102,0.6336959940,0.6962378449,0.5614341594,0.6778969059,163.0000000000,-67.0000000000,5.0000000000,121.0000000000,-0.0017000000,0.2100000000,0.1900000000

optimal_chisq=5.8509494632,optimal_hour=2.8900030853, source_hour=2.8900000000 
parameter is :
2.9429478605,0.9754536515,0.7762520760,3.1841923923,2.5920730320,-1.9778099292,184.9853657658,-89.3100085835,2.8900030853,115.2381114363,-0.1223539219,0.1973521620,-0.0153520002,

##################################
1.0000000000,0.1125992798,0.7269703549,0.2343912782,0.6754034173,0.1150730802,163.0000000000,-43.0000000000,22.0000000000,266.0000000000,-0.0015000000,0.4400000000,0.1700000000

optimal_chisq=7.9151881126,optimal_hour=2.6899998690, source_hour=2.6900000000 
parameter is :
0.8941187181,0.3964520210,0.8123820114,0.3032437159,0.6237719466,0.3792004803,163.0051418412,-43.0063391194,2.6899998690,265.9795049676,-0.1418082398,0.4395216768,0.0442548881,

##################################
1.0000000000,0.3070496047,0.3411176226,0.9114657269,0.2109129004,1.0070363457,17.0000000000,-9.0000000000,6.0000000000,117.0000000000,-0.0016000000,0.3300000000,0.1600000000

optimal_chisq=7.6105794384,optimal_hour=3.0799999538, source_hour=3.0800000000 
parameter is :
0.9951788277,0.9252090743,0.3451519307,1.3248947495,0.4554238134,1.2326890388,18.5138813505,-7.3437178992,3.0799999538,119.1164236820,-0.2448088505,0.2810577074,-0.2362863301,

##################################
1.0000000000,0.9848668436,0.9260966205,0.9605989399,0.9403072765,0.8408015551,221.0000000000,-30.0000000000,12.0000000000,246.0000000000,-0.0019000000,0.2500000000,0.0800000000

optimal_chisq=7.3080483866,optimal_hour=2.7199984952, source_hour=2.7200000000 
parameter is :
1.0564763954,1.0405623293,0.8641947321,0.9011978439,0.9427064037,0.8417563860,221.0000657928,-30.0000878168,2.7199984952,246.0001058003,-0.0354055490,0.2497453580,0.0833528054,

##################################
1,chisq=5.768621233069553433381315699080,optimalHour=2.8900041942,InitHout=2.8900000000,deviation=0.0000041942
2,chisq=5.850949463222946178575512021780,optimalHour=2.8900030853,InitHout=2.8900000000,deviation=0.0000030853
3,chisq=5.875866426817506926738587935688,optimalHour=2.8900044583,InitHout=2.8900000000,deviation=0.0000044583
4,chisq=6.399580855382491328953165066196,optimalHour=3.0900006453,InitHout=3.0900000000,deviation=0.0000006453
5,chisq=6.504218923488155112977437966038,optimalHour=2.7200014547,InitHout=2.7200000000,deviation=0.0000014547
6,chisq=6.722665752632697611090861755656,optimalHour=3.0899998343,InitHout=3.0900000000,deviation=0.0000001657
7,chisq=6.738082245237083434119540470419,optimalHour=2.8900019951,InitHout=2.8900000000,deviation=0.0000019951
8,chisq=6.973423723301571008903465553885,optimalHour=2.8799949872,InitHout=2.8800000000,deviation=0.0000050128
9,chisq=7.058156902799360921108018374071,optimalHour=2.8899923218,InitHout=2.8900000000,deviation=0.0000076782
10,chisq=7.067067151546884140600468526827,optimalHour=2.7200026539,InitHout=2.7200000000,deviation=0.0000026539
11,chisq=7.088997428272084455613821774023,optimalHour=2.8500007256,InitHout=2.8500000000,deviation=0.0000007256
12,chisq=7.166993977169161311735479102936,optimalHour=2.8900051920,InitHout=2.8900000000,deviation=0.0000051920
13,chisq=7.263140314667624330979833757738,optimalHour=2.8799949822,InitHout=2.8800000000,deviation=0.0000050178
14,chisq=7.272435865014854172727609693538,optimalHour=2.8700001421,InitHout=2.8700000000,deviation=0.0000001421
15,chisq=7.290210336987009931419834174449,optimalHour=2.7199961724,InitHout=2.7200000000,deviation=0.0000038276
16,chisq=7.308048386581978306253404298332,optimalHour=2.7199984952,InitHout=2.7200000000,deviation=0.0000015048
17,chisq=7.312465961385403723227227601456,optimalHour=2.9000286310,InitHout=2.9000000000,deviation=0.0000286310
18,chisq=7.346003650613571522853817441501,optimalHour=2.8999975383,InitHout=2.9000000000,deviation=0.0000024617
19,chisq=7.352577953031354418556020391406,optimalHour=2.8900000170,InitHout=2.8900000000,deviation=0.0000000170
20,chisq=7.368862589277804353571355022723,optimalHour=3.0899991540,InitHout=3.0900000000,deviation=0.0000008460
21,chisq=7.405485765184111279779699543724,optimalHour=2.8900041165,InitHout=2.8900000000,deviation=0.0000041165
22,chisq=7.434643040938465397005074919434,optimalHour=2.7099861344,InitHout=2.7100000000,deviation=0.0000138656
23,chisq=7.610579438372448102256839774782,optimalHour=3.0799999538,InitHout=3.0800000000,deviation=0.0000000462
24,chisq=7.710222570492929250463021162432,optimalHour=2.6900018598,InitHout=2.6900000000,deviation=0.0000018598
25,chisq=7.725252545506776868933229707181,optimalHour=2.8900053322,InitHout=2.8900000000,deviation=0.0000053322
26,chisq=7.736938802460026742835452751024,optimalHour=2.6900004259,InitHout=2.6900000000,deviation=0.0000004259
27,chisq=7.847114483043592159106083272491,optimalHour=2.6900008637,InitHout=2.6900000000,deviation=0.0000008637
28,chisq=7.915188112569173206622963334667,optimalHour=2.6899998690,InitHout=2.6900000000,deviation=0.0000001310
29,chisq=7.936592196721830916317230730783,optimalHour=3.0900010778,InitHout=3.0900000000,deviation=0.0000010778
30,chisq=8.293017955316889455730233748909,optimalHour=3.0800011040,InitHout=3.0800000000,deviation=0.0000011040
1.0000000000,0.4101821163,0.5874718779,0.7337839510,0.6337419680,0.5833757018,238.0000000000,-40.0000000000,5.0000000000,68.0000000000,-0.0014000000,0.4500000000,0.0600000000

optimal_chisq=5.7686212331,optimal_hour=2.8900041942, source_hour=2.8900000000 
parameter is :
1.1497373620,0.4025020159,0.1193866803,1.1044603136,0.6074655306,0.5006322979,240.7474255883,-41.9471663207,2.8900041942,67.3723536640,-0.2638949041,0.4491874398,0.1060373563,

run over!

##################################
1.0000000000,0.4252312102,0.6336959940,0.6962378449,0.5614341594,0.6778969059,163.0000000000,-67.0000000000,5.0000000000,121.0000000000,-0.0017000000,0.2100000000,0.1900000000

optimal_chisq=5.8509494632,optimal_hour=2.8900030853, source_hour=2.8900000000 
parameter is :
2.9429478605,0.9754536515,0.7762520760,3.1841923923,2.5920730320,-1.9778099292,184.9853657658,-89.3100085835,2.8900030853,115.2381114363,-0.1223539219,0.1973521620,-0.0153520002,

run over!

##################################
1.0000000000,0.7332300943,0.5376396614,1.1311559812,0.0475606862,1.6155153518,293.0000000000,0.0000000000,6.0000000000,293.0000000000,-0.0018000000,0.2800000000,0.0900000000

optimal_chisq=5.8758664268,optimal_hour=2.8900044583, source_hour=2.8900000000 
parameter is :
0.7254513016,0.6061368969,-0.6695283648,1.3450999676,0.7017289687,0.6298121633,244.5842572466,-19.0021682627,2.8900044583,299.3128838959,-0.3986682604,-1.5759268849,-0.2039541104,

run over!

##################################
1.0000000000,0.4523480355,1.0419428498,0.2489790180,0.3108909239,0.9299200183,268.0000000000,-21.0000000000,24.0000000000,117.0000000000,-0.0012000000,0.4300000000,0.1300000000

optimal_chisq=6.3995808554,optimal_hour=3.0900006453, source_hour=3.0900000000 
parameter is :
2.9666759130,-0.4292635818,2.1701644877,0.1848787172,0.6334175784,1.7818731600,258.8976401913,-17.8085468446,3.0900006453,117.4724001501,18.6968797228,6.2452794865,-0.0253043812,

run over!

##################################
1.0000000000,0.8953134091,1.5827224174,0.1275014948,0.4616847749,1.1927265635,122.0000000000,61.0000000000,20.0000000000,43.0000000000,-0.0018000000,0.2400000000,0.1200000000

optimal_chisq=5.5846360448,optimal_hour=2.7090019476, source_hour=2.7090000000 
parameter is :
2.8857141699,7.7456541969,4.8199721026,2.7919489958,2.7692528883,4.4700642686,84.2227302708,1.2341181722,2.7090019476,61.3304535035,-0.6463398802,-2.6517464539,-0.0218889720,

run over!

##################################
1.0000000000,0.3045221839,0.6516267891,0.5438830251,0.9513821841,0.0550712576,262.0000000000,42.0000000000,4.0000000000,289.0000000000,-0.0015000000,0.4100000000,0.1900000000

optimal_chisq=6.7226657526,optimal_hour=3.0899998343, source_hour=3.0900000000 
parameter is :
1.0383613636,0.3729055785,0.6144516008,0.5442711000,0.9107785193,0.0797771653,261.9997833431,42.0000835593,3.0899998343,288.9995574518,-0.0083803672,0.4099462170,0.1680484372,

run over!

##################################
1,chisq=5.584636044762976148092548100976,optimalHour=2.7090019476,InitHout=2.7090000000,deviation=0.0000019476
2,chisq=5.768621233069553433381315699080,optimalHour=2.8900041942,InitHout=2.8900000000,deviation=0.0000041942
3,chisq=5.850949463222946178575512021780,optimalHour=2.8900030853,InitHout=2.8900000000,deviation=0.0000030853
4,chisq=5.875866426817506926738587935688,optimalHour=2.8900044583,InitHout=2.8900000000,deviation=0.0000044583
5,chisq=6.399580855382491328953165066196,optimalHour=3.0900006453,InitHout=3.0900000000,deviation=0.0000006453
6,chisq=6.722665752632697611090861755656,optimalHour=3.0899998343,InitHout=3.0900000000,deviation=0.0000001657





1.0000000000,0.4101821163,0.5874718779,0.7337839510,0.6337419680,0.5833757018,238.0000000000,-40.0000000000,5.0000000000,68.0000000000,-0.0014000000,0.4500000000,0.0600000000


1.0000000000,0.4101821163,0.5874718779,0.7337839510,0.6337419680,0.5833757018,238.0000000000,-40.0000000000,5.0000000000,68.0000000000,-0.0014000000,0.4500000000,0.0600000000

optimal_chisq=5.0088645403,optimal_hour=2.8710964099 
parameter is :
0.4883167535,1.5492776586,0.8332187489,1.9500261996,-0.4204545331,-1.5453139425,238.9537485485,-47.1614180287,2.8710964099,75.1737890653,-0.1269430892,0.4511851293,0.0501101200,

Pole:
optimalLambda,optimalBeta:(87.5673238654,-48.8979411110)
optimalParameter:{1.1247262218,1.1419348651,2.3913025026,2.4347433958,0.5081303753,0.8157233756,87.5673238654,-48.8979411110,2.8710998195,57.9413410351,-0.3907953687,0.1913455442,-0.4515252048}


