1.0000000000,0.6338256046,1.3291243381,0.1214458314,0.1839389803,1.2408106554,69.0000000000,85.0000000000,20.0000000000,19.0000000000,-0.0017000000,0.3200000000,0.0900000000

optimal_chisq=5.2716682858,optimal_hour=4.6999999821, source_hour=4.7000000000 
parameter is :
1.0673973499,0.6229165160,1.3243733509,0.2437307590,0.2314509344,1.1787015994,68.9998405460,84.9989148263,4.6999999821,19.0006398962,-0.0073017950,0.3199702402,0.1435547663,

##################################
1.0000000000,0.9641213161,1.5919006934,0.1939404057,0.7653671146,0.9301951264,250.0000000000,-4.0000000000,6.0000000000,103.0000000000,-0.0019000000,0.4600000000,0.1900000000

optimal_chisq=6.0233229928,optimal_hour=4.7000010577, source_hour=4.7000000000 
parameter is :
0.9083539502,0.7688423366,1.7587652387,-0.2002172706,1.1153064788,0.7523917888,250.0219238350,-4.0197641492,4.7000010577,103.0003776347,-0.0212425748,0.4598339347,-0.1366685189,

##################################
1.0000000000,0.9581017378,0.8747522492,0.9895048973,1.5091614935,0.1759819391,135.0000000000,-69.0000000000,18.0000000000,253.0000000000,-0.0024000000,0.4200000000,0.1100000000

optimal_chisq=5.0393699022,optimal_hour=4.7000009738, source_hour=4.7000000000 
parameter is :
1.0047641454,0.9608537558,0.8675598663,0.9847070917,1.5114743174,0.1767711862,134.9999944386,-69.0000059561,4.7000009738,253.0000169338,-0.0025456117,0.4199991644,0.1093844774,

##################################
1.0000000000,0.7587476656,1.3659535302,0.2206031868,1.1644679612,0.2584110340,296.0000000000,-6.0000000000,1.0000000000,289.0000000000,-0.0019000000,0.2400000000,0.1900000000

optimal_chisq=5.0636961074,optimal_hour=4.6999999991, source_hour=4.7000000000 
parameter is :
1.0000000000,0.7587476656,1.3659535302,0.2206031868,1.1644679612,0.2584110340,296.0000000000,-6.0000000000,4.6999999991,289.0000000000,-0.0019000000,0.2400000000,0.1900000000,

##################################
1.0000000000,0.4788375178,0.3856601318,1.0390381866,0.1591023040,1.2428995677,324.0000000000,64.0000000000,12.0000000000,252.0000000000,-0.0015000000,0.3600000000,0.1000000000

optimal_chisq=5.8100747457,optimal_hour=4.6999992186, source_hour=4.7000000000 
parameter is :
1.0077329657,0.4815526744,0.4008457883,1.0444876257,0.1514308554,1.2273861483,324.0000460633,64.0000073263,4.6999992186,252.0000534084,-0.0015715904,0.3599997017,0.0950739748,

##################################
1.0000000000,0.5094911295,0.6640474157,0.7516303577,0.8878878849,0.3886849577,216.0000000000,17.0000000000,6.0000000000,45.0000000000,-0.0020000000,0.3700000000,0.1300000000

optimal_chisq=5.9738301463,optimal_hour=4.8900014135, source_hour=4.8900000000 
parameter is :
1.0249496816,0.6845565004,0.5853657859,0.6363468623,0.9532760400,0.2599102019,215.9709661701,16.9876862553,4.8900014135,44.9895215730,0.0137454237,0.3711909378,0.1754301372,

##################################
1.0000000000,0.8244022493,1.3539258208,0.3074920466,0.5863193095,1.0012340407,187.0000000000,61.0000000000,6.0000000000,83.0000000000,-0.0021000000,0.3800000000,0.1200000000

optimal_chisq=4.3441509151,optimal_hour=4.7000005640, source_hour=4.7000000000 
parameter is :
1.6115091819,0.5559427942,0.8456554341,0.7121780389,1.4749497127,1.4598556781,186.2716270504,60.6630382990,4.7000005640,78.4448402469,-0.0204751673,0.3865549303,-0.1052863897,

##################################
1.0000000000,0.1798407851,0.2008408201,0.9439109932,0.2813990771,0.8118744809,90.0000000000,23.0000000000,6.0000000000,50.0000000000,-0.0015000000,0.2100000000,0.1900000000

optimal_chisq=5.1307212675,optimal_hour=4.3799996391, source_hour=4.3800000000 
parameter is :
0.8697486979,0.4012752474,0.4304428440,0.7755005785,0.0553791538,1.0693609361,90.0053746074,22.9993872230,4.3799996391,50.0006960616,-0.0121121650,0.2101985181,-0.0246907167,

##################################
1.0000000000,0.5576234747,0.9125310805,0.5174653511,0.5559616679,0.7915158876,40.0000000000,15.0000000000,4.0000000000,50.0000000000,-0.0019000000,0.4600000000,0.1600000000

optimal_chisq=6.4096002014,optimal_hour=5.1699999988, source_hour=5.1700000000 
parameter is :
0.9495771436,0.8491675143,0.8533744023,0.3701157357,0.5829652321,0.7965158795,39.9941747986,15.0009786082,5.1699999988,49.9977618404,-0.0590739283,0.4598266403,-0.0376009528,

##################################
1.0000000000,0.4614293051,0.0498672597,1.4047054255,0.7539123804,0.5883235114,184.0000000000,77.0000000000,9.0000000000,305.0000000000,-0.0020000000,0.2300000000,0.1500000000

optimal_chisq=5.3734616820,optimal_hour=4.7000033556, source_hour=4.7000000000 
parameter is :
0.7163085360,0.9916730353,0.1389018404,1.3744305134,1.2476160511,-0.2566374514,172.8143833818,73.4650933008,4.7000033556,300.2556358131,-0.0296498016,0.2311870770,0.0826031205,

##################################
1.0000000000,0.7882557017,1.0383137836,0.6251006568,1.1622269563,0.3471907544,192.0000000000,74.0000000000,9.0000000000,179.0000000000,-0.0013000000,0.3000000000,0.1000000000

optimal_chisq=3.8390880451,optimal_hour=4.7000085546, source_hour=4.7000000000 
parameter is :
1.0793127331,0.6879013200,1.4837290330,0.6411682640,1.1363884420,0.5400840073,194.5970677586,74.8171590790,4.7000085546,180.7689901027,-0.0323236675,0.3092752947,-0.1759686874,

##################################
1.0000000000,0.2941800371,1.0792505502,0.0182563665,0.4318148300,0.5803686576,143.0000000000,-12.0000000000,16.0000000000,345.0000000000,-0.0022000000,0.4200000000,0.1600000000

optimal_chisq=4.9927905310,optimal_hour=4.7000003198, source_hour=4.7000000000 
parameter is :
0.9253605701,0.3882980494,1.2058112525,-0.1378586754,0.4228015197,0.4360750325,143.0378263065,-11.9966850306,4.7000003198,344.8738200043,-0.0829598441,0.4195769738,-0.0689074253,

##################################
1.0000000000,0.5967043133,0.6112176630,0.9048549361,0.1050346693,1.3970527693,277.0000000000,-10.0000000000,5.0000000000,104.0000000000,-0.0015000000,0.4000000000,0.1400000000

optimal_chisq=5.2702604670,optimal_hour=4.3799942753, source_hour=4.3800000000 
parameter is :
1.5539913047,0.5173199681,0.9479789590,0.5868581949,-1.2545549079,2.1724898455,274.7949107542,-9.6211857272,4.3799942753,104.3617577818,-0.0857607878,0.4059766235,-0.0621040237,

##################################
1.0000000000,0.1658211551,0.9192623856,0.0585307876,0.5791961472,0.2606714395,316.0000000000,24.0000000000,2.0000000000,288.0000000000,-0.0020000000,0.4800000000,0.0500000000

optimal_chisq=5.4694735266,optimal_hour=4.3800041296, source_hour=4.3800000000 
parameter is :
0.9175248308,0.3212390268,0.9032332541,0.0828397986,0.9322758914,0.4405010639,315.9815602781,24.9117454597,4.3800041296,288.4131703508,-0.1018852786,0.4792445731,0.0450341035,

##################################
1.0000000000,0.0552159567,0.0511128350,0.9943248565,0.3609914906,0.6100985112,197.0000000000,22.0000000000,19.0000000000,321.0000000000,-0.0023000000,0.4600000000,0.0700000000

optimal_chisq=6.1601312519,optimal_hour=4.7000010985, source_hour=4.7000000000 
parameter is :
0.9900969382,0.2381092842,0.1165979075,1.1395911083,0.2721107627,0.4915531205,197.0363517436,21.9989769312,4.7000010985,321.0191409835,-0.1043776146,0.4608518587,0.2003213661,

##################################
1.0000000000,0.9165537525,0.9389885395,0.8739794292,0.9093109915,0.7970798722,90.0000000000,-11.0000000000,7.0000000000,313.0000000000,-0.0019000000,0.2100000000,0.1200000000

optimal_chisq=5.4240747697,optimal_hour=4.6999941080, source_hour=4.7000000000 
parameter is :
0.8369781959,0.7433180618,1.0624504061,1.0597139675,0.9189869468,0.8040400851,90.0004772170,-11.0004193213,4.6999941080,313.0013111972,0.0046901261,0.2102663535,0.1197389440,

##################################
1.0000000000,0.2124300065,0.4323142534,0.7040269419,0.7304835182,0.2580691964,124.0000000000,52.0000000000,11.0000000000,259.0000000000,-0.0012000000,0.4000000000,0.1400000000

optimal_chisq=5.4062208898,optimal_hour=4.8899998083, source_hour=4.8900000000 
parameter is :
1.0712851673,0.3715916167,0.4968714319,0.7023912894,0.4931935737,0.3577357091,124.0150779494,51.9945299357,4.8899998083,259.0133793443,0.0457539437,0.3992845378,0.0141739430,

##################################
1.0000000000,0.9915255927,0.2261164082,1.7424363269,0.4943552332,1.4226209366,5.0000000000,52.0000000000,20.0000000000,156.0000000000,-0.0022000000,0.3100000000,0.0600000000

optimal_chisq=5.6911885366,optimal_hour=4.3800027237, source_hour=4.3800000000 
parameter is :
1.2333098901,1.3025553649,0.6309025980,1.3283875145,1.0471739373,1.2177605044,4.9910109746,52.0102509753,4.3800027237,155.9924898678,-0.0662394322,0.3156547761,0.2705189053,

##################################
1.0000000000,0.0472079222,0.7862879089,0.0792276290,0.0953393289,0.7475542965,176.0000000000,-9.0000000000,19.0000000000,257.0000000000,-0.0024000000,0.4900000000,0.0800000000

optimal_chisq=5.0766539426,optimal_hour=4.3800025056, source_hour=4.3800000000 
parameter is :
0.5720682184,0.5708287819,0.9555143110,0.1715121939,0.1641381819,0.9631425716,177.5086884770,-9.2096017766,4.3800025056,257.1773053563,-0.1832397836,0.4649681562,0.1767934569,

##################################
1.0000000000,0.5585408558,0.0784368873,1.4699726842,0.5719699462,0.8986535793,200.0000000000,23.0000000000,22.0000000000,92.0000000000,-0.0012000000,0.3800000000,0.0700000000

optimal_chisq=5.2550371588,optimal_hour=4.7400021900, source_hour=4.7400000000 
parameter is :
1.1291118687,0.9863780782,0.0482240290,1.5397816084,0.3742406249,0.5261347782,204.4880449736,24.0489015684,4.7400021900,92.0678540407,-0.5730821367,0.0231319692,-0.0246154979,

##################################
1.0000000000,0.5995848624,0.6666670345,0.8446972667,0.8492154716,0.5398799867,193.0000000000,-70.0000000000,20.0000000000,242.0000000000,-0.0013000000,0.2400000000,0.1000000000

optimal_chisq=5.3727073274,optimal_hour=4.8899994540, source_hour=4.8900000000 
parameter is :
0.7407032242,0.6811505653,0.8142238470,0.9206393500,0.7894202158,0.7086990828,192.9913979652,-70.0008805926,4.8899994540,242.0144397404,0.0211589126,0.2400381976,0.0300059632,

##################################
1.0000000000,0.3198962744,0.1409654476,1.1572134114,0.5908652584,0.6088093469,106.0000000000,20.0000000000,7.0000000000,166.0000000000,-0.0022000000,0.3000000000,0.1700000000

optimal_chisq=5.2689136922,optimal_hour=4.8899996892, source_hour=4.8900000000 
parameter is :
0.6964491230,0.7245317312,-1.1761705462,2.3712738869,0.3738884106,0.3069385702,107.9434666414,17.1351726355,4.8899996892,171.3263434236,0.0859008865,0.3145572548,0.0825480962,

##################################
1.0000000000,0.2406636436,0.9899728151,0.0625823356,0.1779795887,0.8395944029,39.0000000000,15.0000000000,6.0000000000,80.0000000000,-0.0023000000,0.4300000000,0.1100000000

optimal_chisq=5.7179474876,optimal_hour=4.7399985612, source_hour=4.7400000000 
parameter is :
0.7618568334,0.3874011387,1.0454292507,0.0330348482,0.0644110344,1.0041358433,38.9501497010,15.0359827582,4.7399985612,80.0030589967,-0.0962246260,0.4315350787,-0.0406521193,

##################################
1.0000000000,0.8371573858,0.5450361401,1.2307354057,0.8007269443,0.8797468407,247.0000000000,52.0000000000,19.0000000000,286.0000000000,-0.0024000000,0.4000000000,0.0600000000

optimal_chisq=5.5593373226,optimal_hour=4.3800000829, source_hour=4.3800000000 
parameter is :
0.6361426900,0.9949571503,0.8145348466,1.2340082455,0.6432590833,1.1181371053,247.0058383804,52.0018544824,4.3800000829,286.0045389389,-0.0695491664,0.3981157772,0.1123783910,

##################################
1.0000000000,0.3135658774,0.4118405369,0.8357009999,0.5250786771,0.6316782413,174.0000000000,-50.0000000000,17.0000000000,86.0000000000,-0.0012000000,0.4300000000,0.0900000000

optimal_chisq=5.7674512317,optimal_hour=4.2800009925, source_hour=4.2800000000 
parameter is :
0.9658394729,0.3620363063,0.5201921806,0.9323105926,0.6621188387,0.6728927254,174.0263922089,-49.9814713780,4.2800009925,86.0132116460,0.0044426924,0.4305232546,0.0937593094,

##################################
1.0000000000,0.4645220495,0.6433823924,0.7272591849,0.5251017943,0.7640767793,206.0000000000,-85.0000000000,4.0000000000,272.0000000000,-0.0015000000,0.4700000000,0.1300000000

optimal_chisq=5.3715889325,optimal_hour=4.6999985791, source_hour=4.7000000000 
parameter is :
0.9237129783,0.8090227044,0.7321871717,0.5625667259,0.6204518343,0.7070854699,206.0019626959,-84.9989162250,4.6999985791,271.9975037225,-0.0095286813,0.4699416328,0.0433735032,

##################################
1.0000000000,0.6530826286,0.2556828251,1.3658641365,1.2051995597,0.2507977002,134.0000000000,-75.0000000000,7.0000000000,269.0000000000,-0.0023000000,0.3200000000,0.1000000000

optimal_chisq=5.2661859150,optimal_hour=4.7000015206, source_hour=4.7000000000 
parameter is :
0.5507297348,0.4783136213,0.1858271689,1.0365164975,0.5775675633,0.1957985567,127.8152452700,-75.9824611914,4.7000015206,273.2476334507,-0.0323999007,0.3197457689,-0.0274006541,

##################################
1.0000000000,0.2922552658,0.3434358894,0.8932793662,0.1947322410,1.0096456148,139.0000000000,36.0000000000,14.0000000000,77.0000000000,-0.0020000000,0.4600000000,0.0800000000

optimal_chisq=5.1311399804,optimal_hour=4.7000004166, source_hour=4.7000000000 
parameter is :
1.1408854075,0.2918890807,0.5342034727,0.6766925148,0.1132618659,1.0240172087,139.0095050179,36.0009965181,4.7000004166,77.0012472041,0.0223286190,0.4603931476,-0.0355476964,

##################################
1.0000000000,0.8299847193,0.8654559446,0.8644718906,1.0763044043,0.5186606762,106.0000000000,-2.0000000000,1.0000000000,230.0000000000,-0.0019000000,0.2300000000,0.0700000000

optimal_chisq=4.8236023159,optimal_hour=4.7000060897, source_hour=4.7000000000 
parameter is :
2.0340335236,0.2848353848,1.1182735212,1.4758119405,0.2282361967,0.4947004899,105.9959546144,-2.0284916711,4.7000060897,230.0467653419,-0.0281175739,0.2306523992,1.1653137689,

##################################
1.0000000000,0.6404105237,0.1278335165,1.4968404945,0.7813472991,0.7406529721,303.0000000000,-21.0000000000,10.0000000000,310.0000000000,-0.0021000000,0.2300000000,0.0500000000

optimal_chisq=5.4495948260,optimal_hour=4.7400000702, source_hour=4.7400000000 
parameter is :
0.6755242303,1.0661988623,0.5668019472,1.0824808725,1.0508164438,1.1993397413,302.4055054654,-21.4314581554,4.7400000702,311.4024660516,-0.0481569561,0.2295800719,-0.1207019994,

##################################
1,chisq=3.839088045074818378310510524898,optimalHour=4.7000085546,InitHout=4.7000000000,deviation=0.0000085546
2,chisq=4.344150915088268227748358185636,optimalHour=4.7000005640,InitHout=4.7000000000,deviation=0.0000005640
3,chisq=4.823602315892712155687149788719,optimalHour=4.7000060897,InitHout=4.7000000000,deviation=0.0000060897
4,chisq=4.992790531016391142316024343017,optimalHour=4.7000003198,InitHout=4.7000000000,deviation=0.0000003198
5,chisq=5.039369902183108429483127110871,optimalHour=4.7000009738,InitHout=4.7000000000,deviation=0.0000009738
6,chisq=5.063696107361376874678171589039,optimalHour=4.6999999991,InitHout=4.7000000000,deviation=0.0000000009
7,chisq=5.076653942555159559901767352130,optimalHour=4.3800025056,InitHout=4.3800000000,deviation=0.0000025056
8,chisq=5.130721267487136749707588023739,optimalHour=4.3799996391,InitHout=4.3800000000,deviation=0.0000003609
9,chisq=5.131139980443788495279022754403,optimalHour=4.7000004166,InitHout=4.7000000000,deviation=0.0000004166
10,chisq=5.255037158790881512970827316167,optimalHour=4.7400021900,InitHout=4.7400000000,deviation=0.0000021900
11,chisq=5.266185914985423544010245677782,optimalHour=4.7000015206,InitHout=4.7000000000,deviation=0.0000015206
12,chisq=5.268913692221564026851865492063,optimalHour=4.8899996892,InitHout=4.8900000000,deviation=0.0000003108
13,chisq=5.270260466996079529167218424845,optimalHour=4.3799942753,InitHout=4.3800000000,deviation=0.0000057247
14,chisq=5.271668285835712453035739599727,optimalHour=4.6999999821,InitHout=4.7000000000,deviation=0.0000000179
15,chisq=5.371588932541786043373122083722,optimalHour=4.6999985791,InitHout=4.7000000000,deviation=0.0000014209
16,chisq=5.372707327424148360250910627656,optimalHour=4.8899994540,InitHout=4.8900000000,deviation=0.0000005460
17,chisq=5.373461682008755069261951575754,optimalHour=4.7000033556,InitHout=4.7000000000,deviation=0.0000033556
18,chisq=5.406220889793203809858823660761,optimalHour=4.8899998083,InitHout=4.8900000000,deviation=0.0000001917
19,chisq=5.424074769694386510821004776517,optimalHour=4.6999941080,InitHout=4.7000000000,deviation=0.0000058920
20,chisq=5.449594825970315525864862138405,optimalHour=4.7400000702,InitHout=4.7400000000,deviation=0.0000000702
21,chisq=5.469473526636838833780984714394,optimalHour=4.3800041296,InitHout=4.3800000000,deviation=0.0000041296
22,chisq=5.559337322592641683627334714402,optimalHour=4.3800000829,InitHout=4.3800000000,deviation=0.0000000829
23,chisq=5.691188536602621361737419647397,optimalHour=4.3800027237,InitHout=4.3800000000,deviation=0.0000027237
24,chisq=5.717947487633815661922653816873,optimalHour=4.7399985612,InitHout=4.7400000000,deviation=0.0000014388
25,chisq=5.767451231664616706495962716872,optimalHour=4.2800009925,InitHout=4.2800000000,deviation=0.0000009925
26,chisq=5.810074745701980347689641348552,optimalHour=4.6999992186,InitHout=4.7000000000,deviation=0.0000007814
27,chisq=5.973830146320059597542240226176,optimalHour=4.8900014135,InitHout=4.8900000000,deviation=0.0000014135
28,chisq=6.023322992802286002245182316983,optimalHour=4.7000010577,InitHout=4.7000000000,deviation=0.0000010577
29,chisq=6.160131251933296248068927525310,optimalHour=4.7000010985,InitHout=4.7000000000,deviation=0.0000010985
30,chisq=6.409600201419672238500879757339,optimalHour=5.1699999988,InitHout=5.1700000000,deviation=0.0000000012
1.0000000000,0.7882557017,1.0383137836,0.6251006568,1.1622269563,0.3471907544,192.0000000000,74.0000000000,9.0000000000,179.0000000000,-0.0013000000,0.3000000000,0.1000000000

optimal_chisq=3.8390880451,optimal_hour=4.7000085546, source_hour=4.7000000000 
parameter is :
1.0793127331,0.6879013200,1.4837290330,0.6411682640,1.1363884420,0.5400840073,194.5970677586,74.8171590790,4.7000085546,180.7689901027,-0.0323236675,0.3092752947,-0.1759686874,

run over!

##################################
1.0000000000,0.8244022493,1.3539258208,0.3074920466,0.5863193095,1.0012340407,187.0000000000,61.0000000000,6.0000000000,83.0000000000,-0.0021000000,0.3800000000,0.1200000000

optimal_chisq=4.1448629149,optimal_hour=4.7009978433, source_hour=4.7010000000 
parameter is :
1.3868745934,1.4635949150,0.8645293649,1.6037429632,1.3529505353,1.9191150157,185.8722916298,49.6829609825,4.7009978433,78.0320604121,-0.0091457693,0.3802896162,0.3834402340,

run over!

##################################
1.0000000000,0.8299847193,0.8654559446,0.8644718906,1.0763044043,0.5186606762,106.0000000000,-2.0000000000,1.0000000000,230.0000000000,-0.0019000000,0.2300000000,0.0700000000

optimal_chisq=4.8236023159,optimal_hour=4.7000060897, source_hour=4.7000000000 
parameter is :
2.0340335236,0.2848353848,1.1182735212,1.4758119405,0.2282361967,0.4947004899,105.9959546144,-2.0284916711,4.7000060897,230.0467653419,-0.0281175739,0.2306523992,1.1653137689,

run over!

##################################
1.0000000000,0.2941800371,1.0792505502,0.0182563665,0.4318148300,0.5803686576,143.0000000000,-12.0000000000,16.0000000000,345.0000000000,-0.0022000000,0.4200000000,0.1600000000

optimal_chisq=4.1901742890,optimal_hour=4.7020005947, source_hour=4.7020000000 
parameter is :
1.0873354096,0.1604556113,0.9521558482,0.1601911841,0.4145858653,0.6258141968,141.8652162185,-9.4556087755,4.7020005947,348.5183783429,-0.1545379621,0.4163946486,0.0379834652,

run over!

##################################
1.0000000000,0.9581017378,0.8747522492,0.9895048973,1.5091614935,0.1759819391,135.0000000000,-69.0000000000,18.0000000000,253.0000000000,-0.0024000000,0.4200000000,0.1100000000

optimal_chisq=4.0133007801,optimal_hour=4.7010061858, source_hour=4.7010000000 
parameter is :
0.7430225440,1.0794886577,1.1780946060,1.2034045257,1.2819001431,0.1011231871,135.0046974961,-69.0029618162,4.7010061858,252.9973304095,-0.0538352457,0.4191237773,0.0234701586,

run over!

##################################
1.0000000000,0.7587476656,1.3659535302,0.2206031868,1.1644679612,0.2584110340,296.0000000000,-6.0000000000,1.0000000000,289.0000000000,-0.0019000000,0.2400000000,0.1900000000

optimal_chisq=4.5727692649,optimal_hour=4.7010005041, source_hour=4.7010000000 
parameter is :
3.7508502742,-0.3881672411,0.8922276764,1.3522612708,2.1213850966,-0.0468087863,296.9950007134,-6.1142411706,4.7010005041,286.5934592584,-0.0167096431,0.2444863595,0.2253002104,

run over!

##################################
1,chisq=3.839088045074818378310510524898,optimalHour=4.7000085546,InitHout=4.7000000000,deviation=0.0000085546
2,chisq=4.013300780070009565747568558436,optimalHour=4.7010061858,InitHout=4.7010000000,deviation=0.0000061858
3,chisq=4.144862914896634720207657665014,optimalHour=4.7009978433,InitHout=4.7010000000,deviation=0.0000021567
4,chisq=4.190174288973791405510382901412,optimalHour=4.7020005947,InitHout=4.7020000000,deviation=0.0000005947
5,chisq=4.572769264928956189919517782982,optimalHour=4.7010005041,InitHout=4.7010000000,deviation=0.0000005041
6,chisq=4.823602315892712155687149788719,optimalHour=4.7000060897,InitHout=4.7000000000,deviation=0.0000060897



1.0000000000,0.7882557017,1.0383137836,0.6251006568,1.1622269563,0.3471907544,192.0000000000,74.0000000000,9.0000000000,179.0000000000,-0.0013000000,0.3000000000,0.1000000000


1.0000000000,0.7882557017,1.0383137836,0.6251006568,1.1622269563,0.3471907544,192.0000000000,74.0000000000,9.0000000000,179.0000000000,-0.0013000000,0.3000000000,0.1000000000

optimal_chisq=2.5571424511,optimal_hour=4.7011032543 
parameter is :
1.5250865964,0.2336358298,1.1955081606,0.1732897541,1.2347647545,0.2086493734,192.7345442876,73.9775209233,4.7011032543,179.7184358312,-0.0550837747,0.2997666710,0.1454410183,

Pole:
optimalLambda,optimalBeta:(323.0092977026,16.9944879650)
optimalParameter:{1.0306792246,0.8834877934,1.2593590655,0.5051906414,1.1161904782,1.3633847326,323.0092977026,16.9944879650,4.7011036005,286.0034142961,-0.1070334771,0.4246386383,0.1251532997}


