1.0000000000,0.3751610817,1.1364667648,0.0465667478,0.8429567950,0.1743541769,269.0000000000,49.0000000000,7.0000000000,97.0000000000,-0.0021000000,0.3000000000,0.1600000000

optimal_chisq=2.1298890926,optimal_hour=6.1999996116, source_hour=6.2000000000 
parameter is :
0.9250673981,1.0054421474,1.3568279571,0.4998228978,1.2541944667,0.6257441937,261.2648259665,47.0886947933,6.1999996116,98.5686435893,-0.1073180966,0.2985154327,-0.2548528377,

##################################
1.0000000000,0.2092118222,0.1538402199,1.0293676820,0.6059354351,0.4640074624,107.0000000000,70.0000000000,12.0000000000,277.0000000000,-0.0015000000,0.3900000000,0.1400000000

optimal_chisq=2.0935138394,optimal_hour=6.2600009877, source_hour=6.2600000000 
parameter is :
0.9781474381,0.4669019127,0.1821853497,1.2261384987,0.9167617217,0.4268683907,105.0659063623,70.8667616248,6.2600009877,275.2676373848,-0.3879802760,0.3013480255,0.2685183934,

##################################
1.0000000000,0.9143402129,0.0762835889,1.8300534654,0.8890944626,0.9188906230,116.0000000000,-85.0000000000,4.0000000000,136.0000000000,-0.0014000000,0.4700000000,0.1200000000

optimal_chisq=1.4732606453,optimal_hour=6.1900006910, source_hour=6.1900000000 
parameter is :
1.0394212136,0.7856005403,0.5065215523,1.7488748656,1.2902064571,0.6464857746,115.9890446351,-85.0072254373,6.1900006910,136.0196187439,-0.0464489386,0.4686148550,-0.0242140449,

##################################
1.0000000000,0.4422719807,0.8164823453,0.5019313421,0.8577837381,0.3142553542,239.0000000000,-38.0000000000,22.0000000000,27.0000000000,-0.0014000000,0.4100000000,0.0500000000

optimal_chisq=2.0530020830,optimal_hour=6.0999999881, source_hour=6.1000000000 
parameter is :
1.0533653297,0.5020851889,0.7830836796,0.5232907266,0.7899825690,0.2979350608,239.0007798842,-38.0000488657,6.0999999881,26.9993227154,-0.0246312450,0.4099206742,0.0319582667,

##################################
1.0000000000,0.1328308057,0.4558959462,0.5897346686,0.8422110887,0.0044770763,113.0000000000,-7.0000000000,7.0000000000,238.0000000000,-0.0020000000,0.2500000000,0.0500000000

optimal_chisq=2.3092686503,optimal_hour=6.6199990608, source_hour=6.6200000000 
parameter is :
-0.6285699404,0.4701564514,0.5337023249,-0.3152554711,-1.0015893949,-0.0279094717,120.1498146397,23.4158981741,6.6199990608,235.3361798646,-0.1019076483,0.2644125268,0.0572999612,

##################################
1.0000000000,0.7450174665,1.3391345838,0.2358302498,0.3944137549,1.1287627598,207.0000000000,-23.0000000000,23.0000000000,288.0000000000,-0.0014000000,0.2800000000,0.1100000000

optimal_chisq=1.8782347206,optimal_hour=6.6899967399, source_hour=6.6900000000 
parameter is :
0.8924620770,1.2521219586,0.8541800893,0.9016184689,0.9253639098,0.8713693363,203.8247677145,-22.7944486579,6.6899967399,290.0253219960,-0.0185187782,0.2924910525,-0.1659368547,

##################################
1.0000000000,0.1586146314,0.3934351677,0.6927349819,0.8416334319,0.0572812540,143.0000000000,-56.0000000000,3.0000000000,38.0000000000,-0.0023000000,0.3600000000,0.1300000000

optimal_chisq=1.9578503415,optimal_hour=6.6200000826, source_hour=6.6200000000 
parameter is :
2.2980749550,0.4928473499,1.4500948950,1.8242092484,2.3855471533,0.4085756124,148.0186090337,-37.6167290342,6.6200000826,43.6433918833,-0.1807648412,0.3458117603,-0.1628467719,

##################################
1.0000000000,0.0257766424,0.2923746491,0.6728183262,0.3207399645,0.5726501174,276.0000000000,-67.0000000000,17.0000000000,167.0000000000,-0.0020000000,0.2800000000,0.1600000000

optimal_chisq=2.1599782950,optimal_hour=6.1000032919, source_hour=6.1000000000 
parameter is :
1.0220035349,0.1960031800,0.6516135638,0.7877342226,0.6995448194,0.5820248702,275.4838672781,-67.1656954819,6.1000032919,167.3139495473,-0.0811459936,0.2722853334,0.0960090071,

##################################
1.0000000000,0.5868321232,1.0846194806,0.3511244962,0.0392997667,1.3909486941,43.0000000000,40.0000000000,12.0000000000,252.0000000000,-0.0019000000,0.3000000000,0.1600000000

optimal_chisq=1.9541029047,optimal_hour=6.2599993889, source_hour=6.2600000000 
parameter is :
1.2757006673,1.1881595825,0.5919551045,1.3221104902,-0.6210161357,1.4373405565,45.4173343389,39.9008664355,6.2599993889,252.0797051036,-0.4747973909,0.0185250509,0.0198707075,

##################################
1.0000000000,0.2252274259,0.2854285023,0.8912861421,0.6747412066,0.3731986405,145.0000000000,31.0000000000,24.0000000000,14.0000000000,-0.0021000000,0.4200000000,0.1200000000

optimal_chisq=1.7212854761,optimal_hour=6.1900020905, source_hour=6.1900000000 
parameter is :
1.3981020038,-0.1432186029,1.1492158895,0.6895971291,0.7226665014,-0.4808724284,149.1175675309,24.9348427451,6.1900020905,18.8826411779,-0.4922622713,0.4841877184,0.0329766212,

##################################
1.0000000000,0.6322770490,0.8962307118,0.6176441159,0.2744863640,1.2022127990,191.0000000000,55.0000000000,21.0000000000,252.0000000000,-0.0015000000,0.2000000000,0.0700000000

optimal_chisq=2.0335831495,optimal_hour=6.6699999976, source_hour=6.6700000000 
parameter is :
1.0287427318,0.6416379163,0.8703798169,0.6107319977,0.2699903967,1.1968475724,190.9997993017,54.9998411620,6.6699999976,252.0002219592,-0.0167975953,0.1998852682,0.0717675572,

##################################
1.0000000000,0.1218552855,0.3383140444,0.7195814158,0.5762038910,0.3583852115,15.0000000000,-60.0000000000,6.0000000000,241.0000000000,-0.0012000000,0.4100000000,0.1700000000

optimal_chisq=1.7642316841,optimal_hour=6.1900002938, source_hour=6.1900000000 
parameter is :
0.7102423705,0.4633810230,-0.0048438875,0.6788695093,0.4730618786,1.0269268302,16.7113752674,-60.2112236811,6.1900002938,237.6954107171,-0.1188694482,0.4368971291,-0.2511883803,

##################################
1.0000000000,0.9362269318,0.2454827515,1.6650462983,1.6955447839,0.0169656426,313.0000000000,73.0000000000,23.0000000000,346.0000000000,-0.0012000000,0.4300000000,0.1800000000

optimal_chisq=2.1186002825,optimal_hour=5.7600003065, source_hour=5.7600000000 
parameter is :
0.9500995715,0.9696429897,0.2393560745,1.6963718860,1.6791025685,0.2578220382,314.1433498421,71.3484284443,5.7600003065,346.6974505187,-0.2048812287,0.4288817665,0.3564106524,

##################################
1.0000000000,0.3271135172,0.0502150036,1.2692873101,0.9601044955,0.1928511726,227.0000000000,52.0000000000,15.0000000000,248.0000000000,-0.0018000000,0.4900000000,0.1900000000

optimal_chisq=2.4099487819,optimal_hour=5.5500048888, source_hour=5.5500000000 
parameter is :
0.7210214565,1.6012919636,0.9224113616,1.0148591471,1.2706727903,0.5950289403,225.0669436960,50.7765569991,5.5500048888,246.0909237872,-0.2666765640,0.4702973053,0.0288877706,

##################################
1.0000000000,0.4569197369,0.3228273831,1.0883390866,0.2846138304,1.0849911926,42.0000000000,68.0000000000,13.0000000000,255.0000000000,-0.0013000000,0.3000000000,0.0600000000

optimal_chisq=1.9787220658,optimal_hour=6.6199953735, source_hour=6.6200000000 
parameter is :
0.8154440007,0.7821317406,0.7336162280,0.6147079274,0.5216823649,0.6759927796,42.0998461781,67.9773748565,6.6199953735,254.9764609660,-0.1589082247,0.3161203801,0.0294080149,

##################################
1.0000000000,0.9016776974,0.2542371605,1.6203154339,1.5321696651,0.1614484360,283.0000000000,-4.0000000000,3.0000000000,298.0000000000,-0.0016000000,0.4500000000,0.1500000000

optimal_chisq=2.4056268067,optimal_hour=5.7999994733, source_hour=5.8000000000 
parameter is :
2.1391094476,-0.9707094437,1.6388965668,4.2120367120,-0.5297523703,0.7201775572,230.3609872013,-5.0033950445,5.7999994733,295.8791205185,-1.0807640261,-0.4401720576,0.1616406410,

##################################
1.0000000000,0.3377604095,0.4152667973,0.8572253430,0.6158446047,0.5510992523,310.0000000000,0.0000000000,8.0000000000,69.0000000000,-0.0024000000,0.2500000000,0.0500000000

optimal_chisq=2.5939988040,optimal_hour=6.2400063048, source_hour=6.2400000000 
parameter is :
10.7324932281,7.1269774882,16.8465743052,8.8861160852,3.9161134027,17.3926392605,342.2811665412,-24.5206391770,6.2400063048,75.7315976702,-0.0581794299,0.2520890409,0.2787125768,

##################################
1.0000000000,0.4395727736,0.4456349432,0.9291059871,0.5638614300,0.7232638770,299.0000000000,-39.0000000000,20.0000000000,91.0000000000,-0.0021000000,0.2700000000,0.0700000000

optimal_chisq=1.3223130014,optimal_hour=6.1900030448, source_hour=6.1900000000 
parameter is :
1.7415210734,-0.4376061481,0.9576927255,0.2996901359,0.1335517743,0.8078929472,298.8782188883,-40.1951529362,6.1900030448,91.6007416252,-0.0991393581,0.2686174801,0.3877122831,

##################################
1.0000000000,0.4167215318,0.6670278756,0.6482673181,0.6375067321,0.5724080240,301.0000000000,-35.0000000000,12.0000000000,314.0000000000,-0.0015000000,0.3300000000,0.0900000000

optimal_chisq=1.1275727921,optimal_hour=6.1900016668, source_hour=6.1900000000 
parameter is :
1.1412953620,0.5374216824,0.5673926448,0.5683066713,0.6666474220,0.4093507819,300.9969095522,-35.0015216824,6.1900016668,314.0030305918,-0.1420196348,0.3306227590,0.2184428736,

##################################
1.0000000000,0.4287340275,0.6210591875,0.7146840350,0.6603503088,0.5678626515,217.0000000000,-73.0000000000,14.0000000000,92.0000000000,-0.0024000000,0.3800000000,0.0900000000

optimal_chisq=1.9606133633,optimal_hour=6.1200006372, source_hour=6.1200000000 
parameter is :
1.0183252773,0.4517444599,0.5988191584,0.6945937435,0.6603934596,0.5675252625,216.9999853300,-72.9999954569,6.1200006372,92.0000162350,-0.0041628201,0.3799878298,0.0872503233,

##################################
1.0000000000,0.6468396446,1.0519342638,0.4553227840,0.5259169751,0.9079854326,190.0000000000,-39.0000000000,18.0000000000,236.0000000000,-0.0017000000,0.3000000000,0.1400000000

optimal_chisq=1.1507558382,optimal_hour=6.1899999920, source_hour=6.1900000000 
parameter is :
1.1569002318,0.6673857732,0.9298473040,0.5740080452,0.7920119875,0.6424650641,189.0817474989,-40.1019423222,6.1899999920,234.7894266270,-0.0504240380,0.2997269400,0.2334229349,

##################################
1.0000000000,0.6404885806,1.2002012565,0.2778883381,0.2173758911,1.2306907919,236.0000000000,40.0000000000,15.0000000000,115.0000000000,-0.0014000000,0.4100000000,0.0700000000

optimal_chisq=1.9166075892,optimal_hour=6.2600013437, source_hour=6.2600000000 
parameter is :
1.0518418751,0.6949367510,1.1723189793,0.2304121257,0.2280575576,1.1946451062,235.9997860781,40.0004983266,6.2600013437,115.0010257471,-0.0317022237,0.4097176998,0.1207835034,

##################################
1.0000000000,0.5110691467,0.4543721003,0.9939525361,0.5186796902,0.8540773589,15.0000000000,48.0000000000,24.0000000000,35.0000000000,-0.0019000000,0.4400000000,0.1200000000

optimal_chisq=2.1318979498,optimal_hour=5.5400025259, source_hour=5.5400000000 
parameter is :
0.5671310133,1.1787276139,0.2801080291,1.5984495712,0.7135165373,1.4839964246,11.3100226726,49.7914115509,5.5400025259,32.3539313086,-0.2160225764,0.4386825044,0.0395433396,

##################################
1.0000000000,0.4604721966,0.9043852902,0.4194564863,0.8280624149,0.3558994480,326.0000000000,-78.0000000000,23.0000000000,153.0000000000,-0.0023000000,0.4900000000,0.1800000000

optimal_chisq=1.6974502071,optimal_hour=6.1900010469, source_hour=6.1900000000 
parameter is :
0.9945747448,0.5013512989,0.9057030833,0.4293234777,0.8117175272,0.3412912645,325.9975706223,-77.9990928712,6.1900010469,153.0022145437,-0.0175100757,0.4899286055,0.2468421041,

##################################
1.0000000000,0.7141124144,1.1337915480,0.4358564306,0.2967930224,1.2340806232,79.0000000000,-88.0000000000,13.0000000000,57.0000000000,-0.0014000000,0.3300000000,0.1600000000

optimal_chisq=2.0376197705,optimal_hour=6.2399998649, source_hour=6.2400000000 
parameter is :
1.2056267461,1.0222861017,1.1748644233,0.7301476215,0.3342985771,1.4375054045,77.6709946942,-90.8717534976,6.2399998649,57.7508869347,-0.1136826765,0.3281327649,0.1126581274,

##################################
1.0000000000,0.6585462390,1.2877363286,0.1973924465,0.8582925845,0.5005049997,112.0000000000,31.0000000000,24.0000000000,60.0000000000,-0.0013000000,0.4700000000,0.1600000000

optimal_chisq=2.3713220122,optimal_hour=5.5399999798, source_hour=5.5400000000 
parameter is :
1.0394395413,0.6924056010,1.2662479928,0.1633043175,0.7695547725,0.5984593370,111.9973551936,31.0062523245,5.5399999798,60.0016599440,-0.1163729641,0.4696817107,0.2031556557,

##################################
1.0000000000,0.0569730867,0.8026153131,0.0705086686,0.3224068219,0.4692678376,103.0000000000,51.0000000000,20.0000000000,323.0000000000,-0.0021000000,0.4100000000,0.1600000000

optimal_chisq=1.5717256629,optimal_hour=6.2599992695, source_hour=6.2600000000 
parameter is :
0.0767461434,0.0953950475,-0.9599740475,0.2775180211,0.5738325629,-0.7901202569,16.2265993051,34.5560505337,6.2599992695,344.1068976511,-2.6144864871,-6.4849702456,0.2798731507,

##################################
1.0000000000,0.8916908497,1.4259630352,0.3005429822,0.3924474949,1.2873324626,215.0000000000,-53.0000000000,9.0000000000,322.0000000000,-0.0018000000,0.4500000000,0.1800000000

optimal_chisq=1.3648603920,optimal_hour=6.1900015036, source_hour=6.1900000000 
parameter is :
0.6515783587,0.9970958828,1.0309642214,1.2612492194,0.4583050273,1.4290785470,216.1050577604,-52.3735367775,6.1900015036,318.4423679154,-0.1049325618,0.4556413819,0.0416188460,

##################################
1.0000000000,0.4267235419,0.0960832457,1.3170416045,0.3039541483,1.0647560178,127.0000000000,-82.0000000000,7.0000000000,94.0000000000,-0.0024000000,0.2600000000,0.1000000000

optimal_chisq=1.8286039716,optimal_hour=6.1999994507, source_hour=6.2000000000 
parameter is :
1.7287672255,1.1936073951,0.9838547214,1.9001701078,2.0268331745,1.6424909992,133.7200470179,-87.8155746956,6.1999994507,97.5126405376,-0.0541649211,0.2674732134,-0.2720795855,

##################################
1.0000000000,0.2549417616,0.9870699398,0.0834649525,0.2698883683,0.7475964202,334.0000000000,35.0000000000,7.0000000000,92.0000000000,-0.0024000000,0.4400000000,0.1000000000

optimal_chisq=2.0658027981,optimal_hour=6.1000020811, source_hour=6.1000000000 
parameter is :
1.3728987056,0.1772778993,0.7098392312,0.2084104193,0.0856148401,0.8308543619,334.0159015503,34.9308970126,6.1000020811,91.8997103167,-0.0353863023,0.4408607579,0.1131960115,

##################################
1,chisq=1.127572792098993081921776138188,optimalHour=6.1900016668,InitHout=6.1900000000,deviation=0.0000016668
2,chisq=1.150755838237794925760226760758,optimalHour=6.1899999920,InitHout=6.1900000000,deviation=0.0000000080
3,chisq=1.322313001391002273976482683793,optimalHour=6.1900030448,InitHout=6.1900000000,deviation=0.0000030448
4,chisq=1.364860392018409473990914193564,optimalHour=6.1900015036,InitHout=6.1900000000,deviation=0.0000015036
5,chisq=1.473260645335463303595702200255,optimalHour=6.1900006910,InitHout=6.1900000000,deviation=0.0000006910
6,chisq=1.571725662885459895434792088054,optimalHour=6.2599992695,InitHout=6.2600000000,deviation=0.0000007305
7,chisq=1.697450207054330473255276956479,optimalHour=6.1900010469,InitHout=6.1900000000,deviation=0.0000010469
8,chisq=1.721285476052789364942441352468,optimalHour=6.1900020905,InitHout=6.1900000000,deviation=0.0000020905
9,chisq=1.764231684120899146250849298667,optimalHour=6.1900002938,InitHout=6.1900000000,deviation=0.0000002938
10,chisq=1.828603971556191254421719349921,optimalHour=6.1999994507,InitHout=6.2000000000,deviation=0.0000005493
11,chisq=1.878234720615055808323745623056,optimalHour=6.6899967399,InitHout=6.6900000000,deviation=0.0000032601
12,chisq=1.916607589234940789424399554264,optimalHour=6.2600013437,InitHout=6.2600000000,deviation=0.0000013437
13,chisq=1.954102904670704576872708457813,optimalHour=6.2599993889,InitHout=6.2600000000,deviation=0.0000006111
14,chisq=1.957850341505838143163487075071,optimalHour=6.6200000826,InitHout=6.6200000000,deviation=0.0000000826
15,chisq=1.960613363334131831194895312365,optimalHour=6.1200006372,InitHout=6.1200000000,deviation=0.0000006372
16,chisq=1.978722065840804900105354136031,optimalHour=6.6199953735,InitHout=6.6200000000,deviation=0.0000046265
17,chisq=2.033583149463141559465384489158,optimalHour=6.6699999976,InitHout=6.6700000000,deviation=0.0000000024
18,chisq=2.037619770509250027856751330546,optimalHour=6.2399998649,InitHout=6.2400000000,deviation=0.0000001351
19,chisq=2.053002082996322918972964544082,optimalHour=6.0999999881,InitHout=6.1000000000,deviation=0.0000000119
20,chisq=2.065802798084355629271158250049,optimalHour=6.1000020811,InitHout=6.1000000000,deviation=0.0000020811
21,chisq=2.093513839416012434213598680799,optimalHour=6.2600009877,InitHout=6.2600000000,deviation=0.0000009877
22,chisq=2.118600282529180311996697128052,optimalHour=5.7600003065,InitHout=5.7600000000,deviation=0.0000003065
23,chisq=2.129889092596261246370659137028,optimalHour=6.1999996116,InitHout=6.2000000000,deviation=0.0000003884
24,chisq=2.131897949824373306171310105128,optimalHour=5.5400025259,InitHout=5.5400000000,deviation=0.0000025259
25,chisq=2.159978294987240587943233549595,optimalHour=6.1000032919,InitHout=6.1000000000,deviation=0.0000032919
26,chisq=2.309268650290464020002900724648,optimalHour=6.6199990608,InitHout=6.6200000000,deviation=0.0000009392
27,chisq=2.371322012220388408820781478425,optimalHour=5.5399999798,InitHout=5.5400000000,deviation=0.0000000202
28,chisq=2.405626806683850205104135966394,optimalHour=5.7999994733,InitHout=5.8000000000,deviation=0.0000005267
29,chisq=2.409948781914422966110578272492,optimalHour=5.5500048888,InitHout=5.5500000000,deviation=0.0000048888
30,chisq=2.593998803962474397621917887591,optimalHour=6.2400063048,InitHout=6.2400000000,deviation=0.0000063048
1.0000000000,0.4167215318,0.6670278756,0.6482673181,0.6375067321,0.5724080240,301.0000000000,-35.0000000000,12.0000000000,314.0000000000,-0.0015000000,0.3300000000,0.0900000000

optimal_chisq=1.1275727921,optimal_hour=6.1900016668, source_hour=6.1900000000 
parameter is :
1.1412953620,0.5374216824,0.5673926448,0.5683066713,0.6666474220,0.4093507819,300.9969095522,-35.0015216824,6.1900016668,314.0030305918,-0.1420196348,0.3306227590,0.2184428736,

run over!

##################################
1.0000000000,0.6468396446,1.0519342638,0.4553227840,0.5259169751,0.9079854326,190.0000000000,-39.0000000000,18.0000000000,236.0000000000,-0.0017000000,0.3000000000,0.1400000000

optimal_chisq=1.1507558382,optimal_hour=6.1899999920, source_hour=6.1900000000 
parameter is :
1.1569002318,0.6673857732,0.9298473040,0.5740080452,0.7920119875,0.6424650641,189.0817474989,-40.1019423222,6.1899999920,234.7894266270,-0.0504240380,0.2997269400,0.2334229349,

run over!

##################################
1.0000000000,0.4395727736,0.4456349432,0.9291059871,0.5638614300,0.7232638770,299.0000000000,-39.0000000000,20.0000000000,91.0000000000,-0.0021000000,0.2700000000,0.0700000000

optimal_chisq=1.3223130014,optimal_hour=6.1900030448, source_hour=6.1900000000 
parameter is :
1.7415210734,-0.4376061481,0.9576927255,0.2996901359,0.1335517743,0.8078929472,298.8782188883,-40.1951529362,6.1900030448,91.6007416252,-0.0991393581,0.2686174801,0.3877122831,

run over!

##################################
1.0000000000,0.8916908497,1.4259630352,0.3005429822,0.3924474949,1.2873324626,215.0000000000,-53.0000000000,9.0000000000,322.0000000000,-0.0018000000,0.4500000000,0.1800000000

optimal_chisq=1.3648603920,optimal_hour=6.1900015036, source_hour=6.1900000000 
parameter is :
0.6515783587,0.9970958828,1.0309642214,1.2612492194,0.4583050273,1.4290785470,216.1050577604,-52.3735367775,6.1900015036,318.4423679154,-0.1049325618,0.4556413819,0.0416188460,

run over!

##################################
1.0000000000,0.9143402129,0.0762835889,1.8300534654,0.8890944626,0.9188906230,116.0000000000,-85.0000000000,4.0000000000,136.0000000000,-0.0014000000,0.4700000000,0.1200000000

optimal_chisq=0.8491480873,optimal_hour=6.1859986176, source_hour=6.1860000000 
parameter is :
1.6886119755,1.0598114662,1.2594965835,2.4417507582,0.3189959837,-0.3889656359,116.6008189970,-87.6585556702,6.1859986176,135.7759353185,-0.1877236130,0.4510859867,0.1133628188,

run over!

##################################
1.0000000000,0.0569730867,0.8026153131,0.0705086686,0.3224068219,0.4692678376,103.0000000000,51.0000000000,20.0000000000,323.0000000000,-0.0021000000,0.4100000000,0.1600000000

optimal_chisq=1.5717256629,optimal_hour=6.2599992695, source_hour=6.2600000000 
parameter is :
0.0767461434,0.0953950475,-0.9599740475,0.2775180211,0.5738325629,-0.7901202569,16.2265993051,34.5560505337,6.2599992695,344.1068976511,-2.6144864871,-6.4849702456,0.2798731507,

run over!

##################################
1,chisq=0.849148087328249978611438564258,optimalHour=6.1859986176,InitHout=6.1860000000,deviation=0.0000013824
2,chisq=1.127572792098993081921776138188,optimalHour=6.1900016668,InitHout=6.1900000000,deviation=0.0000016668
3,chisq=1.150755838237794925760226760758,optimalHour=6.1899999920,InitHout=6.1900000000,deviation=0.0000000080
4,chisq=1.322313001391002273976482683793,optimalHour=6.1900030448,InitHout=6.1900000000,deviation=0.0000030448
5,chisq=1.364860392018409473990914193564,optimalHour=6.1900015036,InitHout=6.1900000000,deviation=0.0000015036
6,chisq=1.571725662885459895434792088054,optimalHour=6.2599992695,InitHout=6.2600000000,deviation=0.0000007305







1.0000000000,0.4167215318,0.6670278756,0.6482673181,0.6375067321,0.5724080240,301.0000000000,-35.0000000000,12.0000000000,314.0000000000,-0.0015000000,0.3300000000,0.0900000000


1.0000000000,0.4167215318,0.6670278756,0.6482673181,0.6375067321,0.5724080240,301.0000000000,-35.0000000000,12.0000000000,314.0000000000,-0.0015000000,0.3300000000,0.0900000000

optimal_chisq=1.1275727921,optimal_hour=6.1900016668 
parameter is :
1.1412953620,0.5374216824,0.5673926448,0.5683066713,0.6666474220,0.4093507819,300.9969095522,-35.0015216824,6.1900016668,314.0030305918,-0.1420196348,0.3306227590,0.2184428736,


Pole:
optimalLambda,optimalBeta:(348.1923196525,55.8600807276)
optimalParameter:{0.8943216237,0.4744276387,0.5893297928,0.7640330398,1.0075625660,0.6964697814,348.1923196525,55.8600807276,6.1899989739,124.2343067595,-0.0396432475,0.4299189000,0.1090870781}



