1.0000000000,0.8215169459,0.8733697430,0.8465902174,1.2359308274,0.3257466667,242.0000000000,-75.0000000000,6.0000000000,200.0000000000,-0.0022000000,0.3800000000,0.1100000000

optimal_chisq=0.6980144177,optimal_hour=4.4300428293, source_hour=4.4300000000 
parameter is :
1.0151314817,0.9066952949,0.9025317599,0.9603749107,1.0265646028,0.4849406035,242.0085819826,-75.0026208909,4.4300428293,199.9859714757,-0.0021999918,0.3800000176,0.0080933658,

##################################
1.0000000000,0.4773044379,1.2731156373,0.0049658848,0.1935914180,1.0534417859,46.0000000000,-65.0000000000,5.0000000000,114.0000000000,-0.0013000000,0.4800000000,0.1500000000

optimal_chisq=0.6227805287,optimal_hour=4.4300103766, source_hour=4.4300000000 
parameter is :
1.8493771557,1.8792813196,2.4879717212,1.0555757176,0.8899430375,2.6091494584,68.7246799142,-47.1326784440,4.4300103766,107.9383813043,-0.0012434278,0.4798742790,-0.0991154179,

##################################
1.0000000000,0.5867868944,1.1971355310,0.2207945891,0.2033818881,1.1852559453,127.0000000000,0.0000000000,16.0000000000,216.0000000000,-0.0022000000,0.3900000000,0.1500000000

optimal_chisq=0.5552308340,optimal_hour=4.0399991341, source_hour=4.0400000000 
parameter is :
1.4186155507,0.8259600844,0.9874739916,0.9979431008,1.2663576787,0.7584412302,127.0074208038,3.0026310602,4.0399991341,207.7758144403,-0.0021882769,0.3899957707,0.0224007856,

##################################
1.0000000000,0.2828567407,0.9858182731,0.1184996085,0.6086627741,0.3714528713,119.0000000000,9.0000000000,3.0000000000,298.0000000000,-0.0013000000,0.2500000000,0.0900000000

optimal_chisq=0.4714693155,optimal_hour=4.4400044158, source_hour=4.4400000000 
parameter is :
-2.1454771708,-1.6418200288,-4.7048860297,-2.4083037101,-5.5831317889,-1.1585104417,108.1299356893,-12.5169105380,4.4400044158,300.5777587688,0.0035272270,0.2539174116,-0.0709114816,

##################################
1.0000000000,0.6660279872,0.8550051963,0.7011348405,0.9596258956,0.4614587217,75.0000000000,-78.0000000000,2.0000000000,37.0000000000,-0.0015000000,0.3900000000,0.0600000000

optimal_chisq=0.6344233902,optimal_hour=4.4300565046, source_hour=4.4300000000 
parameter is :
0.9021066762,0.6332094027,0.8594515031,0.6271100811,1.1154497313,0.4892974985,74.9997346398,-77.9932106796,4.4300565046,36.9984100376,-0.0014999996,0.3900000123,-0.0225698967,

##################################
1.0000000000,0.3558264465,0.4115136752,0.8806174273,0.8079958046,0.3438380094,279.0000000000,71.0000000000,16.0000000000,219.0000000000,-0.0016000000,0.2800000000,0.1200000000

optimal_chisq=0.6254885074,optimal_hour=4.4100024040, source_hour=4.4100000000 
parameter is :
-0.1922112246,-0.1965673937,1.6129829532,0.4494732417,1.3386018165,0.8617554800,279.4932879130,65.9876587115,4.4100024040,220.0049823307,-0.0015749448,0.2799848566,0.0036206097,

##################################
1.0000000000,0.5141390374,0.9112707433,0.4710188226,1.0708910128,0.1335791138,2.0000000000,57.0000000000,5.0000000000,167.0000000000,-0.0019000000,0.4000000000,0.1300000000

optimal_chisq=0.6781122055,optimal_hour=4.4100022436, source_hour=4.4100000000 
parameter is :
1.1765662091,0.6022417873,0.7945857214,0.8805448061,0.6745528291,0.5432669953,-12.7449190597,82.7954691988,4.4100022436,166.2586051814,-0.0021595631,0.3998724363,0.0203179884,

##################################
1.0000000000,0.6215190681,1.3788905665,0.0495686589,0.2645694608,1.1258332418,146.0000000000,52.0000000000,8.0000000000,177.0000000000,-0.0014000000,0.3200000000,0.0600000000

optimal_chisq=0.6227918058,optimal_hour=4.8900009333, source_hour=4.8900000000 
parameter is :
0.8445808544,0.8549831015,1.3157731955,0.2840654213,0.4704527507,1.1491435247,146.0185880739,51.9544053094,4.8900009333,176.9875692449,-0.0013999815,0.3200000088,0.1230824528,

##################################
1.0000000000,0.6068183131,1.2671346256,0.1624049867,0.3067531438,1.0784980171,269.0000000000,-17.0000000000,18.0000000000,249.0000000000,-0.0020000000,0.4400000000,0.1300000000

optimal_chisq=0.6689326222,optimal_hour=4.4499991020, source_hour=4.4500000000 
parameter is :
1.1902715055,1.7412828209,1.3704277378,1.2657674731,1.2054093240,1.1559459052,281.8635545850,5.4981094063,4.4499991020,249.3338548479,-0.0022395150,0.4397808889,-0.0447020668,

##################################
1.0000000000,0.4579595753,0.9254401147,0.3920322454,0.6251696925,0.5893536918,39.0000000000,-86.0000000000,15.0000000000,175.0000000000,-0.0024000000,0.2700000000,0.1200000000

optimal_chisq=0.7171186859,optimal_hour=4.9100063667, source_hour=4.9100000000 
parameter is :
0.9523256516,0.8695695233,1.1558212821,-0.5453996578,0.9647698251,0.9506253644,36.6883599086,-83.1227337518,4.9100063667,178.9396522546,-0.0023935170,0.2700106903,0.0132915131,

##################################
1.0000000000,0.1655142266,0.8247743573,0.1758954043,0.7092798360,0.1204165875,207.0000000000,-59.0000000000,21.0000000000,38.0000000000,-0.0024000000,0.2200000000,0.1900000000

optimal_chisq=0.6651018487,optimal_hour=4.9000007788, source_hour=4.9000000000 
parameter is :
1.5784064646,1.5573893642,2.3546365373,0.8049599759,1.6189434216,1.6025406510,207.8533757482,-34.0899024121,4.9000007788,34.1188321930,-0.0024142992,0.2201259674,0.0323482706,

##################################
1.0000000000,0.4763940538,1.2259779542,0.0597035562,0.6605527099,0.5125084660,125.0000000000,32.0000000000,23.0000000000,286.0000000000,-0.0021000000,0.3300000000,0.1000000000

optimal_chisq=0.6037529557,optimal_hour=4.4099952293, source_hour=4.4100000000 
parameter is :
0.5582174923,0.9496230785,0.8361242642,0.5437012116,0.5369464164,0.3951220161,125.5039982364,30.9702119319,4.4099952293,285.2914245892,-0.0021012033,0.3299994829,0.0162469118,

##################################
1.0000000000,0.8106225421,1.3644349482,0.2802689843,0.9358733702,0.5858269230,263.0000000000,88.0000000000,5.0000000000,296.0000000000,-0.0017000000,0.3100000000,0.0500000000

optimal_chisq=0.6487225881,optimal_hour=4.4300240643, source_hour=4.4300000000 
parameter is :
1.7631730444,1.5687021504,0.7865960484,-0.0143756161,1.6019995818,1.5052218503,260.3959889836,93.9662802252,4.4300240643,290.2488880556,-0.0017102038,0.3100000544,-0.0756290765,

##################################
1.0000000000,0.7950025428,0.3729476178,1.3794916681,0.5653324121,1.1200190992,169.0000000000,-61.0000000000,16.0000000000,303.0000000000,-0.0016000000,0.3600000000,0.1700000000

optimal_chisq=0.6820495092,optimal_hour=4.0500012455, source_hour=4.0500000000 
parameter is :
0.8466343589,0.8580447873,0.4459194378,1.1759873642,0.4852168192,1.1461750699,171.1197361143,-58.7494794672,4.0500012455,297.3658577919,-0.0016201537,0.3600002052,-0.0141002777,

##################################
1.0000000000,0.4980493069,0.4960382974,0.9325673093,0.2277448255,1.1682320420,176.0000000000,49.0000000000,12.0000000000,173.0000000000,-0.0013000000,0.3400000000,0.0500000000

optimal_chisq=0.5279105303,optimal_hour=4.4500108234, source_hour=4.4500000000 
parameter is :
11.5672335551,5.7405984658,5.5617215022,10.0871824436,4.1982829022,11.4758433622,295.7730346575,10.4668891558,4.4500108234,147.3927793154,-0.0019673490,0.3383946334,0.1469543705,

##################################
1.0000000000,0.5894448997,1.3719245061,0.0204591112,0.3694488172,0.9676745565,130.0000000000,-36.0000000000,4.0000000000,318.0000000000,-0.0018000000,0.2400000000,0.0900000000

optimal_chisq=0.6395983531,optimal_hour=4.4500025696, source_hour=4.4500000000 
parameter is :
0.8985347902,0.8108839388,1.1256396402,0.5563995295,0.6559159964,1.1319157372,121.8717482941,-35.9941011535,4.4500025696,318.1830261562,-0.0018151124,0.2399848001,0.0659229826,

##################################
1.0000000000,0.6334420073,0.4874249619,1.0839802177,0.4319110264,1.0824522213,117.0000000000,18.0000000000,20.0000000000,116.0000000000,-0.0013000000,0.2900000000,0.0700000000

optimal_chisq=0.6195357847,optimal_hour=4.4399892349, source_hour=4.4400000000 
parameter is :
0.4120793816,0.6574687764,0.3505719925,0.6984344515,0.6855971630,0.4221198595,143.0401244255,28.7529243209,4.4399892349,122.5503817214,-0.0014934057,0.2900983078,0.0463070136,

##################################
1.0000000000,0.8272308860,1.4180832143,0.2378775222,1.2844993227,0.1981959650,338.0000000000,-76.0000000000,6.0000000000,101.0000000000,-0.0018000000,0.3600000000,0.1500000000

optimal_chisq=0.7211246206,optimal_hour=4.4400027981, source_hour=4.4400000000 
parameter is :
0.9601338509,0.9338257619,1.0358180386,0.9072040257,1.3887911544,0.5164961724,340.8470922864,-78.2622751794,4.4400027981,99.2726430179,-0.0017998434,0.3599978269,-0.0056492271,

##################################
1.0000000000,0.5588240766,1.3507512582,0.0094644249,0.2400261507,1.0839306218,90.0000000000,3.0000000000,12.0000000000,186.0000000000,-0.0021000000,0.2100000000,0.1100000000

optimal_chisq=0.7136758100,optimal_hour=4.0500020174, source_hour=4.0500000000 
parameter is :
0.8090222450,0.7984352133,1.1429589441,0.3933127854,0.3464010075,1.1822917691,90.2093751522,2.2493327537,4.0500020174,185.9910066874,-0.0021002472,0.2099997288,-0.0265801950,

##################################
1.0000000000,0.0054518688,0.1845116608,0.7827904599,0.0029526118,0.9637386393,143.0000000000,-83.0000000000,13.0000000000,269.0000000000,-0.0020000000,0.3700000000,0.1700000000

optimal_chisq=0.6932718391,optimal_hour=4.4300373252, source_hour=4.4300000000 
parameter is :
0.5981509995,0.4051088240,0.6519063503,0.3858753566,0.5084533949,0.4922859526,141.9668764956,-83.5411682822,4.4300373252,269.9647916731,-0.0019985943,0.3699985658,-0.0929650090,

##################################
1.0000000000,0.5722573700,0.7899327101,0.6744376482,0.4428565170,0.9583008836,91.0000000000,-85.0000000000,6.0000000000,37.0000000000,-0.0022000000,0.2700000000,0.1600000000

optimal_chisq=0.7369091700,optimal_hour=4.8600003987, source_hour=4.8600000000 
parameter is :
0.9999999999,0.5722573700,0.7899327101,0.6744376483,0.4428565170,0.9583008836,91.0000000000,-85.0000000000,4.8600003987,37.0000000000,-0.0022000000,0.2700000000,0.1600000000,

##################################
1.0000000000,0.3917841634,0.0098686978,1.3804958814,1.1684013864,0.0263788801,81.0000000000,30.0000000000,9.0000000000,291.0000000000,-0.0017000000,0.2800000000,0.1700000000

optimal_chisq=0.6921607330,optimal_hour=4.2600008918, source_hour=4.2600000000 
parameter is :
0.9248415459,1.1652327948,0.5380225025,1.5210457529,1.2496943455,0.8678538224,78.4299375616,21.3803452631,4.2600008918,298.4387128861,-0.0017131785,0.2799945981,0.1205870678,

##################################
1.0000000000,0.1652817475,0.4987651617,0.5734851027,0.6887193085,0.2342989558,90.0000000000,85.0000000000,21.0000000000,9.0000000000,-0.0019000000,0.3000000000,0.0800000000

optimal_chisq=0.6542323718,optimal_hour=4.4300221465, source_hour=4.4300000000 
parameter is :
0.8291052617,0.4715120797,0.6250318737,0.6062039887,0.7123324365,0.5295893765,88.0567165850,86.3587579476,4.4300221465,7.4133092298,-0.0018989602,0.3000023995,-0.0070760114,

##################################
1.0000000000,0.3377162066,0.4511643952,0.8153041860,0.2751779650,0.9462315323,168.0000000000,-12.0000000000,14.0000000000,288.0000000000,-0.0015000000,0.3900000000,0.0700000000

optimal_chisq=0.6330867999,optimal_hour=4.0499998495, source_hour=4.0500000000 
parameter is :
1.0189976503,0.3937003444,0.5485429032,0.7479729119,0.4143285518,0.8781318631,168.0029014598,-12.0044528704,4.0499998495,287.9994401591,-0.0014999980,0.3900000015,-0.0161135823,

##################################
1.0000000000,0.5309178687,1.2701390312,0.0714271623,0.2476064240,1.0559710138,345.0000000000,-40.0000000000,1.0000000000,131.0000000000,-0.0021000000,0.2400000000,0.1700000000

optimal_chisq=0.6062364916,optimal_hour=4.4300089260, source_hour=4.4300000000 
parameter is :
0.8862623890,0.8940356068,1.3405350509,0.3691032630,0.3396551522,1.3404250343,344.8493232805,-38.0807431393,4.4300089260,131.9423253017,-0.0021015297,0.2399993788,0.0314249478,

##################################
1.0000000000,0.3354052703,0.1568203698,1.1546700681,1.0772176848,0.0417318683,193.0000000000,-15.0000000000,6.0000000000,262.0000000000,-0.0019000000,0.2200000000,0.1600000000

optimal_chisq=0.6210409710,optimal_hour=4.4500060302, source_hour=4.4500000000 
parameter is :
1.9956023861,1.3312090054,1.2925019337,2.0235235703,2.4008573972,0.7788305377,207.6282387208,0.0946682567,4.4500060302,256.7479104807,-0.0019182805,0.2199788288,-0.0623862435,

##################################
1.0000000000,0.9818360056,1.3887345654,0.4413327538,0.0418150587,1.7836710085,65.0000000000,75.0000000000,13.0000000000,148.0000000000,-0.0019000000,0.4100000000,0.0600000000

optimal_chisq=0.6467352750,optimal_hour=4.4700011213, source_hour=4.4700000000 
parameter is :
6.2475182705,6.1925550835,6.6873285061,5.5169459530,4.8899378896,7.2749548615,64.9971268616,64.4851755552,4.4700011213,155.6979431481,-0.0019873979,0.4099987724,-0.2552469411,

##################################
1.0000000000,0.1077073841,0.4151310677,0.6117212488,0.5738700320,0.3253441684,56.0000000000,14.0000000000,14.0000000000,296.0000000000,-0.0013000000,0.3200000000,0.1300000000

optimal_chisq=0.6807395021,optimal_hour=4.4300023457, source_hour=4.4300000000 
parameter is :
0.8770070203,0.2448890809,0.4316397612,0.6889653257,0.5553790465,0.5524103851,58.5060113586,17.0502222730,4.4300023457,296.1285763721,-0.0012977970,0.3199975564,0.0216132371,

##################################
1.0000000000,0.7960193533,1.0331116930,0.6393649235,0.8985134063,0.6585520843,104.0000000000,-34.0000000000,17.0000000000,181.0000000000,-0.0015000000,0.3000000000,0.1900000000

optimal_chisq=0.5897422820,optimal_hour=4.4400020424, source_hour=4.4400000000 
parameter is :
0.9981208129,0.7990987609,1.0308465542,0.6568176998,0.8908353801,0.6547682184,104.0000457507,-34.0000067133,4.4400020424,181.0000532171,-0.0015000000,0.3000000000,0.1785445791,

##################################
1.0000000000,0.5482425199,0.7224515630,0.7260385963,0.5699098094,0.7950762270,225.0000000000,-62.0000000000,10.0000000000,16.0000000000,-0.0024000000,0.2000000000,0.1100000000

optimal_chisq=0.7007935362,optimal_hour=4.4300328041, source_hour=4.4300000000 
parameter is :
0.8637907924,0.9583103100,0.8994744070,1.0335488221,0.7282868277,-0.3469276509,225.6112118086,-62.6588503730,4.4300328041,14.2906893242,-0.0023990865,0.2000001914,0.2692965181,

##################################
1,chisq=0.471469315545977929460264022055,optimalHour=4.4400044158,InitHout=4.4400000000,deviation=0.0000044158
2,chisq=0.527910530262181376670582721999,optimalHour=4.4500108234,InitHout=4.4500000000,deviation=0.0000108234
3,chisq=0.555230833965767778259703391086,optimalHour=4.0399991341,InitHout=4.0400000000,deviation=0.0000008659
4,chisq=0.589742282025579322990438413399,optimalHour=4.4400020424,InitHout=4.4400000000,deviation=0.0000020424
5,chisq=0.603752955681085223815784956969,optimalHour=4.4099952293,InitHout=4.4100000000,deviation=0.0000047707
6,chisq=0.606236491579500991200291082350,optimalHour=4.4300089260,InitHout=4.4300000000,deviation=0.0000089260
7,chisq=0.619535784704108083431606246450,optimalHour=4.4399892349,InitHout=4.4400000000,deviation=0.0000107651
8,chisq=0.621040970993482210893432693410,optimalHour=4.4500060302,InitHout=4.4500000000,deviation=0.0000060302
9,chisq=0.622780528687304268942170892842,optimalHour=4.4300103766,InitHout=4.4300000000,deviation=0.0000103766
10,chisq=0.622791805771140016823039786686,optimalHour=4.8900009333,InitHout=4.8900000000,deviation=0.0000009333
11,chisq=0.625488507448929365040157790645,optimalHour=4.4100024040,InitHout=4.4100000000,deviation=0.0000024040
12,chisq=0.633086799923242127263733891596,optimalHour=4.0499998495,InitHout=4.0500000000,deviation=0.0000001505
13,chisq=0.634423390167079159773777519149,optimalHour=4.4300565046,InitHout=4.4300000000,deviation=0.0000565046
14,chisq=0.639598353114366524607703468064,optimalHour=4.4500025696,InitHout=4.4500000000,deviation=0.0000025696
15,chisq=0.646735274995428488509219278058,optimalHour=4.4700011213,InitHout=4.4700000000,deviation=0.0000011213
16,chisq=0.648722588102219499539558000833,optimalHour=4.4300240643,InitHout=4.4300000000,deviation=0.0000240643
17,chisq=0.654232371781826804735260338930,optimalHour=4.4300221465,InitHout=4.4300000000,deviation=0.0000221465
18,chisq=0.665101848663988803878055477981,optimalHour=4.9000007788,InitHout=4.9000000000,deviation=0.0000007788
19,chisq=0.668932622170742452460956428695,optimalHour=4.4499991020,InitHout=4.4500000000,deviation=0.0000008980
20,chisq=0.678112205481216090419138708967,optimalHour=4.4100022436,InitHout=4.4100000000,deviation=0.0000022436
21,chisq=0.680739502127872153636189977988,optimalHour=4.4300023457,InitHout=4.4300000000,deviation=0.0000023457
22,chisq=0.682049509159712630257388354948,optimalHour=4.0500012455,InitHout=4.0500000000,deviation=0.0000012455
23,chisq=0.692160733025954155728243222256,optimalHour=4.2600008918,InitHout=4.2600000000,deviation=0.0000008918
24,chisq=0.693271839146059165592816952994,optimalHour=4.4300373252,InitHout=4.4300000000,deviation=0.0000373252
25,chisq=0.698014417697395472828247875441,optimalHour=4.4300428293,InitHout=4.4300000000,deviation=0.0000428293
26,chisq=0.700793536155215002203533458669,optimalHour=4.4300328041,InitHout=4.4300000000,deviation=0.0000328041
27,chisq=0.713675810048770897786596378864,optimalHour=4.0500020174,InitHout=4.0500000000,deviation=0.0000020174
28,chisq=0.717118685859503113277924057911,optimalHour=4.9100063667,InitHout=4.9100000000,deviation=0.0000063667
29,chisq=0.721124620607165089936074764410,optimalHour=4.4400027981,InitHout=4.4400000000,deviation=0.0000027981
30,chisq=0.736909169975732414314961715718,optimalHour=4.8600003987,InitHout=4.8600000000,deviation=0.0000003987
1.0000000000,0.2828567407,0.9858182731,0.1184996085,0.6086627741,0.3714528713,119.0000000000,9.0000000000,3.0000000000,298.0000000000,-0.0013000000,0.2500000000,0.0900000000

optimal_chisq=0.4714693155,optimal_hour=4.4400044158, source_hour=4.4400000000 
parameter is :
-2.1454771708,-1.6418200288,-4.7048860297,-2.4083037101,-5.5831317889,-1.1585104417,108.1299356893,-12.5169105380,4.4400044158,300.5777587688,0.0035272270,0.2539174116,-0.0709114816,

run over!

##################################
1.0000000000,0.4980493069,0.4960382974,0.9325673093,0.2277448255,1.1682320420,176.0000000000,49.0000000000,12.0000000000,173.0000000000,-0.0013000000,0.3400000000,0.0500000000

optimal_chisq=0.5279105303,optimal_hour=4.4500108234, source_hour=4.4500000000 
parameter is :
11.5672335551,5.7405984658,5.5617215022,10.0871824436,4.1982829022,11.4758433622,295.7730346575,10.4668891558,4.4500108234,147.3927793154,-0.0019673490,0.3383946334,0.1469543705,

run over!

##################################
1.0000000000,0.5867868944,1.1971355310,0.2207945891,0.2033818881,1.1852559453,127.0000000000,0.0000000000,16.0000000000,216.0000000000,-0.0022000000,0.3900000000,0.1500000000

optimal_chisq=0.5552308340,optimal_hour=4.0399991341, source_hour=4.0400000000 
parameter is :
1.4186155507,0.8259600844,0.9874739916,0.9979431008,1.2663576787,0.7584412302,127.0074208038,3.0026310602,4.0399991341,207.7758144403,-0.0021882769,0.3899957707,0.0224007856,

run over!

##################################
1.0000000000,0.7960193533,1.0331116930,0.6393649235,0.8985134063,0.6585520843,104.0000000000,-34.0000000000,17.0000000000,181.0000000000,-0.0015000000,0.3000000000,0.1900000000

optimal_chisq=0.5240447563,optimal_hour=4.4129996426, source_hour=4.4130000000 
parameter is :
0.9296664845,0.8688531013,1.0179223410,0.6641129704,0.9023181326,0.6733008908,104.0009503272,-34.0002690206,4.4129996426,181.0000876662,-0.0015000002,0.3000000014,0.1631131089,

run over!

##################################
1.0000000000,0.4763940538,1.2259779542,0.0597035562,0.6605527099,0.5125084660,125.0000000000,32.0000000000,23.0000000000,286.0000000000,-0.0021000000,0.3300000000,0.1000000000

optimal_chisq=0.4677168315,optimal_hour=4.4429964266, source_hour=4.4430000000 
parameter is :
0.6459356584,0.7009400591,1.0946298023,0.6718270271,0.6733517259,0.9344058409,120.6535254451,31.8943903056,4.4429964266,283.2647012357,-0.0021007715,0.3300000372,-0.0105885480,

run over!

##################################
1.0000000000,0.5309178687,1.2701390312,0.0714271623,0.2476064240,1.0559710138,345.0000000000,-40.0000000000,1.0000000000,131.0000000000,-0.0021000000,0.2400000000,0.1700000000

optimal_chisq=0.4946255830,optimal_hour=4.4190023358, source_hour=4.4190000000 
parameter is :
0.8558880824,0.7116103523,1.1940834387,0.2095441863,0.2255448356,1.1530358895,344.4506585432,-40.3678877049,4.4190023358,131.2232083102,-0.0021001524,0.2399999159,0.0286277831,

run over!

##################################
1,chisq=0.467716831520656906029387300805,optimalHour=4.4429964266,InitHout=4.4430000000,deviation=0.0000035734
2,chisq=0.471469315545977929460264022055,optimalHour=4.4400044158,InitHout=4.4400000000,deviation=0.0000044158
3,chisq=0.494625583036512106449578141110,optimalHour=4.4190023358,InitHout=4.4190000000,deviation=0.0000023358
4,chisq=0.524044756256595634091866031667,optimalHour=4.4129996426,InitHout=4.4130000000,deviation=0.0000003574
5,chisq=0.527910530262181376670582721999,optimalHour=4.4500108234,InitHout=4.4500000000,deviation=0.0000108234
6,chisq=0.555230833965767778259703391086,optimalHour=4.0399991341,InitHout=4.0400000000,deviation=0.0000008659






1.0000000000,0.2828567407,0.9858182731,0.1184996085,0.6086627741,0.3714528713,119.0000000000,9.0000000000,3.0000000000,298.0000000000,-0.0013000000,0.2500000000,0.0900000000


1.0000000000,0.2828567407,0.9858182731,0.1184996085,0.6086627741,0.3714528713,119.0000000000,9.0000000000,3.0000000000,298.0000000000,-0.0013000000,0.2500000000,0.0900000000

optimal_chisq=0.4100885920,optimal_hour=4.4409029414 
parameter is :
1.5774501234,0.6399053497,1.0936379635,1.4076429175,1.3983607881,0.7015839804,118.4339007830,-15.8165106126,4.4409029414,302.4615121469,-0.0013092307,0.2499769996,-0.0083035870,


Pole:
optimalLambda,optimalBeta:(134.9973073234,54.9968051900)
optimalParameter:{1.0427196761,0.6125711115,0.7832689667,0.7247301661,0.6800299733,0.8848354670,134.9973073234,54.9968051900,4.4408833202,199.0070385516,-0.0016000115,0.4899999745,-0.0766064549}


