1.0000000000,0.3377910179,0.1829493450,1.1269074208,0.8573997151,0.3049252029,15.0000000000,-85.0000000000,23.0000000000,249.0000000000,-0.0022000000,0.4000000000,0.1000000000

optimal_chisq=4.6324048529,optimal_hour=4.4300022055, source_hour=4.4300000000 
parameter is :
0.8951329722,0.3914700203,0.5388125642,0.9607269741,0.4681626177,0.8301159803,7.3992111293,-92.1396024372,4.4300022055,250.4999776084,0.1092357607,0.3959252544,-0.0272706247,

##################################
1.0000000000,0.4143844491,0.5906818783,0.7345592656,0.2127639427,1.0795495973,105.0000000000,-32.0000000000,13.0000000000,19.0000000000,-0.0023000000,0.4400000000,0.1600000000

optimal_chisq=4.7903260642,optimal_hour=3.9700004133, source_hour=3.9700000000 
parameter is :
3.0787053502,1.0152532267,1.2817416476,1.8505482438,1.4962554040,1.6430015443,88.3761827067,-26.5778189076,3.9700004133,24.4740728690,0.1793553562,0.4202123536,-0.0170942883,

##################################
1.0000000000,0.0663184403,0.8056333825,0.0784276438,0.6635557911,0.0288340963,158.0000000000,0.0000000000,9.0000000000,102.0000000000,-0.0013000000,0.4900000000,0.1000000000

optimal_chisq=5.5520277239,optimal_hour=4.4400094994, source_hour=4.4400000000 
parameter is :
1.4408578685,0.2258180818,0.5999347290,0.7154954701,0.9698250494,1.0596159111,160.6207863157,-20.6036783305,4.4400094994,94.9020673953,0.0602865130,0.5312641544,-0.0354870768,

##################################
1.0000000000,0.5766265032,1.2685023755,0.1262243551,0.7984824524,0.4703869695,316.0000000000,-79.0000000000,7.0000000000,23.0000000000,-0.0019000000,0.2800000000,0.1800000000

optimal_chisq=4.1391225653,optimal_hour=4.1900005784, source_hour=4.1900000000 
parameter is :
1.5828457498,0.4195314058,1.1998898974,0.3232366543,0.1786068457,0.1792393778,315.5805121931,-78.5986799540,4.1900005784,23.4896213306,0.0033961320,0.2810124631,-0.0283738883,

##################################
1.0000000000,0.8486855868,1.1157345418,0.6031286675,0.9698992912,0.6275315173,44.0000000000,45.0000000000,22.0000000000,104.0000000000,-0.0019000000,0.3700000000,0.1600000000

optimal_chisq=5.1793866967,optimal_hour=3.7400011929, source_hour=3.7400000000 
parameter is :
1.1046369714,2.9140713039,1.2228366412,1.7727101145,1.4423617468,0.5645533240,87.0229846928,-1.9758509670,3.7400011929,96.5884279358,0.1540514783,0.3864442957,-0.0792456707,

##################################
1.0000000000,0.5274936867,0.3125614897,1.1728479775,1.1464507278,0.1639864920,191.0000000000,-81.0000000000,17.0000000000,168.0000000000,-0.0014000000,0.4200000000,0.1500000000

optimal_chisq=4.1736707937,optimal_hour=4.0700024838, source_hour=4.0700000000 
parameter is :
0.9828980672,1.2337519331,0.1115757619,1.6857997898,1.6518709487,0.1312553641,189.9862928982,-78.3913393048,4.0700024838,168.4844872401,-0.0442553559,0.4195066611,1.0685590063,

##################################
1.0000000000,0.9905090686,1.7489860467,0.0467273427,0.6074144275,1.1178863793,189.0000000000,2.0000000000,17.0000000000,159.0000000000,-0.0014000000,0.3500000000,0.1400000000

optimal_chisq=5.4948099504,optimal_hour=4.0200003444, source_hour=4.0200000000 
parameter is :
0.9520039523,1.0559882494,1.8872615022,0.0825502060,-0.1283461025,1.6570448624,204.8056725802,0.3792614444,4.0200003444,159.2593963555,0.0839049622,0.3503410039,0.3500547174,

##################################
1.0000000000,0.9331009411,0.2591201310,1.6467895818,0.8597213367,0.9512420808,18.0000000000,37.0000000000,24.0000000000,239.0000000000,-0.0021000000,0.3200000000,0.1400000000

optimal_chisq=5.3186928293,optimal_hour=4.1100001980, source_hour=4.1100000000 
parameter is :
1.1947337860,1.1432158849,-0.2877402419,2.1513398772,1.8374373436,0.3938671071,17.9802385016,37.1433619423,4.1100001980,238.9651096536,0.0504405185,0.3254968122,0.3979174119,

##################################
1.0000000000,0.3622543059,1.1515125632,0.0129692069,0.2535828345,0.8655825156,214.0000000000,-25.0000000000,9.0000000000,124.0000000000,-0.0016000000,0.2900000000,0.0900000000

optimal_chisq=4.8320835472,optimal_hour=4.1900010160, source_hour=4.1900000000 
parameter is :
1.2769374623,0.3356350493,1.2959365252,-0.0673401163,0.4716086084,0.6600667024,213.0600122646,-29.4898036391,4.1900010160,120.9078995112,-0.0093020419,0.3099289476,0.1469302831,

##################################
1.0000000000,0.8430485045,1.2456980451,0.4504663419,0.1875983390,1.4861494885,1.0000000000,-77.0000000000,11.0000000000,52.0000000000,-0.0013000000,0.4200000000,0.1000000000

optimal_chisq=4.6016789456,optimal_hour=4.4299925319, source_hour=4.4300000000 
parameter is :
1.7401465437,1.9693625881,1.6868416388,1.4159319088,0.9244946715,0.4609034195,0.8691083579,-76.8860630203,4.4299925319,51.7647567867,0.3762000527,0.3283290030,0.0526849801,

##################################
1.0000000000,0.1197178676,0.6548813554,0.3321376827,0.1775724414,0.7720479820,270.0000000000,50.0000000000,12.0000000000,210.0000000000,-0.0019000000,0.4500000000,0.0500000000

optimal_chisq=5.0003112220,optimal_hour=3.8000003976, source_hour=3.8000000000 
parameter is :
0.7912111796,0.1828550210,0.2734552909,0.6651255968,0.6288125250,0.5426628339,275.5750651344,50.8666703523,3.8000003976,214.1221096731,0.0497996430,0.4507869587,0.1518223732,

##################################
1.0000000000,0.1062358800,0.8375204527,0.0876665198,0.7164406380,0.0120562254,248.0000000000,59.0000000000,10.0000000000,164.0000000000,-0.0021000000,0.2700000000,0.0700000000

optimal_chisq=3.6819266064,optimal_hour=4.0700023618, source_hour=4.0700000000 
parameter is :
8.0086187937,1.3362593497,6.6728483172,6.8084852731,8.0476604083,1.2329801982,249.2373436996,21.2497498130,4.0700023618,168.7894520255,-0.0315203194,0.2756555530,-0.1468737570,

##################################
1.0000000000,0.3442307424,0.9509624065,0.2325692245,0.6041196065,0.4665646354,264.0000000000,82.0000000000,2.0000000000,192.0000000000,-0.0012000000,0.3800000000,0.1900000000

optimal_chisq=5.7715622341,optimal_hour=3.9199993472, source_hour=3.9200000000 
parameter is :
1.1946374407,0.6883777188,0.9607080591,0.7457195396,0.6205614502,-0.3946056880,276.7735890038,82.1227387295,3.9199993472,195.9833720404,-0.0065642439,0.3799810768,0.0151955994,

##################################
1.0000000000,0.6785025171,0.4980841401,1.1188083256,0.2353026126,1.3519406342,218.0000000000,-83.0000000000,1.0000000000,22.0000000000,-0.0013000000,0.4500000000,0.1900000000

optimal_chisq=5.1603696393,optimal_hour=4.0800056310, source_hour=4.0800000000 
parameter is :
0.5194078747,0.9169653811,0.9619675587,0.7723319471,0.7631173154,0.7479515106,217.5637735138,-73.3302718194,4.0800056310,22.6359976955,0.0686770933,0.4479047458,-0.1641088888,

##################################
1.0000000000,0.5601393746,0.1582313154,1.3813529892,0.7432216887,0.6928554027,188.0000000000,-49.0000000000,8.0000000000,128.0000000000,-0.0019000000,0.3600000000,0.1300000000

optimal_chisq=5.2953608421,optimal_hour=4.3500016024, source_hour=4.3500000000 
parameter is :
0.9895050530,0.8910792799,0.3563338574,1.3431468702,1.4106067186,0.3709934012,188.6685442276,-49.6523116255,4.3500016024,130.4124800167,0.0321090802,0.3632672667,-0.1811570124,

##################################
1.0000000000,0.6944331372,0.2587095145,1.4046161222,0.5431084193,1.0521258493,336.0000000000,-89.0000000000,14.0000000000,7.0000000000,-0.0021000000,0.3100000000,0.0700000000

optimal_chisq=4.8755576274,optimal_hour=4.4299948930, source_hour=4.4300000000 
parameter is :
0.6185504701,1.4766814865,0.7514221038,1.2263083544,1.6126656861,0.7531421433,335.6344865876,-88.9546246498,4.4299948930,7.4033789070,0.0026933265,0.3100327065,0.0204667784,

##################################
1.0000000000,0.7659104894,0.7238844949,0.9558348711,0.1828024162,1.4748615245,237.0000000000,-11.0000000000,20.0000000000,354.0000000000,-0.0021000000,0.2600000000,0.1700000000

optimal_chisq=5.1461584788,optimal_hour=3.7400005492, source_hour=3.7400000000 
parameter is :
1.3379520281,1.2158741381,0.8661277434,1.1186463649,0.4863387691,1.6037366211,235.9091841107,-16.2852443906,3.7400005492,350.0811408688,0.1686677661,0.2302782291,0.1287769109,

##################################
1.0000000000,0.4037855502,1.1548609264,0.0585797766,0.2533765167,0.9167568995,221.0000000000,71.0000000000,6.0000000000,148.0000000000,-0.0020000000,0.4100000000,0.0500000000

optimal_chisq=5.0989730888,optimal_hour=4.2200012901, source_hour=4.2200000000 
parameter is :
0.6118227170,0.5302186909,0.8422969339,0.2302425693,0.1844110369,0.8642510197,218.4718567206,50.6090503164,4.2200012901,145.8325801963,0.0247570978,0.4096326758,0.3727171484,

##################################
1.0000000000,0.2571600807,0.4036405091,0.7856397768,0.9705582534,0.0234379323,118.0000000000,28.0000000000,2.0000000000,49.0000000000,-0.0015000000,0.3000000000,0.1300000000

optimal_chisq=3.8348085615,optimal_hour=4.1000027376, source_hour=4.1000000000 
parameter is :
0.5991031322,0.6647789792,0.1225955126,0.9814474036,1.0175219391,-0.0675481668,102.7173066395,2.1651868597,4.1000027376,54.9793455379,-0.0321472113,0.3122445029,1.1208119180,

##################################
1.0000000000,0.1180417617,0.4361921901,0.5974505478,0.1580872221,0.8440040543,334.0000000000,-40.0000000000,3.0000000000,283.0000000000,-0.0012000000,0.3800000000,0.1000000000

optimal_chisq=5.3870091846,optimal_hour=4.4300010061, source_hour=4.4300000000 
parameter is :
-0.3004082533,0.8176676848,-0.4336031272,1.2053702109,0.1049539056,0.4146771009,360.1782730182,-65.7428976337,4.4300010061,283.3888316016,0.1714255630,0.3619066285,-0.0580427249,

##################################
1.0000000000,0.4965287882,1.0858416633,0.2478552810,0.2836725528,1.0060341490,264.0000000000,-36.0000000000,3.0000000000,187.0000000000,-0.0013000000,0.2300000000,0.0900000000

optimal_chisq=3.1160444292,optimal_hour=4.1899996523, source_hour=4.1900000000 
parameter is :
0.9945875651,1.4475272023,0.7323705860,-1.1456462052,-0.7654486958,0.9627603562,256.1358286343,-32.3945996032,4.1899996523,190.8642634965,-0.0020545434,0.2305443462,0.0310836713,

##################################
1.0000000000,0.5962086379,1.0713334541,0.3769276252,1.0469301495,0.2384302973,318.0000000000,74.0000000000,2.0000000000,122.0000000000,-0.0018000000,0.2000000000,0.1500000000

optimal_chisq=5.5676481825,optimal_hour=4.6299999946, source_hour=4.6300000000 
parameter is :
1.0000000000,0.5962086379,1.0713334541,0.3769276252,1.0469301495,0.2384302973,318.0000000000,74.0000000000,4.6299999946,122.0000000000,-0.0018000000,0.2000000000,0.1500000000,

##################################
1.0000000000,0.0223698858,0.2187566973,0.7588601339,0.1000236965,0.8566831353,198.0000000000,-25.0000000000,2.0000000000,295.0000000000,-0.0012000000,0.4600000000,0.0700000000

optimal_chisq=5.3089268380,optimal_hour=4.4400082983, source_hour=4.4400000000 
parameter is :
3.3482272880,6.9978638274,0.1873400752,8.6039244307,3.8027812128,2.4362286330,166.9180644244,-29.9316940689,4.4400082983,299.0662940523,0.1969355229,0.4534321308,-0.0294045161,

##################################
1.0000000000,0.0830361927,0.1351238203,0.9223565660,0.7517522498,0.1364538554,246.0000000000,-44.0000000000,18.0000000000,112.0000000000,-0.0020000000,0.3900000000,0.1200000000

optimal_chisq=3.9281955122,optimal_hour=4.4299978889, source_hour=4.4300000000 
parameter is :
0.1209499663,0.4879064941,0.3083384758,0.3494557203,0.4461516602,0.4004288566,239.5466755111,-32.0503503503,4.4299978889,117.9903559924,0.1057842813,0.3905550300,0.0628289795,

##################################
1.0000000000,0.9800085621,1.0730973390,0.7918292292,0.9532913307,0.8030830592,298.0000000000,42.0000000000,8.0000000000,167.0000000000,-0.0021000000,0.4500000000,0.1200000000

optimal_chisq=4.8358584109,optimal_hour=3.7300024033, source_hour=3.7300000000 
parameter is :
1.0597720393,1.0199485202,1.0068046381,0.7380480046,0.9639627287,0.8104806097,298.0009258519,42.0001052099,3.7300024033,167.0010033615,-0.0053035341,0.4499860127,0.1236416108,

##################################
1.0000000000,0.1691546455,0.7033776632,0.3295913562,0.0763436494,0.9416261731,208.0000000000,44.0000000000,3.0000000000,17.0000000000,-0.0023000000,0.2900000000,0.1900000000

optimal_chisq=4.5364187640,optimal_hour=4.1100013746, source_hour=4.1100000000 
parameter is :
0.4826806470,0.6692191061,0.8540963670,0.2921057740,0.0193966107,1.0840515141,205.7692647288,44.2839904583,4.1100013746,16.6997696806,0.0638974317,0.2862143290,0.6546737422,

##################################
1.0000000000,0.1903573895,0.0571076723,1.1235760559,0.9418042591,0.0487158962,113.0000000000,52.0000000000,4.0000000000,146.0000000000,-0.0017000000,0.4500000000,0.0700000000

optimal_chisq=5.1625238321,optimal_hour=3.8000020252, source_hour=3.8000000000 
parameter is :
-1.0883306122,0.2453566590,0.7084469117,-0.9383267782,-0.6809012449,0.3772516912,109.9764600139,35.2729810909,3.8000020252,147.7030376582,-0.0514102285,0.4521234720,0.1517269560,

##################################
1.0000000000,0.3156111251,0.9006789516,0.2596923956,0.8230802900,0.1718334364,184.0000000000,9.0000000000,20.0000000000,33.0000000000,-0.0018000000,0.2600000000,0.0600000000

optimal_chisq=4.7833962787,optimal_hour=4.4500144475, source_hour=4.4500000000 
parameter is :
-1.3902753309,-1.1238778726,-1.9392144448,0.4884672462,-0.2136287539,-2.2497699520,207.7681196283,35.3239374826,4.4500144475,29.3157933789,-0.0039729823,0.2735811316,0.8286287306,

##################################
1.0000000000,0.2811156718,0.3885147693,0.8287677732,0.0814658015,1.1222813736,86.0000000000,-77.0000000000,11.0000000000,150.0000000000,-0.0020000000,0.3300000000,0.1200000000

optimal_chisq=5.0365795740,optimal_hour=4.6399999691, source_hour=4.6400000000 
parameter is :
0.8068231930,0.5553945232,0.9689710440,0.0775880881,0.3766625317,0.9138046225,83.4486001526,-76.3858002451,4.6399999691,149.9950246669,0.0472466453,0.3285228173,0.0557438582,

##################################
1.0000000000,0.3805851594,0.1952744887,1.1564173258,0.7658600809,0.4609809934,127.0000000000,56.0000000000,6.0000000000,217.0000000000,-0.0016000000,0.4700000000,0.1200000000

optimal_chisq=5.4784228183,optimal_hour=4.4299927799, source_hour=4.4300000000 
parameter is :
0.7827845702,0.7187041131,0.7622058555,0.9180181766,1.1867303048,-0.2617913986,127.1202602440,55.8111242343,4.4299927799,216.9302606653,0.0365181241,0.4753232219,-0.0023985444,

##################################
1,chisq=3.116044429231004997404852474574,optimalHour=4.1899996523,InitHout=4.1900000000,deviation=0.0000003477
2,chisq=3.681926606412839309001583387726,optimalHour=4.0700023618,InitHout=4.0700000000,deviation=0.0000023618
3,chisq=3.834808561510926860904646673589,optimalHour=4.1000027376,InitHout=4.1000000000,deviation=0.0000027376
4,chisq=3.928195512207345529986923793331,optimalHour=4.4299978889,InitHout=4.4300000000,deviation=0.0000021111
5,chisq=4.139122565308826828811561426846,optimalHour=4.1900005784,InitHout=4.1900000000,deviation=0.0000005784
6,chisq=4.173670793653345256757347669918,optimalHour=4.0700024838,InitHout=4.0700000000,deviation=0.0000024838
7,chisq=4.536418763960559985548570693936,optimalHour=4.1100013746,InitHout=4.1100000000,deviation=0.0000013746
8,chisq=4.601678945568220768791434238665,optimalHour=4.4299925319,InitHout=4.4300000000,deviation=0.0000074681
9,chisq=4.632404852891058411046287801582,optimalHour=4.4300022055,InitHout=4.4300000000,deviation=0.0000022055
10,chisq=4.783396278701199655358777818037,optimalHour=4.4500144475,InitHout=4.4500000000,deviation=0.0000144475
11,chisq=4.790326064236034575571920868242,optimalHour=3.9700004133,InitHout=3.9700000000,deviation=0.0000004133
12,chisq=4.832083547236430298710274655605,optimalHour=4.1900010160,InitHout=4.1900000000,deviation=0.0000010160
13,chisq=4.835858410944047669488554674899,optimalHour=3.7300024033,InitHout=3.7300000000,deviation=0.0000024033
14,chisq=4.875557627403130034338119003223,optimalHour=4.4299948930,InitHout=4.4300000000,deviation=0.0000051070
15,chisq=5.000311221959724328200991294580,optimalHour=3.8000003976,InitHout=3.8000000000,deviation=0.0000003976
16,chisq=5.036579573955316746491917001549,optimalHour=4.6399999691,InitHout=4.6400000000,deviation=0.0000000309
17,chisq=5.098973088757202454246453271480,optimalHour=4.2200012901,InitHout=4.2200000000,deviation=0.0000012901
18,chisq=5.146158478816441395053971064044,optimalHour=3.7400005492,InitHout=3.7400000000,deviation=0.0000005492
19,chisq=5.160369639287672782756999367848,optimalHour=4.0800056310,InitHout=4.0800000000,deviation=0.0000056310
20,chisq=5.162523832064884743431321112439,optimalHour=3.8000020252,InitHout=3.8000000000,deviation=0.0000020252
21,chisq=5.179386696654517230342662514886,optimalHour=3.7400011929,InitHout=3.7400000000,deviation=0.0000011929
22,chisq=5.295360842124703815159136865987,optimalHour=4.3500016024,InitHout=4.3500000000,deviation=0.0000016024
23,chisq=5.308926837995216807541964953998,optimalHour=4.4400082983,InitHout=4.4400000000,deviation=0.0000082983
24,chisq=5.318692829311888026211363467155,optimalHour=4.1100001980,InitHout=4.1100000000,deviation=0.0000001980
25,chisq=5.387009184625098257015451963525,optimalHour=4.4300010061,InitHout=4.4300000000,deviation=0.0000010061
26,chisq=5.478422818250313852672661596444,optimalHour=4.4299927799,InitHout=4.4300000000,deviation=0.0000072201
27,chisq=5.494809950431585932051348208915,optimalHour=4.0200003444,InitHout=4.0200000000,deviation=0.0000003444
28,chisq=5.552027723898558697612770629348,optimalHour=4.4400094994,InitHout=4.4400000000,deviation=0.0000094994
29,chisq=5.567648182515339883025262679439,optimalHour=4.6299999946,InitHout=4.6300000000,deviation=0.0000000054
30,chisq=5.771562234115725331662360986229,optimalHour=3.9199993472,InitHout=3.9200000000,deviation=0.0000006528
1.0000000000,0.4965287882,1.0858416633,0.2478552810,0.2836725528,1.0060341490,264.0000000000,-36.0000000000,3.0000000000,187.0000000000,-0.0013000000,0.2300000000,0.0900000000

optimal_chisq=3.1160444292,optimal_hour=4.1899996523, source_hour=4.1900000000 
parameter is :
0.9945875651,1.4475272023,0.7323705860,-1.1456462052,-0.7654486958,0.9627603562,256.1358286343,-32.3945996032,4.1899996523,190.8642634965,-0.0020545434,0.2305443462,0.0310836713,

run over!

##################################
1.0000000000,0.1062358800,0.8375204527,0.0876665198,0.7164406380,0.0120562254,248.0000000000,59.0000000000,10.0000000000,164.0000000000,-0.0021000000,0.2700000000,0.0700000000

optimal_chisq=3.6819266064,optimal_hour=4.0700023618, source_hour=4.0700000000 
parameter is :
8.0086187937,1.3362593497,6.6728483172,6.8084852731,8.0476604083,1.2329801982,249.2373436996,21.2497498130,4.0700023618,168.7894520255,-0.0315203194,0.2756555530,-0.1468737570,

run over!

##################################
1.0000000000,0.2571600807,0.4036405091,0.7856397768,0.9705582534,0.0234379323,118.0000000000,28.0000000000,2.0000000000,49.0000000000,-0.0015000000,0.3000000000,0.1300000000

optimal_chisq=3.8348085615,optimal_hour=4.1000027376, source_hour=4.1000000000 
parameter is :
0.5991031322,0.6647789792,0.1225955126,0.9814474036,1.0175219391,-0.0675481668,102.7173066395,2.1651868597,4.1000027376,54.9793455379,-0.0321472113,0.3122445029,1.1208119180,

run over!

##################################
1.0000000000,0.0830361927,0.1351238203,0.9223565660,0.7517522498,0.1364538554,246.0000000000,-44.0000000000,18.0000000000,112.0000000000,-0.0020000000,0.3900000000,0.1200000000

optimal_chisq=3.9281955122,optimal_hour=4.4299978889, source_hour=4.4300000000 
parameter is :
0.1209499663,0.4879064941,0.3083384758,0.3494557203,0.4461516602,0.4004288566,239.5466755111,-32.0503503503,4.4299978889,117.9903559924,0.1057842813,0.3905550300,0.0628289795,

run over!

##################################
1.0000000000,0.5766265032,1.2685023755,0.1262243551,0.7984824524,0.4703869695,316.0000000000,-79.0000000000,7.0000000000,23.0000000000,-0.0019000000,0.2800000000,0.1800000000

optimal_chisq=3.7439568926,optimal_hour=4.1140013053, source_hour=4.1140000000 
parameter is :
0.5719000480,0.9328155900,0.9858749729,0.0580190849,1.2035294099,0.6319466969,299.3474623116,-74.4179242419,4.1140013053,28.9964312232,-0.0404786185,0.2925424397,0.7326703771,

run over!

##################################
1.0000000000,0.5274936867,0.3125614897,1.1728479775,1.1464507278,0.1639864920,191.0000000000,-81.0000000000,17.0000000000,168.0000000000,-0.0014000000,0.4200000000,0.1500000000

optimal_chisq=3.9930618633,optimal_hour=4.1140002418, source_hour=4.1140000000 
parameter is :
1.8971175511,0.3199706632,2.3379045129,0.6093017097,2.6219242508,0.2813134199,194.6183850519,-100.1616305691,4.1140002418,171.9271503551,0.0477832647,0.4327209486,0.0414510801,

run over!

##################################
1,chisq=3.116044429231004997404852474574,optimalHour=4.1899996523,InitHout=4.1900000000,deviation=0.0000003477
2,chisq=3.681926606412839309001583387726,optimalHour=4.0700023618,InitHout=4.0700000000,deviation=0.0000023618
3,chisq=3.743956892577706252467351077939,optimalHour=4.1140013053,InitHout=4.1140000000,deviation=0.0000013053
4,chisq=3.834808561510926860904646673589,optimalHour=4.1000027376,InitHout=4.1000000000,deviation=0.0000027376
5,chisq=3.928195512207345529986923793331,optimalHour=4.4299978889,InitHout=4.4300000000,deviation=0.0000021111
6,chisq=3.993061863326393456929963576840,optimalHour=4.1140002418,InitHout=4.1140000000,deviation=0.0000002418





1.0000000000,0.1062358800,0.8375204527,0.0876665198,0.7164406380,0.0120562254,248.0000000000,59.0000000000,10.0000000000,164.0000000000,-0.0021000000,0.2700000000,0.0700000000


1.0000000000,0.1062358800,0.8375204527,0.0876665198,0.7164406380,0.0120562254,248.0000000000,59.0000000000,10.0000000000,164.0000000000,-0.0021000000,0.2700000000,0.0700000000

optimal_chisq=3.6445944565,optimal_hour=4.1114037711 
parameter is :
0.9446783653,0.2616662593,0.7622249563,0.3669629716,1.0002221220,0.6371859871,253.4463035907,39.0360137103,4.1114037711,169.1821067137,0.0820024110,0.2683379816,-0.1419442027,


Pole:
optimalLambda,optimalBeta:(260.8231548159,64.4643156677)
optimalParameter:{0.7677685598,1.4972318846,0.2086363565,0.0962677639,0.2693343112,3.1407574509,260.8231548159,64.4643156677,4.1114040377,204.1141410366,0.0141328689,0.4273943646,0.0403605158}



