1.0000000000,0.6367901269,0.7691681346,0.7675143733,0.7277803446,0.7074883519,23.0000000000,11.0000000000,3.0000000000,21.0000000000,-0.0019000000,0.2200000000,0.1200000000

optimal_chisq=0.3565960563,optimal_hour=9.7699999459, source_hour=9.7700000000 
parameter is :
1.5915426671,1.6500907766,1.4903122716,1.4654824285,-0.3349375151,1.5223113867,6.3116126750,14.4575228422,9.7699999459,20.8725173352,0.0039975496,0.2224162290,-0.5300294259,

##################################
1.0000000000,0.1386816628,0.6003139728,0.4207858516,0.2448241909,0.7258304645,38.0000000000,-55.0000000000,2.0000000000,293.0000000000,-0.0016000000,0.4500000000,0.1400000000

optimal_chisq=0.3776466750,optimal_hour=10.0000000485, source_hour=10.0000000000 
parameter is :
4.2600007727,2.7317921137,3.7699957118,3.0830719578,1.6282545506,4.7852945524,43.3354481466,-53.1013863695,10.0000000485,309.7903101946,0.0316767869,0.4568314775,0.0737569580,

##################################
1.0000000000,0.2559600897,0.9322188895,0.1517383026,0.0349798976,1.0424842903,50.0000000000,43.0000000000,17.0000000000,70.0000000000,-0.0024000000,0.2500000000,0.0500000000

optimal_chisq=0.3961244148,optimal_hour=9.9699996357, source_hour=9.9700000000 
parameter is :
0.4467784546,0.6885229535,0.5920250002,0.5567907337,0.4737788465,0.6617860256,48.5742455835,35.4749632396,9.9699996357,88.2914847181,0.0188427950,0.2516342309,0.2389078592,

##################################
1.0000000000,0.8935572779,1.4271726370,0.3012422753,0.6201847427,1.0332106370,277.0000000000,28.0000000000,20.0000000000,180.0000000000,-0.0023000000,0.4800000000,0.1800000000

optimal_chisq=0.3323336696,optimal_hour=9.7700011381, source_hour=9.7700000000 
parameter is :
0.8722102921,0.8455540613,1.3728296615,0.4175400870,0.5019833109,1.1514184056,277.9132077618,28.1560412723,9.7700011381,182.6126830901,0.0229823471,0.4832789676,0.0761349887,

##################################
1.0000000000,0.6683604357,1.1859935835,0.3254295149,1.1544961421,0.1844826847,256.0000000000,-47.0000000000,4.0000000000,40.0000000000,-0.0019000000,0.2600000000,0.0700000000

optimal_chisq=0.4120432295,optimal_hour=10.0000006657, source_hour=10.0000000000 
parameter is :
0.6382739005,0.9540277313,1.0307697337,0.8011604141,1.2407370985,0.5977219785,256.6741647236,-45.4673764043,10.0000006657,40.1649759003,0.0152279710,0.2623286609,-0.0311795556,

##################################
1.0000000000,0.5789619813,1.3222561209,0.0662482502,1.1040664360,0.1012364417,281.0000000000,33.0000000000,24.0000000000,273.0000000000,-0.0016000000,0.2000000000,0.1300000000

optimal_chisq=0.3917797213,optimal_hour=9.3900008045, source_hour=9.3900000000 
parameter is :
0.6122131890,0.5767013962,0.8444197111,0.3142262531,0.8030774784,0.4276219586,285.0740488804,29.9196049895,9.3900008045,266.3917464376,-0.0075739089,0.2015551428,-0.0179570061,

##################################
1.0000000000,0.9819426066,0.4477932025,1.4878820139,0.9390576832,0.8941689123,81.0000000000,24.0000000000,6.0000000000,336.0000000000,-0.0012000000,0.2700000000,0.1000000000

optimal_chisq=0.3650356396,optimal_hour=10.2699999597, source_hour=10.2700000000 
parameter is :
1.2092566100,0.9362602819,0.8346832646,1.4416704187,0.4900697528,0.2433941238,83.9489089408,22.2424896814,10.2699999597,341.6994936980,0.0109473421,0.2699460262,0.0666660972,

##################################
1.0000000000,0.4718519889,0.7856023088,0.5703773991,0.0027480348,1.3528262310,341.0000000000,65.0000000000,4.0000000000,120.0000000000,-0.0016000000,0.2600000000,0.0800000000

optimal_chisq=0.3742505569,optimal_hour=10.0100014897, source_hour=10.0100000000 
parameter is :
1.4432787208,1.4444221863,0.9674548701,1.8510217263,-1.0633695458,1.9478475961,307.3959569349,44.7072097383,10.0100014897,104.5746717375,0.0024048797,0.2529492914,-0.0919558975,

##################################
1.0000000000,0.7539866519,1.1297934884,0.4841927792,0.1667454424,1.4263067411,155.0000000000,-19.0000000000,21.0000000000,169.0000000000,-0.0016000000,0.4000000000,0.1500000000

optimal_chisq=0.3980230821,optimal_hour=9.7300003705, source_hour=9.7300000000 
parameter is :
0.9177448106,0.9017882557,0.9241149996,0.9108603476,0.4016294073,1.3898758418,156.2256143940,-18.6801750759,9.7300003705,169.0109972301,0.0239486939,0.4001036853,0.0422025805,

##################################
1.0000000000,0.8226130939,0.4764168486,1.2923255577,0.1313817269,1.6223778126,63.0000000000,-35.0000000000,5.0000000000,333.0000000000,-0.0020000000,0.2800000000,0.0800000000

optimal_chisq=0.3998292107,optimal_hour=9.5400014367, source_hour=9.5400000000 
parameter is :
0.6978771055,0.6653578841,0.6117844960,0.7467090125,0.4518154028,0.8915673270,65.4566060809,-34.0513873034,9.5400014367,335.9824446782,0.0018569137,0.2808537283,-0.1467929238,

##################################
1.0000000000,0.9606704539,0.0832475082,1.8688941067,1.6214723503,0.1473277622,5.0000000000,-20.0000000000,3.0000000000,289.0000000000,-0.0021000000,0.2100000000,0.1100000000

optimal_chisq=0.3962774223,optimal_hour=9.9200007916, source_hour=9.9200000000 
parameter is :
1.6002189713,1.5479145086,1.1165623243,1.9869620056,2.1808921376,0.8100266536,4.9352059138,-2.3575371872,9.9200007916,293.4013521909,0.0061595692,0.2353347341,0.0460975176,

##################################
1.0000000000,0.2729389301,0.8977491551,0.2136345643,0.8732660793,0.0486773702,331.0000000000,33.0000000000,8.0000000000,228.0000000000,-0.0020000000,0.4700000000,0.1200000000

optimal_chisq=0.3732724052,optimal_hour=9.7800005038, source_hour=9.7800000000 
parameter is :
0.5432858783,0.5310175007,0.6083694315,0.4637557707,0.3032922034,0.8303662416,327.3651054266,34.1843135319,9.7800005038,231.6736604146,-0.0062117858,0.4722373569,-0.0287533137,

##################################
1.0000000000,0.7984309996,0.5050306298,1.2353640360,1.4098180279,0.1497846955,277.0000000000,88.0000000000,14.0000000000,77.0000000000,-0.0019000000,0.3900000000,0.1900000000

optimal_chisq=0.3804959996,optimal_hour=9.3900001738, source_hour=9.3900000000 
parameter is :
0.9519270382,0.7863756744,0.7045880549,1.0747767761,1.2135573874,0.4390607790,275.9329796931,91.1007441921,9.3900001738,77.8463169673,0.0131785763,0.3913530373,-0.0269393805,

##################################
1.0000000000,0.6016830516,1.1441677485,0.2989459936,0.8698566359,0.4404896634,178.0000000000,11.0000000000,19.0000000000,285.0000000000,-0.0023000000,0.3100000000,0.1100000000

optimal_chisq=0.4231270009,optimal_hour=10.0299995914, source_hour=10.0300000000 
parameter is :
0.9632328849,0.7666887355,0.5743035832,1.1778704223,0.8535924221,0.8768901547,177.5026346720,10.0645252290,10.0299995914,284.8722976390,-0.0076743490,0.3106955788,0.1138808505,

##################################
1.0000000000,0.2265055115,0.2106380955,0.9804998766,0.6537508243,0.4150540991,91.0000000000,36.0000000000,21.0000000000,317.0000000000,-0.0024000000,0.4900000000,0.1400000000

optimal_chisq=0.3911938917,optimal_hour=9.1900000054, source_hour=9.1900000000 
parameter is :
1.3969368803,0.7427379447,0.6529024185,1.4535316825,1.1700503682,0.7802760328,93.3892332645,25.8338474918,9.1900000054,318.4325954516,0.0273851581,0.4912765664,0.0498481908,

##################################
1.0000000000,0.8523707245,0.6937179721,1.0804507218,0.0618272251,1.7053441594,127.0000000000,1.0000000000,19.0000000000,9.0000000000,-0.0013000000,0.3500000000,0.1500000000

optimal_chisq=0.3819330150,optimal_hour=9.7700003652, source_hour=9.7700000000 
parameter is :
1.1760865029,1.1425735102,0.6724484681,1.7900483939,0.9061415380,1.4089063683,129.9293828717,2.5402185154,9.7700003652,8.2867971642,-0.0024489224,0.3522790507,0.0518799755,

##################################
1.0000000000,0.0624392629,0.3118652943,0.6882053135,0.4412414329,0.4610214415,137.0000000000,0.0000000000,5.0000000000,188.0000000000,-0.0022000000,0.3200000000,0.1000000000

optimal_chisq=0.3529648150,optimal_hour=9.7700000206, source_hour=9.7700000000 
parameter is :
1.0612977643,0.2104913205,0.5698915097,0.6820335479,0.4507875305,0.5320383168,138.5154619713,0.3482138062,9.7700000206,186.5237030127,0.0005739241,0.3200316402,-0.0705072854,

##################################
1.0000000000,0.1567287315,0.6547935452,0.3747322446,0.8225906900,0.0091307196,317.0000000000,20.0000000000,20.0000000000,30.0000000000,-0.0020000000,0.4500000000,0.1100000000

optimal_chisq=0.3254248730,optimal_hour=9.8400003688, source_hour=9.8400000000 
parameter is :
0.9976810874,0.3264979117,0.8298663595,0.4628610645,0.8426638971,0.4227276715,323.2919974143,17.8313126814,9.8400003688,20.1603785646,-0.0050088472,0.4501020381,0.1424844493,

##################################
1.0000000000,0.8249845392,0.7972213379,0.9357572963,0.7197428451,0.9257555654,74.0000000000,-89.0000000000,19.0000000000,130.0000000000,-0.0018000000,0.2400000000,0.0500000000

optimal_chisq=0.4040687246,optimal_hour=9.9999999706, source_hour=10.0000000000 
parameter is :
1.3807550967,0.9747519676,1.4565915680,0.8812929626,0.3427828813,0.1370385388,73.8530271555,-89.8536450394,9.9999999706,130.3223672269,0.0054286287,0.2449047563,-0.1446817139,

##################################
1.0000000000,0.9486862900,1.2082845251,0.6073003564,1.0267359597,0.6676567121,310.0000000000,-64.0000000000,22.0000000000,6.0000000000,-0.0013000000,0.4700000000,0.0900000000

optimal_chisq=0.4154182064,optimal_hour=9.5900000075, source_hour=9.5900000000 
parameter is :
1.0246004166,1.0165648500,1.3345856834,0.6713372513,0.6276381417,0.9772676248,310.0987574496,-63.8762504603,9.5900000075,5.7420283875,0.0090792775,0.4706900275,0.0016006919,

##################################
1.0000000000,0.2865672416,0.6638414013,0.5095795003,0.7766110938,0.2447336105,286.0000000000,70.0000000000,16.0000000000,101.0000000000,-0.0012000000,0.4400000000,0.1100000000

optimal_chisq=0.3384987564,optimal_hour=9.2400011758, source_hour=9.2400000000 
parameter is :
-0.0207459307,-0.1505173348,0.9881863254,1.4847810748,1.0010989152,0.5452334515,285.9123890324,69.6180207333,9.2400011758,100.0031744237,0.0448181202,0.4434383105,-0.2520379699,

##################################
1.0000000000,0.1365345102,0.6685910971,0.3346582885,0.7288237731,0.0981662187,146.0000000000,75.0000000000,22.0000000000,52.0000000000,-0.0012000000,0.3900000000,0.1100000000

optimal_chisq=0.3923056598,optimal_hour=9.9900025292, source_hour=9.9900000000 
parameter is :
0.5525042485,0.5599328160,0.7504696558,0.3522790996,0.3950849700,0.7053336349,149.9348969923,73.4540137267,9.9900025292,54.5099244023,0.0280416216,0.3903007609,0.1134968985,

##################################
1.0000000000,0.0910591940,0.6320019166,0.3272935053,0.3204938038,0.5665396775,80.0000000000,1.0000000000,9.0000000000,87.0000000000,-0.0017000000,0.3900000000,0.1700000000

optimal_chisq=0.3105829125,optimal_hour=9.7500002946, source_hour=9.7500000000 
parameter is :
1.0084557884,0.3989481689,0.7263118555,0.5764886400,0.4563448485,0.6876735153,89.7239568209,-0.7575176308,9.7500002946,88.8898114890,0.0195869966,0.3929277898,0.0541297345,

##################################
1.0000000000,0.3949831186,0.7295680523,0.5515165713,0.4931187742,0.7056982894,24.0000000000,-22.0000000000,17.0000000000,30.0000000000,-0.0019000000,0.2200000000,0.1300000000

optimal_chisq=0.4127382049,optimal_hour=10.0400000411, source_hour=10.0400000000 
parameter is :
0.8426775411,0.6292556431,0.5031545121,0.9486019784,0.6977315497,0.8008624601,27.8311529475,-24.5514775076,10.0400000411,30.0217311526,0.0003451432,0.2220418784,-0.0935264924,

##################################
1.0000000000,0.5908737567,0.6803834037,0.8197826047,1.0583635276,0.2841313330,161.0000000000,24.0000000000,18.0000000000,224.0000000000,-0.0021000000,0.4900000000,0.1000000000

optimal_chisq=0.3785214038,optimal_hour=10.0600000115, source_hour=10.0600000000 
parameter is :
0.8438685173,0.6896135850,0.7630960535,0.7649707818,1.1397958277,0.3152112723,157.8260022168,21.4725913079,10.0600000115,223.7397996148,-0.0348092224,0.4897106421,-0.1020125268,

##################################
1.0000000000,0.9491374148,0.2854154451,1.6339818586,0.2336997291,1.6610291664,306.0000000000,48.0000000000,9.0000000000,165.0000000000,-0.0020000000,0.4800000000,0.1800000000

optimal_chisq=0.3563898446,optimal_hour=9.1100001630, source_hour=9.1100000000 
parameter is :
0.9326139541,1.1389481291,0.6755171880,1.2579412572,0.7737293314,1.1712515272,306.2913516608,46.3342879573,9.1100001630,165.8923723113,0.0027248062,0.4805430854,-0.0235989696,

##################################
1.0000000000,0.1591580348,0.1003519696,1.0412247733,0.8647270992,0.0970266737,51.0000000000,75.0000000000,1.0000000000,313.0000000000,-0.0013000000,0.3300000000,0.0900000000

optimal_chisq=0.4018099343,optimal_hour=10.2700001831, source_hour=10.2700000000 
parameter is :
1.9346560421,1.8137476370,0.9675210464,2.5292680909,1.8985682700,1.7679200962,70.8759027680,70.8517265521,10.2700001831,307.5995748117,0.0160602062,0.3334490801,-0.0198384247,

##################################
1.0000000000,0.4267876160,0.5490902519,0.7960572065,0.6641491743,0.5736904979,88.0000000000,9.0000000000,14.0000000000,105.0000000000,-0.0017000000,0.3600000000,0.1700000000

optimal_chisq=0.3685712475,optimal_hour=9.6000006871, source_hour=9.6000000000 
parameter is :
1.2708124017,0.3768871807,0.6460670390,0.8337184458,0.4248527249,0.2785311141,89.9060701572,5.2714639177,9.6000006871,103.2203492972,0.0280296567,0.3616751208,-0.0330715451,

##################################
1.0000000000,0.7162828179,0.7290258414,0.8976215919,0.4019358752,1.1736924348,221.0000000000,-29.0000000000,20.0000000000,321.0000000000,-0.0019000000,0.3600000000,0.1000000000

optimal_chisq=0.4059317536,optimal_hour=9.4200000730, source_hour=9.4200000000 
parameter is :
1.3964460217,1.2666639852,1.1343797256,1.5108069686,0.6992300286,1.7374830163,217.5938781689,-22.7445048998,9.4200000730,322.5126857671,0.0085003771,0.3600146273,0.3012410583,

##################################
1.0000000000,0.6019940533,0.4113464587,1.1375322063,0.2645114162,1.2494236881,44.0000000000,42.0000000000,22.0000000000,167.0000000000,-0.0013000000,0.4000000000,0.0800000000

optimal_chisq=0.4105312979,optimal_hour=9.4099979193, source_hour=9.4100000000 
parameter is :
0.1725760972,0.6407901609,0.6554277494,0.6637972305,0.7865859953,0.5652959130,55.9609784063,39.9352914605,9.4099979193,161.9203128976,0.0205829762,0.3998506976,-0.0356548637,

##################################
1,chisq=0.310582912521763454538614723788,optimalHour=9.7500002946,InitHout=9.7500000000,deviation=0.0000002946
2,chisq=0.325424873013730797666198668594,optimalHour=9.8400003688,InitHout=9.8400000000,deviation=0.0000003688
3,chisq=0.332333669639198359124776516182,optimalHour=9.7700011381,InitHout=9.7700000000,deviation=0.0000011381
4,chisq=0.338498756350461671438267785561,optimalHour=9.2400011758,InitHout=9.2400000000,deviation=0.0000011758
5,chisq=0.352964814984139563236453795980,optimalHour=9.7700000206,InitHout=9.7700000000,deviation=0.0000000206
6,chisq=0.356389844559543478297314322845,optimalHour=9.1100001630,InitHout=9.1100000000,deviation=0.0000001630
7,chisq=0.356596056334013533639648585449,optimalHour=9.7699999459,InitHout=9.7700000000,deviation=0.0000000541
8,chisq=0.365035639621751117900316785381,optimalHour=10.2699999597,InitHout=10.2700000000,deviation=0.0000000403
9,chisq=0.368571247491118803019105598651,optimalHour=9.6000006871,InitHout=9.6000000000,deviation=0.0000006871
10,chisq=0.373272405200940293745759390731,optimalHour=9.7800005038,InitHout=9.7800000000,deviation=0.0000005038
11,chisq=0.374250556938712453103335064952,optimalHour=10.0100014897,InitHout=10.0100000000,deviation=0.0000014897
12,chisq=0.377646674958486860962381115314,optimalHour=10.0000000485,InitHout=10.0000000000,deviation=0.0000000485
13,chisq=0.378521403840598624768176705402,optimalHour=10.0600000115,InitHout=10.0600000000,deviation=0.0000000115
14,chisq=0.380495999570899523511968709499,optimalHour=9.3900001738,InitHout=9.3900000000,deviation=0.0000001738
15,chisq=0.381933015009069454226420248233,optimalHour=9.7700003652,InitHout=9.7700000000,deviation=0.0000003652
16,chisq=0.391193891678241978393515410062,optimalHour=9.1900000054,InitHout=9.1900000000,deviation=0.0000000054
17,chisq=0.391779721300598793298775035510,optimalHour=9.3900008045,InitHout=9.3900000000,deviation=0.0000008045
18,chisq=0.392305659823605767932974686119,optimalHour=9.9900025292,InitHout=9.9900000000,deviation=0.0000025292
19,chisq=0.396124414797473678451211753782,optimalHour=9.9699996357,InitHout=9.9700000000,deviation=0.0000003643
20,chisq=0.396277422262236722616535189445,optimalHour=9.9200007916,InitHout=9.9200000000,deviation=0.0000007916
21,chisq=0.398023082074446366007691722189,optimalHour=9.7300003705,InitHout=9.7300000000,deviation=0.0000003705
22,chisq=0.399829210677811186513963548350,optimalHour=9.5400014367,InitHout=9.5400000000,deviation=0.0000014367
23,chisq=0.401809934285556391575511270275,optimalHour=10.2700001831,InitHout=10.2700000000,deviation=0.0000001831
24,chisq=0.404068724551106261966282318099,optimalHour=9.9999999706,InitHout=10.0000000000,deviation=0.0000000294
25,chisq=0.405931753583491650161363395455,optimalHour=9.4200000730,InitHout=9.4200000000,deviation=0.0000000730
26,chisq=0.410531297878016510072285427668,optimalHour=9.4099979193,InitHout=9.4100000000,deviation=0.0000020807
27,chisq=0.412043229518272657863064978301,optimalHour=10.0000006657,InitHout=10.0000000000,deviation=0.0000006657
28,chisq=0.412738204885869652827068421175,optimalHour=10.0400000411,InitHout=10.0400000000,deviation=0.0000000411
29,chisq=0.415418206356679087232208757996,optimalHour=9.5900000075,InitHout=9.5900000000,deviation=0.0000000075
30,chisq=0.423127000926426577454009247958,optimalHour=10.0299995914,InitHout=10.0300000000,deviation=0.0000004086
1.0000000000,0.0910591940,0.6320019166,0.3272935053,0.3204938038,0.5665396775,80.0000000000,1.0000000000,9.0000000000,87.0000000000,-0.0017000000,0.3900000000,0.1700000000

optimal_chisq=0.3075388348,optimal_hour=9.7660000011, source_hour=9.7660000000 
parameter is :
0.8444283453,0.3146803557,0.6055716971,0.4767411310,0.4034323554,0.6628004398,83.1933032817,2.0150686030,9.7660000011,87.1882830001,0.0345297015,0.3898303384,0.0198671913,

run over!

##################################
1.0000000000,0.1567287315,0.6547935452,0.3747322446,0.8225906900,0.0091307196,317.0000000000,20.0000000000,20.0000000000,30.0000000000,-0.0020000000,0.4500000000,0.1100000000

optimal_chisq=0.3254248730,optimal_hour=9.8400003688, source_hour=9.8400000000 
parameter is :
0.9976810874,0.3264979117,0.8298663595,0.4628610645,0.8426638971,0.4227276715,323.2919974143,17.8313126814,9.8400003688,20.1603785646,-0.0050088472,0.4501020381,0.1424844493,

run over!

##################################
1.0000000000,0.8935572779,1.4271726370,0.3012422753,0.6201847427,1.0332106370,277.0000000000,28.0000000000,20.0000000000,180.0000000000,-0.0023000000,0.4800000000,0.1800000000

optimal_chisq=0.2864068136,optimal_hour=9.7649999190, source_hour=9.7650000000 
parameter is :
1.0699517746,1.2348761525,1.4127840760,0.7611672458,0.9041943121,1.2626198946,284.1148620032,12.2949049659,9.7649999190,188.3745277185,0.0399617857,0.4793011006,-0.0501667065,

run over!

##################################
1.0000000000,0.2865672416,0.6638414013,0.5095795003,0.7766110938,0.2447336105,286.0000000000,70.0000000000,16.0000000000,101.0000000000,-0.0012000000,0.4400000000,0.1100000000

optimal_chisq=0.3263719315,optimal_hour=9.2380000336, source_hour=9.2380000000 
parameter is :
0.4382320939,0.2598269462,0.1029715394,-0.0520968715,0.4462130820,0.1915784586,290.1579301672,68.2095953146,9.2380000336,103.5989383520,0.0111933375,0.4401214943,-0.0111021019,

run over!

##################################
1.0000000000,0.0624392629,0.3118652943,0.6882053135,0.4412414329,0.4610214415,137.0000000000,0.0000000000,5.0000000000,188.0000000000,-0.0022000000,0.3200000000,0.1000000000

optimal_chisq=0.2439001223,optimal_hour=9.7610001307, source_hour=9.7610000000 
parameter is :
0.8168849459,0.3015390174,0.4638372650,0.5815305324,0.2820765088,0.7162147551,132.1798534986,-0.7729160292,9.7610001307,183.2897657389,0.0089918826,0.3202827264,0.1185727890,

run over!

##################################
1.0000000000,0.9491374148,0.2854154451,1.6339818586,0.2336997291,1.6610291664,306.0000000000,48.0000000000,9.0000000000,165.0000000000,-0.0020000000,0.4800000000,0.1800000000

optimal_chisq=0.3108164002,optimal_hour=9.0960008767, source_hour=9.0960000000 
parameter is :
1.7811914076,2.7458165299,1.4513128183,2.7055503583,2.8305188914,1.3406812418,294.8201945955,42.2655392330,9.0960008767,190.7786401379,-0.0005558161,0.4812853370,-0.0240134519,

run over!

##################################
1,chisq=0.243900122279950559711636515203,optimalHour=9.7610001307,InitHout=9.7610000000,deviation=0.0000001307
2,chisq=0.286406813607780197372676411760,optimalHour=9.7649999190,InitHout=9.7650000000,deviation=0.0000000810
3,chisq=0.307538834839452046576724342231,optimalHour=9.7660000011,InitHout=9.7660000000,deviation=0.0000000011
4,chisq=0.310816400238548673495841967451,optimalHour=9.0960008767,InitHout=9.0960000000,deviation=0.0000008767
5,chisq=0.325424873013730797666198668594,optimalHour=9.8400003688,InitHout=9.8400000000,deviation=0.0000003688
6,chisq=0.326371931483750876701321885776,optimalHour=9.2380000336,InitHout=9.2380000000,deviation=0.0000000336




1.0000000000,0.0910591940,0.6320019166,0.3272935053,0.3204938038,0.5665396775,80.0000000000,1.0000000000,9.0000000000,87.0000000000,-0.0017000000,0.3900000000,0.1700000000


1.0000000000,0.0910591940,0.6320019166,0.3272935053,0.3204938038,0.5665396775,80.0000000000,1.0000000000,9.0000000000,87.0000000000,-0.0017000000,0.3900000000,0.1700000000

optimal_chisq=0.2443336109,optimal_hour=9.7671999344 
parameter is :
1.0703012951,0.3436451936,0.7250856655,0.5757982754,0.4968924045,0.7919203379,94.1061688841,-6.1354018550,9.7671999344,90.2145967081,0.0134860816,0.3900308198,0.0290074300,


Pole:
optimalLambda,optimalBeta:(277.5005760801,24.0768774466)
optimalParameter:{0.6930856010,0.5996254685,0.2552892062,1.2260913783,0.5510155763,0.4550262012,277.5005760801,24.0768774466,9.7672019596,178.8593850688,0.0318522295,0.3910867206,0.0229967854}


