1.0000000000,0.2111008490,0.5864073739,0.5185525437,0.5269238092,0.4726012738,242.0000000000,83.0000000000,13.0000000000,328.0000000000,-0.0023000000,0.4100000000,0.0500000000

optimal_chisq=1.4592341089,optimal_hour=9.4799997252, source_hour=9.4800000000 
parameter is :
0.8119922536,0.4207185090,0.7469423979,0.5678849114,0.5322595576,0.5174928798,241.9854310271,83.0019206105,9.4799997252,327.9857765821,0.0044633388,0.4100379440,-0.0258270574,

##################################
1.0000000000,0.1486485620,0.7456261019,0.2538136449,0.5419137073,0.3337545807,91.0000000000,-14.0000000000,18.0000000000,166.0000000000,-0.0020000000,0.3700000000,0.1500000000

optimal_chisq=1.4220947975,optimal_hour=9.2700017706, source_hour=9.2700000000 
parameter is :
1.1544787246,0.8068981179,0.8712383003,0.4283404299,0.5333437899,1.0523350373,84.1968867313,-5.2588414006,9.2700017706,172.4763672814,-0.0115787459,0.3707340629,0.1773341459,

##################################
1.0000000000,0.5002338553,0.9597572689,0.3992307053,1.1244169611,0.0417275026,212.0000000000,-30.0000000000,22.0000000000,123.0000000000,-0.0022000000,0.2900000000,0.1700000000

optimal_chisq=1.3766640203,optimal_hour=9.1199998624, source_hour=9.1200000000 
parameter is :
1.3297329226,0.5253205314,1.0829587665,0.7699532500,1.4233234615,0.5650675556,216.3408576066,-34.3758888287,9.1199998624,120.4366577787,-0.0134512245,0.2898809609,-0.0232346071,

##################################
1.0000000000,0.7090588443,1.2990872942,0.2413014973,0.9626639436,0.4405127730,193.0000000000,-16.0000000000,13.0000000000,34.0000000000,-0.0020000000,0.2800000000,0.1100000000

optimal_chisq=1.1271708704,optimal_hour=8.9699998675, source_hour=8.9700000000 
parameter is :
-2.7621165068,-1.2922466991,-2.2171712713,-1.3269155323,-1.9921578785,-1.6257609362,202.3291371966,11.4847434507,8.9699998675,18.1704244088,-0.0212978181,0.2797266798,0.0242825290,

##################################
1.0000000000,0.8723522913,0.4379918059,1.3863439056,1.1619184582,0.5246307671,199.0000000000,-60.0000000000,6.0000000000,192.0000000000,-0.0020000000,0.4000000000,0.0800000000

optimal_chisq=1.4601695481,optimal_hour=9.1199995462, source_hour=9.1200000000 
parameter is :
0.5907234246,1.2929814275,0.9689642913,1.1825020079,0.7862125674,0.6675889319,200.0597554838,-59.8805281447,9.1199995462,191.9399582535,-0.0062119476,0.4001561278,-0.0253195098,

##################################
1.0000000000,0.7742918924,1.1029997201,0.5367603277,0.8785294460,0.6459762688,239.0000000000,26.0000000000,21.0000000000,291.0000000000,-0.0015000000,0.4200000000,0.0700000000

optimal_chisq=1.2796258478,optimal_hour=8.7899981980, source_hour=8.7900000000 
parameter is :
0.5835970163,0.8268203858,1.2858911641,0.6985432817,0.8650177756,0.8036619657,239.0458468832,26.0297618505,8.7899981980,291.0967269579,0.0028222561,0.4203664725,-0.0099973252,

##################################
1.0000000000,0.2859821759,0.1044623394,1.1650629226,0.3132967838,0.9047875774,82.0000000000,-84.0000000000,19.0000000000,147.0000000000,-0.0014000000,0.3400000000,0.1200000000

optimal_chisq=1.1166393456,optimal_hour=9.0599983518, source_hour=9.0600000000 
parameter is :
1.0119555275,0.7502664845,0.9747157782,0.9616911003,0.7487655749,1.0145136227,80.3245310683,-52.1792945373,9.0599983518,147.0243427462,-0.0024397537,0.3446521120,-0.3507051352,

##################################
1.0000000000,0.8023293083,1.2786159567,0.3684538807,0.7823315545,0.7635214738,189.0000000000,-65.0000000000,21.0000000000,309.0000000000,-0.0013000000,0.3700000000,0.1300000000

optimal_chisq=1.4179704402,optimal_hour=8.7700030960, source_hour=8.7700000000 
parameter is :
1.0109554572,0.8004641040,1.0582168040,0.3596019339,0.9894029561,0.9032681820,189.1184028384,-65.0007137449,8.7700030960,308.8888179999,-0.0143076432,0.3697887173,0.2813547003,

##################################
1.0000000000,0.5355905036,1.2270516453,0.1273433163,0.0199842437,1.3314532384,59.0000000000,-59.0000000000,7.0000000000,207.0000000000,-0.0012000000,0.3700000000,0.1400000000

optimal_chisq=1.3519917362,optimal_hour=9.1200007805, source_hour=9.1200000000 
parameter is :
1.2089844395,0.5210985819,0.7032930823,0.5291026379,0.9233466747,0.6702085250,54.5859061728,-64.5769464742,9.1200007805,267.4471427777,-0.0288679778,0.3734990447,-0.0170831959,

##################################
1.0000000000,0.3723996493,1.0418882195,0.1566518783,0.6557832299,0.4209467079,57.0000000000,-65.0000000000,5.0000000000,28.0000000000,-0.0016000000,0.2700000000,0.1300000000

optimal_chisq=1.3330979457,optimal_hour=9.1200010323, source_hour=9.1200000000 
parameter is :
0.7378071249,0.5417109982,0.8968636693,0.5316290332,0.5167144871,1.0698999258,58.3049183678,-66.3686995304,9.1200010323,25.9438157562,-0.0153597293,0.2710888696,-0.0352767443,

##################################
1.0000000000,0.5185694394,0.9049151136,0.4832815736,0.8588844457,0.3919864021,107.0000000000,-16.0000000000,20.0000000000,56.0000000000,-0.0024000000,0.4900000000,0.1000000000

optimal_chisq=1.4051765613,optimal_hour=8.7800005889, source_hour=8.7800000000 
parameter is :
1.0343084006,0.5908910093,0.8573739515,0.4424104378,0.8469941192,0.3950450089,107.0004651422,-16.0002459500,8.7800005889,55.9996140265,-0.0084565028,0.4899703353,0.1023350869,

##################################
1.0000000000,0.4682450520,0.3564770007,1.0614879655,0.5517752849,0.7835466464,219.0000000000,-18.0000000000,7.0000000000,90.0000000000,-0.0023000000,0.4900000000,0.0600000000

optimal_chisq=1.3433418623,optimal_hour=9.4900005377, source_hour=9.4900000000 
parameter is :
0.4850562096,1.0894071922,0.6924168449,0.8890323816,0.9710975377,0.8026702833,219.0276566056,-17.9897197579,9.4900005377,89.9749165452,-0.0260559747,0.4895114892,-0.0153938042,

##################################
1.0000000000,0.1427711491,0.7728639720,0.2131403194,0.4978346508,0.3739605592,8.0000000000,-8.0000000000,13.0000000000,34.0000000000,-0.0023000000,0.4100000000,0.1100000000

optimal_chisq=1.2665546739,optimal_hour=8.7899998904, source_hour=8.7900000000 
parameter is :
0.1159130286,0.1403262929,0.1068593481,0.2011426938,0.1055965145,0.1541086145,17.8293698739,5.4796383230,8.7899998904,32.1224510435,-0.0171595169,0.4106547520,-0.1370838525,

##################################
1.0000000000,0.0314875282,0.2571776763,0.7217680902,0.3160954735,0.5933352751,226.0000000000,81.0000000000,12.0000000000,221.0000000000,-0.0021000000,0.4700000000,0.0600000000

optimal_chisq=1.4197425799,optimal_hour=9.3899998382, source_hour=9.3900000000 
parameter is :
0.7077168873,0.3974647105,0.6356057991,0.4824170896,0.7618156023,0.4303467920,214.8083449350,81.6058180060,9.3899998382,212.5049903565,-0.0279380577,0.4703072539,-0.0197999242,

##################################
1.0000000000,0.9652137351,1.4416455091,0.3638751780,0.8113775374,0.8992817666,341.0000000000,52.0000000000,9.0000000000,87.0000000000,-0.0015000000,0.4400000000,0.0600000000

optimal_chisq=1.4300976978,optimal_hour=9.4799995981, source_hour=9.4800000000 
parameter is :
1.2593638147,1.0538393259,1.3053752384,0.8286923354,-0.8601398232,1.1946945497,336.8827256455,62.0319344634,9.4799995981,88.5598881483,-0.0346732279,0.4460598722,-0.0219536357,

##################################
1.0000000000,0.8224421287,0.7094812226,1.0314552047,1.5276702264,0.0152419371,236.0000000000,86.0000000000,17.0000000000,116.0000000000,-0.0015000000,0.3900000000,0.1700000000

optimal_chisq=1.4836209428,optimal_hour=8.7100003265, source_hour=8.7100000000 
parameter is :
-0.5455113930,1.3695759522,0.8947663107,0.9431192119,1.4269571433,0.3922728633,234.6600343892,89.2437427842,8.7100003265,115.2233295638,0.0929146654,0.3857885458,0.0344303989,

##################################
1.0000000000,0.3541880759,0.6658685787,0.5815609926,0.0011935600,1.2460446188,178.0000000000,41.0000000000,5.0000000000,17.0000000000,-0.0020000000,0.4600000000,0.0600000000

optimal_chisq=1.6253467011,optimal_hour=9.0900010688, source_hour=9.0900000000 
parameter is :
2.2956171155,1.9703533355,2.3064763927,1.9713119799,0.9735984824,3.1655240329,181.9737588469,32.8007805349,9.0900010688,22.9074786886,-0.0349436753,0.4599906868,-0.0426345081,

##################################
1.0000000000,0.7531630019,0.4517579564,1.2482575349,1.1807371389,0.3666698754,56.0000000000,-39.0000000000,5.0000000000,341.0000000000,-0.0016000000,0.3800000000,0.1100000000

optimal_chisq=1.2943558185,optimal_hour=9.1199990791, source_hour=9.1200000000 
parameter is :
0.6754799002,1.3040361984,0.9454122293,1.0774301122,1.0980213123,1.2059643717,55.7934628283,-42.1096169667,9.1199990791,340.6048610952,-0.0242414851,0.3799057081,-0.0175294471,

##################################
1.0000000000,0.7857531187,1.0723477259,0.5839153705,1.3699997176,0.0998497731,140.0000000000,-18.0000000000,22.0000000000,64.0000000000,-0.0019000000,0.3500000000,0.1400000000

optimal_chisq=1.5009415304,optimal_hour=9.0499988302, source_hour=9.0500000000 
parameter is :
1.6468305056,0.5114553825,0.7148646401,1.4534052309,1.2500270237,0.9964437185,145.3561023696,-8.2969062541,9.0499988302,61.0541111871,-0.0089667245,0.3506158472,-0.1275728295,

##################################
1.0000000000,0.4318624541,0.2376032014,1.1602641529,1.1366508647,0.0733386921,0.0000000000,21.0000000000,23.0000000000,294.0000000000,-0.0019000000,0.3800000000,0.0600000000

optimal_chisq=1.3862696216,optimal_hour=8.4899999682, source_hour=8.4900000000 
parameter is :
1.0824997596,0.5195415026,0.8478189838,0.8063446671,1.1391609673,0.4519487728,-2.1983638862,15.7731402350,8.4899999682,294.0928779502,-0.0295445460,0.3798218048,0.2934797433,

##################################
1.0000000000,0.3796077480,0.8228117010,0.4249052884,0.9643982426,0.1025401239,155.0000000000,45.0000000000,12.0000000000,162.0000000000,-0.0015000000,0.3200000000,0.0900000000

optimal_chisq=1.3399867084,optimal_hour=8.6900000436, source_hour=8.6900000000 
parameter is :
0.7756979437,0.8041318391,1.2173458664,0.2436598095,0.7051520271,0.2538663200,151.9646195196,44.5645327193,8.6900000436,162.5095311098,-0.0250047145,0.3195049578,0.1006071789,

##################################
1.0000000000,0.7855452987,0.5286491475,1.1955759503,1.3616491552,0.1866909186,74.0000000000,79.0000000000,20.0000000000,173.0000000000,-0.0019000000,0.3200000000,0.1800000000

optimal_chisq=1.4644629017,optimal_hour=9.4800018444, source_hour=9.4800000000 
parameter is :
0.6316252460,0.5511637163,0.8006836246,0.4852377862,0.7527357457,0.4547249307,75.8872591872,80.1397889259,9.4800018444,175.5231240829,-0.0092342099,0.3199316664,0.0025085001,

##################################
1.0000000000,0.6588965192,0.2355574955,1.3944361508,0.5211001739,1.0422279842,270.0000000000,90.0000000000,2.0000000000,252.0000000000,-0.0016000000,0.3800000000,0.1600000000

optimal_chisq=1.4321842067,optimal_hour=9.3900001767, source_hour=9.3900000000 
parameter is :
0.8894031561,0.9694178837,0.7521219165,1.1284819663,1.0301847861,0.9395038381,274.9366997998,89.5198598433,9.3900001767,256.0990876461,-0.0074652981,0.3799730789,0.2732243633,

##################################
1.0000000000,0.3852750009,0.9811166936,0.2439899311,0.6622731146,0.4429940473,339.0000000000,59.0000000000,5.0000000000,134.0000000000,-0.0018000000,0.2800000000,0.0500000000

optimal_chisq=1.4361258367,optimal_hour=8.9299998524, source_hour=8.9300000000 
parameter is :
0.9384948311,0.4211471342,0.7069180697,0.7197120176,0.8744630931,0.6762193432,335.7622660581,61.7459945284,8.9299998524,128.9480661501,0.0022255166,0.2800234747,0.0207301629,

##################################
1.0000000000,0.8209150349,0.9167776836,0.7971581188,0.4800893565,1.1758629703,333.0000000000,-80.0000000000,17.0000000000,87.0000000000,-0.0021000000,0.4600000000,0.0700000000

optimal_chisq=1.4697298795,optimal_hour=9.4899995039, source_hour=9.4900000000 
parameter is :
1.0548090500,0.8489782272,0.7704126481,0.9814008198,0.6002214937,1.0737177240,331.2611869301,-79.0495482738,9.4899995039,88.4391198620,-0.0029349705,0.4609459502,0.0416282176,

##################################
1.0000000000,0.9740039897,0.5175244271,1.4025735180,0.0266095338,1.8907127137,307.0000000000,0.0000000000,23.0000000000,99.0000000000,-0.0018000000,0.3500000000,0.1400000000

optimal_chisq=1.6391514685,optimal_hour=9.0100011336, source_hour=9.0100000000 
parameter is :
-2.1065614679,0.9971772894,-1.4361078397,0.5397062567,-0.5143671082,-0.3504746934,273.7338737007,8.2641357145,9.0100011336,96.0546271289,-0.0270507057,0.3503560440,-0.1873946966,

##################################
1.0000000000,0.9675837280,1.2375757625,0.5949394246,0.2204011565,1.5877352105,21.0000000000,-78.0000000000,3.0000000000,107.0000000000,-0.0020000000,0.3500000000,0.1400000000

optimal_chisq=1.4421042300,optimal_hour=8.9299985784, source_hour=8.9300000000 
parameter is :
1.2584431279,1.5214139154,-0.0396289374,-0.0322555057,1.0602963284,2.5036954785,19.1272640670,-78.7570988514,8.9299985784,108.1023063016,0.0575854906,0.3483929000,-0.3656871800,

##################################
1.0000000000,0.1422404652,0.5492933383,0.4869286600,0.1260179866,0.8852820333,27.0000000000,72.0000000000,8.0000000000,152.0000000000,-0.0023000000,0.4100000000,0.1900000000

optimal_chisq=1.4546039193,optimal_hour=8.9799997791, source_hour=8.9800000000 
parameter is :
1.0186209799,0.5201008584,0.5399676360,0.8428242766,0.6123064540,0.7935996739,27.5584013960,70.7921295224,8.9799997791,153.2764974811,0.0048448091,0.4101032416,-0.0601759315,

##################################
1.0000000000,0.2828525632,0.9793482765,0.1263602678,0.5282728733,0.4717874716,133.0000000000,-28.0000000000,14.0000000000,244.0000000000,-0.0020000000,0.4900000000,0.1100000000

optimal_chisq=1.4915363294,optimal_hour=9.4900003080, source_hour=9.4900000000 
parameter is :
1.8757862011,0.6020876888,1.8553972975,0.6211151536,1.1759613600,1.3192422445,133.2857202519,-33.2947992966,9.4900003080,245.4113416943,0.2273673348,0.4664941550,-0.0045364531,

##################################
1.0000000000,0.3660786661,1.0618612874,0.1253312694,0.5387515044,0.5494216041,343.0000000000,-62.0000000000,21.0000000000,182.0000000000,-0.0015000000,0.3200000000,0.1800000000

optimal_chisq=1.4590407110,optimal_hour=8.7700001691, source_hour=8.7700000000 
parameter is :
0.9406756856,0.7261430781,0.7659196241,0.6674507212,1.1570710646,0.7162854050,340.0092344342,-62.3725685651,8.7700001691,184.4460935184,-0.0393769821,0.3196608219,0.0788461088,

##################################
1,chisq=1.116639345555926920994238571438,optimalHour=9.0599983518,InitHout=9.0600000000,deviation=0.0000016482
2,chisq=1.127170870370209465605171317293,optimalHour=8.9699998675,InitHout=8.9700000000,deviation=0.0000001325
3,chisq=1.266554673944510156502474274021,optimalHour=8.7899998904,InitHout=8.7900000000,deviation=0.0000001096
4,chisq=1.279625847844313435430763092882,optimalHour=8.7899981980,InitHout=8.7900000000,deviation=0.0000018020
5,chisq=1.294355818485226850000913145777,optimalHour=9.1199990791,InitHout=9.1200000000,deviation=0.0000009209
6,chisq=1.333097945674892814693635045842,optimalHour=9.1200010323,InitHout=9.1200000000,deviation=0.0000010323
7,chisq=1.339986708367042700373872321506,optimalHour=8.6900000436,InitHout=8.6900000000,deviation=0.0000000436
8,chisq=1.343341862293499611169522722776,optimalHour=9.4900005377,InitHout=9.4900000000,deviation=0.0000005377
9,chisq=1.351991736203345562117306144501,optimalHour=9.1200007805,InitHout=9.1200000000,deviation=0.0000007805
10,chisq=1.376664020256620046822604308545,optimalHour=9.1199998624,InitHout=9.1200000000,deviation=0.0000001376
11,chisq=1.386269621603359425421331252437,optimalHour=8.4899999682,InitHout=8.4900000000,deviation=0.0000000318
12,chisq=1.405176561345274022230000809941,optimalHour=8.7800005889,InitHout=8.7800000000,deviation=0.0000005889
13,chisq=1.417970440175119417602900284692,optimalHour=8.7700030960,InitHout=8.7700000000,deviation=0.0000030960
14,chisq=1.419742579869328835684427758679,optimalHour=9.3899998382,InitHout=9.3900000000,deviation=0.0000001618
15,chisq=1.422094797521123998862435655610,optimalHour=9.2700017706,InitHout=9.2700000000,deviation=0.0000017706
16,chisq=1.430097697831785641398028019466,optimalHour=9.4799995981,InitHout=9.4800000000,deviation=0.0000004019
17,chisq=1.432184206699796513717615198402,optimalHour=9.3900001767,InitHout=9.3900000000,deviation=0.0000001767
18,chisq=1.436125836691324986205131608585,optimalHour=8.9299998524,InitHout=8.9300000000,deviation=0.0000001476
19,chisq=1.442104230011267862465729194810,optimalHour=8.9299985784,InitHout=8.9300000000,deviation=0.0000014216
20,chisq=1.454603919263622202606711653061,optimalHour=8.9799997791,InitHout=8.9800000000,deviation=0.0000002209
21,chisq=1.459040710979150334836162983265,optimalHour=8.7700001691,InitHout=8.7700000000,deviation=0.0000001691
22,chisq=1.459234108948871178057515862747,optimalHour=9.4799997252,InitHout=9.4800000000,deviation=0.0000002748
23,chisq=1.460169548125110239311652549077,optimalHour=9.1199995462,InitHout=9.1200000000,deviation=0.0000004538
24,chisq=1.464462901698523555893416414619,optimalHour=9.4800018444,InitHout=9.4800000000,deviation=0.0000018444
25,chisq=1.469729879460810240132673243352,optimalHour=9.4899995039,InitHout=9.4900000000,deviation=0.0000004961
26,chisq=1.483620942773150597204789846728,optimalHour=8.7100003265,InitHout=8.7100000000,deviation=0.0000003265
27,chisq=1.491536329408315930677986216324,optimalHour=9.4900003080,InitHout=9.4900000000,deviation=0.0000003080
28,chisq=1.500941530417716274214967597800,optimalHour=9.0499988302,InitHout=9.0500000000,deviation=0.0000011698
29,chisq=1.625346701098734802926060183381,optimalHour=9.0900010688,InitHout=9.0900000000,deviation=0.0000010688
30,chisq=1.639151468519256305000908469083,optimalHour=9.0100011336,InitHout=9.0100000000,deviation=0.0000011336
1.0000000000,0.2859821759,0.1044623394,1.1650629226,0.3132967838,0.9047875774,82.0000000000,-84.0000000000,19.0000000000,147.0000000000,-0.0014000000,0.3400000000,0.1200000000

optimal_chisq=1.1166393456,optimal_hour=9.0599983518, source_hour=9.0600000000 
parameter is :
1.0119555275,0.7502664845,0.9747157782,0.9616911003,0.7487655749,1.0145136227,80.3245310683,-52.1792945373,9.0599983518,147.0243427462,-0.0024397537,0.3446521120,-0.3507051352,

run over!

##################################
1.0000000000,0.7090588443,1.2990872942,0.2413014973,0.9626639436,0.4405127730,193.0000000000,-16.0000000000,13.0000000000,34.0000000000,-0.0020000000,0.2800000000,0.1100000000

optimal_chisq=0.9311480583,optimal_hour=8.8990004388, source_hour=8.8990000000 
parameter is :
1.4968118066,0.6241118859,0.9204113593,0.8420642471,1.2558304534,0.4459454594,184.7804419655,-28.1644238606,8.8990004388,34.8430169677,-0.0163683164,0.2799442540,0.0216705007,

run over!

##################################
1.0000000000,0.1427711491,0.7728639720,0.2131403194,0.4978346508,0.3739605592,8.0000000000,-8.0000000000,13.0000000000,34.0000000000,-0.0023000000,0.4100000000,0.1100000000

optimal_chisq=1.2256547076,optimal_hour=8.7630000171, source_hour=8.7630000000 
parameter is :
0.9689398189,0.2213141414,0.7628476955,0.2634158115,0.4111137584,0.5344916809,8.0042354368,-8.0019246096,8.7630000171,34.0035617234,-0.0236158519,0.4098804280,0.1263330504,

run over!

##################################
1.0000000000,0.7742918924,1.1029997201,0.5367603277,0.8785294460,0.6459762688,239.0000000000,26.0000000000,21.0000000000,291.0000000000,-0.0015000000,0.4200000000,0.0700000000

optimal_chisq=1.0442254204,optimal_hour=8.7810010775, source_hour=8.7810000000 
parameter is :
1.0145176275,0.8105128020,1.0700173053,0.5178901640,0.8801725620,0.6493379303,238.9992776410,25.9997099369,8.7810010775,290.9992195624,-0.0116286290,0.4199550475,0.0429247558,

run over!

##################################
1.0000000000,0.7531630019,0.4517579564,1.2482575349,1.1807371389,0.3666698754,56.0000000000,-39.0000000000,5.0000000000,341.0000000000,-0.0016000000,0.3800000000,0.1100000000

optimal_chisq=1.1292198912,optimal_hour=9.0429991708, source_hour=9.0430000000 
parameter is :
0.8357367697,0.9410784823,0.5330813958,1.2018761693,1.1001463004,0.9380179454,55.9913928562,-39.0317883847,9.0429991708,340.9943681283,-0.0076549653,0.3805609004,-0.0052805803,

run over!

##################################
1.0000000000,0.3723996493,1.0418882195,0.1566518783,0.6557832299,0.4209467079,57.0000000000,-65.0000000000,5.0000000000,28.0000000000,-0.0016000000,0.2700000000,0.1300000000

optimal_chisq=1.2103403369,optimal_hour=9.2160020930, source_hour=9.2160000000 
parameter is :
0.8679030534,0.5054492493,0.8759989361,0.5314065598,0.9056652951,0.6340240653,57.5194997683,-65.2159148256,9.2160020930,27.4640223434,-0.0171009337,0.2699081314,0.1344752697,

run over!

##################################
1,chisq=0.931148058288847058072690288100,optimalHour=8.8990004388,InitHout=8.8990000000,deviation=0.0000004388
2,chisq=1.044225420393383396699960030674,optimalHour=8.7810010775,InitHout=8.7810000000,deviation=0.0000010775
3,chisq=1.116639345555926920994238571438,optimalHour=9.0599983518,InitHout=9.0600000000,deviation=0.0000016482
4,chisq=1.129219891181905799371065768355,optimalHour=9.0429991708,InitHout=9.0430000000,deviation=0.0000008292
5,chisq=1.210340336937590466348524387286,optimalHour=9.2160020930,InitHout=9.2160000000,deviation=0.0000020930
6,chisq=1.225654707577810587082467463915,optimalHour=8.7630000171,InitHout=8.7630000000,deviation=0.0000000171



1.0000000000,0.7090588443,1.2990872942,0.2413014973,0.9626639436,0.4405127730,193.0000000000,-16.0000000000,13.0000000000,34.0000000000,-0.0020000000,0.2800000000,0.1100000000


1.0000000000,0.7090588443,1.2990872942,0.2413014973,0.9626639436,0.4405127730,193.0000000000,-16.0000000000,13.0000000000,34.0000000000,-0.0020000000,0.2800000000,0.1100000000

optimal_chisq=0.7423644765,optimal_hour=8.9082012708 
parameter is :
1.4912744624,0.7678724653,0.5379716358,1.0264558275,0.9938377532,0.8476557209,195.6714476455,-12.8738017753,8.9082012708,32.7560962569,0.0156484221,0.2800612540,0.0011305693,

Pole:
optimalLambda,optimalBeta:(33.4773969538,17.7645355335)
optimalParameter:{0.9995481480,0.9816463590,1.0919874555,0.8337666641,1.4826553514,0.8880985566,33.4773969538,17.7645355335,8.9082032486,310.1866588621,0.0352369374,0.3199737692,-0.0510151593}

