1.0000000000,0.2944162541,0.9750140241,0.1453489982,0.4542339758,0.5781302651,117.0000000000,-47.0000000000,1.0000000000,24.0000000000,-0.0023000000,0.4500000000,0.1500000000

optimal_chisq=3.8568760466,optimal_hour=8.8899993759, source_hour=8.8900000000 
parameter is :
0.8979681804,0.7644427574,1.1785196034,0.4057030526,-1.1268879814,-0.4870817334,114.8741355888,-54.9162852595,8.8899993759,14.6335791997,-0.0603005071,0.4558150655,0.2063908979,

##################################
1.0000000000,0.7414960208,0.5074912339,1.1736294382,1.3833165467,0.1128948926,136.0000000000,19.0000000000,15.0000000000,230.0000000000,-0.0019000000,0.4700000000,0.0800000000

optimal_chisq=3.3550684884,optimal_hour=8.8900010482, source_hour=8.8900000000 
parameter is :
0.4468831224,0.5718628146,0.2187926111,0.5380096512,0.4369811611,-0.3889447660,139.4728507598,25.4236753944,8.8900010482,231.6591368154,-0.1542885653,0.4646324076,0.0171429662,

##################################
1.0000000000,0.8912059436,1.1974852102,0.5572332900,0.8469449556,0.8052499303,62.0000000000,-4.0000000000,13.0000000000,13.0000000000,-0.0015000000,0.2600000000,0.1600000000

optimal_chisq=4.3712486480,optimal_hour=8.7800000077, source_hour=8.7800000000 
parameter is :
0.8353354323,0.8795914202,1.0717221605,0.2718901383,1.4333771772,0.7913596016,62.0534182363,-3.9587279938,8.7800000077,13.0341308174,-0.0473095165,0.2598463859,0.2234965239,

##################################
1.0000000000,0.3285144075,0.4327189444,0.8271000478,0.5419038834,0.6250393143,292.0000000000,-24.0000000000,18.0000000000,120.0000000000,-0.0014000000,0.2700000000,0.0600000000

optimal_chisq=3.4436568876,optimal_hour=8.8899999076, source_hour=8.8900000000 
parameter is :
0.9925802429,0.4346525437,0.3419709592,0.8259981438,0.5600546774,0.6275743432,292.0009324560,-23.9997927753,8.8899999076,119.9991500952,-0.0021831914,0.2699997148,0.0764198563,

##################################
1.0000000000,0.3873417160,0.0689776077,1.3083479422,0.4637134153,0.8426173405,8.0000000000,-23.0000000000,4.0000000000,255.0000000000,-0.0020000000,0.4900000000,0.0600000000

optimal_chisq=3.6179656328,optimal_hour=8.9499998914, source_hour=8.9500000000 
parameter is :
2.3679996266,1.0050849054,1.9892444616,2.8585202725,1.4369903303,1.8982869481,16.2606318057,-2.0103426821,8.9499998914,213.3363395396,1.1380990541,-25.0102518990,-0.2461197052,

##################################
1.0000000000,0.5108052904,0.7035217447,0.7075704669,0.7754143852,0.5155481795,318.0000000000,-23.0000000000,13.0000000000,323.0000000000,-0.0020000000,0.3400000000,0.0800000000

optimal_chisq=4.1168756485,optimal_hour=8.8299998394, source_hour=8.8300000000 
parameter is :
0.9835177529,0.5264691737,0.7359985894,0.6553031007,0.8072778052,0.5116216179,318.0009364802,-22.9997741774,8.8299998394,322.9972548409,-0.0157369661,0.3399361983,0.0723682862,

##################################
1.0000000000,0.2806056008,1.0273999833,0.0651280702,0.7793667267,0.1444301352,286.0000000000,80.0000000000,24.0000000000,173.0000000000,-0.0014000000,0.3900000000,0.1300000000

optimal_chisq=3.9346360968,optimal_hour=9.0900032699, source_hour=9.0900000000 
parameter is :
10.8437462352,5.5884893350,10.7746208711,12.7200070176,10.8950944597,-5.5088466561,213.7666712949,42.8480563460,9.0900032699,188.8141728511,-0.0690550873,0.3882823160,-0.2680920028,

##################################
1.0000000000,0.6243087759,0.2341420742,1.3608062427,0.4978871536,1.0319718781,146.0000000000,84.0000000000,6.0000000000,45.0000000000,-0.0024000000,0.3900000000,0.1300000000

optimal_chisq=3.9823901512,optimal_hour=8.8899963362, source_hour=8.8900000000 
parameter is :
1.0591414157,1.2970032911,0.9744511640,1.2010732729,-0.1000073864,1.1677717202,134.3662230063,85.9586706273,8.8899963362,34.5808755137,-0.5843082599,0.0556661651,0.1306244471,

##################################
1.0000000000,0.8594885831,0.3725076408,1.4460127303,1.5671362709,0.0585922188,255.0000000000,-71.0000000000,2.0000000000,297.0000000000,-0.0014000000,0.3400000000,0.1600000000

optimal_chisq=4.0458871415,optimal_hour=8.9199998015, source_hour=8.9200000000 
parameter is :
0.9851386071,1.0840445649,0.2880158897,1.6616118383,1.4040353646,0.5641030778,264.5673362274,-49.9524976923,8.9199998015,310.1524618574,-0.0609826053,0.3401489622,0.1531556190,

##################################
1.0000000000,0.7404481590,0.6131930568,1.0536810947,0.9941936792,0.5433588866,272.0000000000,17.0000000000,18.0000000000,299.0000000000,-0.0014000000,0.2000000000,0.1500000000

optimal_chisq=4.8364730847,optimal_hour=8.3600004807, source_hour=8.3600000000 
parameter is :
0.9793954091,0.9006778013,0.6944503413,0.8705808948,0.9948003126,0.6132242523,271.9975800902,17.0161054566,8.3600004807,299.0008533481,-0.0255222228,0.1997018171,-0.0868179433,

##################################
1.0000000000,0.8394761220,0.9746134684,0.7519674566,0.9488888447,0.6597154132,9.0000000000,68.0000000000,10.0000000000,157.0000000000,-0.0024000000,0.2400000000,0.1900000000

optimal_chisq=3.8880358530,optimal_hour=8.8900004758, source_hour=8.8900000000 
parameter is :
0.8938913729,0.7592800347,1.0577950567,0.8547031240,0.9557669391,0.6600232946,8.9976800189,67.9998347023,8.8900004758,156.9975879760,-0.0174550136,0.2398627903,0.1626472897,

##################################
1.0000000000,0.4843691627,0.0612902854,1.4147743241,0.8019204072,0.5560373781,355.0000000000,30.0000000000,8.0000000000,91.0000000000,-0.0021000000,0.3000000000,0.0600000000

optimal_chisq=3.1136649807,optimal_hour=8.8299999630, source_hour=8.8300000000 
parameter is :
1.2679984380,0.3276961680,0.5825184098,1.4316345777,0.8583344805,0.6502588310,359.2249169414,26.2223248284,8.8299999630,94.5485084718,-0.0622452101,0.2971699705,0.0146996312,

##################################
1.0000000000,0.4824079841,0.7247318783,0.6524257143,0.7049669459,0.5608010478,6.0000000000,62.0000000000,22.0000000000,234.0000000000,-0.0024000000,0.3000000000,0.1800000000

optimal_chisq=4.1267839220,optimal_hour=8.7200010775, source_hour=8.7200000000 
parameter is :
1.0069144432,0.5046101050,0.7437877604,0.5956500993,0.7007887232,0.5758123324,5.9976621192,61.9997803802,8.7200010775,233.9977031885,-0.0124688640,0.2998536558,0.1827585425,

##################################
1.0000000000,0.2082188382,0.2128089926,0.9590912257,0.6618652961,0.3833935014,243.0000000000,25.0000000000,13.0000000000,274.0000000000,-0.0020000000,0.3300000000,0.0500000000

optimal_chisq=4.5177462127,optimal_hour=8.9700005950, source_hour=8.9700000000 
parameter is :
2.5203915008,0.6162497141,2.1140178995,1.1765787314,1.4440166449,1.6754364225,273.4171363705,52.1344843050,8.9700005950,290.3442308412,0.0160625467,0.4222283465,0.2615158704,

##################################
1.0000000000,0.6712026539,0.4239195794,1.1949094677,0.2719471345,1.3125560575,180.0000000000,-71.0000000000,7.0000000000,88.0000000000,-0.0018000000,0.3500000000,0.1500000000

optimal_chisq=4.3541110806,optimal_hour=9.0000014238, source_hour=9.0000000000 
parameter is :
0.8961165893,1.2122475869,-0.7306197710,1.5400392951,1.1885386458,1.3563523127,172.8365363551,-70.6776299320,9.0000014238,95.8204643323,-0.0681776257,0.3476036248,-0.0062624975,

##################################
1.0000000000,0.5367822938,0.4004516546,1.0823165803,0.9992891533,0.3335276136,152.0000000000,-55.0000000000,16.0000000000,237.0000000000,-0.0013000000,0.3500000000,0.1300000000

optimal_chisq=4.2132746769,optimal_hour=8.8300011536, source_hour=8.8300000000 
parameter is :
1.0722020123,0.5142015800,0.6950273183,0.9357220235,1.3108720423,0.1868849836,152.0609149203,-54.9099114739,8.8300011536,237.0063068608,-0.0437022786,0.3504877589,0.0357689201,

##################################
1.0000000000,0.9099217881,0.7173603224,1.1142294810,1.0672607478,0.6392478520,170.0000000000,-52.0000000000,6.0000000000,330.0000000000,-0.0022000000,0.3000000000,0.1300000000

optimal_chisq=4.2652633393,optimal_hour=8.8100001455, source_hour=8.8100000000 
parameter is :
1.0424201201,0.9570594782,0.7222017563,1.0486156007,1.0548290056,0.6339366645,169.9989113375,-51.9991869158,8.8100001455,330.0012383962,-0.0173231265,0.2997031090,0.0417066986,

##################################
1.0000000000,0.1176864189,0.3475356488,0.7040535428,0.1117920436,0.9180874143,213.0000000000,-72.0000000000,12.0000000000,346.0000000000,-0.0013000000,0.4900000000,0.1300000000

optimal_chisq=4.0461236639,optimal_hour=8.8900001176, source_hour=8.8900000000 
parameter is :
0.6074093907,0.4900335604,0.3707389548,0.6412853099,0.2237868367,0.8020782952,212.0174846585,-74.3555491077,8.8900001176,346.9584414998,-0.1696033762,0.4898662729,0.1474037494,

##################################
1.0000000000,0.9483848689,0.1490750704,1.7838852636,0.7495173170,1.1025024877,282.0000000000,-87.0000000000,14.0000000000,294.0000000000,-0.0015000000,0.3300000000,0.1700000000

optimal_chisq=4.3949135333,optimal_hour=8.8299998515, source_hour=8.8300000000 
parameter is :
1.2799096687,0.7364098280,0.9719231128,1.3590567381,1.5867962814,0.9209918957,284.2717261733,-86.7478983925,8.8299998515,292.0035375082,-0.0175590118,0.3300654370,-0.0383018368,

##################################
1.0000000000,0.6376589046,0.8124327496,0.7191344679,0.6377045983,0.8054884995,53.0000000000,-16.0000000000,4.0000000000,333.0000000000,-0.0023000000,0.4100000000,0.1800000000

optimal_chisq=4.4806158080,optimal_hour=8.5999969828, source_hour=8.6000000000 
parameter is :
0.4590572397,1.0803581217,0.4823058663,1.4988354594,0.5810121734,0.8413528890,52.9863671274,-15.9901703866,8.5999969828,333.0907026991,-0.1211128315,0.4131879409,-0.1438789224,

##################################
1.0000000000,0.7023152438,1.4707553638,0.0363887096,0.1528567716,1.3337224002,191.0000000000,-4.0000000000,11.0000000000,105.0000000000,-0.0021000000,0.4200000000,0.0700000000

optimal_chisq=2.3676405828,optimal_hour=8.8900002119, source_hour=8.8900000000 
parameter is :
1.2543822816,1.3110452279,2.0535443822,0.2829140797,0.4868959902,1.8421930004,192.8255241376,2.6941326948,8.8900002119,104.8135224575,-0.0926857223,0.4196795823,0.5964707807,

##################################
1.0000000000,0.4032894095,1.1208895729,0.0985653067,0.3641486403,0.7923308666,238.0000000000,-51.0000000000,17.0000000000,212.0000000000,-0.0016000000,0.2200000000,0.1000000000

optimal_chisq=3.6800035149,optimal_hour=8.7400005058, source_hour=8.7400000000 
parameter is :
0.9302279875,0.5552169772,1.0585730813,0.2400370726,0.4091920197,0.8783784248,237.9907878154,-50.9990658975,8.7400005058,212.0131814054,-0.0152747310,0.2199064922,0.1165982690,

##################################
1.0000000000,0.3965240044,0.1015798135,1.2802418868,0.6963799086,0.5759789798,62.0000000000,72.0000000000,2.0000000000,29.0000000000,-0.0023000000,0.4800000000,0.0500000000

optimal_chisq=3.8882609780,optimal_hour=8.6299992252, source_hour=8.6300000000 
parameter is :
0.7454590841,0.9077558716,0.5499278267,1.3497434939,0.8862282244,0.6033610150,55.2127854296,71.0508440811,8.6299992252,27.3618262602,-0.0241459193,0.4801665018,0.1959325576,

##################################
1.0000000000,0.3643773153,0.2291029825,1.1008207816,0.4166151848,0.8473886554,142.0000000000,1.0000000000,16.0000000000,264.0000000000,-0.0021000000,0.3300000000,0.1000000000

optimal_chisq=4.0107882397,optimal_hour=8.8900014954, source_hour=8.8900000000 
parameter is :
0.4060111124,0.1445302668,0.4372559910,0.2824144761,-0.1847268235,0.6108187841,134.8268453083,10.2487227742,8.8900014954,281.4469531008,-0.1814240341,0.3000216475,-0.1139879698,

##################################
1.0000000000,0.7041453913,0.3375286579,1.3260378129,0.7787165982,0.7852688163,355.0000000000,-82.0000000000,6.0000000000,336.0000000000,-0.0016000000,0.2000000000,0.1300000000

optimal_chisq=2.4503417235,optimal_hour=8.8900006522, source_hour=8.8900000000 
parameter is :
1.8537352115,0.2502593583,1.0280355534,1.0628714787,-0.3282648385,-1.7341264430,359.9888708588,-71.2526304622,8.8900006522,333.4713014018,-0.1153772875,0.1835756641,0.2932446705,

##################################
1.0000000000,0.0582569368,0.7020179670,0.2007056601,0.3311006299,0.4910810331,98.0000000000,44.0000000000,4.0000000000,130.0000000000,-0.0020000000,0.4100000000,0.0900000000

optimal_chisq=3.8987452240,optimal_hour=8.8900000415, source_hour=8.8900000000 
parameter is :
0.8982403776,0.4664483309,0.8087152068,0.3805619773,0.2389342560,0.7836354466,108.0694092984,34.3409807669,8.8900000415,145.5834180007,-0.0541932534,0.4092558454,-0.1326583035,

##################################
1.0000000000,0.4853061524,0.9458404097,0.3987806969,1.0187119219,0.1518546857,76.0000000000,-17.0000000000,10.0000000000,170.0000000000,-0.0022000000,0.2800000000,0.0700000000

optimal_chisq=3.9905927951,optimal_hour=8.8500000183, source_hour=8.8500000000 
parameter is :
0.7917774601,0.8517222893,1.0724186486,0.2228989234,0.9777058021,0.1109693917,76.0135292032,-16.9852022988,8.8500000183,169.9978381001,-0.0215874272,0.2799274973,0.1830613257,

##################################
1.0000000000,0.6942752473,0.0719362318,1.6138043414,0.1715037060,1.4936375693,34.0000000000,-89.0000000000,22.0000000000,23.0000000000,-0.0019000000,0.4000000000,0.1500000000

optimal_chisq=4.5339495232,optimal_hour=9.0000015848, source_hour=9.0000000000 
parameter is :
2.2667884884,-2.8628450285,0.3707224114,-4.4620668121,-2.3028632219,-2.7747269591,44.2832270250,-102.0291887908,9.0000015848,38.3671556880,-0.0501875275,0.3993042139,0.0270261183,

##################################
1.0000000000,0.3932188989,0.9867009252,0.2464945285,0.6350986848,0.4846620572,170.0000000000,-44.0000000000,20.0000000000,319.0000000000,-0.0024000000,0.4100000000,0.1500000000

optimal_chisq=4.1610860819,optimal_hour=9.0299998468, source_hour=9.0300000000 
parameter is :
1.0054420360,0.3451876611,0.6687693672,0.7106838832,0.8151618014,0.6882165512,170.0210731040,-44.0038331514,9.0299998468,318.9727755073,-0.0288102383,0.4098453992,-0.0713884897,

##################################
1.0000000000,0.0783779878,0.6013947366,0.3506451066,0.4017343848,0.4567095015,335.0000000000,15.0000000000,2.0000000000,340.0000000000,-0.0022000000,0.3700000000,0.1100000000

optimal_chisq=3.2915851989,optimal_hour=8.8299998592, source_hour=8.8300000000 
parameter is :
0.6337466022,0.2919248547,0.8010137165,0.3259484825,0.6294445539,0.7612020260,340.6476144416,13.6913702573,8.8299998592,328.2072096603,-0.0053560435,0.3699804693,0.0596281486,

##################################
1,chisq=2.367640582789801495522397090099,optimalHour=8.8900002119,InitHout=8.8900000000,deviation=0.0000002119
2,chisq=2.450341723484966038881793792825,optimalHour=8.8900006522,InitHout=8.8900000000,deviation=0.0000006522
3,chisq=3.113664980727023134932096581906,optimalHour=8.8299999630,InitHout=8.8300000000,deviation=0.0000000370
4,chisq=3.291585198889094954211032018065,optimalHour=8.8299998592,InitHout=8.8300000000,deviation=0.0000001408
5,chisq=3.355068488446306229633364637266,optimalHour=8.8900010482,InitHout=8.8900000000,deviation=0.0000010482
6,chisq=3.443656887573208091879450876149,optimalHour=8.8899999076,InitHout=8.8900000000,deviation=0.0000000924
7,chisq=3.617965632786132257336930706515,optimalHour=8.9499998914,InitHout=8.9500000000,deviation=0.0000001086
8,chisq=3.680003514947695286707585182739,optimalHour=8.7400005058,InitHout=8.7400000000,deviation=0.0000005058
9,chisq=3.856876046553255665827464326867,optimalHour=8.8899993759,InitHout=8.8900000000,deviation=0.0000006241
10,chisq=3.888035852955011861808998219203,optimalHour=8.8900004758,InitHout=8.8900000000,deviation=0.0000004758
11,chisq=3.888260977967383791309430307592,optimalHour=8.6299992252,InitHout=8.6300000000,deviation=0.0000007748
12,chisq=3.898745224034100065324537354172,optimalHour=8.8900000415,InitHout=8.8900000000,deviation=0.0000000415
13,chisq=3.934636096847378361474056873703,optimalHour=9.0900032699,InitHout=9.0900000000,deviation=0.0000032699
14,chisq=3.982390151231362640515953899012,optimalHour=8.8899963362,InitHout=8.8900000000,deviation=0.0000036638
15,chisq=3.990592795084816124528970249230,optimalHour=8.8500000183,InitHout=8.8500000000,deviation=0.0000000183
16,chisq=4.010788239654605291661937371828,optimalHour=8.8900014954,InitHout=8.8900000000,deviation=0.0000014954
17,chisq=4.045887141514014295751167082926,optimalHour=8.9199998015,InitHout=8.9200000000,deviation=0.0000001985
18,chisq=4.046123663920627500090176908998,optimalHour=8.8900001176,InitHout=8.8900000000,deviation=0.0000001176
19,chisq=4.116875648503101281505678343819,optimalHour=8.8299998394,InitHout=8.8300000000,deviation=0.0000001606
20,chisq=4.126783922035842877562572539318,optimalHour=8.7200010775,InitHout=8.7200000000,deviation=0.0000010775
21,chisq=4.161086081935555291977379965829,optimalHour=9.0299998468,InitHout=9.0300000000,deviation=0.0000001532
22,chisq=4.213274676868371315663353016134,optimalHour=8.8300011536,InitHout=8.8300000000,deviation=0.0000011536
23,chisq=4.265263339294901534515247476520,optimalHour=8.8100001455,InitHout=8.8100000000,deviation=0.0000001455
24,chisq=4.354111080570651104437729372876,optimalHour=9.0000014238,InitHout=9.0000000000,deviation=0.0000014238
25,chisq=4.371248648036838879704646387836,optimalHour=8.7800000077,InitHout=8.7800000000,deviation=0.0000000077
26,chisq=4.394913533278935524606367835077,optimalHour=8.8299998515,InitHout=8.8300000000,deviation=0.0000001485
27,chisq=4.480615807998059807459867442958,optimalHour=8.5999969828,InitHout=8.6000000000,deviation=0.0000030172
28,chisq=4.517746212675361583421818068018,optimalHour=8.9700005950,InitHout=8.9700000000,deviation=0.0000005950
29,chisq=4.533949523214469756737798888935,optimalHour=9.0000015848,InitHout=9.0000000000,deviation=0.0000015848
30,chisq=4.836473084697131774589706765255,optimalHour=8.3600004807,InitHout=8.3600000000,deviation=0.0000004807
1.0000000000,0.7023152438,1.4707553638,0.0363887096,0.1528567716,1.3337224002,191.0000000000,-4.0000000000,11.0000000000,105.0000000000,-0.0021000000,0.4200000000,0.0700000000

optimal_chisq=2.3676405828,optimal_hour=8.8900002119, source_hour=8.8900000000 
parameter is :
1.2543822816,1.3110452279,2.0535443822,0.2829140797,0.4868959902,1.8421930004,192.8255241376,2.6941326948,8.8900002119,104.8135224575,-0.0926857223,0.4196795823,0.5964707807,

run over!

##################################
1.0000000000,0.7041453913,0.3375286579,1.3260378129,0.7787165982,0.7852688163,355.0000000000,-82.0000000000,6.0000000000,336.0000000000,-0.0016000000,0.2000000000,0.1300000000

optimal_chisq=2.4503417235,optimal_hour=8.8900006522, source_hour=8.8900000000 
parameter is :
1.8537352115,0.2502593583,1.0280355534,1.0628714787,-0.3282648385,-1.7341264430,359.9888708588,-71.2526304622,8.8900006522,333.4713014018,-0.1153772875,0.1835756641,0.2932446705,

run over!

##################################
1.0000000000,0.4843691627,0.0612902854,1.4147743241,0.8019204072,0.5560373781,355.0000000000,30.0000000000,8.0000000000,91.0000000000,-0.0021000000,0.3000000000,0.0600000000

optimal_chisq=3.1136649807,optimal_hour=8.8299999630, source_hour=8.8300000000 
parameter is :
1.2679984380,0.3276961680,0.5825184098,1.4316345777,0.8583344805,0.6502588310,359.2249169414,26.2223248284,8.8299999630,94.5485084718,-0.0622452101,0.2971699705,0.0146996312,

run over!

##################################
1.0000000000,0.0783779878,0.6013947366,0.3506451066,0.4017343848,0.4567095015,335.0000000000,15.0000000000,2.0000000000,340.0000000000,-0.0022000000,0.3700000000,0.1100000000

optimal_chisq=3.2915851989,optimal_hour=8.8299998592, source_hour=8.8300000000 
parameter is :
0.6337466022,0.2919248547,0.8010137165,0.3259484825,0.6294445539,0.7612020260,340.6476144416,13.6913702573,8.8299998592,328.2072096603,-0.0053560435,0.3699804693,0.0596281486,

run over!

##################################
1.0000000000,0.7414960208,0.5074912339,1.1736294382,1.3833165467,0.1128948926,136.0000000000,19.0000000000,15.0000000000,230.0000000000,-0.0019000000,0.4700000000,0.0800000000

optimal_chisq=3.3550684884,optimal_hour=8.8900010482, source_hour=8.8900000000 
parameter is :
0.4468831224,0.5718628146,0.2187926111,0.5380096512,0.4369811611,-0.3889447660,139.4728507598,25.4236753944,8.8900010482,231.6591368154,-0.1542885653,0.4646324076,0.0171429662,

run over!

##################################
1.0000000000,0.3285144075,0.4327189444,0.8271000478,0.5419038834,0.6250393143,292.0000000000,-24.0000000000,18.0000000000,120.0000000000,-0.0014000000,0.2700000000,0.0600000000

optimal_chisq=3.4436568876,optimal_hour=8.8899999076, source_hour=8.8900000000 
parameter is :
0.9925802429,0.4346525437,0.3419709592,0.8259981438,0.5600546774,0.6275743432,292.0009324560,-23.9997927753,8.8899999076,119.9991500952,-0.0021831914,0.2699997148,0.0764198563,

run over!

##################################
1,chisq=2.367640582789801495522397090099,optimalHour=8.8900002119,InitHout=8.8900000000,deviation=0.0000002119
2,chisq=2.450341723484966038881793792825,optimalHour=8.8900006522,InitHout=8.8900000000,deviation=0.0000006522
3,chisq=3.113664980727023134932096581906,optimalHour=8.8299999630,InitHout=8.8300000000,deviation=0.0000000370
4,chisq=3.291585198889094954211032018065,optimalHour=8.8299998592,InitHout=8.8300000000,deviation=0.0000001408
5,chisq=3.355068488446306229633364637266,optimalHour=8.8900010482,InitHout=8.8900000000,deviation=0.0000010482
6,chisq=3.443656887573208091879450876149,optimalHour=8.8899999076,InitHout=8.8900000000,deviation=0.0000000924



1.0000000000,0.7041453913,0.3375286579,1.3260378129,0.7787165982,0.7852688163,355.0000000000,-82.0000000000,6.0000000000,336.0000000000,-0.0016000000,0.2000000000,0.1300000000


1.0000000000,0.7041453913,0.3375286579,1.3260378129,0.7787165982,0.7852688163,355.0000000000,-82.0000000000,6.0000000000,336.0000000000,-0.0016000000,0.2000000000,0.1300000000

optimal_chisq=2.4344930242,optimal_hour=8.8876016593 
parameter is :
0.8364619168,0.7723074255,0.5269992811,1.3808768239,0.7470483348,0.7749424877,354.9950470398,-81.9985995819,8.8876016593,336.0045968184,-0.0262465933,0.1997725741,0.1647514679,


Pole:
optimalLambda,optimalBeta:(27.3916730750,58.6839778843)
optimalParameter:{0.3675944143,0.1471802564,0.4327026633,0.1006007379,0.4409701835,0.2100515675,27.3916730750,58.6839778843,8.8876009726,164.4837415938,-0.1433481098,0.4217271612,0.0728392868}


