1.0000000000,0.4276583243,0.7280313988,0.5890769632,0.2107092674,1.0735858791,15.0000000000,-80.0000000000,13.0000000000,86.0000000000,-0.0023000000,0.2500000000,0.0500000000

optimal_chisq=2.9891843824,optimal_hour=5.9800008907, source_hour=5.9800000000 
parameter is :
1.0116498581,1.1193810987,1.1678316960,0.9194107209,0.4734307270,1.5962475102,6.5094229789,-79.7306517400,5.9800008907,92.1974480020,-2.5281906878,-1.1725209899,0.0325169604,

##################################
1.0000000000,0.3270651234,0.8590577328,0.3226098633,0.8709286378,0.1381142578,184.0000000000,3.0000000000,12.0000000000,165.0000000000,-0.0021000000,0.2800000000,0.1300000000

optimal_chisq=2.7238243786,optimal_hour=5.9999971923, source_hour=6.0000000000 
parameter is :
0.9024831627,0.9023906305,0.9774125481,1.0160047053,0.8797343539,0.9261376729,190.2016263832,18.2229968285,5.9999971923,163.2134892358,-2.4118917719,-1.0211648026,0.6045536288,

##################################
1.0000000000,0.5579541836,0.1823047757,1.3518837795,0.2176978298,1.2875658489,72.0000000000,-9.0000000000,19.0000000000,351.0000000000,-0.0019000000,0.4700000000,0.1800000000

optimal_chisq=2.8709038022,optimal_hour=6.0200009683, source_hour=6.0200000000 
parameter is :
0.9594943499,1.0733351680,0.2079547758,1.8253538593,0.3329838413,1.6721324531,70.0713148067,-15.9016656338,6.0200009683,353.6019672851,-0.3597391493,0.4680267568,0.0817264062,

##################################
1.0000000000,0.1762823785,0.7151995143,0.3233527712,0.4486206580,0.4948294831,272.0000000000,32.0000000000,20.0000000000,159.0000000000,-0.0015000000,0.4500000000,0.0800000000

optimal_chisq=2.9666804359,optimal_hour=6.0100010778, source_hour=6.0100000000 
parameter is :
0.6341167553,0.7037066793,1.0605686540,0.2430465904,0.6308807149,0.5942883564,270.8977140549,33.2767568840,6.0100010778,158.7058203836,-1.1557629994,-0.1220660303,-0.0725582568,

##################################
1.0000000000,0.2375789658,0.1672315124,1.0427044174,0.6534346287,0.4366099413,74.0000000000,85.0000000000,19.0000000000,83.0000000000,-0.0021000000,0.2500000000,0.0500000000

optimal_chisq=2.8237355229,optimal_hour=6.1399997365, source_hour=6.1400000000 
parameter is :
0.5676049016,0.6478111744,0.5809350868,0.5702411504,0.8921764949,0.1643869282,76.1045164219,83.3063224696,6.1399997365,85.5909023970,-0.7501257873,-0.0249448753,0.0017374859,

##################################
1.0000000000,0.2176469202,0.9166767638,0.1249638087,0.7763354865,0.0850529622,278.0000000000,55.0000000000,17.0000000000,55.0000000000,-0.0015000000,0.3000000000,0.1900000000

optimal_chisq=3.0269273236,optimal_hour=5.7700006566, source_hour=5.7700000000 
parameter is :
1.2255830277,0.9183973801,1.2489385079,0.8774239103,1.4288400971,0.6620230330,266.0140320727,52.3731906188,5.7700006566,56.5078370863,-0.3825394960,-5.2647826734,-0.1821795118,

##################################
1.0000000000,0.1960358257,0.6797074160,0.3891437380,0.8398357576,0.0375818686,29.0000000000,-77.0000000000,24.0000000000,160.0000000000,-0.0021000000,0.4100000000,0.1400000000

optimal_chisq=2.9947349930,optimal_hour=6.0099991891, source_hour=6.0100000000 
parameter is :
0.4757809611,0.8417192154,0.6624855327,0.6395969029,0.9121617715,0.4679462285,44.1834307790,-77.6452628161,6.0099991891,148.2094168684,-3.5211869378,-2.2537711263,0.1397616265,

##################################
1.0000000000,0.0560518736,0.3708978853,0.6094905310,0.5403768235,0.3134311868,233.0000000000,7.0000000000,20.0000000000,3.0000000000,-0.0012000000,0.2100000000,0.1800000000

optimal_chisq=3.0092493327,optimal_hour=6.2600022565, source_hour=6.2600000000 
parameter is :
0.5722422645,0.8789625570,1.0144442159,0.4112638560,0.8771857436,0.6923216673,196.8787469086,-24.1640334380,6.2600022565,74.3472373160,9.4518819372,48.3765983997,0.1922004962,

##################################
1.0000000000,0.9365865281,1.1390558426,0.6717222442,0.2199497410,1.5661999803,317.0000000000,-54.0000000000,20.0000000000,89.0000000000,-0.0024000000,0.2700000000,0.1500000000

optimal_chisq=2.2337472870,optimal_hour=5.9799996851, source_hour=5.9800000000 
parameter is :
1.2604959934,1.0272904076,1.1884090982,0.8844512491,0.6181769878,1.4227524684,319.4036756043,-55.5188374342,5.9799996851,87.0716079720,-0.1691218759,0.2675285816,0.0559972537,

##################################
1.0000000000,0.7796666304,0.8589683372,0.8182719005,0.5460641205,1.0633159347,255.0000000000,-77.0000000000,8.0000000000,16.0000000000,-0.0023000000,0.3300000000,0.1900000000

optimal_chisq=2.4633018469,optimal_hour=5.9800000000, source_hour=5.9800000000 
parameter is :
1.0000000000,0.7796666304,0.8589683372,0.8182719005,0.5460641205,1.0633159347,255.0000000000,-77.0000000000,5.9800000000,16.0000000000,-0.0023000000,0.3300000000,0.1900000000,

##################################
1.0000000000,0.7749258325,0.3428173277,1.3926001641,1.0702741778,0.5315078833,69.0000000000,-84.0000000000,18.0000000000,130.0000000000,-0.0019000000,0.2600000000,0.0800000000

optimal_chisq=2.4383003734,optimal_hour=5.9800010183, source_hour=5.9800000000 
parameter is :
1.1743395194,1.5584498194,0.8248744034,1.5772830338,1.3476927636,1.0529804108,67.4267562664,-85.9008876555,5.9800010183,130.5673353794,-2.7886545437,-1.3477125731,-0.0531000221,

##################################
1.0000000000,0.1998441341,0.5425550383,0.5587605657,0.6987942591,0.2561717954,166.0000000000,-85.0000000000,14.0000000000,284.0000000000,-0.0023000000,0.3500000000,0.1700000000

optimal_chisq=2.7189409464,optimal_hour=6.0000001127, source_hour=6.0000000000 
parameter is :
2.1008209706,1.3034383369,1.2537229053,1.5085468606,1.2706447126,1.7393964644,167.0323171884,-14.2957707675,6.0000001127,269.9629857994,4.5102371929,-20.2207950409,-0.0815003903,

##################################
1.0000000000,0.4726150345,0.7538939207,0.6080092934,0.1277394266,1.2151390690,131.0000000000,-39.0000000000,3.0000000000,217.0000000000,-0.0023000000,0.3700000000,0.1000000000

optimal_chisq=2.6493709933,optimal_hour=5.9600008623, source_hour=5.9600000000 
parameter is :
0.7961695362,0.7442859143,1.0360463707,0.4319694759,0.3437407487,1.1190940939,130.9994780852,-39.0172358634,5.9600008623,217.0050690402,-0.1737064028,0.3562993434,0.2774437283,

##################################
1.0000000000,0.6367279555,0.9250217557,0.5895571666,1.0822962715,0.2725114518,298.0000000000,84.0000000000,16.0000000000,97.0000000000,-0.0012000000,0.2700000000,0.0500000000

optimal_chisq=2.6676249013,optimal_hour=5.9999995206, source_hour=6.0000000000 
parameter is :
6.0147491557,5.4600813949,3.0069798416,3.8932567685,7.9181492813,4.7156279243,305.1348177415,109.8260774637,5.9999995206,90.8936685053,37.3332553809,-30.1663442555,-0.0328651300,

##################################
1.0000000000,0.5294756938,0.9400587485,0.4546094317,0.5186374462,0.7972007619,276.0000000000,-25.0000000000,7.0000000000,6.0000000000,-0.0019000000,0.3500000000,0.1800000000

optimal_chisq=2.7474577207,optimal_hour=5.9800003618, source_hour=5.9800000000 
parameter is :
0.9984335788,0.5331958509,0.9397320435,0.4616000035,0.5188409320,0.7929706693,276.0001858357,-25.0000214901,5.9800003618,5.9999216107,-0.0072985594,0.3499648829,0.1757423294,

##################################
1.0000000000,0.1452807137,0.4203355318,0.6461164005,0.4324308424,0.5455914394,212.0000000000,18.0000000000,7.0000000000,346.0000000000,-0.0016000000,0.4900000000,0.1000000000

optimal_chisq=3.0432207308,optimal_hour=6.0700006463, source_hour=6.0700000000 
parameter is :
0.9272222783,0.3208754502,0.4088892009,0.6702777970,0.3634632016,0.6667175631,211.9986871404,18.0024139325,6.0700006463,345.9967316652,-0.1604871512,0.4890521919,-0.0281420023,

##################################
1.0000000000,0.9763648752,0.3156674867,1.6282194203,1.0050148868,0.8292922366,222.0000000000,-74.0000000000,8.0000000000,106.0000000000,-0.0021000000,0.2900000000,0.1400000000

optimal_chisq=2.3167911099,optimal_hour=5.9799991942, source_hour=5.9800000000 
parameter is :
1.0210621235,1.1614729531,1.1260707792,1.0208699041,1.0875978067,1.3656282547,221.9420184837,-73.9987143617,5.9799991942,106.0512495497,-0.1887599984,0.2886483441,0.1987587582,

##################################
1.0000000000,0.8691613748,0.7691084423,1.0137760662,1.0787221408,0.5735912355,175.0000000000,55.0000000000,14.0000000000,189.0000000000,-0.0022000000,0.2000000000,0.1000000000

optimal_chisq=2.6603488607,optimal_hour=5.9999986707, source_hour=6.0000000000 
parameter is :
0.9386033915,0.8052716598,0.8617709086,1.0784270631,1.0652435104,0.5642017025,175.0000177354,54.9997383561,5.9999986707,188.9996793961,-0.0507854377,0.1994655599,0.0813972099,

##################################
1.0000000000,0.1593246237,0.5474803315,0.5081150949,0.5059821294,0.4429735116,255.0000000000,-37.0000000000,10.0000000000,212.0000000000,-0.0017000000,0.4800000000,0.1200000000

optimal_chisq=3.0233837698,optimal_hour=5.9000003140, source_hour=5.9000000000 
parameter is :
0.8325582709,0.3299655559,0.6337263816,0.4099132972,0.6201510163,0.6191284605,256.6584533358,-39.3329207237,5.9000003140,209.7448291484,-0.3015143805,0.4789304803,-0.0194222547,

##################################
1.0000000000,0.1747569005,0.9626156448,0.0152628885,0.0378598986,0.9322130572,281.0000000000,49.0000000000,13.0000000000,179.0000000000,-0.0020000000,0.3200000000,0.1200000000

optimal_chisq=2.8809627186,optimal_hour=6.0000023998, source_hour=6.0000000000 
parameter is :
5.0879510378,2.0508013863,4.2844253307,1.9742717345,0.9720410530,4.5682608925,296.7397442148,60.1893220072,6.0000023998,178.9392311372,10.4875167652,-22.3061178615,0.0759740631,

##################################
1.0000000000,0.6738055584,0.1968589344,1.4530841113,1.0152985325,0.5006999848,263.0000000000,-30.0000000000,11.0000000000,275.0000000000,-0.0013000000,0.4900000000,0.0500000000

optimal_chisq=2.6859824702,optimal_hour=5.9800001075, source_hour=5.9800000000 
parameter is :
0.8604052521,0.8992791028,0.2076359954,1.4660298035,0.7914353164,0.8828044579,263.0234787128,-29.9447014480,5.9800001075,274.9748046558,-0.2860818535,0.4892383443,0.0006402182,

##################################
1.0000000000,0.5145004939,0.4765192380,0.9721961844,0.0421424961,1.4007314603,31.0000000000,-48.0000000000,21.0000000000,239.0000000000,-0.0016000000,0.2800000000,0.0600000000

optimal_chisq=2.9099075595,optimal_hour=5.9799995090, source_hour=5.9800000000 
parameter is :
0.9017517298,0.8733343736,1.1899514864,0.7420175706,0.7686680511,0.8948471010,17.6846771189,-41.8417165741,5.9799995090,232.2752782757,-2.5648491862,-1.1131129406,0.1519346280,

##################################
1.0000000000,0.3674132234,0.0417396478,1.3195411675,0.7756967468,0.4600400625,219.0000000000,7.0000000000,7.0000000000,256.0000000000,-0.0013000000,0.2100000000,0.0500000000

optimal_chisq=2.9787827506,optimal_hour=6.0000006969, source_hour=6.0000000000 
parameter is :
0.5286676884,0.4078307624,0.2536926353,0.6943982191,0.7664227047,0.1645595139,212.2996312771,11.6813247985,6.0000006969,273.1572801923,-3.7554337452,-2.5482550635,-0.0952785588,

##################################
1.0000000000,0.7880168179,1.3567190295,0.2638616259,0.5481182312,1.0017305925,274.0000000000,-43.0000000000,24.0000000000,222.0000000000,-0.0023000000,0.4400000000,0.0800000000

optimal_chisq=2.8800691777,optimal_hour=5.9499992660, source_hour=5.9500000000 
parameter is :
1.1903868700,0.6464045423,0.7994091035,0.8561073289,0.9149749591,0.7406023165,277.0450842017,-44.4662869020,5.9499992660,222.6388008777,-3.6056480004,-2.1598742853,-0.0781381807,

##################################
1.0000000000,0.9723230502,0.3891425939,1.5428973773,1.4187347759,0.3531683635,239.0000000000,-17.0000000000,10.0000000000,109.0000000000,-0.0019000000,0.4700000000,0.0600000000

optimal_chisq=3.0355214150,optimal_hour=5.9800004626, source_hour=5.9800000000 
parameter is :
1.2161327619,0.9798854475,0.4883796125,1.4980361370,1.2456621715,0.6171730977,238.4669579632,-22.2417899489,5.9800004626,105.4450186423,-0.3243556670,0.4687007241,0.0348789885,

##################################
1.0000000000,0.2149413634,0.8671804385,0.1825396541,0.1867944358,0.8260401806,182.0000000000,83.0000000000,7.0000000000,341.0000000000,-0.0023000000,0.4300000000,0.1800000000

optimal_chisq=2.8692562903,optimal_hour=6.1400006843, source_hour=6.1400000000 
parameter is :
0.8067520571,0.7015942273,0.9121943179,0.7933064327,0.8270708826,0.7285716358,186.5910570805,85.6992717838,6.1400006843,344.5888648081,-0.6385320382,0.0557444546,-0.0184335722,

##################################
1.0000000000,0.1166551565,0.6794906819,0.2981596220,0.1294074721,0.8210111534,337.0000000000,74.0000000000,20.0000000000,242.0000000000,-0.0023000000,0.3800000000,0.0900000000

optimal_chisq=2.6359436369,optimal_hour=6.0000013347, source_hour=6.0000000000 
parameter is :
0.6582955890,1.0237635319,0.9223037216,0.5601936227,0.4335482591,1.0411721245,338.4609081599,74.8436424060,6.0000013347,245.2161936394,-0.7220230270,-0.1706206865,0.0265838678,

##################################
1.0000000000,0.4556523610,0.6666134178,0.6908223763,0.9826157121,0.2100426886,204.0000000000,75.0000000000,16.0000000000,33.0000000000,-0.0015000000,0.2000000000,0.0600000000

optimal_chisq=2.8577260240,optimal_hour=6.1399996160, source_hour=6.1400000000 
parameter is :
0.7725697697,0.6789589213,0.7093570435,0.7314869722,0.9595008237,0.6481509275,202.8853629184,74.4601404323,6.1399996160,31.8552394862,-0.0906297902,0.1993319559,-0.0429981665,

##################################
1.0000000000,0.4553783757,0.4609135779,0.9280991605,0.5096443350,0.8016360851,128.0000000000,-58.0000000000,6.0000000000,32.0000000000,-0.0024000000,0.3000000000,0.1100000000

optimal_chisq=2.9017311629,optimal_hour=5.9499993600, source_hour=5.9500000000 
parameter is :
0.5113271462,0.3859642243,0.3999070316,0.4109355444,0.1537230815,0.6219172484,133.6743451153,-58.5423227429,5.9499993600,29.6068518933,-0.1921229035,0.2887402616,-0.1590341249,

##################################
1.0000000000,0.6871575418,1.1595281940,0.3766684398,0.5669752959,0.8914707343,39.0000000000,77.0000000000,23.0000000000,232.0000000000,-0.0015000000,0.3800000000,0.0600000000

optimal_chisq=2.8209929066,optimal_hour=5.9999997129, source_hour=6.0000000000 
parameter is :
0.7452097131,0.9385265998,0.6774727903,1.2757902179,0.8104420814,0.8650751364,43.8131792837,74.1300633187,5.9999997129,235.8518136641,-0.3836890146,0.3094615415,-0.0264915697,

##################################
1,chisq=2.233747286995555469957253080793,optimalHour=5.9799996851,InitHout=5.9800000000,deviation=0.0000003149
2,chisq=2.316791109935012027420953018009,optimalHour=5.9799991942,InitHout=5.9800000000,deviation=0.0000008058
3,chisq=2.438300373368939233387209242210,optimalHour=5.9800010183,InitHout=5.9800000000,deviation=0.0000010183
4,chisq=2.463301846936187811110130496672,optimalHour=5.9800000000,InitHout=5.9800000000,deviation=0.0000000000
5,chisq=2.635943636943177459386333794100,optimalHour=6.0000013347,InitHout=6.0000000000,deviation=0.0000013347
6,chisq=2.649370993319165812351911881706,optimalHour=5.9600008623,InitHout=5.9600000000,deviation=0.0000008623
7,chisq=2.660348860675996185420899564633,optimalHour=5.9999986707,InitHout=6.0000000000,deviation=0.0000013293
8,chisq=2.667624901285898797453910447075,optimalHour=5.9999995206,InitHout=6.0000000000,deviation=0.0000004794
9,chisq=2.685982470160624302479845937341,optimalHour=5.9800001075,InitHout=5.9800000000,deviation=0.0000001075
10,chisq=2.718940946401280811528522463050,optimalHour=6.0000001127,InitHout=6.0000000000,deviation=0.0000001127
11,chisq=2.723824378589223105251448941999,optimalHour=5.9999971923,InitHout=6.0000000000,deviation=0.0000028077
12,chisq=2.747457720697714211866014011321,optimalHour=5.9800003618,InitHout=5.9800000000,deviation=0.0000003618
13,chisq=2.820992906557689750002282380592,optimalHour=5.9999997129,InitHout=6.0000000000,deviation=0.0000002871
14,chisq=2.823735522901096306469526098226,optimalHour=6.1399997365,InitHout=6.1400000000,deviation=0.0000002635
15,chisq=2.857726024021657096341186843347,optimalHour=6.1399996160,InitHout=6.1400000000,deviation=0.0000003840
16,chisq=2.869256290342724113884287362453,optimalHour=6.1400006843,InitHout=6.1400000000,deviation=0.0000006843
17,chisq=2.870903802224145540122890452039,optimalHour=6.0200009683,InitHout=6.0200000000,deviation=0.0000009683
18,chisq=2.880069177684942971495729580056,optimalHour=5.9499992660,InitHout=5.9500000000,deviation=0.0000007340
19,chisq=2.880962718626457697013165670796,optimalHour=6.0000023998,InitHout=6.0000000000,deviation=0.0000023998
20,chisq=2.901731162904540806124487062334,optimalHour=5.9499993600,InitHout=5.9500000000,deviation=0.0000006400
21,chisq=2.909907559459675052693228280987,optimalHour=5.9799995090,InitHout=5.9800000000,deviation=0.0000004910
22,chisq=2.966680435880893362821097980486,optimalHour=6.0100010778,InitHout=6.0100000000,deviation=0.0000010778
23,chisq=2.978782750582226412916497793049,optimalHour=6.0000006969,InitHout=6.0000000000,deviation=0.0000006969
24,chisq=2.989184382364708181256673924509,optimalHour=5.9800008907,InitHout=5.9800000000,deviation=0.0000008907
25,chisq=2.994734993033298930953378658160,optimalHour=6.0099991891,InitHout=6.0100000000,deviation=0.0000008109
26,chisq=3.009249332732109039056922483724,optimalHour=6.2600022565,InitHout=6.2600000000,deviation=0.0000022565
27,chisq=3.023383769807369336746205590316,optimalHour=5.9000003140,InitHout=5.9000000000,deviation=0.0000003140
28,chisq=3.026927323584665430189488688484,optimalHour=5.7700006566,InitHout=5.7700000000,deviation=0.0000006566
29,chisq=3.035521414997520039946721226443,optimalHour=5.9800004626,InitHout=5.9800000000,deviation=0.0000004626
30,chisq=3.043220730794602868485299040913,optimalHour=6.0700006463,InitHout=6.0700000000,deviation=0.0000006463
1.0000000000,0.9365865281,1.1390558426,0.6717222442,0.2199497410,1.5661999803,317.0000000000,-54.0000000000,20.0000000000,89.0000000000,-0.0024000000,0.2700000000,0.1500000000

optimal_chisq=2.2337472870,optimal_hour=5.9799996851, source_hour=5.9800000000 
parameter is :
1.2604959934,1.0272904076,1.1884090982,0.8844512491,0.6181769878,1.4227524684,319.4036756043,-55.5188374342,5.9799996851,87.0716079720,-0.1691218759,0.2675285816,0.0559972537,

run over!

##################################
1.0000000000,0.9763648752,0.3156674867,1.6282194203,1.0050148868,0.8292922366,222.0000000000,-74.0000000000,8.0000000000,106.0000000000,-0.0021000000,0.2900000000,0.1400000000

optimal_chisq=2.3167911099,optimal_hour=5.9799991942, source_hour=5.9800000000 
parameter is :
1.0210621235,1.1614729531,1.1260707792,1.0208699041,1.0875978067,1.3656282547,221.9420184837,-73.9987143617,5.9799991942,106.0512495497,-0.1887599984,0.2886483441,0.1987587582,

run over!

##################################
1.0000000000,0.7749258325,0.3428173277,1.3926001641,1.0702741778,0.5315078833,69.0000000000,-84.0000000000,18.0000000000,130.0000000000,-0.0019000000,0.2600000000,0.0800000000

optimal_chisq=2.3549900969,optimal_hour=5.9920000794, source_hour=5.9920000000 
parameter is :
0.7448627835,1.2828539439,1.0131062271,1.0585673974,1.5602754258,0.4125872225,70.8184578965,-88.0978188449,5.9920000794,127.5896933137,-0.6072299031,-0.3792259595,0.4579939412,

run over!

##################################
1.0000000000,0.7796666304,0.8589683372,0.8182719005,0.5460641205,1.0633159347,255.0000000000,-77.0000000000,8.0000000000,16.0000000000,-0.0023000000,0.3300000000,0.1900000000

optimal_chisq=2.4633018469,optimal_hour=5.9800000000, source_hour=5.9800000000 
parameter is :
1.0000000000,0.7796666304,0.8589683372,0.8182719005,0.5460641205,1.0633159347,255.0000000000,-77.0000000000,5.9800000000,16.0000000000,-0.0023000000,0.3300000000,0.1900000000,

run over!

##################################
1.0000000000,0.1166551565,0.6794906819,0.2981596220,0.1294074721,0.8210111534,337.0000000000,74.0000000000,20.0000000000,242.0000000000,-0.0023000000,0.3800000000,0.0900000000

optimal_chisq=2.6359436369,optimal_hour=6.0000013347, source_hour=6.0000000000 
parameter is :
0.6582955890,1.0237635319,0.9223037216,0.5601936227,0.4335482591,1.0411721245,338.4609081599,74.8436424060,6.0000013347,245.2161936394,-0.7220230270,-0.1706206865,0.0265838678,

run over!

##################################
1.0000000000,0.4726150345,0.7538939207,0.6080092934,0.1277394266,1.2151390690,131.0000000000,-39.0000000000,3.0000000000,217.0000000000,-0.0023000000,0.3700000000,0.1000000000

optimal_chisq=2.5648534025,optimal_hour=6.0070008453, source_hour=6.0070000000 
parameter is :
1.0612701462,1.2551543600,0.9982776552,1.4403611253,0.4464366896,1.8165790149,147.0345763513,-35.3747655545,6.0070008453,233.7439343352,-5.0657787476,-2.6968604761,0.0153966581,

run over!

##################################
1,chisq=2.233747286995555469957253080793,optimalHour=5.9799996851,InitHout=5.9800000000,deviation=0.0000003149
2,chisq=2.316791109935012027420953018009,optimalHour=5.9799991942,InitHout=5.9800000000,deviation=0.0000008058
3,chisq=2.354990096917930486597470007837,optimalHour=5.9920000794,InitHout=5.9920000000,deviation=0.0000000794
4,chisq=2.463301846936187811110130496672,optimalHour=5.9800000000,InitHout=5.9800000000,deviation=0.0000000000
5,chisq=2.564853402549911010055438964628,optimalHour=6.0070008453,InitHout=6.0070000000,deviation=0.0000008453
6,chisq=2.635943636943177459386333794100,optimalHour=6.0000013347,InitHout=6.0000000000,deviation=0.0000013347



1.0000000000,0.9365865281,1.1390558426,0.6717222442,0.2199497410,1.5661999803,317.0000000000,-54.0000000000,20.0000000000,89.0000000000,-0.0024000000,0.2700000000,0.1500000000


1.0000000000,0.9365865281,1.1390558426,0.6717222442,0.2199497410,1.5661999803,317.0000000000,-54.0000000000,20.0000000000,89.0000000000,-0.0024000000,0.2700000000,0.1500000000

optimal_chisq=1.8789128700,optimal_hour=5.9878996716 
parameter is :
1.0671324328,1.1251382042,1.4095913353,0.4906397402,0.5635640572,1.3859795580,315.9448271481,-55.0488887236,5.9878996716,87.1808037529,-0.1438725302,0.2527925033,0.2119804226,

Pole:
optimalLambda,optimalBeta:(193.1629013036,-31.1425597810)
optimalParameter:{0.3541395109,1.0854376903,1.3073411179,0.5106144596,0.8034989556,1.2236958650,193.1629013036,-31.1425597810,5.9878992627,211.4017163396,-0.5934055104,-0.1984787461,-0.1597941213}

