1.0000000000,0.8462696848,1.4580069022,0.2138445466,0.7893776754,0.7820045614,130.0000000000,-54.0000000000,8.0000000000,25.0000000000,-0.0014000000,0.4500000000,0.1900000000

optimal_chisq=2.4677327800,optimal_hour=5.5300025383, source_hour=5.5300000000 
parameter is :
1.2393468107,0.2711806315,1.2654208792,0.2419538749,0.8609945095,1.1394403991,142.7517488197,-31.6294410791,5.5300025383,22.9177486550,-0.0497633822,0.4497370379,-0.0458315424,

##################################
1.0000000000,0.4743469411,0.6296381311,0.7536754941,0.5082108504,0.7972431407,60.0000000000,-17.0000000000,12.0000000000,250.0000000000,-0.0023000000,0.2000000000,0.0900000000

optimal_chisq=2.8959480515,optimal_hour=4.9999985708, source_hour=5.0000000000 
parameter is :
0.8595510249,0.9018370728,0.7520936917,0.8299846034,0.7345912681,0.8209592261,74.8635932472,-55.7196607257,4.9999985708,253.1199912746,-0.5431424045,0.3539388050,-0.0868723393,

##################################
1.0000000000,0.1664452311,0.4352345597,0.6510802019,0.2332775058,0.8082416303,122.0000000000,66.0000000000,14.0000000000,76.0000000000,-0.0019000000,0.2700000000,0.0600000000

optimal_chisq=1.4003126015,optimal_hour=5.3700030446, source_hour=5.3700000000 
parameter is :
0.7409764426,0.4407018556,0.4698685586,0.7071249167,0.7563532970,0.7804816815,125.0172233597,63.8360017508,5.3700030446,77.3795463533,0.0370855924,0.2728929066,-0.0646454050,

##################################
1.0000000000,0.5746233871,1.2193072903,0.1811913606,1.1912494022,0.0110947723,226.0000000000,75.0000000000,18.0000000000,232.0000000000,-0.0014000000,0.3600000000,0.0800000000

optimal_chisq=2.0872183843,optimal_hour=5.3699999762, source_hour=5.3700000000 
parameter is :
0.9512759844,0.6779209708,1.1350939422,0.3212316232,1.2462297601,0.1214685586,225.9869961904,75.0177096724,5.3699999762,231.9928351603,0.0085154391,0.3600385633,0.1157216465,

##################################
1.0000000000,0.7721961563,0.1751655425,1.5770368571,1.1513923602,0.4576991808,182.0000000000,74.0000000000,2.0000000000,228.0000000000,-0.0022000000,0.2600000000,0.1300000000

optimal_chisq=2.8096914204,optimal_hour=5.3699998030, source_hour=5.3700000000 
parameter is :
1.8805279100,-0.6984246026,1.1966306517,0.6841368827,1.4881153350,0.5102144676,186.5476377960,65.5252607795,5.3699998030,230.2635911058,-0.0257855156,0.2709462753,-0.1218730631,

##################################
1.0000000000,0.2897884288,0.0422099647,1.2409996537,0.3136190079,0.9186912520,211.0000000000,-30.0000000000,15.0000000000,32.0000000000,-0.0012000000,0.3900000000,0.1600000000

optimal_chisq=2.4173242425,optimal_hour=5.3700013893, source_hour=5.3700000000 
parameter is :
0.9427938266,0.3682090372,0.1764650310,1.1590191134,-0.0284701128,1.1775169735,210.9892169810,-29.9773917842,5.3700013893,32.0045378796,-0.0011094356,0.3900002778,-0.0261873973,

##################################
1.0000000000,0.8630691813,0.5939716194,1.2029890915,1.3883751595,0.2378358586,12.0000000000,-21.0000000000,7.0000000000,229.0000000000,-0.0017000000,0.3400000000,0.1800000000

optimal_chisq=3.2687242743,optimal_hour=5.2600007533, source_hour=5.2600000000 
parameter is :
0.6924853622,1.2358439297,1.1849988690,0.8273528910,1.4212430147,0.3073040482,14.7157830172,-29.7203771580,5.2600007533,227.6069085689,0.2358431586,0.3106838316,0.1086754415,

##################################
1.0000000000,0.0826483420,0.8487235720,0.0437232895,0.5205228607,0.2339387538,188.0000000000,10.0000000000,23.0000000000,238.0000000000,-0.0019000000,0.4600000000,0.1800000000

optimal_chisq=3.2746189599,optimal_hour=4.8800001899, source_hour=4.8800000000 
parameter is :
-0.3557631394,0.1832223635,-0.1638356810,0.3913575766,-0.2700605964,0.2799600779,195.6356772755,34.4394355042,4.8800001899,236.9191368149,-0.7085983539,0.2416696788,0.1771581123,

##################################
1.0000000000,0.3400259332,0.5851855799,0.6609178825,0.9624249944,0.1030162268,147.0000000000,70.0000000000,4.0000000000,141.0000000000,-0.0013000000,0.4600000000,0.1700000000

optimal_chisq=1.3085915136,optimal_hour=5.3700004860, source_hour=5.3700000000 
parameter is :
1.2450862621,0.3180998224,0.4180277778,0.6082587970,0.9080612009,0.0582912440,142.2548134937,64.3885670343,5.3700004860,139.5092259885,-0.0082530864,0.4601223462,-0.0065129415,

##################################
1.0000000000,0.3599391819,0.2358817230,1.0884342809,1.1068790732,0.0211945917,37.0000000000,-90.0000000000,2.0000000000,151.0000000000,-0.0015000000,0.3800000000,0.1500000000

optimal_chisq=2.6797177210,optimal_hour=5.4200062492, source_hour=5.4200000000 
parameter is :
-12.0211842832,-10.2890555087,-4.7629496437,-13.9337429568,-7.9195278916,-12.6393022827,77.5630568948,-113.5999287956,5.4200062492,137.9327056483,16.1583885806,24.5345073734,0.3454154434,

##################################
1.0000000000,0.2526371457,0.2715251757,0.9361452008,0.8444840264,0.2017538395,305.0000000000,11.0000000000,18.0000000000,221.0000000000,-0.0017000000,0.4800000000,0.1300000000

optimal_chisq=2.0254366467,optimal_hour=5.3700080008, source_hour=5.3700000000 
parameter is :
1.2513076797,0.3671116538,-0.0859750462,0.6188133557,-0.3537578231,0.6260635794,325.3378932246,-1.1983609679,5.3700080008,220.8829583324,-0.2103831803,0.4526138474,-0.1054320528,

##################################
1.0000000000,0.9314498333,1.4700733579,0.2947823010,0.5181526167,1.1858884738,105.0000000000,5.0000000000,4.0000000000,78.0000000000,-0.0014000000,0.3400000000,0.0900000000

optimal_chisq=1.6282283848,optimal_hour=5.3699959718, source_hour=5.3700000000 
parameter is :
1.1363099221,0.9621556279,0.6125914018,1.5668456057,1.0549871834,1.6117324107,106.5954643748,4.8322790546,5.3699959718,76.8693177747,-0.0604040856,0.3937072161,0.0126339940,

##################################
1.0000000000,0.3202049468,0.3897995039,0.8684462422,0.6726330156,0.4676346376,211.0000000000,-59.0000000000,21.0000000000,58.0000000000,-0.0016000000,0.3200000000,0.0600000000

optimal_chisq=2.8331850265,optimal_hour=5.3700029899, source_hour=5.3700000000 
parameter is :
0.8997491890,0.3118640468,0.3425639638,0.8951619834,0.6784349880,0.6729038944,211.0046334658,-59.0180896480,5.3700029899,57.9996625875,0.0377004179,0.3202078013,0.1377880331,

##################################
1.0000000000,0.6817675352,0.4827317578,1.1395220624,0.9835390556,0.5067189562,317.0000000000,36.0000000000,24.0000000000,46.0000000000,-0.0017000000,0.4700000000,0.1500000000

optimal_chisq=2.1141467459,optimal_hour=5.3700001179, source_hour=5.3700000000 
parameter is :
0.4628174753,0.9686657972,0.6515759844,0.9282245993,1.0416013078,0.7827434589,318.4277686323,24.6954503066,5.3700001179,47.2737380253,0.2957425441,0.4241936295,-0.0600054645,

##################################
1.0000000000,0.8554072179,0.4398426937,1.3668748215,0.3435738865,1.4242744706,0.0000000000,-29.0000000000,19.0000000000,64.0000000000,-0.0015000000,0.4500000000,0.1600000000

optimal_chisq=3.2068942058,optimal_hour=5.3599986741, source_hour=5.3600000000 
parameter is :
1.6204960681,1.0364807918,0.7333918400,-2.1233125431,2.4133917834,-1.1340856547,-25.8294900828,-51.6406461063,5.3599986741,69.4747164628,-1.9884010539,5.0348709993,-0.2136594116,

##################################
1.0000000000,0.7131280022,0.3559024694,1.3146157038,0.4004322934,1.2206838305,352.0000000000,-33.0000000000,13.0000000000,153.0000000000,-0.0018000000,0.3900000000,0.1700000000

optimal_chisq=3.1192735298,optimal_hour=5.1599999603, source_hour=5.1600000000 
parameter is :
1.0000000000,0.7131280022,0.3559024694,1.3146157038,0.4004322934,1.2206838305,352.0000000000,-33.0000000000,5.1599999603,153.0000000000,-0.0018000000,0.3900000000,0.1700000000,

##################################
1.0000000000,0.3561966193,0.7519874535,0.4823660375,0.8559840974,0.2191340371,69.0000000000,57.0000000000,11.0000000000,303.0000000000,-0.0016000000,0.3200000000,0.1300000000

optimal_chisq=2.7205963900,optimal_hour=5.5400000000, source_hour=5.5400000000 
parameter is :
1.0000000000,0.3561966193,0.7519874535,0.4823660375,0.8559840974,0.2191340371,69.0000000000,57.0000000000,5.5400000000,303.0000000000,-0.0016000000,0.3200000000,0.1300000000,

##################################
1.0000000000,0.2009536625,0.6918417860,0.3800203098,0.8425068738,0.0379828967,110.0000000000,61.0000000000,20.0000000000,66.0000000000,-0.0013000000,0.4200000000,0.0700000000

optimal_chisq=1.3295380777,optimal_hour=5.3699957283, source_hour=5.3700000000 
parameter is :
-0.0830208382,-0.4349304310,1.1645034044,0.6338413715,0.9185506095,0.4185196411,102.6691654201,66.2255582985,5.3699957283,63.0513243549,-0.0263421115,0.4202065089,0.1422180550,

##################################
1.0000000000,0.5487619590,0.8269509308,0.6064260389,0.9030315360,0.3907497293,328.0000000000,-78.0000000000,15.0000000000,192.0000000000,-0.0019000000,0.2700000000,0.1600000000

optimal_chisq=2.4413583494,optimal_hour=5.3700005059, source_hour=5.3700000000 
parameter is :
1.2013351555,0.4898445583,0.6448040497,0.8205687222,0.7350907104,0.3134761256,327.9980419181,-77.9887286956,5.3700005059,191.9960171803,0.0104417459,0.2699613016,0.1928884380,

##################################
1.0000000000,0.1426675432,0.2071338143,0.8980496699,0.2909764681,0.7587695156,115.0000000000,7.0000000000,5.0000000000,18.0000000000,-0.0013000000,0.2700000000,0.1300000000

optimal_chisq=2.6988019897,optimal_hour=5.0000018455, source_hour=5.0000000000 
parameter is :
0.9914269155,0.2551852896,0.1047690892,1.0339342668,0.5549320664,0.4985872961,114.9785826246,6.9864934936,5.0000018455,17.9852047725,0.0568604038,0.2694565974,-0.0602784970,

##################################
1.0000000000,0.0032674945,0.5343984889,0.3477043355,0.5439207216,0.1899483879,170.0000000000,-51.0000000000,23.0000000000,333.0000000000,-0.0013000000,0.3300000000,0.1500000000

optimal_chisq=2.5716953503,optimal_hour=5.3699998603, source_hour=5.3700000000 
parameter is :
0.7491382592,0.6626418924,0.9982197767,0.2370823140,0.6243850126,0.5339502909,178.7782711065,-32.9740225880,5.3699998603,336.3237894528,0.1734777860,0.3238324431,-0.1936945194,

##################################
1.0000000000,0.9861711645,0.4578786478,1.4810627607,0.2016268246,1.7162889659,330.0000000000,68.0000000000,6.0000000000,103.0000000000,-0.0013000000,0.2900000000,0.1200000000

optimal_chisq=2.4181376097,optimal_hour=5.3700019867, source_hour=5.3700000000 
parameter is :
0.8888228973,1.0758239968,0.7571093007,1.4235229113,0.2889222847,1.7180141597,329.9997038153,68.0054680811,5.3700019867,102.9999692946,0.0383031058,0.2895661703,-0.0525684521,

##################################
1.0000000000,0.8868242250,0.8534140753,0.9381392984,0.7720141435,0.9287551173,327.0000000000,-27.0000000000,11.0000000000,138.0000000000,-0.0020000000,0.4100000000,0.1900000000

optimal_chisq=2.0534465646,optimal_hour=5.3700231275, source_hour=5.3700000000 
parameter is :
0.3422950977,-0.4078728436,-0.2218336507,0.0756559760,2.7172227063,3.1247046172,325.8997316524,-26.2124807724,5.3700231275,138.1090130520,0.0998352855,0.4104993558,-4.3425638672,

##################################
1.0000000000,0.0397281065,0.8100394186,0.0388394521,0.0429748859,0.7956551543,351.0000000000,6.0000000000,18.0000000000,161.0000000000,-0.0024000000,0.4800000000,0.1900000000

optimal_chisq=2.8284763291,optimal_hour=4.9900002140, source_hour=4.9900000000 
parameter is :
1.3223372337,0.1864333841,0.6536706171,0.1237332512,0.0424183130,0.7261112179,346.3800585353,6.9433839495,4.9900002140,163.4785764094,0.0521902871,0.4803051762,-0.1032472775,

##################################
1.0000000000,0.9468995738,0.1580511071,1.7724745734,1.1508327697,0.6520253170,230.0000000000,-8.0000000000,18.0000000000,254.0000000000,-0.0015000000,0.2700000000,0.0800000000

optimal_chisq=3.0399060514,optimal_hour=4.9700008495, source_hour=4.9700000000 
parameter is :
1.0200582485,0.8622769277,0.4189956971,1.6768121166,1.1054573666,1.1370693552,231.2994614459,-10.0466034613,4.9700008495,252.8156571937,0.0443839697,0.2686916742,-0.0050701025,

##################################
1.0000000000,0.8810757244,0.7599635998,1.0365057727,0.3917805855,1.3599583095,271.0000000000,53.0000000000,18.0000000000,282.0000000000,-0.0023000000,0.2700000000,0.1300000000

optimal_chisq=2.0887968053,optimal_hour=5.3699919985, source_hour=5.3700000000 
parameter is :
0.9451507614,1.0787141857,0.9302541857,0.9910667149,1.6119917235,0.2348373880,271.0406212632,53.0797528596,5.3699919985,281.7522803600,0.0313743340,0.2751840016,0.0753597950,

##################################
1.0000000000,0.7720649544,1.1733325198,0.4545807071,0.8500688377,0.6656794835,18.0000000000,-35.0000000000,17.0000000000,327.0000000000,-0.0020000000,0.3600000000,0.0800000000

optimal_chisq=2.5320125133,optimal_hour=5.0000036905, source_hour=5.0000000000 
parameter is :
6.0582961616,6.3781184353,3.3306263034,8.8929495562,10.6187684219,1.3784355596,24.1647853971,14.9173834016,5.0000036905,322.6349205286,-13.6187149037,-0.7735727563,0.3276257995,

##################################
1.0000000000,0.5590390472,1.0168645353,0.3984834091,0.0687805403,1.3367804878,18.0000000000,36.0000000000,3.0000000000,321.0000000000,-0.0019000000,0.3200000000,0.1400000000

optimal_chisq=2.8589730924,optimal_hour=5.3600042660, source_hour=5.3600000000 
parameter is :
0.6838862666,0.9660420595,1.3957949143,0.1681875359,0.8309530177,0.8259843446,14.3256543540,26.7856395617,5.3600042660,320.2573496977,-1.6375181583,0.5609403495,0.0698801281,

##################################
1.0000000000,0.0224643606,0.2346988085,0.7395869113,0.5439677540,0.3016644574,221.0000000000,-67.0000000000,17.0000000000,30.0000000000,-0.0022000000,0.2000000000,0.1000000000

optimal_chisq=2.6367488739,optimal_hour=5.3700038112, source_hour=5.3700000000 
parameter is :
-0.0970565310,0.2342778715,0.0680689979,-0.0192677148,0.0492768069,-0.4102988708,244.1380996012,-44.3776789714,5.3700038112,29.4842861246,-0.0589123425,0.1955412747,-0.0257751564,

##################################
1.0000000000,0.9041468445,1.0950493515,0.6861404263,1.4757813980,0.1205067504,260.0000000000,-30.0000000000,11.0000000000,225.0000000000,-0.0015000000,0.2600000000,0.1900000000

optimal_chisq=1.9385616327,optimal_hour=5.3699994087, source_hour=5.3700000000 
parameter is :
1.1504214747,1.3473378385,0.4376350162,0.6175057860,1.6846214586,1.8951822102,255.2299861118,-7.7616471994,5.3699994087,224.6373169770,-0.1464420255,0.2642938344,0.2005070730,

##################################
1,chisq=1.308591513552680662968441538396,optimalHour=5.3700004860,InitHout=5.3700000000,deviation=0.0000004860
2,chisq=1.329538077742751012166877444542,optimalHour=5.3699957283,InitHout=5.3700000000,deviation=0.0000042717
3,chisq=1.400312601534196454977632129157,optimalHour=5.3700030446,InitHout=5.3700000000,deviation=0.0000030446
4,chisq=1.628228384784108806471181196684,optimalHour=5.3699959718,InitHout=5.3700000000,deviation=0.0000040282
5,chisq=1.938561632651339960986547339417,optimalHour=5.3699994087,InitHout=5.3700000000,deviation=0.0000005913
6,chisq=2.025436646664124040739807242062,optimalHour=5.3700080008,InitHout=5.3700000000,deviation=0.0000080008
7,chisq=2.053446564574451738138805012568,optimalHour=5.3700231275,InitHout=5.3700000000,deviation=0.0000231275
8,chisq=2.087218384275511429137850427651,optimalHour=5.3699999762,InitHout=5.3700000000,deviation=0.0000000238
9,chisq=2.088796805343335449833830352873,optimalHour=5.3699919985,InitHout=5.3700000000,deviation=0.0000080015
10,chisq=2.114146745945774341635114978999,optimalHour=5.3700001179,InitHout=5.3700000000,deviation=0.0000001179
11,chisq=2.417324242457500993452867987799,optimalHour=5.3700013893,InitHout=5.3700000000,deviation=0.0000013893
12,chisq=2.418137609742502025511612373521,optimalHour=5.3700019867,InitHout=5.3700000000,deviation=0.0000019867
13,chisq=2.441358349381107739617391416687,optimalHour=5.3700005059,InitHout=5.3700000000,deviation=0.0000005059
14,chisq=2.467732779962340750046223547542,optimalHour=5.5300025383,InitHout=5.5300000000,deviation=0.0000025383
15,chisq=2.532012513272292153487796895206,optimalHour=5.0000036905,InitHout=5.0000000000,deviation=0.0000036905
16,chisq=2.571695350333885521365573367802,optimalHour=5.3699998603,InitHout=5.3700000000,deviation=0.0000001397
17,chisq=2.636748873891760158727493035258,optimalHour=5.3700038112,InitHout=5.3700000000,deviation=0.0000038112
18,chisq=2.679717721029908794605489674723,optimalHour=5.4200062492,InitHout=5.4200000000,deviation=0.0000062492
19,chisq=2.698801989652198862756904418347,optimalHour=5.0000018455,InitHout=5.0000000000,deviation=0.0000018455
20,chisq=2.720596389993677810537064942764,optimalHour=5.5400000000,InitHout=5.5400000000,deviation=0.0000000000
21,chisq=2.809691420434829556285194485099,optimalHour=5.3699998030,InitHout=5.3700000000,deviation=0.0000001970
22,chisq=2.828476329061754501736913880450,optimalHour=4.9900002140,InitHout=4.9900000000,deviation=0.0000002140
23,chisq=2.833185026457031963076360625564,optimalHour=5.3700029899,InitHout=5.3700000000,deviation=0.0000029899
24,chisq=2.858973092409223148990804475034,optimalHour=5.3600042660,InitHout=5.3600000000,deviation=0.0000042660
25,chisq=2.895948051536413991868812445318,optimalHour=4.9999985708,InitHout=5.0000000000,deviation=0.0000014292
26,chisq=3.039906051421546351321012480184,optimalHour=4.9700008495,InitHout=4.9700000000,deviation=0.0000008495
27,chisq=3.119273529764341912340341878007,optimalHour=5.1599999603,InitHout=5.1600000000,deviation=0.0000000397
28,chisq=3.206894205782927720349562150659,optimalHour=5.3599986741,InitHout=5.3600000000,deviation=0.0000013259
29,chisq=3.268724274303078214387596744928,optimalHour=5.2600007533,InitHout=5.2600000000,deviation=0.0000007533
30,chisq=3.274618959865197798109193172422,optimalHour=4.8800001899,InitHout=4.8800000000,deviation=0.0000001899
1.0000000000,0.3400259332,0.5851855799,0.6609178825,0.9624249944,0.1030162268,147.0000000000,70.0000000000,4.0000000000,141.0000000000,-0.0013000000,0.4600000000,0.1700000000

optimal_chisq=1.3085915136,optimal_hour=5.3700004860, source_hour=5.3700000000 
parameter is :
1.2450862621,0.3180998224,0.4180277778,0.6082587970,0.9080612009,0.0582912440,142.2548134937,64.3885670343,5.3700004860,139.5092259885,-0.0082530864,0.4601223462,-0.0065129415,

run over!

##################################
1.0000000000,0.2009536625,0.6918417860,0.3800203098,0.8425068738,0.0379828967,110.0000000000,61.0000000000,20.0000000000,66.0000000000,-0.0013000000,0.4200000000,0.0700000000

optimal_chisq=1.3295380777,optimal_hour=5.3699957283, source_hour=5.3700000000 
parameter is :
-0.0830208382,-0.4349304310,1.1645034044,0.6338413715,0.9185506095,0.4185196411,102.6691654201,66.2255582985,5.3699957283,63.0513243549,-0.0263421115,0.4202065089,0.1422180550,

run over!

##################################
1.0000000000,0.1664452311,0.4352345597,0.6510802019,0.2332775058,0.8082416303,122.0000000000,66.0000000000,14.0000000000,76.0000000000,-0.0019000000,0.2700000000,0.0600000000

optimal_chisq=1.3064171309,optimal_hour=5.3710032152, source_hour=5.3710000000 
parameter is :
1.2031682969,0.1689786842,0.3931882049,0.6425879038,0.3894139720,0.5293472523,121.9945169612,65.9946042209,5.3710032152,75.9984433653,0.0177181069,0.2704923436,0.0172855952,

run over!

##################################
1.0000000000,0.9314498333,1.4700733579,0.2947823010,0.5181526167,1.1858884738,105.0000000000,5.0000000000,4.0000000000,78.0000000000,-0.0014000000,0.3400000000,0.0900000000

optimal_chisq=1.1871068113,optimal_hour=5.3710010320, source_hour=5.3710000000 
parameter is :
0.9823006138,1.0548779400,0.6547125872,0.6412092718,1.2042578140,1.3601509275,104.1218445967,-4.1584189106,5.3710010320,81.0522038591,0.0185715360,0.3529626557,0.1767553591,

run over!

##################################
1.0000000000,0.9041468445,1.0950493515,0.6861404263,1.4757813980,0.1205067504,260.0000000000,-30.0000000000,11.0000000000,225.0000000000,-0.0015000000,0.2600000000,0.1900000000

optimal_chisq=0.8832950811,optimal_hour=5.3730014928, source_hour=5.3730000000 
parameter is :
1.0612605450,1.0053897777,1.0255227140,0.7009640123,1.4132765077,0.1634977074,259.9959257676,-30.0008999037,5.3730014928,224.9985505862,0.0272692380,0.2601659777,0.0822510639,

run over!

##################################
1.0000000000,0.2526371457,0.2715251757,0.9361452008,0.8444840264,0.2017538395,305.0000000000,11.0000000000,18.0000000000,221.0000000000,-0.0017000000,0.4800000000,0.1300000000

optimal_chisq=1.9966480344,optimal_hour=5.3720028313, source_hour=5.3720000000 
parameter is :
2.5146304013,2.3819409619,2.4745601630,2.6068841157,4.3749325363,1.4871733358,297.5988186462,-42.6592035025,5.3720028313,222.0555008869,-3.0610290223,3.3206625339,-0.0018689215,

run over!

##################################
1,chisq=0.883295081071640675318690227869,optimalHour=5.3730014928,InitHout=5.3730000000,deviation=0.0000014928
2,chisq=1.187106811318720200887355531449,optimalHour=5.3710010320,InitHout=5.3710000000,deviation=0.0000010320
3,chisq=1.306417130911218027478071235237,optimalHour=5.3710032152,InitHout=5.3710000000,deviation=0.0000032152
4,chisq=1.308591513552680662968441538396,optimalHour=5.3700004860,InitHout=5.3700000000,deviation=0.0000004860
5,chisq=1.329538077742751012166877444542,optimalHour=5.3699957283,InitHout=5.3700000000,deviation=0.0000042717
6,chisq=1.996648034423449846741505098180,optimalHour=5.3720028313,InitHout=5.3720000000,deviation=0.0000028313



1.0000000000,0.9041468445,1.0950493515,0.6861404263,1.4757813980,0.1205067504,260.0000000000,-30.0000000000,11.0000000000,225.0000000000,-0.0015000000,0.2600000000,0.1900000000


1.0000000000,0.9041468445,1.0950493515,0.6861404263,1.4757813980,0.1205067504,260.0000000000,-30.0000000000,11.0000000000,225.0000000000,-0.0015000000,0.2600000000,0.1900000000

optimal_chisq=0.7878339121,optimal_hour=5.3715024784 
parameter is :
0.9141857537,1.1911638934,0.9971649654,0.7084708251,1.4057279462,0.1606231294,260.0053877319,-30.0070434311,5.3715024784,224.9985107263,0.0175599728,0.2597624162,0.0467629236,


Pole:
optimalLambda,optimalBeta:(299.3157171900,19.3955169062)
optimalParameter:{2.0935259111,2.8639038110,1.0847936101,2.5455589295,2.6102366316,0.7867912126,299.3157171900,19.3955169062,5.3715108184,85.1129430382,0.0830827125,0.2745956927,-0.0350344107}





