1.0000000000,0.1953274455,0.4164902178,0.7045317779,0.0445043731,1.0685206102,160.0000000000,-35.0000000000,18.0000000000,145.0000000000,-0.0020000000,0.2000000000,0.1800000000

optimal_chisq=6.3755230929,optimal_hour=6.5700017706, source_hour=6.5700000000 
parameter is :
1.1219290110,0.4929929583,0.7954848070,0.5904414708,0.3018461208,1.0366293753,160.2833234022,-35.7526758567,6.5700017706,142.7367580522,-0.0046743036,0.2002744152,-0.0983462155,

##################################
1.0000000000,0.7611576262,0.2859798056,1.4420794408,1.4725954007,0.0637645801,110.0000000000,51.0000000000,22.0000000000,347.0000000000,-0.0016000000,0.3200000000,0.1200000000

optimal_chisq=6.3596216350,optimal_hour=6.7100002167, source_hour=6.7100000000 
parameter is :
0.8674449107,0.9827532887,0.5373122763,1.0898354487,1.2409458944,0.3387711496,105.3174436609,30.3047978865,6.7100002167,355.9241500925,0.0220507117,0.3211128840,0.0098936205,

##################################
1.0000000000,0.5207863955,0.8569959106,0.5412049643,0.6120643035,0.6922869588,357.0000000000,-17.0000000000,6.0000000000,110.0000000000,-0.0023000000,0.3000000000,0.0600000000

optimal_chisq=6.5514725280,optimal_hour=6.6000017987, source_hour=6.6000000000 
parameter is :
1.1314652443,0.5211401271,0.7538176212,0.4112988598,0.6328584950,0.7130166718,356.9985055507,-17.0050761127,6.6000017987,110.0000776796,0.0170069446,0.3001480149,0.1561750073,

##################################
1.0000000000,0.4225353754,0.2552943595,1.1303937103,0.7923998710,0.4675004948,29.0000000000,-35.0000000000,2.0000000000,257.0000000000,-0.0019000000,0.2400000000,0.1600000000

optimal_chisq=6.6242767784,optimal_hour=6.0900011138, source_hour=6.0900000000 
parameter is :
2.7894616783,2.3401270696,1.4920909298,3.7883470848,4.2383221214,-1.6095067292,28.7219842582,-42.1308231980,6.0900011138,243.8259212715,-0.0185092253,0.2405305975,0.1182944133,

##################################
1.0000000000,0.9811349674,0.4859227675,1.4448784032,1.4305948536,0.3384719059,149.0000000000,0.0000000000,8.0000000000,2.0000000000,-0.0012000000,0.4700000000,0.0800000000

optimal_chisq=6.0450295979,optimal_hour=6.5699994535, source_hour=6.5700000000 
parameter is :
1.3422716196,1.6196165379,0.7402915937,0.2030853839,1.1867639282,1.2052993027,142.6896777966,1.6844100561,6.5699994535,-2.6881823451,-0.0058225180,0.4729630342,0.4682840905,

##################################
1.0000000000,0.4788164992,0.9127449184,0.4301329459,1.0301523347,0.1360590428,2.0000000000,29.0000000000,10.0000000000,227.0000000000,-0.0018000000,0.2600000000,0.1900000000

optimal_chisq=6.1826942280,optimal_hour=6.3600018888, source_hour=6.3600000000 
parameter is :
0.6798951636,0.5182138725,1.0480283399,0.0467407850,0.8949194985,0.0632518101,11.4016912108,45.3318136105,6.3600018888,226.5368216577,-0.0095337328,0.2599243944,0.3215372751,

##################################
1.0000000000,0.3515299593,0.2893771078,1.0178804578,0.9518302140,0.1884858841,123.0000000000,12.0000000000,7.0000000000,180.0000000000,-0.0013000000,0.3000000000,0.0700000000

optimal_chisq=6.2604833615,optimal_hour=5.8999998171, source_hour=5.9000000000 
parameter is :
3.9797343100,2.3863879440,3.1476142032,3.4093375817,4.5849530299,1.6921105046,129.3382160049,17.1177890092,5.8999998171,174.1015779952,-0.0225275873,0.3007266245,0.2046307431,

##################################
1.0000000000,0.7442295043,1.0223690739,0.5954737293,1.3928460565,0.0290880877,318.0000000000,3.0000000000,11.0000000000,48.0000000000,-0.0020000000,0.2000000000,0.1700000000

optimal_chisq=6.1937958695,optimal_hour=6.3899981192, source_hour=6.3900000000 
parameter is :
4.6075508926,0.6062951844,3.6585346374,0.1217641599,4.3464680421,1.1492610448,282.0153105835,11.3779552917,6.3899981192,91.2238215940,-0.0189737945,0.2070963301,0.0478854004,

##################################
1.0000000000,0.2317366103,0.4182037572,0.7414043919,0.7745156970,0.2310460850,320.0000000000,54.0000000000,14.0000000000,58.0000000000,-0.0016000000,0.2200000000,0.0800000000

optimal_chisq=5.8645216464,optimal_hour=6.9700001547, source_hour=6.9700000000 
parameter is :
0.6413597731,0.3366715253,0.4957804899,0.6458604537,0.7558391493,0.2433218622,327.6243673280,51.2754782736,6.9700001547,65.0481719457,-0.0067677228,0.2199713293,0.0900875622,

##################################
1.0000000000,0.2927988764,0.8270156451,0.3218070258,0.8421007158,0.1342163787,197.0000000000,-86.0000000000,9.0000000000,37.0000000000,-0.0016000000,0.2200000000,0.0700000000

optimal_chisq=5.9361992892,optimal_hour=5.9000030261, source_hour=5.9000000000 
parameter is :
1.5960776344,2.2180341393,2.1864336905,0.9608182098,-2.6150584855,-0.6725167304,189.6412099437,-87.0817959015,5.9000030261,40.0968979935,-0.0165109362,0.2198743141,-0.0461974053,

##################################
1.0000000000,0.5503230456,0.0354125984,1.5103284899,1.2157125095,0.1522936293,174.0000000000,65.0000000000,6.0000000000,63.0000000000,-0.0022000000,0.4600000000,0.1800000000

optimal_chisq=6.2303304702,optimal_hour=6.9700008787, source_hour=6.9700000000 
parameter is :
0.8404784631,0.7771736212,0.0991995544,1.3560188355,1.3617329664,0.0918926689,189.4743372828,60.7099160191,6.9700008787,67.0122822837,-0.0580025124,0.4644994717,0.4362058542,

##################################
1.0000000000,0.7834997628,0.5781750731,1.1379429520,1.1673511440,0.3997882872,98.0000000000,54.0000000000,21.0000000000,84.0000000000,-0.0022000000,0.3900000000,0.1100000000

optimal_chisq=4.7556266309,optimal_hour=6.4199959089, source_hour=6.4200000000 
parameter is :
-0.4084422348,-1.3531196418,2.0897265866,2.6299070082,1.9159780292,1.7204217942,97.2032870770,44.5063300760,6.4199959089,99.4849874357,-0.0295767974,0.3899036313,-0.1725249641,

##################################
1.0000000000,0.4226188610,0.8420839236,0.4502111532,0.6935911154,0.4805606070,28.0000000000,-22.0000000000,11.0000000000,123.0000000000,-0.0013000000,0.4300000000,0.0600000000

optimal_chisq=6.3825165626,optimal_hour=6.3500018715, source_hour=6.3500000000 
parameter is :
2.2974972486,0.1709251065,1.0902977668,1.1262683227,1.3692739809,1.2890780396,16.4703104363,-38.0187743053,6.3500018715,124.3425552269,0.0067167411,0.4353497738,-0.0094010296,

##################################
1.0000000000,0.7912103947,0.0755415695,1.7071940330,1.2403341755,0.3902695298,223.0000000000,8.0000000000,9.0000000000,213.0000000000,-0.0020000000,0.2000000000,0.0900000000

optimal_chisq=6.2629551952,optimal_hour=6.4500012830, source_hour=6.4500000000 
parameter is :
-0.2015586698,0.2630911661,0.3845643584,0.2179264253,-0.0368140507,0.4682858876,211.6226158558,25.2487562751,6.4500012830,208.8609561197,-0.0089136770,0.1998879377,0.0404475709,

##################################
1.0000000000,0.8996711345,0.0088215912,1.8899203394,0.9534055661,0.8389506403,162.0000000000,-15.0000000000,21.0000000000,250.0000000000,-0.0020000000,0.3500000000,0.1400000000

optimal_chisq=6.3632248400,optimal_hour=6.3900027500, source_hour=6.3900000000 
parameter is :
0.9228910852,0.9620770086,0.1518282170,1.7644158509,1.2673020448,0.9025225538,162.0008475102,-14.9983942432,6.3900027500,249.9902307083,0.0204578377,0.3501679049,0.0066976492,

##################################
1.0000000000,0.5055091640,1.2357807230,0.0822024110,0.2041204560,1.0821236871,60.0000000000,-70.0000000000,22.0000000000,110.0000000000,-0.0018000000,0.4300000000,0.1900000000

optimal_chisq=6.4016629206,optimal_hour=6.0900006827, source_hour=6.0900000000 
parameter is :
0.7272503061,0.8096908551,1.2312720401,0.0732691174,0.1180163259,1.2087005608,63.3708698595,-65.5236853545,6.0900006827,106.8780974072,0.0039675503,0.4300472496,0.2715635580,

##################################
1.0000000000,0.8569321497,0.9316938064,0.8187883820,0.8211683760,0.8298389830,280.0000000000,1.0000000000,12.0000000000,348.0000000000,-0.0021000000,0.2100000000,0.0900000000

optimal_chisq=6.1037957552,optimal_hour=5.9299969365, source_hour=5.9300000000 
parameter is :
1.0122319040,1.0803920150,1.3044026257,1.2345406054,0.3431024762,0.2275507998,279.9486568328,0.9594664548,5.9299969365,347.9988230833,-0.0008462665,0.2100999072,-0.5332526484,

##################################
1.0000000000,0.9393812213,0.2492326154,1.6640963568,0.7681130468,1.0612394302,215.0000000000,-20.0000000000,7.0000000000,53.0000000000,-0.0023000000,0.3300000000,0.1800000000

optimal_chisq=6.6953307150,optimal_hour=6.3900000114, source_hour=6.3900000000 
parameter is :
1.0000000000,0.9393812213,0.2492326154,1.6640963568,0.7681130468,1.0612394302,215.0000000000,-20.0000000000,6.3900000114,53.0000000000,-0.0023000000,0.3300000000,0.1800000000,

##################################
1.0000000000,0.8796250414,0.2942970175,1.5534737460,0.8993852438,0.8452846101,8.0000000000,49.0000000000,13.0000000000,235.0000000000,-0.0015000000,0.3100000000,0.1400000000

optimal_chisq=6.2567352924,optimal_hour=6.4200021296, source_hour=6.4200000000 
parameter is :
1.1855796207,0.8410655447,1.0353614552,1.1433820426,0.4394367805,1.5570489203,8.0176191038,49.0511673476,6.4200021296,234.9921070347,-0.0107951227,0.3100464799,-0.2468595577,

##################################
1.0000000000,0.3680307913,0.1124204883,1.2389725845,0.1436085009,1.1861859709,277.0000000000,68.0000000000,17.0000000000,335.0000000000,-0.0017000000,0.2500000000,0.1500000000

optimal_chisq=6.6359506848,optimal_hour=6.9900012770, source_hour=6.9900000000 
parameter is :
0.7978937581,2.6825685794,1.3308386382,2.3710063307,0.7188480468,2.6036513026,272.4275789783,65.6545108842,6.9900012770,332.2005798733,-0.0187051046,0.2507847543,0.1072078687,

##################################
1.0000000000,0.8264329242,0.5327020540,1.2334058993,1.3182871771,0.2831865169,334.0000000000,65.0000000000,3.0000000000,157.0000000000,-0.0013000000,0.4100000000,0.1700000000

optimal_chisq=6.5469707849,optimal_hour=5.9299983374, source_hour=5.9300000000 
parameter is :
0.8097526899,0.7707187235,0.6433915930,0.6707327947,0.8096919736,0.8530334387,333.7757713361,64.8494590944,5.9299983374,157.2258951959,-0.0322532771,0.4102040926,-0.0828306609,

##################################
1.0000000000,0.3883586169,0.2265937045,1.1283171466,1.0569902031,0.1180069924,268.0000000000,44.0000000000,17.0000000000,295.0000000000,-0.0013000000,0.2400000000,0.1300000000

optimal_chisq=5.7408129665,optimal_hour=6.9700009837, source_hour=6.9700000000 
parameter is :
0.7973342037,0.6658179376,0.4205888777,0.9935436969,1.0268410979,0.3836379019,249.5513347642,51.6970695843,6.9700009837,299.0760374955,-0.0099795851,0.2400718143,0.5645914902,

##################################
1.0000000000,0.7955917296,0.7690177798,0.9363880520,0.2735028114,1.3992011414,182.0000000000,-77.0000000000,23.0000000000,274.0000000000,-0.0015000000,0.3400000000,0.1100000000

optimal_chisq=5.8360199121,optimal_hour=6.3900010538, source_hour=6.3900000000 
parameter is :
1.0012978288,0.7968667376,0.7703440019,0.9382499102,0.2708459997,1.3960867763,182.0000009241,-76.9999976472,6.3900010538,273.9999995004,-0.0014955487,0.3400000196,0.1101688764,

##################################
1.0000000000,0.2390933410,0.4141833129,0.7539993156,0.3637605357,0.7384143203,63.0000000000,-31.0000000000,10.0000000000,88.0000000000,-0.0021000000,0.3600000000,0.0900000000

optimal_chisq=6.3729968465,optimal_hour=5.9000006726, source_hour=5.9000000000 
parameter is :
1.0541978563,0.3257112975,0.3719111854,0.7538477092,0.4218620083,0.6281811257,63.0011552611,-30.9998746645,5.9000006726,88.0002213368,-0.0033717685,0.3601154571,0.0452290840,

##################################
1.0000000000,0.8735209875,0.7852148040,1.0003550098,1.2185044645,0.4181648401,141.0000000000,75.0000000000,22.0000000000,330.0000000000,-0.0019000000,0.3800000000,0.1500000000

optimal_chisq=6.2418433785,optimal_hour=5.9299980742, source_hour=5.9300000000 
parameter is :
2.0531484816,0.4501479067,1.2269448206,0.9970987843,1.0550153118,0.8910037095,141.1179274270,74.6842125489,5.9299980742,330.5348669650,-0.0135685331,0.3800178537,-0.0383246192,

##################################
1.0000000000,0.4072489782,1.1406336362,0.0796732451,0.6902902742,0.4038354449,321.0000000000,86.0000000000,24.0000000000,258.0000000000,-0.0014000000,0.3200000000,0.1900000000

optimal_chisq=6.3871460504,optimal_hour=6.7900002122, source_hour=6.7900000000 
parameter is :
0.6874162277,0.7939175210,0.8108855390,0.6069554417,0.9255489832,0.7142407644,313.1270782884,90.8213230684,6.7900002122,257.4667457659,-0.0066931028,0.3206126147,0.1862209514,

##################################
1.0000000000,0.2809606242,0.4861411631,0.7137913790,0.2054358473,0.9592182640,123.0000000000,32.0000000000,4.0000000000,13.0000000000,-0.0022000000,0.2300000000,0.1600000000

optimal_chisq=6.1859041046,optimal_hour=6.8999988530, source_hour=6.9000000000 
parameter is :
0.3969587584,0.9073879192,0.5719004882,0.8769432407,0.4115405231,0.8824593148,121.3351094851,32.5779451692,6.8999988530,13.1598976951,0.0105260160,0.2314571686,0.0688905882,

##################################
1.0000000000,0.7243300610,0.1734203745,1.5305548869,0.1454127402,1.5413205852,91.0000000000,22.0000000000,13.0000000000,36.0000000000,-0.0021000000,0.2300000000,0.0900000000

optimal_chisq=6.5137715912,optimal_hour=6.5300002818, source_hour=6.5300000000 
parameter is :
1.2202976862,0.9724236353,-0.6439530751,1.0741254026,0.7446239738,1.0397785063,94.9134320256,24.4990534401,6.5300002818,34.8474260918,-0.0138865488,0.2309043567,-0.0305047273,

##################################
1.0000000000,0.5072538082,0.6505925821,0.7647253331,0.5354252117,0.7996858620,357.0000000000,-30.0000000000,12.0000000000,309.0000000000,-0.0013000000,0.4000000000,0.1400000000

optimal_chisq=6.5449907120,optimal_hour=6.0899999858, source_hour=6.0900000000 
parameter is :
1.0298542968,0.5543948236,0.6234177829,0.7057798229,0.5337790136,0.8120293921,356.9998921313,-30.0003221263,6.0899999858,308.9997627485,-0.0061693830,0.3999841735,0.1411515467,

##################################
1.0000000000,0.2826303194,0.8322731239,0.3038455415,0.1069068106,1.0100696774,215.0000000000,54.0000000000,13.0000000000,108.0000000000,-0.0016000000,0.4300000000,0.0900000000

optimal_chisq=6.1339674556,optimal_hour=6.8999998094, source_hour=6.9000000000 
parameter is :
0.7473907483,0.6082254695,1.0071472550,0.2836166202,0.2929109935,0.9744038308,215.0144925044,54.7383350090,6.8999998094,107.2483179993,-0.0324968885,0.4299767039,0.1626489584,

##################################
1,chisq=4.755626630911364394194151827833,optimalHour=6.4199959089,InitHout=6.4200000000,deviation=0.0000040911
2,chisq=5.740812966501546377173781365855,optimalHour=6.9700009837,InitHout=6.9700000000,deviation=0.0000009837
3,chisq=5.836019912053676428342896542745,optimalHour=6.3900010538,InitHout=6.3900000000,deviation=0.0000010538
4,chisq=5.864521646408035415731774264714,optimalHour=6.9700001547,InitHout=6.9700000000,deviation=0.0000001547
5,chisq=5.936199289185962513215599756222,optimalHour=5.9000030261,InitHout=5.9000000000,deviation=0.0000030261
6,chisq=6.045029597942334298465993924765,optimalHour=6.5699994535,InitHout=6.5700000000,deviation=0.0000005465
7,chisq=6.103795755214370899466302944347,optimalHour=5.9299969365,InitHout=5.9300000000,deviation=0.0000030635
8,chisq=6.133967455611831987027926516021,optimalHour=6.8999998094,InitHout=6.9000000000,deviation=0.0000001906
9,chisq=6.182694228010067405421068542637,optimalHour=6.3600018888,InitHout=6.3600000000,deviation=0.0000018888
10,chisq=6.185904104645236323278822965221,optimalHour=6.8999988530,InitHout=6.9000000000,deviation=0.0000011470
11,chisq=6.193795869510379858979831624310,optimalHour=6.3899981192,InitHout=6.3900000000,deviation=0.0000018808
12,chisq=6.230330470218012450800415535923,optimalHour=6.9700008787,InitHout=6.9700000000,deviation=0.0000008787
13,chisq=6.241843378519165597140272438992,optimalHour=5.9299980742,InitHout=5.9300000000,deviation=0.0000019258
14,chisq=6.256735292398349912446064990945,optimalHour=6.4200021296,InitHout=6.4200000000,deviation=0.0000021296
15,chisq=6.260483361467006346856578602456,optimalHour=5.8999998171,InitHout=5.9000000000,deviation=0.0000001829
16,chisq=6.262955195183232959266206307802,optimalHour=6.4500012830,InitHout=6.4500000000,deviation=0.0000012830
17,chisq=6.359621634987359328761158394627,optimalHour=6.7100002167,InitHout=6.7100000000,deviation=0.0000002167
18,chisq=6.363224839984162883865792537108,optimalHour=6.3900027500,InitHout=6.3900000000,deviation=0.0000027500
19,chisq=6.372996846485757593825383082731,optimalHour=5.9000006726,InitHout=5.9000000000,deviation=0.0000006726
20,chisq=6.375523092929730850642044970300,optimalHour=6.5700017706,InitHout=6.5700000000,deviation=0.0000017706
21,chisq=6.382516562587830399877475429093,optimalHour=6.3500018715,InitHout=6.3500000000,deviation=0.0000018715
22,chisq=6.387146050385230644508283148753,optimalHour=6.7900002122,InitHout=6.7900000000,deviation=0.0000002122
23,chisq=6.401662920599275885535917041125,optimalHour=6.0900006827,InitHout=6.0900000000,deviation=0.0000006827
24,chisq=6.513771591201965804884821409360,optimalHour=6.5300002818,InitHout=6.5300000000,deviation=0.0000002818
25,chisq=6.544990711951591322304011555389,optimalHour=6.0899999858,InitHout=6.0900000000,deviation=0.0000000142
26,chisq=6.546970784894086570204763120273,optimalHour=5.9299983374,InitHout=5.9300000000,deviation=0.0000016626
27,chisq=6.551472527985519711535289388848,optimalHour=6.6000017987,InitHout=6.6000000000,deviation=0.0000017987
28,chisq=6.624276778426749778816429170547,optimalHour=6.0900011138,InitHout=6.0900000000,deviation=0.0000011138
29,chisq=6.635950684822150336117374536116,optimalHour=6.9900012770,InitHout=6.9900000000,deviation=0.0000012770
30,chisq=6.695330714996159393592733977130,optimalHour=6.3900000114,InitHout=6.3900000000,deviation=0.0000000114
1.0000000000,0.7834997628,0.5781750731,1.1379429520,1.1673511440,0.3997882872,98.0000000000,54.0000000000,21.0000000000,84.0000000000,-0.0022000000,0.3900000000,0.1100000000

optimal_chisq=4.7556266309,optimal_hour=6.4199959089, source_hour=6.4200000000 
parameter is :
-0.4084422348,-1.3531196418,2.0897265866,2.6299070082,1.9159780292,1.7204217942,97.2032870770,44.5063300760,6.4199959089,99.4849874357,-0.0295767974,0.3899036313,-0.1725249641,

run over!

##################################
1.0000000000,0.3883586169,0.2265937045,1.1283171466,1.0569902031,0.1180069924,268.0000000000,44.0000000000,17.0000000000,295.0000000000,-0.0013000000,0.2400000000,0.1300000000

optimal_chisq=5.7408129665,optimal_hour=6.9700009837, source_hour=6.9700000000 
parameter is :
0.7973342037,0.6658179376,0.4205888777,0.9935436969,1.0268410979,0.3836379019,249.5513347642,51.6970695843,6.9700009837,299.0760374955,-0.0099795851,0.2400718143,0.5645914902,

run over!

##################################
1.0000000000,0.7955917296,0.7690177798,0.9363880520,0.2735028114,1.3992011414,182.0000000000,-77.0000000000,23.0000000000,274.0000000000,-0.0015000000,0.3400000000,0.1100000000

optimal_chisq=5.1136262387,optimal_hour=6.3890004405, source_hour=6.3890000000 
parameter is :
0.2015850012,1.0820335125,2.5815731498,1.7305200966,1.6566052730,1.5921016058,111.7198012791,-114.0431506138,6.3890004405,275.9626577933,-0.0237181106,0.3398022297,-0.1191187549,

run over!

##################################
1.0000000000,0.2317366103,0.4182037572,0.7414043919,0.7745156970,0.2310460850,320.0000000000,54.0000000000,14.0000000000,58.0000000000,-0.0016000000,0.2200000000,0.0800000000

optimal_chisq=5.8645216464,optimal_hour=6.9700001547, source_hour=6.9700000000 
parameter is :
0.6413597731,0.3366715253,0.4957804899,0.6458604537,0.7558391493,0.2433218622,327.6243673280,51.2754782736,6.9700001547,65.0481719457,-0.0067677228,0.2199713293,0.0900875622,

run over!

##################################
1.0000000000,0.2927988764,0.8270156451,0.3218070258,0.8421007158,0.1342163787,197.0000000000,-86.0000000000,9.0000000000,37.0000000000,-0.0016000000,0.2200000000,0.0700000000

optimal_chisq=5.7857595411,optimal_hour=5.9020044306, source_hour=5.9020000000 
parameter is :
0.9778433344,0.5926611472,1.1774206400,0.0592477471,0.6313023185,0.7867189025,196.3549923502,-86.8286378418,5.9020044306,37.6589633428,-0.0165504567,0.2198849476,-0.0325334675,

run over!

##################################
1.0000000000,0.9811349674,0.4859227675,1.4448784032,1.4305948536,0.3384719059,149.0000000000,0.0000000000,8.0000000000,2.0000000000,-0.0012000000,0.4700000000,0.0800000000

optimal_chisq=6.0450295979,optimal_hour=6.5699994535, source_hour=6.5700000000 
parameter is :
1.3422716196,1.6196165379,0.7402915937,0.2030853839,1.1867639282,1.2052993027,142.6896777966,1.6844100561,6.5699994535,-2.6881823451,-0.0058225180,0.4729630342,0.4682840905,

run over!

##################################
1,chisq=4.755626630911364394194151827833,optimalHour=6.4199959089,InitHout=6.4200000000,deviation=0.0000040911
2,chisq=5.113626238741107776775152160553,optimalHour=6.3890004405,InitHout=6.3890000000,deviation=0.0000004405
3,chisq=5.740812966501546377173781365855,optimalHour=6.9700009837,InitHout=6.9700000000,deviation=0.0000009837
4,chisq=5.785759541126859417659034079406,optimalHour=5.9020044306,InitHout=5.9020000000,deviation=0.0000044306
5,chisq=5.864521646408035415731774264714,optimalHour=6.9700001547,InitHout=6.9700000000,deviation=0.0000001547
6,chisq=6.045029597942334298465993924765,optimalHour=6.5699994535,InitHout=6.5700000000,deviation=0.0000005465





1.0000000000,0.7955917296,0.7690177798,0.9363880520,0.2735028114,1.3992011414,182.0000000000,-77.0000000000,23.0000000000,274.0000000000,-0.0015000000,0.3400000000,0.1100000000


1.0000000000,0.7955917296,0.7690177798,0.9363880520,0.2735028114,1.3992011414,182.0000000000,-77.0000000000,23.0000000000,274.0000000000,-0.0015000000,0.3400000000,0.1100000000

optimal_chisq=4.0574715995,optimal_hour=6.4214013222 
parameter is :
0.1954927934,0.2863760100,0.6428659511,-0.0797034803,0.2267476196,0.3485537783,184.8335653980,-75.7065564815,6.4214013222,272.1210309691,-0.0368528698,0.3398355372,-0.0865038627,

Pole:
optimalLambda,optimalBeta:(106.9912067862,50.9977735689)
optimalParameter:{0.9934433595,0.2903561512,0.3904067697,0.6209459881,0.4543870289,0.3762402388,106.9912067862,50.9977735689,6.4214023688,347.9884239562,0.0138279960,0.4499954027,0.0912589173}



