1.0000000000,0.6566626586,0.5455741802,1.0423741283,1.0132272826,0.4347724836,234.0000000000,-39.0000000000,12.0000000000,123.0000000000,-0.0014000000,0.2900000000,0.0700000000

optimal_chisq=0.6829606570,optimal_hour=5.9000000000, source_hour=5.9000000000 
parameter is :
1.0000000000,0.6566626586,0.5455741802,1.0423741283,1.0132272826,0.4347724836,234.0000000000,-39.0000000000,5.9000000000,123.0000000000,-0.0014000000,0.2900000000,0.0700000000,

##################################
1.0000000000,0.5753859126,1.2570366893,0.1381534732,0.4834315271,0.8386253960,35.0000000000,-86.0000000000,8.0000000000,94.0000000000,-0.0020000000,0.2500000000,0.0900000000

optimal_chisq=0.6806172986,optimal_hour=5.8999997158, source_hour=5.9000000000 
parameter is :
0.9216996883,0.7121229600,0.9621844501,0.6713051099,0.6565804158,1.0635467675,34.4750508589,-84.9990092447,5.8999997158,94.6545602444,-0.0036502460,0.2499924489,0.0205207995,

##################################
1.0000000000,0.6643470189,1.3327748808,0.1520530346,0.1840242893,1.2755881254,255.0000000000,-44.0000000000,6.0000000000,183.0000000000,-0.0016000000,0.2600000000,0.1100000000

optimal_chisq=0.6797294344,optimal_hour=5.8999996359, source_hour=5.9000000000 
parameter is :
0.9774160427,1.1956190921,1.3616967511,0.9518167870,0.8469574524,1.5444433977,255.8652623816,-44.6191787396,5.8999996359,189.4515108958,-0.0117496008,0.2600110438,0.0290658342,

##################################
1.0000000000,0.9299504645,0.2787513974,1.6218663517,1.6689796608,0.0358429810,58.0000000000,51.0000000000,7.0000000000,289.0000000000,-0.0013000000,0.2400000000,0.0500000000

optimal_chisq=0.6005994365,optimal_hour=5.4900005094, source_hour=5.4900000000 
parameter is :
1.1451753834,1.1059248876,0.5438990894,1.6205321311,1.6994799086,0.4640048500,56.8993162354,29.8178478663,5.4900005094,292.2249012150,-0.0136887809,0.2401061538,0.1353760618,

##################################
1.0000000000,0.4403654865,0.9595608171,0.3322433221,0.5171538700,0.6888898866,264.0000000000,-82.0000000000,20.0000000000,164.0000000000,-0.0016000000,0.4200000000,0.0600000000

optimal_chisq=0.6928287612,optimal_hour=5.4199979908, source_hour=5.4200000000 
parameter is :
0.4684303862,0.8217790338,0.6196165985,0.5967953860,0.6395726902,0.5722014286,257.7483732319,-35.2858113756,5.4199979908,168.3776477286,0.0096946154,0.4209108479,0.0362364255,

##################################
1.0000000000,0.8397731641,1.3329508968,0.3482510893,1.2708900078,0.2423416625,311.0000000000,-62.0000000000,1.0000000000,213.0000000000,-0.0024000000,0.2300000000,0.1600000000

optimal_chisq=0.7419369122,optimal_hour=5.0400000222, source_hour=5.0400000000 
parameter is :
0.9812996452,0.8768056027,1.1719632539,0.6489789727,1.2302843679,0.7339228880,310.1650235857,-61.5589068684,5.0400000222,213.5980796683,0.0161251566,0.2301595889,0.1056389676,

##################################
1.0000000000,0.0665387786,0.0114792892,1.0529025023,0.5461873436,0.4031242550,291.0000000000,-73.0000000000,11.0000000000,123.0000000000,-0.0016000000,0.3600000000,0.1000000000

optimal_chisq=0.7646542251,optimal_hour=5.9000009796, source_hour=5.9000000000 
parameter is :
1.4431969273,0.7037852496,0.7757060623,1.3732482292,0.9896017346,0.9998751244,303.8069703084,-84.6202001284,5.9000009796,119.1190423415,-0.0254108201,0.3598264238,-0.0080961228,

##################################
1.0000000000,0.6106409857,1.3983418169,0.0143276143,0.1105604688,1.2862788714,114.0000000000,25.0000000000,10.0000000000,258.0000000000,-0.0016000000,0.3200000000,0.1600000000

optimal_chisq=0.5564623019,optimal_hour=5.3700031001, source_hour=5.3700000000 
parameter is :
7.8059486558,7.5982893892,9.9750086840,3.8136119459,3.6965323384,10.0888053752,122.5550223342,-3.1311487376,5.3700031001,268.3449046675,-0.0101482632,0.3206408214,0.2182847551,

##################################
1.0000000000,0.5122671088,0.7979823558,0.6001336601,1.0740071598,0.1483869414,339.0000000000,68.0000000000,11.0000000000,249.0000000000,-0.0012000000,0.3900000000,0.0700000000

optimal_chisq=0.6638182818,optimal_hour=5.3699993255, source_hour=5.3700000000 
parameter is :
0.3662178183,0.6227826057,0.4990450997,0.5377106516,0.5764479083,0.4163578634,339.3629387205,65.7161112308,5.3699993255,249.0084723058,0.0053546962,0.3904190669,0.1565113508,

##################################
1.0000000000,0.6057282214,0.8870557187,0.5993137954,0.8557098063,0.5048740290,311.0000000000,-79.0000000000,19.0000000000,23.0000000000,-0.0017000000,0.3800000000,0.1500000000

optimal_chisq=0.7283441886,optimal_hour=5.0399991727, source_hour=5.0400000000 
parameter is :
0.6332220740,0.9193427109,1.0949180823,0.5873064269,0.8897156752,0.5637316308,310.5668267962,-79.6563275128,5.0399991727,22.9703041944,0.0151928539,0.3800727889,0.0578733577,

##################################
1.0000000000,0.2678097278,0.1260758746,1.1215228883,0.1520667032,1.0706586566,74.0000000000,-16.0000000000,6.0000000000,132.0000000000,-0.0017000000,0.4100000000,0.1000000000

optimal_chisq=0.6191237201,optimal_hour=5.6300008721, source_hour=5.6300000000 
parameter is :
0.7088671812,0.4733371726,0.5007828387,0.6375946481,0.2414895944,0.8698856164,71.7881011726,-15.4134615887,5.6300008721,133.0466536632,0.0048663635,0.4107659546,-0.0360313802,

##################################
1.0000000000,0.8285945611,1.1566684695,0.5351928427,0.0538768869,1.6315913190,207.0000000000,76.0000000000,15.0000000000,351.0000000000,-0.0023000000,0.3300000000,0.1400000000

optimal_chisq=0.6707504842,optimal_hour=5.9700008809, source_hour=5.9700000000 
parameter is :
2.8712474197,2.9962542322,4.2458441885,1.3467964325,1.4568264116,4.1650788050,214.8037489836,45.8552629132,5.9700008809,350.0837011505,0.1306846331,0.3133211478,0.1120221388,

##################################
1.0000000000,0.5641046821,0.5650498188,0.9231157571,1.2227094833,0.0773564866,48.0000000000,73.0000000000,1.0000000000,160.0000000000,-0.0012000000,0.3300000000,0.1900000000

optimal_chisq=0.7079964325,optimal_hour=5.6199995551, source_hour=5.6200000000 
parameter is :
0.4794699861,0.7466350793,0.4854286009,0.8035934111,0.8198946619,0.4978236128,48.7908542211,72.7802415231,5.6199995551,159.6498521614,0.0032790401,0.3300449016,-0.0025303826,

##################################
1.0000000000,0.9818495074,1.3785260152,0.4527716703,1.0462080518,0.6626439130,343.0000000000,-65.0000000000,18.0000000000,280.0000000000,-0.0022000000,0.3100000000,0.0700000000

optimal_chisq=0.7411722973,optimal_hour=6.0699989182, source_hour=6.0700000000 
parameter is :
2.3802562558,2.4017926623,2.9854458254,1.7538253450,2.7359886422,1.9984900889,356.1363684978,-61.6616208438,6.0699989182,277.1536618560,0.0311636582,0.3092184962,0.1706638301,

##################################
1.0000000000,0.0503518228,0.5670470054,0.3611181575,0.5889685531,0.1874902947,301.0000000000,-9.0000000000,1.0000000000,326.0000000000,-0.0024000000,0.4200000000,0.1700000000

optimal_chisq=0.7556008291,optimal_hour=5.2200005934, source_hour=5.2200000000 
parameter is :
0.7807947154,0.2794313075,0.5849822321,0.6048728532,0.7674764744,0.2950182051,303.6740272862,-7.7165231248,5.2200005934,326.6544912615,0.0038057657,0.4203367882,0.1753396070,

##################################
1.0000000000,0.3632407325,0.1729316983,1.1644477578,0.8083940843,0.3945868898,127.0000000000,-50.0000000000,13.0000000000,336.0000000000,-0.0017000000,0.4100000000,0.1600000000

optimal_chisq=0.6772742488,optimal_hour=6.0400010170, source_hour=6.0400000000 
parameter is :
1.0883160100,1.0546938812,0.7478590495,1.3016744398,1.2256396782,0.8232400354,128.1544428494,-50.1368684577,6.0400010170,326.8008263623,-0.0083504267,0.4106067207,-0.1035228577,

##################################
1.0000000000,0.2286406212,0.7896078853,0.2931864020,0.3546228653,0.6581406902,113.0000000000,27.0000000000,6.0000000000,229.0000000000,-0.0017000000,0.3900000000,0.1700000000

optimal_chisq=0.6379524447,optimal_hour=5.6600004824, source_hour=5.6600000000 
parameter is :
0.5541802957,0.7190535425,0.4811951384,0.6901332246,0.3821218467,0.7822867870,111.7274272098,24.6330708689,5.6600004824,228.4531886583,-0.0120899406,0.3902908804,0.2520452965,

##################################
1.0000000000,0.7912458804,0.6120703946,1.1080077428,1.0553944211,0.5316854411,319.0000000000,19.0000000000,2.0000000000,154.0000000000,-0.0023000000,0.3400000000,0.0500000000

optimal_chisq=0.7629040805,optimal_hour=5.8000012760, source_hour=5.8000000000 
parameter is :
0.9211437084,0.9367113883,0.6604835951,1.0850095857,1.0031090290,0.7448599839,318.9693326950,19.0675914740,5.8000012760,154.0932745088,0.0067731047,0.3404751055,0.1859106657,

##################################
1.0000000000,0.1105361381,0.6260624248,0.3571193546,0.3580787964,0.5458782457,254.0000000000,18.0000000000,9.0000000000,15.0000000000,-0.0023000000,0.3100000000,0.1700000000

optimal_chisq=0.5959731163,optimal_hour=5.8999993255, source_hour=5.9000000000 
parameter is :
0.6797122635,0.4151833683,0.5460085430,0.6805933526,0.6297759446,0.7177617442,254.6825722585,16.9036885591,5.8999993255,14.0512989911,-0.0150130455,0.3098509556,0.0307353789,

##################################
1.0000000000,0.4538863550,1.0439795809,0.2483399908,0.4840630569,0.7284092377,335.0000000000,38.0000000000,11.0000000000,92.0000000000,-0.0016000000,0.3200000000,0.1900000000

optimal_chisq=0.6511079669,optimal_hour=5.4000108561, source_hour=5.4000000000 
parameter is :
0.8479967436,0.8441691071,1.0121804525,0.6821990351,0.5443926526,1.1403233003,334.6525289183,39.4124844567,5.4000108561,90.7813274476,0.0595793325,0.3168325638,0.2797873033,

##################################
1.0000000000,0.0811437238,0.6675361241,0.2714208694,0.4825940012,0.3388663967,283.0000000000,-70.0000000000,9.0000000000,271.0000000000,-0.0023000000,0.2800000000,0.0500000000

optimal_chisq=0.6263255194,optimal_hour=5.8999985605, source_hour=5.9000000000 
parameter is :
11.9729564530,7.0464972990,8.6232566513,9.1867058467,7.0616432275,6.6178782156,234.1745979346,-35.8955313226,5.8999985605,280.8872280457,-0.0191709887,0.2800011003,0.0277562148,

##################################
1.0000000000,0.8076260531,0.3472241749,1.4211310149,1.5477305441,0.0236325502,43.0000000000,14.0000000000,7.0000000000,32.0000000000,-0.0012000000,0.4500000000,0.1200000000

optimal_chisq=0.5860862057,optimal_hour=5.6199967575, source_hour=5.6200000000 
parameter is :
1.0572451422,0.7773143804,1.1061982667,0.7370458686,0.9023811675,1.0493672225,68.7525895030,9.1573592805,5.6199967575,39.9950695780,-0.0049129321,0.4521297309,0.0158358520,

##################################
1.0000000000,0.8498095259,0.9443027487,0.7970505863,0.7569351703,0.8926451018,132.0000000000,-7.0000000000,24.0000000000,29.0000000000,-0.0015000000,0.3800000000,0.0500000000

optimal_chisq=0.6314447689,optimal_hour=5.3699981608, source_hour=5.3700000000 
parameter is :
-0.0108486354,-0.0487227817,-0.4262125870,0.4382300471,3.4586235786,2.3732182670,131.3298173825,-7.4531363223,5.3699981608,29.0348300247,-0.0106394784,0.3799212134,-0.5055657676,

##################################
1.0000000000,0.2263849970,0.9351476600,0.1127579718,0.8042902811,0.0568101242,234.0000000000,37.0000000000,22.0000000000,182.0000000000,-0.0015000000,0.2100000000,0.0600000000

optimal_chisq=0.6616443196,optimal_hour=5.0399954423, source_hour=5.0400000000 
parameter is :
-2.2313080934,1.3451568991,-2.3808188114,1.6471316205,-0.3672974164,0.2249127060,248.8535185112,8.1277360443,5.0399954423,191.3814323222,-0.0066457246,0.2109904593,0.0748107232,

##################################
1.0000000000,0.7290229880,0.1056254828,1.6110919879,1.4896129335,0.0312087304,343.0000000000,81.0000000000,3.0000000000,23.0000000000,-0.0015000000,0.2600000000,0.0600000000

optimal_chisq=0.7434438689,optimal_hour=5.6300011408, source_hour=5.6300000000 
parameter is :
1.1391906399,0.9374587677,0.5124353153,1.5192323176,1.4655737945,0.6316714191,342.7306571229,81.6412323963,5.6300011408,21.2852923508,-0.0021973799,0.2605068650,0.0139130201,

##################################
1.0000000000,0.3786599726,1.0113117775,0.2004294209,0.0072537419,1.2032890284,303.0000000000,28.0000000000,14.0000000000,38.0000000000,-0.0020000000,0.2200000000,0.0600000000

optimal_chisq=0.6216169783,optimal_hour=5.4900025044, source_hour=5.4900000000 
parameter is :
-0.4318326094,-0.4246086972,-0.7035338827,-0.0913169302,-0.0963687754,-0.6988490860,301.8518982021,17.4639937289,5.4900025044,40.1541281972,-0.0080282340,0.2212962663,0.0691224408,

##################################
1.0000000000,0.6628116736,1.1700902795,0.3374942389,0.4599016052,0.9839793794,339.0000000000,-31.0000000000,6.0000000000,359.0000000000,-0.0018000000,0.2200000000,0.1000000000

optimal_chisq=0.7602804138,optimal_hour=5.6299999743, source_hour=5.6300000000 
parameter is :
1.1994167396,1.3535026699,1.1656924142,1.3719061405,1.0249105131,1.5272450118,332.4959086700,-36.5213897704,5.6299999743,365.6256846234,-0.0102611406,0.2201951975,-0.2069115067,

##################################
1.0000000000,0.0266459012,0.6492694007,0.2296305889,0.1168022443,0.7346621302,268.0000000000,-72.0000000000,1.0000000000,190.0000000000,-0.0012000000,0.3700000000,0.1700000000

optimal_chisq=0.7031324565,optimal_hour=5.0400015202, source_hour=5.0400000000 
parameter is :
-0.2802205385,-0.2625364778,-0.1790084725,-0.3277919747,-0.1784819271,-0.2916881194,274.5970217937,-90.6869734459,5.0400015202,188.8107929480,0.0368845087,0.3687972320,0.0011655118,

##################################
1.0000000000,0.8559085926,1.0744983270,0.6573213254,1.1017887720,0.4917487562,78.0000000000,-35.0000000000,8.0000000000,315.0000000000,-0.0021000000,0.4500000000,0.0900000000

optimal_chisq=0.5954385605,optimal_hour=5.6599962717, source_hour=5.6600000000 
parameter is :
0.5724124931,0.9333889701,1.3853680661,0.9182143919,1.3608770858,1.0988190599,78.0395094348,-35.0913974338,5.6599962717,315.1630945088,-0.0280657264,0.4502620045,0.0632137107,

##################################
1.0000000000,0.2065586723,0.9598503650,0.0581287233,0.2409670223,0.7272359272,191.0000000000,0.0000000000,22.0000000000,243.0000000000,-0.0021000000,0.2600000000,0.1500000000

optimal_chisq=0.7450724169,optimal_hour=5.0399953504, source_hour=5.0400000000 
parameter is :
0.8105937359,0.8007448682,0.7233846090,0.8870050425,0.9686172793,0.6983016566,219.2044522036,-3.5222800033,5.0399953504,263.9849610433,0.0307752433,0.2682661683,0.3846096389,

##################################
1,chisq=0.556462301857917229774841416656,optimalHour=5.3700031001,InitHout=5.3700000000,deviation=0.0000031001
2,chisq=0.586086205732802900669753398688,optimalHour=5.6199967575,InitHout=5.6200000000,deviation=0.0000032425
3,chisq=0.595438560503043778915355233039,optimalHour=5.6599962717,InitHout=5.6600000000,deviation=0.0000037283
4,chisq=0.595973116295295368693984983111,optimalHour=5.8999993255,InitHout=5.9000000000,deviation=0.0000006745
5,chisq=0.600599436473221670595989962749,optimalHour=5.4900005094,InitHout=5.4900000000,deviation=0.0000005094
6,chisq=0.619123720135998922842190950178,optimalHour=5.6300008721,InitHout=5.6300000000,deviation=0.0000008721
7,chisq=0.621616978296713473817192152637,optimalHour=5.4900025044,InitHout=5.4900000000,deviation=0.0000025044
8,chisq=0.626325519439082212258540494076,optimalHour=5.8999985605,InitHout=5.9000000000,deviation=0.0000014395
9,chisq=0.631444768870993544673808628431,optimalHour=5.3699981608,InitHout=5.3700000000,deviation=0.0000018392
10,chisq=0.637952444651835093303304802248,optimalHour=5.6600004824,InitHout=5.6600000000,deviation=0.0000004824
11,chisq=0.651107966915319025247299578041,optimalHour=5.4000108561,InitHout=5.4000000000,deviation=0.0000108561
12,chisq=0.661644319623002408192746770510,optimalHour=5.0399954423,InitHout=5.0400000000,deviation=0.0000045577
13,chisq=0.663818281849070768174669865402,optimalHour=5.3699993255,InitHout=5.3700000000,deviation=0.0000006745
14,chisq=0.670750484191525608856920825929,optimalHour=5.9700008809,InitHout=5.9700000000,deviation=0.0000008809
15,chisq=0.677274248794798028328045802482,optimalHour=6.0400010170,InitHout=6.0400000000,deviation=0.0000010170
16,chisq=0.679729434447483349401863961248,optimalHour=5.8999996359,InitHout=5.9000000000,deviation=0.0000003641
17,chisq=0.680617298607952392330844304524,optimalHour=5.8999997158,InitHout=5.9000000000,deviation=0.0000002842
18,chisq=0.682960656995051706985577766318,optimalHour=5.9000000000,InitHout=5.9000000000,deviation=0.0000000000
19,chisq=0.692828761160894424087075549323,optimalHour=5.4199979908,InitHout=5.4200000000,deviation=0.0000020092
20,chisq=0.703132456453424814490915650822,optimalHour=5.0400015202,InitHout=5.0400000000,deviation=0.0000015202
21,chisq=0.707996432452204782492799495230,optimalHour=5.6199995551,InitHout=5.6200000000,deviation=0.0000004449
22,chisq=0.728344188577229600944917820016,optimalHour=5.0399991727,InitHout=5.0400000000,deviation=0.0000008273
23,chisq=0.741172297328069662469829381735,optimalHour=6.0699989182,InitHout=6.0700000000,deviation=0.0000010818
24,chisq=0.741936912193591924236102386203,optimalHour=5.0400000222,InitHout=5.0400000000,deviation=0.0000000222
25,chisq=0.743443868939884122681860390003,optimalHour=5.6300011408,InitHout=5.6300000000,deviation=0.0000011408
26,chisq=0.745072416949079663339716717019,optimalHour=5.0399953504,InitHout=5.0400000000,deviation=0.0000046496
27,chisq=0.755600829143453500691407498380,optimalHour=5.2200005934,InitHout=5.2200000000,deviation=0.0000005934
28,chisq=0.760280413820369593835835075879,optimalHour=5.6299999743,InitHout=5.6300000000,deviation=0.0000000257
29,chisq=0.762904080537929019101284211501,optimalHour=5.8000012760,InitHout=5.8000000000,deviation=0.0000012760
30,chisq=0.764654225082938565627443949779,optimalHour=5.9000009796,InitHout=5.9000000000,deviation=0.0000009796
1.0000000000,0.6106409857,1.3983418169,0.0143276143,0.1105604688,1.2862788714,114.0000000000,25.0000000000,10.0000000000,258.0000000000,-0.0016000000,0.3200000000,0.1600000000

optimal_chisq=0.5564623019,optimal_hour=5.3700031001, source_hour=5.3700000000 
parameter is :
7.8059486558,7.5982893892,9.9750086840,3.8136119459,3.6965323384,10.0888053752,122.5550223342,-3.1311487376,5.3700031001,268.3449046675,-0.0101482632,0.3206408214,0.2182847551,

run over!

##################################
1.0000000000,0.8076260531,0.3472241749,1.4211310149,1.5477305441,0.0236325502,43.0000000000,14.0000000000,7.0000000000,32.0000000000,-0.0012000000,0.4500000000,0.1200000000

optimal_chisq=0.5860862057,optimal_hour=5.6199967575, source_hour=5.6200000000 
parameter is :
1.0572451422,0.7773143804,1.1061982667,0.7370458686,0.9023811675,1.0493672225,68.7525895030,9.1573592805,5.6199967575,39.9950695780,-0.0049129321,0.4521297309,0.0158358520,

run over!

##################################
1.0000000000,0.8559085926,1.0744983270,0.6573213254,1.1017887720,0.4917487562,78.0000000000,-35.0000000000,8.0000000000,315.0000000000,-0.0021000000,0.4500000000,0.0900000000

optimal_chisq=0.5611035130,optimal_hour=5.6290000760, source_hour=5.6290000000 
parameter is :
0.6410905945,0.9127781102,0.8765377122,0.9117787420,1.2815618942,0.8057698260,78.7457142855,-34.0456528185,5.6290000760,315.8985481914,0.0428517324,0.4507247592,-0.0654214252,

run over!

##################################
1.0000000000,0.1105361381,0.6260624248,0.3571193546,0.3580787964,0.5458782457,254.0000000000,18.0000000000,9.0000000000,15.0000000000,-0.0023000000,0.3100000000,0.1700000000

optimal_chisq=0.5174448588,optimal_hour=5.8789972329, source_hour=5.8790000000 
parameter is :
0.6126815791,0.5132950280,0.5372844186,0.8405467015,0.5896949292,0.6632242729,252.3549082627,18.6739357346,5.8789972329,12.8162178437,-0.0210018402,0.3101483391,0.0404883972,

run over!

##################################
1.0000000000,0.9299504645,0.2787513974,1.6218663517,1.6689796608,0.0358429810,58.0000000000,51.0000000000,7.0000000000,289.0000000000,-0.0013000000,0.2400000000,0.0500000000

optimal_chisq=0.5865086028,optimal_hour=5.4149924658, source_hour=5.4150000000 
parameter is :
1.0568596086,1.1430840816,0.5367166060,1.5272423088,1.5281558118,0.5279584324,57.0578194417,25.7197399234,5.4149924658,284.1660750970,0.0050113093,0.2402136603,0.1208362294,

run over!

##################################
1.0000000000,0.2678097278,0.1260758746,1.1215228883,0.1520667032,1.0706586566,74.0000000000,-16.0000000000,6.0000000000,132.0000000000,-0.0017000000,0.4100000000,0.1000000000

optimal_chisq=0.5818971916,optimal_hour=5.5440007180, source_hour=5.5440000000 
parameter is :
1.4793065749,0.6984283584,1.1311451063,1.1411027770,0.8113912594,1.3888746262,64.3552359474,-10.8654288821,5.5440007180,142.6774786970,-0.0185179540,0.4106750641,-0.2377182455,

run over!

##################################
1,chisq=0.517444858839408827755335096299,optimalHour=5.8789972329,InitHout=5.8790000000,deviation=0.0000027671
2,chisq=0.556462301857917229774841416656,optimalHour=5.3700031001,InitHout=5.3700000000,deviation=0.0000031001
3,chisq=0.561103513036446122086431387288,optimalHour=5.6290000760,InitHout=5.6290000000,deviation=0.0000000760
4,chisq=0.581897191626605247982695345854,optimalHour=5.5440007180,InitHout=5.5440000000,deviation=0.0000007180
5,chisq=0.586086205732802900669753398688,optimalHour=5.6199967575,InitHout=5.6200000000,deviation=0.0000032425
6,chisq=0.586508602804728718105309326347,optimalHour=5.4149924658,InitHout=5.4150000000,deviation=0.0000075342




1.0000000000,0.8559085926,1.0744983270,0.6573213254,1.1017887720,0.4917487562,78.0000000000,-35.0000000000,8.0000000000,315.0000000000,-0.0021000000,0.4500000000,0.0900000000


1.0000000000,0.8559085926,1.0744983270,0.6573213254,1.1017887720,0.4917487562,78.0000000000,-35.0000000000,8.0000000000,315.0000000000,-0.0021000000,0.4500000000,0.0900000000

optimal_chisq=0.4788283609,optimal_hour=5.6293009381 
parameter is :
0.5569985971,1.1562491038,0.9981833987,1.0111446537,0.6243084920,1.6495154060,81.2351777261,-35.2473670610,5.6293009381,311.1188529042,-0.0153733149,0.4504598175,0.0234112208,

Pole:
optimalLambda,optimalBeta:(259.8426508166,38.3855583772)
optimalParameter:{1.1874855377,1.9695792944,0.3671527817,0.3084249222,1.6648889431,1.8804592743,259.8426508166,38.3855583772,5.6293008959,211.1487668495,-0.0251567875,0.4207896545,0.3053042053}





