1.0000000000,0.5091072980,0.7947674937,0.6004090635,0.8776412693,0.3777114332,145.0000000000,-65.0000000000,20.0000000000,169.0000000000,-0.0013000000,0.4900000000,0.1000000000

optimal_chisq=1.1470563264,optimal_hour=4.5200001606, source_hour=4.5200000000 
parameter is :
0.8405879787,0.5155817141,0.8598222712,0.7991352968,0.6683943701,0.7945442481,146.2938202771,-65.5783049955,4.5200001606,168.1293318200,-0.0521530196,0.4914231146,-0.0917833177,

##################################
1.0000000000,0.7353355641,1.2590726223,0.3164319034,0.7356977329,0.7401054590,19.0000000000,-76.0000000000,23.0000000000,167.0000000000,-0.0023000000,0.4400000000,0.1800000000

optimal_chisq=0.7503517401,optimal_hour=4.7799998996, source_hour=4.7800000000 
parameter is :
1.2787495703,0.7012339644,0.8525029649,0.6700257425,-0.1923047970,0.0208136790,23.0965515446,-104.4189415684,4.7799998996,159.0046604816,-0.0516078346,0.4424314036,-0.1863491093,

##################################
1.0000000000,0.4159000038,0.4809739822,0.8633708726,1.0198456093,0.1501688114,245.0000000000,-71.0000000000,5.0000000000,190.0000000000,-0.0023000000,0.4300000000,0.1400000000

optimal_chisq=0.9553480138,optimal_hour=5.1999978284, source_hour=5.2000000000 
parameter is :
0.0997527654,-0.3423288643,1.0484184985,0.9908531669,1.3851362715,1.0823337888,247.7644237567,-72.4973363162,5.1999978284,189.7108905186,-0.0422703996,0.4310738354,-0.3334381872,

##################################
1.0000000000,0.4090074726,0.3139486247,1.0489894588,1.0078390713,0.1863016398,24.0000000000,63.0000000000,13.0000000000,269.0000000000,-0.0013000000,0.3500000000,0.1600000000

optimal_chisq=0.9324693866,optimal_hour=4.9600002506, source_hour=4.9600000000 
parameter is :
1.2480824891,0.5656232867,0.9688814857,1.1094066697,1.1951546091,0.6307204844,25.4128230505,60.8499597884,4.9600002506,269.9055320422,-0.0211145190,0.3499936521,-0.0352612913,

##################################
1.0000000000,0.7202153819,0.9956235320,0.5997803806,0.1634829281,1.4111564939,39.0000000000,32.0000000000,6.0000000000,125.0000000000,-0.0024000000,0.2100000000,0.1400000000

optimal_chisq=0.6912698572,optimal_hour=4.7199999928, source_hour=4.7200000000 
parameter is :
1.1326566157,0.9727517294,1.1658710932,0.3778254861,0.4268228976,1.1187937260,39.0074260731,31.9956224158,4.7199999928,124.9718745598,-0.0210740283,0.2098913800,0.1948876462,

##################################
1.0000000000,0.5459332529,0.6497081822,0.8070243173,0.6569028791,0.7032361288,308.0000000000,12.0000000000,9.0000000000,154.0000000000,-0.0013000000,0.4900000000,0.0500000000

optimal_chisq=1.4777508300,optimal_hour=4.9600009248, source_hour=4.9600000000 
parameter is :
1.0919248478,0.4038217332,0.7556358200,0.7862307044,0.6272295579,0.6365588294,308.0017345756,11.9984747204,4.9600009248,154.0004795496,-0.0478263725,0.4898765659,-0.0126353234,

##################################
1.0000000000,0.9896064224,1.7043278209,0.0959366649,1.5428339395,0.0655858627,34.0000000000,0.0000000000,23.0000000000,47.0000000000,-0.0013000000,0.4800000000,0.1000000000

optimal_chisq=0.6647126888,optimal_hour=4.9000004282, source_hour=4.9000000000 
parameter is :
0.9233421230,0.9935483786,1.6215792294,0.0933531190,1.6661130496,0.0323563134,31.6550339708,5.3923366887,4.9000004282,42.8800989335,-0.0059004452,0.4818761254,0.4721172646,

##################################
1.0000000000,0.8954965802,0.3256517533,1.5348377218,0.9166371747,0.8394573293,123.0000000000,-74.0000000000,19.0000000000,94.0000000000,-0.0012000000,0.2000000000,0.0700000000

optimal_chisq=1.2168702948,optimal_hour=4.5199949950, source_hour=4.5200000000 
parameter is :
0.9867655635,1.2945864167,1.1277027989,1.0276539476,1.2453235075,0.9397029813,122.9199361661,-74.0700844516,4.5199949950,94.0996896643,-0.0216734356,0.2004358686,0.1079265748,

##################################
1.0000000000,0.1960056895,0.8331179657,0.2019018230,0.8009677902,0.0446014473,41.0000000000,22.0000000000,11.0000000000,191.0000000000,-0.0015000000,0.2700000000,0.1700000000

optimal_chisq=0.6778550026,optimal_hour=4.8099998384, source_hour=4.8100000000 
parameter is :
1.2590207490,0.5024074912,0.1206566047,0.7124096288,0.6068681875,0.5501729645,25.7862193930,23.6510973921,4.8099998384,193.8383944639,-0.0091807117,0.2704446105,-0.0050732751,

##################################
1.0000000000,0.0514551345,0.6712420536,0.2315015137,0.6685710424,0.0474179716,285.0000000000,72.0000000000,15.0000000000,166.0000000000,-0.0022000000,0.4000000000,0.0600000000

optimal_chisq=1.2037965376,optimal_hour=4.8100017544, source_hour=4.8100000000 
parameter is :
0.8524569859,0.7083909129,0.9351163684,0.6641938240,0.9995187905,0.7022119215,284.6984771478,73.8636883553,4.8100017544,166.3632506202,-0.0406869649,0.4002363528,-0.0001213230,

##################################
1.0000000000,0.2880570243,0.6760017568,0.4967727937,0.0053721700,1.1664855166,132.0000000000,41.0000000000,3.0000000000,122.0000000000,-0.0017000000,0.3900000000,0.1600000000

optimal_chisq=1.1785592422,optimal_hour=4.6300015056, source_hour=4.6300000000 
parameter is :
0.7778099444,0.6552086542,0.7396632859,0.6977201005,-0.2532238892,1.1383300864,132.0051729986,40.9657170011,4.6300015056,122.0054759442,0.0203880080,0.3911247723,-0.2298221497,

##################################
1.0000000000,0.5061263412,0.5179088023,0.9159791464,0.3289799571,1.0574508885,262.0000000000,-35.0000000000,8.0000000000,151.0000000000,-0.0020000000,0.2800000000,0.1000000000

optimal_chisq=0.9741051429,optimal_hour=5.0900008510, source_hour=5.0900000000 
parameter is :
1.0710800383,0.5606169126,0.5663416298,0.8279108086,0.4191372770,0.9841618633,261.9926994777,-35.0028429616,5.0900008510,150.9976215169,-0.0228218055,0.2799952022,-0.0522439753,

##################################
1.0000000000,0.2763939836,0.6748120318,0.4852402983,0.7004949625,0.3226241495,226.0000000000,-42.0000000000,6.0000000000,323.0000000000,-0.0018000000,0.4800000000,0.1400000000

optimal_chisq=0.6918429363,optimal_hour=5.3400006918, source_hour=5.3400000000 
parameter is :
0.9885183804,0.4589140384,0.6611148867,0.5204599196,0.6471362989,0.3837644191,226.0234092510,-41.9906934038,5.3400006918,322.9951567043,-0.0468659872,0.4796490509,0.0104726503,

##################################
1.0000000000,0.2101052512,0.6493122853,0.4417714326,0.7481226896,0.1821156496,156.0000000000,69.0000000000,4.0000000000,40.0000000000,-0.0024000000,0.2600000000,0.1500000000

optimal_chisq=1.2383141749,optimal_hour=5.3499994135, source_hour=5.3500000000 
parameter is :
0.8497564848,0.4267310011,0.7547160727,0.6212964911,0.6277708564,0.5976009509,154.7153600991,67.1856566020,5.3499994135,38.8632944422,-0.0025081933,0.2610889916,-0.0469355777,

##################################
1.0000000000,0.2359188922,0.2902572490,0.8967561728,0.2994507706,0.8347592431,278.0000000000,52.0000000000,5.0000000000,238.0000000000,-0.0021000000,0.2200000000,0.1100000000

optimal_chisq=1.2036128581,optimal_hour=4.3899982758, source_hour=4.3900000000 
parameter is :
0.7005730320,0.6519918123,0.7086909563,0.8030990980,0.4105819050,1.0034899295,282.2402646870,48.8841881667,4.3899982758,237.9228101200,-0.0028618180,0.2203293463,-0.0162334400,

##################################
1.0000000000,0.8782053640,1.6572122054,0.0238280793,0.4616809546,1.1625087092,42.0000000000,-50.0000000000,11.0000000000,269.0000000000,-0.0018000000,0.3300000000,0.1300000000

optimal_chisq=0.6921512671,optimal_hour=4.7800013494, source_hour=4.7800000000 
parameter is :
1.3067467921,0.6949634951,1.0342042731,0.3750985801,0.3548527117,1.0348239130,32.5252963196,-39.9791193383,4.7800013494,278.9094260910,-0.0322721722,0.3314666509,0.1144709088,

##################################
1.0000000000,0.8953038100,0.7611614766,1.0500944104,0.1161038913,1.6822396809,187.0000000000,69.0000000000,12.0000000000,204.0000000000,-0.0013000000,0.3200000000,0.0500000000

optimal_chisq=1.0995602416,optimal_hour=5.2600015756, source_hour=5.2600000000 
parameter is :
1.1431843231,0.9598782118,0.6500726766,1.2080311519,0.8404213171,1.0095277023,202.4717923355,56.9683319162,5.2600015756,202.8295613894,-0.0367065916,0.3197047380,-0.0421986737,

##################################
1.0000000000,0.0308529926,0.6095156885,0.2850695283,0.4474366381,0.3323967196,245.0000000000,51.0000000000,6.0000000000,84.0000000000,-0.0013000000,0.2900000000,0.1000000000

optimal_chisq=0.5253233979,optimal_hour=4.9600004282, source_hour=4.9600000000 
parameter is :
1.2059066465,0.2551942457,0.5629110337,0.4581834024,0.1046169405,0.0867217852,244.0388177259,48.0874647252,4.9600004282,90.8883018750,-0.0087297599,0.2904084134,0.0387818600,

##################################
1.0000000000,0.0433929321,0.6288423626,0.2754749734,0.2533233346,0.5909868272,229.0000000000,-77.0000000000,3.0000000000,348.0000000000,-0.0020000000,0.2100000000,0.1100000000

optimal_chisq=0.7229322712,optimal_hour=5.3400006607, source_hour=5.3400000000 
parameter is :
0.7633105360,0.5121113975,1.0879312310,0.3878379571,0.5346719133,0.5616624126,231.2175994448,-48.5979318616,5.3400006607,345.0243020973,-0.0227748095,0.2111442678,0.0473231824,

##################################
1.0000000000,0.8289697412,0.5707441113,1.1935252944,1.5042308329,0.0687840821,239.0000000000,27.0000000000,5.0000000000,202.0000000000,-0.0020000000,0.3800000000,0.0900000000

optimal_chisq=0.8868868333,optimal_hour=4.9600013323, source_hour=4.9600000000 
parameter is :
1.1007455885,0.7558920996,0.3521993295,1.9293743686,1.2725819011,0.5521550721,235.3227966971,26.3887873618,4.9600013323,197.1566675163,-0.0400526968,0.3819868804,-0.0865419042,

##################################
1.0000000000,0.9381146389,1.3404531461,0.4477387527,1.0056230414,0.6619604376,221.0000000000,69.0000000000,20.0000000000,24.0000000000,-0.0020000000,0.4100000000,0.1200000000

optimal_chisq=0.9007238163,optimal_hour=4.9600019898, source_hour=4.9600000000 
parameter is :
0.8086004989,0.7053848581,2.1787215344,1.0274914945,-0.2300671785,0.2488921518,225.7380797535,65.2721549411,4.9600019898,27.3190137814,-0.0204642835,0.4099744654,-0.2274635111,

##################################
1.0000000000,0.3849236278,0.0811430512,1.2919616599,0.7774363708,0.4711363248,344.0000000000,-30.0000000000,8.0000000000,244.0000000000,-0.0013000000,0.3900000000,0.1000000000

optimal_chisq=1.1777562740,optimal_hour=5.3399996730, source_hour=5.3400000000 
parameter is :
1.0597914150,0.6656215939,0.9061371770,0.7146781902,0.6156724508,0.6610063315,299.9463290215,-100.5110863708,5.3399996730,250.0632118841,-0.0437136139,0.3896221995,0.3178613249,

##################################
1.0000000000,0.5753467812,0.4210871274,1.0988512049,0.7912459175,0.6162600815,170.0000000000,-76.0000000000,8.0000000000,189.0000000000,-0.0021000000,0.2900000000,0.1400000000

optimal_chisq=1.1516716623,optimal_hour=5.0900002527, source_hour=5.0900000000 
parameter is :
1.0299024826,0.5602466217,0.4631618537,1.0607768589,0.7949920605,0.6168934794,169.9991643143,-76.0003396592,5.0900002527,189.0010778663,-0.0176796535,0.2898871816,0.1151091702,

##################################
1.0000000000,0.5369940584,0.3423174384,1.1487612099,0.0745409749,1.4064714547,162.0000000000,-47.0000000000,16.0000000000,164.0000000000,-0.0012000000,0.4900000000,0.0700000000

optimal_chisq=1.1397567358,optimal_hour=5.3399996517, source_hour=5.3400000000 
parameter is :
0.6676697121,0.8789638253,0.6481865682,0.8631215630,0.2866035219,1.1825342765,172.2325539450,-83.3394174057,5.3399996517,163.6057519554,-0.0346252101,0.4898713344,-0.0042766645,

##################################
1.0000000000,0.9495732970,0.8852311659,0.9688522340,0.1302439598,1.7096819176,232.0000000000,-20.0000000000,20.0000000000,270.0000000000,-0.0022000000,0.4400000000,0.1500000000

optimal_chisq=0.5801242254,optimal_hour=5.0899973667, source_hour=5.0900000000 
parameter is :
1.4280393117,2.0512072163,1.6191939870,1.2812567852,0.6950910190,2.0367080059,216.7015579660,-27.2364553242,5.0899973667,268.2701579302,-0.0288895892,0.4398603289,-0.0092737831,

##################################
1.0000000000,0.0009624413,0.5794999556,0.2878347251,0.6480370979,0.0274151520,255.0000000000,46.0000000000,1.0000000000,287.0000000000,-0.0018000000,0.3000000000,0.0500000000

optimal_chisq=0.9293261628,optimal_hour=5.3400014904, source_hour=5.3400000000 
parameter is :
0.9593902507,0.2787085639,0.7089658736,0.3568822070,0.4867442611,0.1790585428,254.9801506049,45.9958509109,5.3400014904,286.9916467849,-0.0160006870,0.3006555078,0.0105460076,

##################################
1.0000000000,0.6987813253,0.4398614414,1.2054514596,0.9064137983,0.6201466768,125.0000000000,-84.0000000000,24.0000000000,117.0000000000,-0.0020000000,0.4800000000,0.0700000000

optimal_chisq=1.0831734333,optimal_hour=5.3400012904, source_hour=5.3400000000 
parameter is :
0.2147852930,1.1886898975,0.9034955744,0.5876683649,-0.0372575941,0.0321639289,133.6414619349,-87.7123288676,5.3400012904,116.7853010468,-0.0518773579,0.4800053905,-0.0069525826,

##################################
1.0000000000,0.5609838653,0.2693155427,1.2563639827,0.6285724485,0.8097005188,121.0000000000,69.0000000000,12.0000000000,66.0000000000,-0.0018000000,0.2100000000,0.1800000000

optimal_chisq=1.1642953311,optimal_hour=4.3400011211, source_hour=4.3400000000 
parameter is :
0.7812140738,0.8406010099,0.3780147577,1.1609462988,0.4342964537,1.1023990892,120.9986400573,68.9812947341,4.3400011211,66.0006243241,-0.0221606528,0.2099826320,0.2727795485,

##################################
1.0000000000,0.8223255658,0.0038993214,1.8179981938,0.9008690231,0.8160907980,110.0000000000,31.0000000000,19.0000000000,118.0000000000,-0.0017000000,0.3100000000,0.1700000000

optimal_chisq=1.3180413930,optimal_hour=5.1599999881, source_hour=5.1600000000 
parameter is :
1.0718159528,0.9497624180,0.1963013431,1.8040771726,0.7012193177,0.8298662657,110.0075933008,30.9974794128,5.1599999881,117.9988238916,-0.0144302746,0.3106019807,-0.0051252753,

##################################
1.0000000000,0.4715439195,0.8579178086,0.4859469196,0.8758673690,0.3217261294,76.0000000000,37.0000000000,10.0000000000,299.0000000000,-0.0018000000,0.2200000000,0.1700000000

optimal_chisq=0.8191451291,optimal_hour=5.0600006172, source_hour=5.0600000000 
parameter is :
1.2627785227,0.4040388124,0.5550857701,0.8478570307,0.5778406480,0.5015204106,67.2497102210,27.6060099459,5.0600006172,303.2419633056,0.0100030213,0.2202699217,0.0001019379,

##################################
1,chisq=0.525323397911301559481955791853,optimalHour=4.9600004282,InitHout=4.9600000000,deviation=0.0000004282
2,chisq=0.580124225383796932042912430916,optimalHour=5.0899973667,InitHout=5.0900000000,deviation=0.0000026333
3,chisq=0.664712688787980621185624841019,optimalHour=4.9000004282,InitHout=4.9000000000,deviation=0.0000004282
4,chisq=0.677855002575671550246738661372,optimalHour=4.8099998384,InitHout=4.8100000000,deviation=0.0000001616
5,chisq=0.691269857187653991026365929429,optimalHour=4.7199999928,InitHout=4.7200000000,deviation=0.0000000072
6,chisq=0.691842936273605935149078050017,optimalHour=5.3400006918,InitHout=5.3400000000,deviation=0.0000006918
7,chisq=0.692151267062520614281595499051,optimalHour=4.7800013494,InitHout=4.7800000000,deviation=0.0000013494
8,chisq=0.722932271204168919176424878970,optimalHour=5.3400006607,InitHout=5.3400000000,deviation=0.0000006607
9,chisq=0.750351740088645691173496743431,optimalHour=4.7799998996,InitHout=4.7800000000,deviation=0.0000001004
10,chisq=0.819145129134658089853360252164,optimalHour=5.0600006172,InitHout=5.0600000000,deviation=0.0000006172
11,chisq=0.886886833266605445480479374964,optimalHour=4.9600013323,InitHout=4.9600000000,deviation=0.0000013323
12,chisq=0.900723816281575384579127785400,optimalHour=4.9600019898,InitHout=4.9600000000,deviation=0.0000019898
13,chisq=0.929326162806302424890247948497,optimalHour=5.3400014904,InitHout=5.3400000000,deviation=0.0000014904
14,chisq=0.932469386550325518570048188849,optimalHour=4.9600002506,InitHout=4.9600000000,deviation=0.0000002506
15,chisq=0.955348013801392781374488549773,optimalHour=5.1999978284,InitHout=5.2000000000,deviation=0.0000021716
16,chisq=0.974105142913165633622440964245,optimalHour=5.0900008510,InitHout=5.0900000000,deviation=0.0000008510
17,chisq=1.083173433345271163830147997942,optimalHour=5.3400012904,InitHout=5.3400000000,deviation=0.0000012904
18,chisq=1.099560241623707801394971284026,optimalHour=5.2600015756,InitHout=5.2600000000,deviation=0.0000015756
19,chisq=1.139756735818394428605415669153,optimalHour=5.3399996517,InitHout=5.3400000000,deviation=0.0000003483
20,chisq=1.147056326426579397903537937964,optimalHour=4.5200001606,InitHout=4.5200000000,deviation=0.0000001606
21,chisq=1.151671662285941089010066207265,optimalHour=5.0900002527,InitHout=5.0900000000,deviation=0.0000002527
22,chisq=1.164295331105726027942637301749,optimalHour=4.3400011211,InitHout=4.3400000000,deviation=0.0000011211
23,chisq=1.177756273961713784359517376288,optimalHour=5.3399996730,InitHout=5.3400000000,deviation=0.0000003270
24,chisq=1.178559242217135150099238671828,optimalHour=4.6300015056,InitHout=4.6300000000,deviation=0.0000015056
25,chisq=1.203612858134198715376328436832,optimalHour=4.3899982758,InitHout=4.3900000000,deviation=0.0000017242
26,chisq=1.203796537557140222673979224055,optimalHour=4.8100017544,InitHout=4.8100000000,deviation=0.0000017544
27,chisq=1.216870294776039029827074955392,optimalHour=4.5199949950,InitHout=4.5200000000,deviation=0.0000050050
28,chisq=1.238314174884612484106582996901,optimalHour=5.3499994135,InitHout=5.3500000000,deviation=0.0000005865
29,chisq=1.318041392955781043738738844695,optimalHour=5.1599999881,InitHout=5.1600000000,deviation=0.0000000119
30,chisq=1.477750830034685991520859715820,optimalHour=4.9600009248,InitHout=4.9600000000,deviation=0.0000009248
1.0000000000,0.0308529926,0.6095156885,0.2850695283,0.4474366381,0.3323967196,245.0000000000,51.0000000000,6.0000000000,84.0000000000,-0.0013000000,0.2900000000,0.1000000000

optimal_chisq=0.5253233979,optimal_hour=4.9600004282, source_hour=4.9600000000 
parameter is :
1.2059066465,0.2551942457,0.5629110337,0.4581834024,0.1046169405,0.0867217852,244.0388177259,48.0874647252,4.9600004282,90.8883018750,-0.0087297599,0.2904084134,0.0387818600,

run over!

##################################
1.0000000000,0.9495732970,0.8852311659,0.9688522340,0.1302439598,1.7096819176,232.0000000000,-20.0000000000,20.0000000000,270.0000000000,-0.0022000000,0.4400000000,0.1500000000

optimal_chisq=0.5801242254,optimal_hour=5.0899973667, source_hour=5.0900000000 
parameter is :
1.4280393117,2.0512072163,1.6191939870,1.2812567852,0.6950910190,2.0367080059,216.7015579660,-27.2364553242,5.0899973667,268.2701579302,-0.0288895892,0.4398603289,-0.0092737831,

run over!

##################################
1.0000000000,0.9896064224,1.7043278209,0.0959366649,1.5428339395,0.0655858627,34.0000000000,0.0000000000,23.0000000000,47.0000000000,-0.0013000000,0.4800000000,0.1000000000

optimal_chisq=0.4281841103,optimal_hour=4.8360008958, source_hour=4.8360000000 
parameter is :
1.2462071334,1.2579066313,1.3813466126,0.4028918387,1.4435195594,-0.3176571644,27.4315703137,2.9928856829,4.8360008958,41.7720582133,-0.0024322924,0.4808082222,0.1895286999,

run over!

##################################
1.0000000000,0.1960056895,0.8331179657,0.2019018230,0.8009677902,0.0446014473,41.0000000000,22.0000000000,11.0000000000,191.0000000000,-0.0015000000,0.2700000000,0.1700000000

optimal_chisq=0.5884011834,optimal_hour=4.8340025335, source_hour=4.8340000000 
parameter is :
0.5522533752,0.5225419423,1.2549233811,0.1673525142,0.7288108174,0.3348773472,38.6620120340,26.6147179817,4.8340025335,181.9377970846,-0.0270726196,0.2703492889,0.2336730739,

run over!

##################################
1.0000000000,0.7202153819,0.9956235320,0.5997803806,0.1634829281,1.4111564939,39.0000000000,32.0000000000,6.0000000000,125.0000000000,-0.0024000000,0.2100000000,0.1400000000

optimal_chisq=0.6912698572,optimal_hour=4.7199999928, source_hour=4.7200000000 
parameter is :
1.1326566157,0.9727517294,1.1658710932,0.3778254861,0.4268228976,1.1187937260,39.0074260731,31.9956224158,4.7199999928,124.9718745598,-0.0210740283,0.2098913800,0.1948876462,

run over!

##################################
1.0000000000,0.2763939836,0.6748120318,0.4852402983,0.7004949625,0.3226241495,226.0000000000,-42.0000000000,6.0000000000,323.0000000000,-0.0018000000,0.4800000000,0.1400000000

optimal_chisq=0.5852003048,optimal_hour=5.3070012026, source_hour=5.3070000000 
parameter is :
1.2694211092,0.3920581578,0.6186804449,0.5822934620,0.2084434237,0.2583630493,226.0513336043,-41.9658927665,5.3070012026,322.8984648977,-0.0534977764,0.4823025476,0.0195534878,

run over!

##################################
1,chisq=0.428184110310305399149655158908,optimalHour=4.8360008958,InitHout=4.8360000000,deviation=0.0000008958
2,chisq=0.525323397911301559481955791853,optimalHour=4.9600004282,InitHout=4.9600000000,deviation=0.0000004282
3,chisq=0.580124225383796932042912430916,optimalHour=5.0899973667,InitHout=5.0900000000,deviation=0.0000026333
4,chisq=0.585200304764878942442862808093,optimalHour=5.3070012026,InitHout=5.3070000000,deviation=0.0000012026
5,chisq=0.588401183401187855004366156209,optimalHour=4.8340025335,InitHout=4.8340000000,deviation=0.0000025335
6,chisq=0.691269857187653991026365929429,optimalHour=4.7199999928,InitHout=4.7200000000,deviation=0.0000000072



1.0000000000,0.9896064224,1.7043278209,0.0959366649,1.5428339395,0.0655858627,34.0000000000,0.0000000000,23.0000000000,47.0000000000,-0.0013000000,0.4800000000,0.1000000000


1.0000000000,0.9896064224,1.7043278209,0.0959366649,1.5428339395,0.0655858627,34.0000000000,0.0000000000,23.0000000000,47.0000000000,-0.0013000000,0.4800000000,0.1000000000

optimal_chisq=0.3848901092,optimal_hour=4.8036012482 
parameter is :
1.3459772686,1.4302718819,1.4893167649,0.4857512697,1.1797047942,-0.7340819661,31.3012089913,-2.2385381682,4.8036012482,45.0224347283,-0.0175802861,0.4814798275,0.0413323309,

Pole:
optimalLambda,optimalBeta:(227.3196537950,12.3112528910)
optimalParameter:{2.6262965245,1.1239582790,1.1643400870,1.5661809750,0.8867025265,0.7864588679,227.3196537950,12.3112528910,4.8036031996,304.5529043747,-0.0401987436,0.3809956579,0.0583760379}


