1.0000000000,0.5216998386,0.3759613653,1.0946070380,1.0513948139,0.2586622946,84.0000000000,-39.0000000000,2.0000000000,23.0000000000,-0.0017000000,0.2900000000,0.1700000000

optimal_chisq=1.0593069755,optimal_hour=5.5699988801, source_hour=5.5700000000 
parameter is :
0.9374106093,1.8943629064,1.2720029203,1.3191794513,1.2829335528,1.3088210561,93.6150476872,7.9961855010,5.5699988801,17.1190021449,-0.0187911548,0.2903607168,0.2478179765,

##################################
1.0000000000,0.9954436989,0.0220508351,1.9711802920,1.6421726216,0.1698005673,325.0000000000,-51.0000000000,23.0000000000,293.0000000000,-0.0016000000,0.3600000000,0.1800000000

optimal_chisq=1.0368433251,optimal_hour=5.0600012939, source_hour=5.0600000000 
parameter is :
0.3729717044,0.4036959078,0.1548011464,0.8725539729,0.6392065390,0.4435276264,334.7719414907,-45.7336150349,5.0600012939,293.7202071542,0.0841124530,0.3758644143,0.0116361983,

##################################
1.0000000000,0.1646751650,0.4978171088,0.5739626442,0.6781280011,0.2470591391,341.0000000000,-41.0000000000,15.0000000000,77.0000000000,-0.0018000000,0.3600000000,0.1400000000

optimal_chisq=1.1749578632,optimal_hour=5.5299971232, source_hour=5.5300000000 
parameter is :
1.3484626988,1.2347591582,1.5008113824,0.9393270240,1.6968043559,0.7682453273,341.0364958597,-42.5409902216,5.5299971232,76.1261226598,0.2754432790,0.3202033026,0.1114814992,

##################################
1.0000000000,0.4683552545,0.9929773470,0.3246566359,1.0109189157,0.1294124006,201.0000000000,-2.0000000000,14.0000000000,178.0000000000,-0.0019000000,0.2200000000,0.1300000000

optimal_chisq=1.4167076575,optimal_hour=5.0300011270, source_hour=5.0300000000 
parameter is :
-0.3012983590,1.5820786413,0.7081006516,0.9633345296,0.9208464733,1.0093551585,198.6430555040,-4.9288223635,5.0300011270,170.0764052805,0.1033450563,0.2055495814,0.0580339124,

##################################
1.0000000000,0.1920409567,0.4476941250,0.6637888501,0.4239218474,0.6051738749,134.0000000000,73.0000000000,8.0000000000,207.0000000000,-0.0018000000,0.4200000000,0.1800000000

optimal_chisq=1.0032243506,optimal_hour=5.0400021139, source_hour=5.0400000000 
parameter is :
0.7482014535,0.5653580563,0.6737237717,0.5642967390,0.7143126201,0.4893432253,126.8346723757,71.4363412550,5.0400021139,203.3224433030,0.1238637300,0.4145647771,0.0598133501,

##################################
1.0000000000,0.3787577154,0.3810705877,0.9399957655,0.7924176695,0.3952023533,81.0000000000,-45.0000000000,20.0000000000,138.0000000000,-0.0015000000,0.3700000000,0.1800000000

optimal_chisq=1.0691405439,optimal_hour=5.6499992269, source_hour=5.6500000000 
parameter is :
0.7648937187,0.8060152464,0.5911455956,0.6952881888,0.9922074364,0.4237318489,82.0669353977,-45.2238508118,5.6499992269,140.2603006363,0.0568555174,0.3752684840,-0.0277637189,

##################################
1.0000000000,0.5522765045,0.8337740168,0.6023913434,0.7361788620,0.5888691903,15.0000000000,-15.0000000000,2.0000000000,49.0000000000,-0.0012000000,0.4900000000,0.1400000000

optimal_chisq=1.5083111157,optimal_hour=5.3599994600, source_hour=5.3600000000 
parameter is :
1.0199703268,0.5539179572,0.8053538390,0.6525953437,0.8063645479,0.9784316543,14.8744213595,-15.2163511060,5.3599994600,48.9777135947,0.2409976265,0.4501724011,-0.0343248964,

##################################
1.0000000000,0.0419000429,0.5836903344,0.3305164200,0.0333898548,0.8734529208,301.0000000000,-61.0000000000,12.0000000000,349.0000000000,-0.0020000000,0.4800000000,0.1900000000

optimal_chisq=1.1492429517,optimal_hour=5.0800009335, source_hour=5.0800000000 
parameter is :
0.7260492199,0.5879502178,0.4678431401,0.7848573821,0.9409832562,0.4937448628,299.1714683836,-46.8585253658,5.0800009335,349.6740853030,0.1479143036,0.5133270621,0.1811664360,

##################################
1.0000000000,0.5830548138,0.1216917610,1.4458364730,1.0411704859,0.3798158012,281.0000000000,60.0000000000,22.0000000000,285.0000000000,-0.0018000000,0.2900000000,0.1300000000

optimal_chisq=0.9664647602,optimal_hour=5.7400006783, source_hour=5.7400000000 
parameter is :
-2.3762683745,-2.9078895300,1.4596303573,0.0859075503,-3.1049261942,-2.6851166922,261.0463222824,52.7732425409,5.7400006783,298.9543296453,0.0252520124,0.3138039633,1.1366945514,

##################################
1.0000000000,0.2838614826,0.5976701771,0.5851311968,0.1115396962,1.0520906940,359.0000000000,16.0000000000,10.0000000000,71.0000000000,-0.0018000000,0.3300000000,0.1400000000

optimal_chisq=0.9049410663,optimal_hour=5.6300009817, source_hour=5.6300000000 
parameter is :
1.1431554566,-0.5435648615,0.4411349925,0.4357328029,0.2257838052,1.2925236139,351.2385565599,43.0749213319,5.6300009817,75.1538615012,0.1536772787,0.3111162562,-0.0035090857,

##################################
1.0000000000,0.8932714490,0.8425817663,0.9570503483,0.8104614622,0.8940760653,68.0000000000,31.0000000000,22.0000000000,224.0000000000,-0.0023000000,0.4400000000,0.0700000000

optimal_chisq=0.9167151166,optimal_hour=5.0600000424, source_hour=5.0600000000 
parameter is :
1.0289043632,0.9210414782,0.8116471087,0.9315906740,0.8101794115,0.8940193466,68.0000068843,30.9999741425,5.0600000424,223.9999834811,0.0156347456,0.4399392914,0.0704719296,

##################################
1.0000000000,0.4974089300,1.0200706956,0.3257470223,1.0863271117,0.0719073184,247.0000000000,35.0000000000,21.0000000000,202.0000000000,-0.0016000000,0.3400000000,0.1300000000

optimal_chisq=1.1062234797,optimal_hour=5.6499997145, source_hour=5.6500000000 
parameter is :
0.5606621047,0.9058748509,1.1905119880,0.6403046740,1.0252769513,0.5562008112,247.0193308328,34.8986422787,5.6499997145,202.1274154786,0.0662430491,0.3374455689,0.0372661782,

##################################
1.0000000000,0.8809100864,0.4297889375,1.4042532032,0.6124931664,1.1521298212,357.0000000000,-57.0000000000,12.0000000000,356.0000000000,-0.0014000000,0.4800000000,0.0700000000

optimal_chisq=1.2460652867,optimal_hour=5.6600008789, source_hour=5.6600000000 
parameter is :
0.9273747388,0.9594433141,0.4928267808,1.3380383547,0.5626997910,1.2533979432,356.9988367212,-56.9914683383,5.6600008789,356.0017405968,0.1201385632,0.4753509162,0.1843189707,

##################################
1.0000000000,0.6608721277,0.0706298997,1.5816930641,1.1748902084,0.3202740780,342.0000000000,76.0000000000,24.0000000000,278.0000000000,-0.0017000000,0.4500000000,0.1000000000

optimal_chisq=1.0466327073,optimal_hour=5.0600003303, source_hour=5.0600000000 
parameter is :
0.9769483854,1.0346997035,1.2331337400,1.6832283834,0.8024190835,1.9067619721,336.9050979329,88.5710065270,5.0600003303,273.8978100105,0.1692492248,0.4372996458,-0.0145794797,

##################################
1.0000000000,0.7793406531,1.2219108151,0.4074426374,0.0576784761,1.5645640203,359.0000000000,41.0000000000,23.0000000000,11.0000000000,-0.0016000000,0.3400000000,0.0600000000

optimal_chisq=0.8538831967,optimal_hour=5.6300010753, source_hour=5.6300000000 
parameter is :
1.4499072001,1.5757292694,2.4582852216,0.1904145229,0.4006580844,2.3511572853,344.2894021251,45.2046494021,5.6300010753,8.7905551083,-0.0651850202,0.3392695076,0.0616091356,

##################################
1.0000000000,0.6583634548,1.0243566385,0.4995703727,0.2420534259,1.2494151851,257.0000000000,73.0000000000,15.0000000000,301.0000000000,-0.0013000000,0.4900000000,0.0500000000

optimal_chisq=1.0834234674,optimal_hour=5.6800030455, source_hour=5.6800000000 
parameter is :
0.7813158852,0.9477517694,1.1035121571,0.7813290979,0.6635609275,1.0599406530,256.3139958361,71.0435132522,5.6800030455,301.8580366440,0.0601017986,0.4950008417,-0.0852086638,

##################################
1.0000000000,0.9730375693,1.0916555871,0.7637062185,1.2452739892,0.4644152637,85.0000000000,45.0000000000,12.0000000000,57.0000000000,-0.0020000000,0.3900000000,0.1200000000

optimal_chisq=0.9090703954,optimal_hour=5.6299994804, source_hour=5.6300000000 
parameter is :
0.9996412494,0.9726615276,1.0920177027,0.7642903961,1.2451802938,0.4644150153,85.0000027753,44.9999997433,5.6299994804,57.0000045884,-0.0018432657,0.3900008038,0.1198679820,

##################################
1.0000000000,0.9861853071,0.4256546018,1.5167020288,0.8650263530,0.9837521273,84.0000000000,-14.0000000000,14.0000000000,33.0000000000,-0.0021000000,0.3200000000,0.1100000000

optimal_chisq=1.0147158279,optimal_hour=5.5299996961, source_hour=5.5300000000 
parameter is :
1.0066406953,0.9247539428,0.9371967648,1.0840568282,0.9856559386,1.2674805983,85.7743411583,-13.2216639933,5.5299996961,32.0343604798,0.0622998118,0.3189907702,0.0386055546,

##################################
1.0000000000,0.2496095874,0.5557995971,0.5974189651,0.7333267908,0.2743427006,243.0000000000,-39.0000000000,24.0000000000,122.0000000000,-0.0021000000,0.4300000000,0.1000000000

optimal_chisq=1.0568482179,optimal_hour=5.0600012573, source_hour=5.0600000000 
parameter is :
0.9405240577,0.3814804044,0.4899844573,0.6909297799,0.7254729546,0.3027847419,243.9312526339,-36.8485045799,5.0600012573,117.0009307328,0.1162383232,0.4305825568,0.1665816714,

##################################
1.0000000000,0.6782409673,0.9326299550,0.6259328092,1.1220291248,0.2760201035,53.0000000000,-25.0000000000,13.0000000000,170.0000000000,-0.0013000000,0.4800000000,0.0600000000

optimal_chisq=1.0195780067,optimal_hour=5.0599979028, source_hour=5.0600000000 
parameter is :
1.1142824779,1.1148222613,0.8996373380,0.8361753274,1.1757706542,0.5304924379,50.8536904276,-28.1549167435,5.0599979028,170.7305050863,0.2018460193,0.4607027919,-0.0366895229,

##################################
1.0000000000,0.7976858596,1.5731955687,0.0279859538,0.9295403773,0.5456150521,81.0000000000,59.0000000000,18.0000000000,128.0000000000,-0.0015000000,0.2600000000,0.1900000000

optimal_chisq=1.0473397468,optimal_hour=5.0799997680, source_hour=5.0800000000 
parameter is :
0.6274493357,2.0236719098,1.5053589552,1.4512720108,0.5277418511,2.0951254509,46.3718877134,14.4969025150,5.0799997680,124.3776259538,0.0724575696,0.2734669044,0.1156562790,

##################################
1.0000000000,0.7725800242,0.8131719826,0.8623427054,1.2555837066,0.2535309388,220.0000000000,60.0000000000,19.0000000000,2.0000000000,-0.0016000000,0.4900000000,0.1700000000

optimal_chisq=0.9868115255,optimal_hour=5.5500018008, source_hour=5.5500000000 
parameter is :
1.0265907488,0.9434718763,0.9446684388,0.7492581360,1.1066225132,0.2814731907,220.0064544676,60.0101683891,5.5500018008,1.9927804632,0.0465304808,0.4889959754,-0.0227541639,

##################################
1.0000000000,0.6717088309,1.2856286469,0.2147006548,1.2997212738,0.0007185343,139.0000000000,24.0000000000,13.0000000000,319.0000000000,-0.0021000000,0.4200000000,0.0900000000

optimal_chisq=0.9949425078,optimal_hour=5.6800013148, source_hour=5.6800000000 
parameter is :
0.9295660725,0.7614020400,1.2986980577,0.2330234169,1.3310663762,0.1920371521,139.0553814838,24.0267224157,5.6800013148,319.0036131672,0.0885115091,0.4239144008,0.1506525299,

##################################
1.0000000000,0.9612011909,1.6803058220,0.0911906980,0.3549553669,1.3755170532,294.0000000000,76.0000000000,9.0000000000,182.0000000000,-0.0015000000,0.3600000000,0.0900000000

optimal_chisq=1.1441470769,optimal_hour=5.7400033713, source_hour=5.7400000000 
parameter is :
0.4413904105,0.6026068415,0.5400806612,0.4991601311,0.5490962862,0.5890761915,297.7271974610,68.8461663860,5.7400033713,176.9340393888,0.3623512410,0.3679554700,0.2913781920,

##################################
1.0000000000,0.6737019539,1.3047754826,0.1949212239,0.2019724241,1.2702872164,327.0000000000,-22.0000000000,3.0000000000,60.0000000000,-0.0012000000,0.4000000000,0.0500000000

optimal_chisq=1.0496068096,optimal_hour=5.6100012565, source_hour=5.6100000000 
parameter is :
1.1136150738,0.5311987938,1.2087904000,0.2348737032,0.2724934853,1.1862746107,327.6554200109,-23.5404907475,5.6100012565,59.7415780714,0.1460108519,0.3971992487,0.0527616650,

##################################
1.0000000000,0.1618464175,0.1519359992,0.9831393319,0.4523028412,0.5965231304,351.0000000000,79.0000000000,10.0000000000,76.0000000000,-0.0023000000,0.2400000000,0.1100000000

optimal_chisq=0.9792605135,optimal_hour=5.0399997342, source_hour=5.0400000000 
parameter is :
0.5787337710,0.9123652428,0.2408023010,1.1945261172,0.6990732779,0.8135693554,353.1527286783,80.8276264971,5.0399997342,74.4559977727,0.0632209741,0.2462523585,-0.1289987485,

##################################
1.0000000000,0.6626153210,1.4276127344,0.0405229087,0.9996348768,0.3166086840,52.0000000000,-88.0000000000,18.0000000000,255.0000000000,-0.0020000000,0.2000000000,0.0900000000

optimal_chisq=1.0279380098,optimal_hour=5.0600010544, source_hour=5.0600000000 
parameter is :
0.8636830053,1.0639866137,1.2824966965,0.6249924189,0.6809539536,1.4525661710,52.3689304742,-90.9827900193,5.0600010544,254.7037522505,0.0667813879,0.2073837170,0.0161098197,

##################################
1.0000000000,0.9599893060,1.2580748443,0.5638073018,0.9251472678,0.7887783538,103.0000000000,-24.0000000000,9.0000000000,120.0000000000,-0.0016000000,0.4700000000,0.0700000000

optimal_chisq=0.8367049401,optimal_hour=5.0600017006, source_hour=5.0600000000 
parameter is :
1.4376807926,1.0497134838,1.5443725782,0.6034832828,0.4817991136,0.1622669368,105.9355741283,-25.4584511083,5.0600017006,113.3302356315,0.1598674250,0.4673346280,0.0876384791,

##################################
1.0000000000,0.0840498605,0.3571491311,0.6564277038,0.4738832233,0.4354692952,65.0000000000,-23.0000000000,11.0000000000,288.0000000000,-0.0015000000,0.2200000000,0.1400000000

optimal_chisq=0.7124342467,optimal_hour=5.0600019374, source_hour=5.0600000000 
parameter is :
1.1033348992,0.5945757471,0.3139158358,1.0766421787,0.3935876061,0.2720010034,67.2216122811,-22.7948315293,5.0600019374,277.2394660933,0.0724086681,0.2136609937,-0.0422113269,

##################################
1.0000000000,0.8630572552,1.0495969013,0.6929965843,0.6062068573,1.0637867257,12.0000000000,44.0000000000,17.0000000000,129.0000000000,-0.0021000000,0.4600000000,0.1800000000

optimal_chisq=0.9457406812,optimal_hour=5.5499993019, source_hour=5.5500000000 
parameter is :
0.6312188928,1.0505949817,0.9572152901,0.9500912978,0.2732027342,1.5190151176,11.9626015341,44.1975055869,5.5499993019,129.0351919706,0.0414447764,0.4640353986,-0.1445007524,

##################################
1,chisq=0.712434246733480214253120266221,optimalHour=5.0600019374,InitHout=5.0600000000,deviation=0.0000019374
2,chisq=0.836704940097016014455277854722,optimalHour=5.0600017006,InitHout=5.0600000000,deviation=0.0000017006
3,chisq=0.853883196744804395805772401218,optimalHour=5.6300010753,InitHout=5.6300000000,deviation=0.0000010753
4,chisq=0.904941066340773425658028372709,optimalHour=5.6300009817,InitHout=5.6300000000,deviation=0.0000009817
5,chisq=0.909070395367402861452887918858,optimalHour=5.6299994804,InitHout=5.6300000000,deviation=0.0000005196
6,chisq=0.916715116550767428194035346678,optimalHour=5.0600000424,InitHout=5.0600000000,deviation=0.0000000424
7,chisq=0.945740681158671381290048429946,optimalHour=5.5499993019,InitHout=5.5500000000,deviation=0.0000006981
8,chisq=0.966464760240961839876661088056,optimalHour=5.7400006783,InitHout=5.7400000000,deviation=0.0000006783
9,chisq=0.979260513529717657732476254751,optimalHour=5.0399997342,InitHout=5.0400000000,deviation=0.0000002658
10,chisq=0.986811525470154715655723975942,optimalHour=5.5500018008,InitHout=5.5500000000,deviation=0.0000018008
11,chisq=0.994942507831257261230462063395,optimalHour=5.6800013148,InitHout=5.6800000000,deviation=0.0000013148
12,chisq=1.003224350584117186002686139545,optimalHour=5.0400021139,InitHout=5.0400000000,deviation=0.0000021139
13,chisq=1.014715827895366739852534010424,optimalHour=5.5299996961,InitHout=5.5300000000,deviation=0.0000003039
14,chisq=1.019578006659188629257073444023,optimalHour=5.0599979028,InitHout=5.0600000000,deviation=0.0000020972
15,chisq=1.027938009794468365853958857770,optimalHour=5.0600010544,InitHout=5.0600000000,deviation=0.0000010544
16,chisq=1.036843325060666121117947113817,optimalHour=5.0600012939,InitHout=5.0600000000,deviation=0.0000012939
17,chisq=1.046632707302880049837767728604,optimalHour=5.0600003303,InitHout=5.0600000000,deviation=0.0000003303
18,chisq=1.047339746808170435343754434143,optimalHour=5.0799997680,InitHout=5.0800000000,deviation=0.0000002320
19,chisq=1.049606809628304437964629869384,optimalHour=5.6100012565,InitHout=5.6100000000,deviation=0.0000012565
20,chisq=1.056848217925734578770402549708,optimalHour=5.0600012573,InitHout=5.0600000000,deviation=0.0000012573
21,chisq=1.059306975465006406267320926418,optimalHour=5.5699988801,InitHout=5.5700000000,deviation=0.0000011199
22,chisq=1.069140543857738379074362455867,optimalHour=5.6499992269,InitHout=5.6500000000,deviation=0.0000007731
23,chisq=1.083423467398385575677366432501,optimalHour=5.6800030455,InitHout=5.6800000000,deviation=0.0000030455
24,chisq=1.106223479683327459710540097149,optimalHour=5.6499997145,InitHout=5.6500000000,deviation=0.0000002855
25,chisq=1.144147076875962065756198171584,optimalHour=5.7400033713,InitHout=5.7400000000,deviation=0.0000033713
26,chisq=1.149242951739339879679846490035,optimalHour=5.0800009335,InitHout=5.0800000000,deviation=0.0000009335
27,chisq=1.174957863230310373126030754065,optimalHour=5.5299971232,InitHout=5.5300000000,deviation=0.0000028768
28,chisq=1.246065286699308050089030075469,optimalHour=5.6600008789,InitHout=5.6600000000,deviation=0.0000008789
29,chisq=1.416707657465395842066868681286,optimalHour=5.0300011270,InitHout=5.0300000000,deviation=0.0000011270
30,chisq=1.508311115709195071588055725442,optimalHour=5.3599994600,InitHout=5.3600000000,deviation=0.0000005400
1.0000000000,0.0840498605,0.3571491311,0.6564277038,0.4738832233,0.4354692952,65.0000000000,-23.0000000000,11.0000000000,288.0000000000,-0.0015000000,0.2200000000,0.1400000000

optimal_chisq=0.7124342467,optimal_hour=5.0600019374, source_hour=5.0600000000 
parameter is :
1.1033348992,0.5945757471,0.3139158358,1.0766421787,0.3935876061,0.2720010034,67.2216122811,-22.7948315293,5.0600019374,277.2394660933,0.0724086681,0.2136609937,-0.0422113269,

run over!

##################################
1.0000000000,0.9599893060,1.2580748443,0.5638073018,0.9251472678,0.7887783538,103.0000000000,-24.0000000000,9.0000000000,120.0000000000,-0.0016000000,0.4700000000,0.0700000000

optimal_chisq=0.8367049401,optimal_hour=5.0600017006, source_hour=5.0600000000 
parameter is :
1.4376807926,1.0497134838,1.5443725782,0.6034832828,0.4817991136,0.1622669368,105.9355741283,-25.4584511083,5.0600017006,113.3302356315,0.1598674250,0.4673346280,0.0876384791,

run over!

##################################
1.0000000000,0.7793406531,1.2219108151,0.4074426374,0.0576784761,1.5645640203,359.0000000000,41.0000000000,23.0000000000,11.0000000000,-0.0016000000,0.3400000000,0.0600000000

optimal_chisq=0.8538831967,optimal_hour=5.6300010753, source_hour=5.6300000000 
parameter is :
1.4499072001,1.5757292694,2.4582852216,0.1904145229,0.4006580844,2.3511572853,344.2894021251,45.2046494021,5.6300010753,8.7905551083,-0.0651850202,0.3392695076,0.0616091356,

run over!

##################################
1.0000000000,0.2838614826,0.5976701771,0.5851311968,0.1115396962,1.0520906940,359.0000000000,16.0000000000,10.0000000000,71.0000000000,-0.0018000000,0.3300000000,0.1400000000

optimal_chisq=0.9049410663,optimal_hour=5.6300009817, source_hour=5.6300000000 
parameter is :
1.1431554566,-0.5435648615,0.4411349925,0.4357328029,0.2257838052,1.2925236139,351.2385565599,43.0749213319,5.6300009817,75.1538615012,0.1536772787,0.3111162562,-0.0035090857,

run over!

##################################
1.0000000000,0.9730375693,1.0916555871,0.7637062185,1.2452739892,0.4644152637,85.0000000000,45.0000000000,12.0000000000,57.0000000000,-0.0020000000,0.3900000000,0.1200000000

optimal_chisq=0.8497275370,optimal_hour=5.6310006879, source_hour=5.6310000000 
parameter is :
1.2913589584,1.1837895425,1.1795534328,1.8411078427,0.1321660823,0.3671948229,87.7253712586,45.1253008218,5.6310006879,60.0783535523,0.2791333495,0.3829518231,-0.0013853352,

run over!

##################################
1.0000000000,0.8932714490,0.8425817663,0.9570503483,0.8104614622,0.8940760653,68.0000000000,31.0000000000,22.0000000000,224.0000000000,-0.0023000000,0.4400000000,0.0700000000

optimal_chisq=0.9167151166,optimal_hour=5.0600000424, source_hour=5.0600000000 
parameter is :
1.0289043632,0.9210414782,0.8116471087,0.9315906740,0.8101794115,0.8940193466,68.0000068843,30.9999741425,5.0600000424,223.9999834811,0.0156347456,0.4399392914,0.0704719296,

run over!

##################################
1,chisq=0.712434246733480214253120266221,optimalHour=5.0600019374,InitHout=5.0600000000,deviation=0.0000019374
2,chisq=0.836704940097016014455277854722,optimalHour=5.0600017006,InitHout=5.0600000000,deviation=0.0000017006
3,chisq=0.849727536999129728911839265493,optimalHour=5.6310006879,InitHout=5.6310000000,deviation=0.0000006879
4,chisq=0.853883196744804395805772401218,optimalHour=5.6300010753,InitHout=5.6300000000,deviation=0.0000010753
5,chisq=0.904941066340773425658028372709,optimalHour=5.6300009817,InitHout=5.6300000000,deviation=0.0000009817
6,chisq=0.916715116550767428194035346678,optimalHour=5.0600000424,InitHout=5.0600000000,deviation=0.0000000424




1.0000000000,0.9730375693,1.0916555871,0.7637062185,1.2452739892,0.4644152637,85.0000000000,45.0000000000,12.0000000000,57.0000000000,-0.0020000000,0.3900000000,0.1200000000


1.0000000000,0.9730375693,1.0916555871,0.7637062185,1.2452739892,0.4644152637,85.0000000000,45.0000000000,12.0000000000,57.0000000000,-0.0020000000,0.3900000000,0.1200000000

optimal_chisq=0.5210675154,optimal_hour=5.6551957530 
parameter is :
0.7462081663,0.8862176036,0.7764748672,1.2723912748,1.2736649111,0.9956210943,84.1995930672,45.5275185276,5.6551957530,56.8462607635,0.0071911013,0.4009276333,-0.0006308054,


Pole:
optimalLambda,optimalBeta:(265.0053963230,9.9865372020)
optimalParameter:{1.1102594582,0.8291182800,0.7982330598,1.1363893735,0.9523411026,1.2573132947,265.0053963230,9.9865372020,5.6551962554,99.0073781026,0.0060266110,0.2550430682,0.1029068135}



















