1.0000000000,0.8136166990,0.9106306709,0.7962872014,0.5218385329,1.1215725848,2.0000000000,40.0000000000,11.0000000000,0.0000000000,-0.0024000000,0.2400000000,0.0700000000

optimal_chisq=0.8828438128,optimal_hour=7.5200024687, source_hour=7.5200000000 
parameter is :
0.9125196587,0.9260138802,0.8886915048,0.8146301526,0.5641540739,1.1043990456,2.0000445672,40.0007513209,7.5200024687,-0.0001644733,-0.0130977124,0.2398180441,0.1662278940,

##################################
1.0000000000,0.7196558699,1.0908194719,0.4909088601,1.0027580779,0.4399607602,30.0000000000,-67.0000000000,23.0000000000,339.0000000000,-0.0021000000,0.2100000000,0.0600000000

optimal_chisq=0.8585334457,optimal_hour=7.8800010043, source_hour=7.8800000000 
parameter is :
1.0372508784,0.6152776243,0.9276482078,0.6185097186,0.8467456203,0.5418994504,31.1822830242,-67.9314007966,7.8800010043,338.6753580882,0.0169970609,0.2097688235,-0.0807589534,

##################################
1.0000000000,0.3180786377,0.0719242535,1.2351489944,0.6597786129,0.5370391502,274.0000000000,-17.0000000000,4.0000000000,249.0000000000,-0.0024000000,0.2300000000,0.0800000000

optimal_chisq=0.7697761805,optimal_hour=7.7700004760, source_hour=7.7700000000 
parameter is :
0.9895223464,0.3102023983,0.3558965073,0.9588273875,0.6751565131,0.7674994888,275.2812539216,-16.4730951198,7.7700004760,250.2123494513,-0.0469519912,0.2295340210,0.0047980203,

##################################
1.0000000000,0.0105898012,0.5442595743,0.3437506536,0.5219475220,0.2266081409,85.0000000000,56.0000000000,19.0000000000,168.0000000000,-0.0021000000,0.4600000000,0.0500000000

optimal_chisq=0.7471132931,optimal_hour=7.5700031504, source_hour=7.5700000000 
parameter is :
0.6625356726,0.5743528870,0.5774871935,0.2637129626,0.5092675606,0.8268549540,87.9198781751,56.1103964665,7.5700031504,166.8109297551,-0.0405229938,0.4600566532,-0.2736381993,

##################################
1.0000000000,0.1728327778,0.1584739973,0.9866814915,0.8527881749,0.1163846255,269.0000000000,4.0000000000,19.0000000000,138.0000000000,-0.0014000000,0.2900000000,0.0700000000

optimal_chisq=0.7656975865,optimal_hour=7.5699867396, source_hour=7.5700000000 
parameter is :
0.8793753021,0.5734633686,0.7629048870,0.8568881550,0.6770149906,0.5599464776,275.7796767237,8.5308487976,7.5699867396,134.4923225863,-0.0266012656,0.2899470305,-0.1200985806,

##################################
1.0000000000,0.6369704449,1.1579324681,0.3226188883,0.7485522466,0.6228316873,308.0000000000,37.0000000000,6.0000000000,264.0000000000,-0.0014000000,0.3400000000,0.0500000000

optimal_chisq=0.6869710142,optimal_hour=7.4499992043, source_hour=7.4500000000 
parameter is :
0.3595698821,1.8496928981,0.4878429508,1.1831200506,0.7883867433,0.6162172600,310.8114075108,39.3262065545,7.4499992043,262.2362819336,0.0807760532,0.3375626412,-0.0254666704,

##################################
1.0000000000,0.7112199747,1.4702502508,0.0471893221,0.4158912926,1.0445958740,40.0000000000,48.0000000000,10.0000000000,333.0000000000,-0.0020000000,0.4300000000,0.1100000000

optimal_chisq=0.8568434271,optimal_hour=7.5200012442, source_hour=7.5200000000 
parameter is :
1.0190521650,1.0192224609,1.5816555073,0.3836231681,0.8506147180,1.1558466233,40.5435645923,49.9230614037,7.5200012442,332.5322398914,-0.0389542635,0.4295119951,0.0954369561,

##################################
1.0000000000,0.9198426432,1.1789015972,0.6090708244,0.2964114655,1.4577660333,165.0000000000,27.0000000000,16.0000000000,47.0000000000,-0.0012000000,0.2400000000,0.1300000000

optimal_chisq=0.7952985248,optimal_hour=7.7699992386, source_hour=7.7700000000 
parameter is :
0.9824787492,0.9067350133,1.4249269246,0.3720038544,0.4773711665,1.3358870276,165.2355569845,27.2155540462,7.7699992386,47.0303903863,-0.0078132839,0.2399667694,-0.0210543640,

##################################
1.0000000000,0.6944867762,1.1125721021,0.4384517477,0.4601140730,1.0291176366,62.0000000000,-63.0000000000,9.0000000000,206.0000000000,-0.0016000000,0.4100000000,0.1800000000

optimal_chisq=0.7545681226,optimal_hour=8.1499989108, source_hour=8.1500000000 
parameter is :
-0.3361999876,-0.1397129378,1.1012064273,1.5774868457,1.6344433470,1.0443012588,60.1222851615,-64.7255274287,8.1499989108,207.5926538978,-0.1128188072,0.4078190676,-0.3624151182,

##################################
1.0000000000,0.4977310474,0.4114751486,1.0291306030,0.9453903955,0.3491582063,51.0000000000,8.0000000000,15.0000000000,95.0000000000,-0.0024000000,0.2400000000,0.1700000000

optimal_chisq=0.8726462215,optimal_hour=7.8800018584, source_hour=7.8800000000 
parameter is :
1.2196681083,0.5129378885,1.3001505301,1.4597980689,1.6678296287,1.2644376667,57.8008518617,5.7598275626,7.8800018584,90.2055814913,-0.0100161876,0.2398719684,-0.1336704902,

##################################
1.0000000000,0.2614777364,0.9834800056,0.0957402098,0.1924049848,0.8498959537,241.0000000000,-18.0000000000,12.0000000000,283.0000000000,-0.0019000000,0.2000000000,0.0800000000

optimal_chisq=0.8427808417,optimal_hour=7.8999957318, source_hour=7.9000000000 
parameter is :
0.7122757822,0.8602281035,0.7730376592,0.8833389216,0.8208205196,0.7306894181,240.7386390814,-17.9056746260,7.8999957318,282.8928607747,-0.0549649696,0.1960361461,0.0147882169,

##################################
1.0000000000,0.2153490778,0.9686808447,0.0579592970,0.4452364222,0.4857560211,141.0000000000,-57.0000000000,21.0000000000,94.0000000000,-0.0017000000,0.3800000000,0.1800000000

optimal_chisq=0.8220022173,optimal_hour=7.9500003119, source_hour=7.9500000000 
parameter is :
0.6570870710,0.4920911710,1.0888911623,0.2978705092,0.3232329350,0.5551367236,145.8573888673,-55.8242385954,7.9500003119,89.0716137521,-0.0152139876,0.3799610022,-0.0041153636,

##################################
1.0000000000,0.8390321279,1.1828067450,0.5170608057,0.7996164182,0.8002934493,355.0000000000,-28.0000000000,3.0000000000,284.0000000000,-0.0012000000,0.4100000000,0.1600000000

optimal_chisq=0.6735834137,optimal_hour=8.0900026830, source_hour=8.0900000000 
parameter is :
0.7206795337,0.9654256965,1.2124096788,0.4103860551,0.5493278213,1.0946177899,355.0086222018,-28.0119572654,8.0900026830,284.0022996917,-0.0373449872,0.4100561795,-0.1556532432,

##################################
1.0000000000,0.5831057176,0.6409191748,0.8565884228,1.1521018709,0.1712925783,70.0000000000,-78.0000000000,17.0000000000,72.0000000000,-0.0017000000,0.4300000000,0.1100000000

optimal_chisq=0.8612806914,optimal_hour=7.7000027529, source_hour=7.7000000000 
parameter is :
-0.0213908401,-0.1876689300,1.1516608186,1.3226049410,1.3190868537,1.4223766191,70.7518259746,-75.7396231973,7.7000027529,70.7882512588,0.4250074901,0.3449634231,-0.2343440641,

##################################
1.0000000000,0.0504388167,0.0304532917,1.0141549580,0.3082858184,0.6735228605,74.0000000000,-76.0000000000,8.0000000000,67.0000000000,-0.0018000000,0.2900000000,0.0600000000

optimal_chisq=0.7954907859,optimal_hour=8.0100004773, source_hour=8.0100000000 
parameter is :
0.4915883891,0.1993854799,0.3699550916,0.3763771741,0.3568155655,0.3423334125,74.3165968294,-72.5665354629,8.0100004773,67.3416290521,-0.0705669919,0.2893727813,-0.0563323391,

##################################
1.0000000000,0.2952580165,0.5849983963,0.6125612012,0.0468553104,1.1428273444,348.0000000000,-77.0000000000,17.0000000000,57.0000000000,-0.0012000000,0.3900000000,0.1600000000

optimal_chisq=0.9043218918,optimal_hour=7.6199999967, source_hour=7.6200000000 
parameter is :
0.9195462612,0.5290642147,0.7053266044,0.7758666038,0.8655353852,0.6940489911,356.3111345457,-80.1504689411,7.6199999967,54.9094407340,0.0005421743,0.3908205119,-0.0756451357,

##################################
1.0000000000,0.4733171991,0.1936867366,1.2528511098,0.2742646231,1.1333032191,28.0000000000,-10.0000000000,14.0000000000,294.0000000000,-0.0019000000,0.4400000000,0.0600000000

optimal_chisq=0.8082091263,optimal_hour=8.0900010799, source_hour=8.0900000000 
parameter is :
0.8356143065,2.0189615536,1.9305778528,0.9820597077,1.3324336562,1.6243951119,37.2817346799,3.9831540011,8.0900010799,297.2513936533,-0.1294193620,0.4296949315,0.2971470924,

##################################
1.0000000000,0.8630515634,0.5725073317,1.2269117705,0.9736599301,0.7101065643,63.0000000000,-58.0000000000,8.0000000000,75.0000000000,-0.0020000000,0.4700000000,0.1000000000

optimal_chisq=0.8417270979,optimal_hour=7.8800008419, source_hour=7.8800000000 
parameter is :
0.7849874567,1.1414209809,0.6780721708,1.3687513432,1.3647792277,0.1615982033,62.9692728082,-58.2530040845,7.8800008419,74.6958595760,0.3983291944,0.4292187085,-0.0436466632,

##################################
1.0000000000,0.8985744807,0.5166908405,1.3257974391,0.6107767167,1.1628378953,347.0000000000,21.0000000000,22.0000000000,215.0000000000,-0.0020000000,0.2300000000,0.1600000000

optimal_chisq=0.8790343170,optimal_hour=7.5699980166, source_hour=7.5700000000 
parameter is :
1.0650112689,0.8412273351,0.5465426925,1.2886901446,0.6293534669,1.1702556441,346.9970369766,21.0019886599,7.5699980166,215.0006076832,0.0115223086,0.2301175842,0.1804897167,

##################################
1.0000000000,0.5620944731,0.9647231823,0.4621492235,1.1240519460,0.1224703911,354.0000000000,-13.0000000000,16.0000000000,269.0000000000,-0.0019000000,0.4800000000,0.1900000000

optimal_chisq=0.8649267656,optimal_hour=7.6699708352, source_hour=7.6700000000 
parameter is :
1.2511368164,1.8100356290,0.7421224411,1.4338035863,1.3148765310,1.0304048701,310.7666331627,8.6860629920,7.6699708352,281.4757862366,-0.1236081497,0.4862258707,0.0597627245,

##################################
1.0000000000,0.7834129160,1.0737301039,0.5798125481,0.9869387665,0.5370865105,105.0000000000,82.0000000000,2.0000000000,166.0000000000,-0.0012000000,0.4800000000,0.1400000000

optimal_chisq=0.7825686234,optimal_hour=7.4499999848, source_hour=7.4500000000 
parameter is :
0.9383122553,0.8440735671,1.0096367586,0.6601238046,1.0124006062,0.5519092753,104.9988225824,82.0005632243,7.4499999848,165.9988106970,-0.0069101663,0.4799715193,0.0314349091,

##################################
1.0000000000,0.6677426806,1.0359861185,0.4965583846,1.2864578976,0.0541675415,71.0000000000,-85.0000000000,8.0000000000,356.0000000000,-0.0022000000,0.3800000000,0.1000000000

optimal_chisq=0.7352093415,optimal_hour=7.5700035861, source_hour=7.5700000000 
parameter is :
-0.0614018567,-0.2470809236,1.6921629401,1.6700672108,1.8722317726,1.8737247901,65.8557780804,-74.8734729986,7.5700035861,360.8541406668,-0.0160178818,0.3800563191,-0.0507590555,

##################################
1.0000000000,0.9752785512,0.3892666555,1.5457785562,0.2731332532,1.6332574701,215.0000000000,11.0000000000,7.0000000000,232.0000000000,-0.0015000000,0.2000000000,0.1400000000

optimal_chisq=0.7174987138,optimal_hour=7.7699995002, source_hour=7.7700000000 
parameter is :
1.0377007907,1.0290905036,0.4641692599,1.5779395841,0.6212340028,1.4538295167,216.0387618977,6.9911458331,7.7699995002,233.9928518988,-0.0184247123,0.1999346077,0.1272403130,

##################################
1.0000000000,0.1950928947,0.1826351440,0.9810691682,0.4890795952,0.5834211241,301.0000000000,-81.0000000000,13.0000000000,311.0000000000,-0.0016000000,0.4100000000,0.1700000000

optimal_chisq=0.8063538758,optimal_hour=8.2100002065, source_hour=8.2100000000 
parameter is :
1.4920430479,0.4514758240,0.7093318949,1.3029312919,0.7321016205,1.3020284201,298.7735255586,-80.5370943766,8.2100002065,312.4524167611,0.0471060306,0.4087597459,-0.0850997686,

##################################
1.0000000000,0.8670295695,0.4312491138,1.3883808049,0.5297322841,1.2296806999,279.0000000000,37.0000000000,7.0000000000,163.0000000000,-0.0021000000,0.2400000000,0.0700000000

optimal_chisq=0.6785090436,optimal_hour=7.7699796790, source_hour=7.7700000000 
parameter is :
0.6755160680,1.1525450360,1.1267179010,0.9438804744,0.7943449817,0.8819426137,280.5717363574,38.2792452386,7.7699796790,163.4120959257,-0.0908709034,0.2320466145,0.0109979977,

##################################
1.0000000000,0.8860845058,1.5042636957,0.2059004195,0.1125894036,1.5843046547,272.0000000000,45.0000000000,10.0000000000,216.0000000000,-0.0012000000,0.4100000000,0.1900000000

optimal_chisq=0.6001531134,optimal_hour=7.7699979588, source_hour=7.7700000000 
parameter is :
0.7000236841,0.0719169217,-0.6583455580,3.3758777494,1.9737230750,0.8913690337,286.4915592753,30.5800418651,7.7699979588,223.2769915947,-0.3088645637,0.3480460116,0.1984932513,

##################################
1.0000000000,0.3454669157,0.3255090946,0.9696940302,1.0305639944,0.0788546150,1.0000000000,58.0000000000,22.0000000000,352.0000000000,-0.0015000000,0.3000000000,0.0700000000

optimal_chisq=0.8861784498,optimal_hour=7.5900052238, source_hour=7.5900000000 
parameter is :
0.9787327785,0.6498041174,0.5670424199,1.0416324156,1.2232931528,0.3157491183,0.3018437530,49.8171722371,7.5900052238,352.1177160450,-0.0164389391,0.2996886451,0.0036119224,

##################################
1.0000000000,0.0707034958,0.8559084931,0.0191781446,0.4462080609,0.3110265836,163.0000000000,23.0000000000,5.0000000000,268.0000000000,-0.0017000000,0.3300000000,0.0500000000

optimal_chisq=0.8765753719,optimal_hour=7.5499969575, source_hour=7.5500000000 
parameter is :
-4.2556436731,-1.7525686355,-4.8080931342,-2.4658974137,1.7219725077,-0.0514817529,121.1837529461,26.1008174486,7.5499969575,239.3037774527,-0.0932037468,0.4048196302,-0.0438582826,

##################################
1.0000000000,0.1621553140,0.4882437811,0.5827343629,0.2182668220,0.8102690853,229.0000000000,-60.0000000000,4.0000000000,188.0000000000,-0.0018000000,0.3200000000,0.1900000000

optimal_chisq=0.8344133895,optimal_hour=8.4399999747, source_hour=8.4400000000 
parameter is :
0.7625553060,0.4552889657,0.7194061442,0.4564483234,0.3597985105,0.8991750055,229.9856400756,-61.3773328478,8.4399999747,185.6227506821,-0.0001513730,0.3200087556,0.1068075778,

##################################
1.0000000000,0.5013148931,0.6182424800,0.7956178813,0.8381023259,0.4451349040,124.0000000000,75.0000000000,9.0000000000,262.0000000000,-0.0023000000,0.3400000000,0.0900000000

optimal_chisq=0.7709845962,optimal_hour=7.5200000319, source_hour=7.5200000000 
parameter is :
1.0000000000,0.5013148931,0.6182424800,0.7956178813,0.8381023259,0.4451349040,124.0000000000,75.0000000000,7.5200000319,262.0000000000,-0.0023000000,0.3400000000,0.0900000000,

##################################
1,chisq=0.600153113353174338939766130352,optimalHour=7.7699979588,InitHout=7.7700000000,deviation=0.0000020412
2,chisq=0.673583413747248282987811762723,optimalHour=8.0900026830,InitHout=8.0900000000,deviation=0.0000026830
3,chisq=0.678509043553599755504990298505,optimalHour=7.7699796790,InitHout=7.7700000000,deviation=0.0000203210
4,chisq=0.686971014177924832466715088231,optimalHour=7.4499992043,InitHout=7.4500000000,deviation=0.0000007957
5,chisq=0.717498713818223388116734895448,optimalHour=7.7699995002,InitHout=7.7700000000,deviation=0.0000004998
6,chisq=0.735209341451001696654543593468,optimalHour=7.5700035861,InitHout=7.5700000000,deviation=0.0000035861
7,chisq=0.747113293060834848802187480032,optimalHour=7.5700031504,InitHout=7.5700000000,deviation=0.0000031504
8,chisq=0.754568122552734976693500357214,optimalHour=8.1499989108,InitHout=8.1500000000,deviation=0.0000010892
9,chisq=0.765697586452158351910668443452,optimalHour=7.5699867396,InitHout=7.5700000000,deviation=0.0000132604
10,chisq=0.769776180507414808928956517775,optimalHour=7.7700004760,InitHout=7.7700000000,deviation=0.0000004760
11,chisq=0.770984596185291581882381706237,optimalHour=7.5200000319,InitHout=7.5200000000,deviation=0.0000000319
12,chisq=0.782568623381487027401703926444,optimalHour=7.4499999848,InitHout=7.4500000000,deviation=0.0000000152
13,chisq=0.795298524763875080978436926671,optimalHour=7.7699992386,InitHout=7.7700000000,deviation=0.0000007614
14,chisq=0.795490785946976974862820952694,optimalHour=8.0100004773,InitHout=8.0100000000,deviation=0.0000004773
15,chisq=0.806353875767119809836458443897,optimalHour=8.2100002065,InitHout=8.2100000000,deviation=0.0000002065
16,chisq=0.808209126266257738002707355918,optimalHour=8.0900010799,InitHout=8.0900000000,deviation=0.0000010799
17,chisq=0.822002217289714898207364512928,optimalHour=7.9500003119,InitHout=7.9500000000,deviation=0.0000003119
18,chisq=0.834413389461535315305695803545,optimalHour=8.4399999747,InitHout=8.4400000000,deviation=0.0000000253
19,chisq=0.841727097885935471310858702054,optimalHour=7.8800008419,InitHout=7.8800000000,deviation=0.0000008419
20,chisq=0.842780841715791040336114292586,optimalHour=7.8999957318,InitHout=7.9000000000,deviation=0.0000042682
21,chisq=0.856843427125348888750977494055,optimalHour=7.5200012442,InitHout=7.5200000000,deviation=0.0000012442
22,chisq=0.858533445717006404862559065805,optimalHour=7.8800010043,InitHout=7.8800000000,deviation=0.0000010043
23,chisq=0.861280691368236817062609134155,optimalHour=7.7000027529,InitHout=7.7000000000,deviation=0.0000027529
24,chisq=0.864926765572268219095519725670,optimalHour=7.6699708352,InitHout=7.6700000000,deviation=0.0000291648
25,chisq=0.872646221519223330709280617157,optimalHour=7.8800018584,InitHout=7.8800000000,deviation=0.0000018584
26,chisq=0.876575371858124952062496504368,optimalHour=7.5499969575,InitHout=7.5500000000,deviation=0.0000030425
27,chisq=0.879034317041332724507185503171,optimalHour=7.5699980166,InitHout=7.5700000000,deviation=0.0000019834
28,chisq=0.882843812815179207476035116997,optimalHour=7.5200024687,InitHout=7.5200000000,deviation=0.0000024687
29,chisq=0.886178449838247561665127705055,optimalHour=7.5900052238,InitHout=7.5900000000,deviation=0.0000052238
30,chisq=0.904321891839208302776853543037,optimalHour=7.6199999967,InitHout=7.6200000000,deviation=0.0000000033
1.0000000000,0.8860845058,1.5042636957,0.2059004195,0.1125894036,1.5843046547,272.0000000000,45.0000000000,10.0000000000,216.0000000000,-0.0012000000,0.4100000000,0.1900000000

optimal_chisq=0.6001531134,optimal_hour=7.7699979588, source_hour=7.7700000000 
parameter is :
0.7000236841,0.0719169217,-0.6583455580,3.3758777494,1.9737230750,0.8913690337,286.4915592753,30.5800418651,7.7699979588,223.2769915947,-0.3088645637,0.3480460116,0.1984932513,

run over!

##################################
1.0000000000,0.8390321279,1.1828067450,0.5170608057,0.7996164182,0.8002934493,355.0000000000,-28.0000000000,3.0000000000,284.0000000000,-0.0012000000,0.4100000000,0.1600000000

optimal_chisq=0.6735834137,optimal_hour=8.0900026830, source_hour=8.0900000000 
parameter is :
0.7206795337,0.9654256965,1.2124096788,0.4103860551,0.5493278213,1.0946177899,355.0086222018,-28.0119572654,8.0900026830,284.0022996917,-0.0373449872,0.4100561795,-0.1556532432,

run over!

##################################
1.0000000000,0.8670295695,0.4312491138,1.3883808049,0.5297322841,1.2296806999,279.0000000000,37.0000000000,7.0000000000,163.0000000000,-0.0021000000,0.2400000000,0.0700000000

optimal_chisq=0.6785090436,optimal_hour=7.7699796790, source_hour=7.7700000000 
parameter is :
0.6755160680,1.1525450360,1.1267179010,0.9438804744,0.7943449817,0.8819426137,280.5717363574,38.2792452386,7.7699796790,163.4120959257,-0.0908709034,0.2320466145,0.0109979977,

run over!

##################################
1.0000000000,0.6369704449,1.1579324681,0.3226188883,0.7485522466,0.6228316873,308.0000000000,37.0000000000,6.0000000000,264.0000000000,-0.0014000000,0.3400000000,0.0500000000

optimal_chisq=0.6869710142,optimal_hour=7.4499992043, source_hour=7.4500000000 
parameter is :
0.3595698821,1.8496928981,0.4878429508,1.1831200506,0.7883867433,0.6162172600,310.8114075108,39.3262065545,7.4499992043,262.2362819336,0.0807760532,0.3375626412,-0.0254666704,

run over!

##################################
1.0000000000,0.9752785512,0.3892666555,1.5457785562,0.2731332532,1.6332574701,215.0000000000,11.0000000000,7.0000000000,232.0000000000,-0.0015000000,0.2000000000,0.1400000000

optimal_chisq=0.7174987138,optimal_hour=7.7699995002, source_hour=7.7700000000 
parameter is :
1.0377007907,1.0290905036,0.4641692599,1.5779395841,0.6212340028,1.4538295167,216.0387618977,6.9911458331,7.7699995002,233.9928518988,-0.0184247123,0.1999346077,0.1272403130,

run over!

##################################
1.0000000000,0.6677426806,1.0359861185,0.4965583846,1.2864578976,0.0541675415,71.0000000000,-85.0000000000,8.0000000000,356.0000000000,-0.0022000000,0.3800000000,0.1000000000

optimal_chisq=0.7352093415,optimal_hour=7.5700035861, source_hour=7.5700000000 
parameter is :
-0.0614018567,-0.2470809236,1.6921629401,1.6700672108,1.8722317726,1.8737247901,65.8557780804,-74.8734729986,7.5700035861,360.8541406668,-0.0160178818,0.3800563191,-0.0507590555,

run over!

##################################
1,chisq=0.600153113353174338939766130352,optimalHour=7.7699979588,InitHout=7.7700000000,deviation=0.0000020412
2,chisq=0.673583413747248282987811762723,optimalHour=8.0900026830,InitHout=8.0900000000,deviation=0.0000026830
3,chisq=0.678509043553599755504990298505,optimalHour=7.7699796790,InitHout=7.7700000000,deviation=0.0000203210
4,chisq=0.686971014177924832466715088231,optimalHour=7.4499992043,InitHout=7.4500000000,deviation=0.0000007957
5,chisq=0.717498713818223388116734895448,optimalHour=7.7699995002,InitHout=7.7700000000,deviation=0.0000004998
6,chisq=0.735209341451001696654543593468,optimalHour=7.5700035861,InitHout=7.5700000000,deviation=0.0000035861






1.0000000000,0.8390321279,1.1828067450,0.5170608057,0.7996164182,0.8002934493,355.0000000000,-28.0000000000,3.0000000000,284.0000000000,-0.0012000000,0.4100000000,0.1600000000


1.0000000000,0.8390321279,1.1828067450,0.5170608057,0.7996164182,0.8002934493,355.0000000000,-28.0000000000,3.0000000000,284.0000000000,-0.0012000000,0.4100000000,0.1600000000

optimal_chisq=0.6735834137,optimal_hour=8.0900026830 
parameter is :
0.7206795337,0.9654256965,1.2124096788,0.4103860551,0.5493278213,1.0946177899,355.0086222018,-28.0119572654,8.0900026830,284.0022996917,-0.0373449872,0.4100561795,-0.1556532432,


Pole:
optimalLambda,optimalBeta:(91.1992373474,-44.6147308824)
optimalParameter:{0.5617847769,0.9664787191,0.8577998540,0.6853778260,1.3065286046,0.4015288818,91.1992373474,-44.6147308824,8.0900051245,38.1309428116,-0.1060051416,0.3933984725,0.1427923193}







