1.0000000000,0.6655048484,0.7118758326,0.8632386553,0.6249533705,0.8663479592,199.0000000000,25.0000000000,6.0000000000,332.0000000000,-0.0020000000,0.2800000000,0.0900000000

optimal_chisq=2.6389503723,optimal_hour=8.6100016617, source_hour=8.6100000000 
parameter is :
0.6968626401,0.5318309897,1.0756025936,1.0884858265,1.1820633539,0.5280581408,199.0253998795,24.9447621431,8.6100016617,332.0901456062,0.1398713565,0.2711172345,-0.1390835463,

##################################
1.0000000000,0.1570670112,0.8174739808,0.1748302596,0.5519173523,0.3127228354,92.0000000000,-53.0000000000,9.0000000000,34.0000000000,-0.0019000000,0.4400000000,0.1600000000

optimal_chisq=2.4567203835,optimal_hour=8.2800005166, source_hour=8.2800000000 
parameter is :
1.0063463942,0.1514613793,0.8057466636,0.1499736822,0.5602523187,0.3250864969,92.0000010293,-53.0002064922,8.2800005166,33.9999242198,0.0000227139,0.4400083026,0.1627437812,

##################################
1.0000000000,0.6111923166,1.3820139132,0.0339775167,1.1899971338,0.0310858112,47.0000000000,0.0000000000,11.0000000000,232.0000000000,-0.0013000000,0.2900000000,0.1800000000

optimal_chisq=2.8459886006,optimal_hour=7.9500024242, source_hour=7.9500000000 
parameter is :
1.9348358480,2.8133478305,3.4512382919,0.5673065519,2.7882656901,-1.4068011093,40.2901871120,7.8877284800,7.9500024242,256.2917631686,1.4352914043,-1.1155879049,0.0712087253,

##################################
1.0000000000,0.8457811856,1.6207522334,0.0284830431,1.0154791277,0.4997168361,71.0000000000,-48.0000000000,14.0000000000,3.0000000000,-0.0018000000,0.4600000000,0.0600000000

optimal_chisq=2.1776336332,optimal_hour=8.2800011541, source_hour=8.2800000000 
parameter is :
1.6254835031,0.4201395793,1.3744693853,0.2214564233,0.9085604920,0.7100968823,71.0748510432,-47.9321555428,8.2800011541,2.5318486936,-0.0187654547,0.4599986199,0.1218608953,

##################################
1.0000000000,0.1906785756,0.7177026106,0.3368624882,0.5843157664,0.3444188146,301.0000000000,54.0000000000,24.0000000000,29.0000000000,-0.0024000000,0.4600000000,0.1600000000

optimal_chisq=3.3761462208,optimal_hour=8.0100016064, source_hour=8.0100000000 
parameter is :
0.8446483971,0.4647451328,1.0160839727,0.2116096310,0.3896186709,0.3660757369,300.9713965024,54.0440861870,8.0100016064,28.9712507952,0.4047537782,0.3903242440,-0.0484801016,

##################################
1.0000000000,0.7759046721,0.3469542865,1.3889771141,0.5134675000,1.1611399776,306.0000000000,-87.0000000000,24.0000000000,95.0000000000,-0.0014000000,0.2600000000,0.1500000000

optimal_chisq=3.1826908372,optimal_hour=7.6300149835, source_hour=7.6300000000 
parameter is :
0.7617563331,1.1862028808,0.5768446585,1.4081148969,1.1152569300,1.0332993315,305.8078205754,-87.4640175843,7.6300149835,95.1654398747,0.0736935372,0.2604042447,0.2150404355,

##################################
1.0000000000,0.7574802887,0.4782373102,1.2230213928,0.5902512751,1.0385297574,257.0000000000,-59.0000000000,14.0000000000,193.0000000000,-0.0016000000,0.3600000000,0.0800000000

optimal_chisq=2.8847316026,optimal_hour=7.6299997270, source_hour=7.6300000000 
parameter is :
1.8997970499,1.5057793733,2.2830865534,-0.0718891567,1.4967949049,1.4305913075,254.5604650449,-51.4506598756,7.6299997270,193.9852274832,0.1942515175,0.3338782103,0.3869672406,

##################################
1.0000000000,0.6257812356,0.3608196141,1.2192914634,0.5991543074,0.9010821186,213.0000000000,-76.0000000000,17.0000000000,117.0000000000,-0.0013000000,0.4300000000,0.0800000000

optimal_chisq=3.2809666724,optimal_hour=8.6899999866, source_hour=8.6900000000 
parameter is :
1.2638085477,0.3788163129,0.5363806205,1.1016227964,0.6256878818,0.8520632324,212.9984353855,-76.0004112333,8.6899999866,117.0016196858,0.0874037163,0.4302681779,-0.0137117602,

##################################
1.0000000000,0.1140458240,0.0110132836,1.1010518500,0.7594854237,0.1931264297,264.0000000000,80.0000000000,13.0000000000,228.0000000000,-0.0015000000,0.2100000000,0.1800000000

optimal_chisq=3.2905911454,optimal_hour=8.0500031258, source_hour=8.0500000000 
parameter is :
20.3696014439,19.9531919077,15.1665393113,21.4420743992,24.4967969595,12.0048969595,321.6929727895,-50.5999492515,8.0500031258,158.2227144830,1.3416851846,-0.9447509352,-0.4250064602,

##################################
1.0000000000,0.3712777339,0.2876306998,1.0403278040,0.9905353602,0.1661520964,118.0000000000,85.0000000000,8.0000000000,32.0000000000,-0.0018000000,0.4100000000,0.1600000000

optimal_chisq=3.2458426924,optimal_hour=8.3600008199, source_hour=8.3600000000 
parameter is :
1.2967148024,1.3505744064,1.2038010142,1.2601108695,1.9516098842,1.4034693592,132.9040943075,76.7841866298,8.3600008199,36.6991382406,0.8372740774,0.0942959401,-0.3864185265,

##################################
1.0000000000,0.7909641302,0.0423398196,1.7438836025,0.8574355091,0.8269798267,294.0000000000,45.0000000000,3.0000000000,97.0000000000,-0.0014000000,0.4800000000,0.1800000000

optimal_chisq=2.9645554542,optimal_hour=8.6099999593, source_hour=8.6100000000 
parameter is :
0.9767386315,0.8935803163,0.1230565903,1.7346393930,0.8404989171,0.7898751257,293.9989891242,44.9988065175,8.6099999593,96.9987480171,0.0207373429,0.4800645675,0.0774212778,

##################################
1.0000000000,0.0521650478,0.4003019914,0.5692920021,0.4682011625,0.3926116524,81.0000000000,-18.0000000000,19.0000000000,254.0000000000,-0.0014000000,0.3600000000,0.1500000000

optimal_chisq=2.5775838328,optimal_hour=8.2799997522, source_hour=8.2800000000 
parameter is :
0.9805628381,0.1591613087,0.7205067927,0.6001247868,0.4467959356,0.3303721558,86.1827355064,-15.8708746178,8.2799997522,250.1123951019,0.0384783714,0.3600434777,0.0166235776,

##################################
1.0000000000,0.7804886279,0.8131985044,0.8707052060,0.4672888138,1.1591534261,289.0000000000,-23.0000000000,7.0000000000,118.0000000000,-0.0016000000,0.4300000000,0.0500000000

optimal_chisq=3.4046659561,optimal_hour=7.6299945507, source_hour=7.6300000000 
parameter is :
0.9554576410,0.9667789841,0.7499217805,0.8615827808,0.1921813304,1.2114496794,288.9862686339,-23.0206299178,7.6299945507,117.9980225411,0.1312058271,0.4191793640,0.0735362861,

##################################
1.0000000000,0.1959234519,0.6957446744,0.3695598496,0.4747661293,0.4923573127,121.0000000000,-47.0000000000,23.0000000000,78.0000000000,-0.0023000000,0.3600000000,0.0700000000

optimal_chisq=2.5977662787,optimal_hour=8.2800004956, source_hour=8.2800000000 
parameter is :
1.3488063125,-0.2557158651,0.5339964718,0.7155811890,0.9951128726,0.7643861848,124.6693367760,-51.8290692317,8.2800004956,79.7182356127,0.1087345548,0.3528465930,-0.0346552431,

##################################
1.0000000000,0.8990375841,1.3100216829,0.4392355663,1.1157909982,0.4949198442,141.0000000000,-62.0000000000,17.0000000000,101.0000000000,-0.0023000000,0.2800000000,0.1500000000

optimal_chisq=2.7797083936,optimal_hour=8.2800010112, source_hour=8.2800000000 
parameter is :
1.0075635506,0.9063090778,1.2975253944,0.4219190173,1.1226104584,0.4995012249,141.0001086120,-62.0000326583,8.2800010112,100.9998754328,0.0015828314,0.2800318947,0.1558230758,

##################################
1.0000000000,0.2265279280,0.8178431904,0.2564240832,0.1738969984,0.8669559492,334.0000000000,-7.0000000000,22.0000000000,130.0000000000,-0.0012000000,0.4100000000,0.1600000000

optimal_chisq=2.9467329202,optimal_hour=8.2800004738, source_hour=8.2800000000 
parameter is :
1.3614455094,0.2479492806,1.3386797548,0.4595039456,0.7510425384,0.9093872853,337.0461805578,6.8884066990,8.2800004738,124.1994154765,-0.3889404897,0.6027065417,-0.1594757854,

##################################
1.0000000000,0.4411240334,1.1993852921,0.0496959405,0.5574742895,0.5948504905,37.0000000000,-51.0000000000,1.0000000000,201.0000000000,-0.0024000000,0.3000000000,0.1700000000

optimal_chisq=2.9324473855,optimal_hour=8.2900002772, source_hour=8.2900000000 
parameter is :
0.3167517711,1.2049890358,1.0505717369,0.6832441192,1.0524337832,0.4074223234,37.1607068266,-51.7891008766,8.2900002772,194.8065946329,0.3997090255,0.1510026207,0.0355015665,

##################################
1.0000000000,0.9788019149,1.1254695539,0.7321596823,1.5822775437,0.0856183188,140.0000000000,87.0000000000,1.0000000000,42.0000000000,-0.0012000000,0.4100000000,0.1400000000

optimal_chisq=3.2156502913,optimal_hour=8.1300020181, source_hour=8.1300000000 
parameter is :
2.7713775132,3.0719742435,1.0713136460,4.3236586996,3.8777473761,0.7226134876,157.2155612164,77.4988301581,8.1300020181,63.7887675746,2.1192323987,-4.5264736809,0.2028036777,

##################################
1.0000000000,0.7300920909,1.4653501739,0.0744066436,0.9773103863,0.4228462840,10.0000000000,-47.0000000000,7.0000000000,0.0000000000,-0.0013000000,0.4600000000,0.1900000000

optimal_chisq=3.0353612859,optimal_hour=8.2500000525, source_hour=8.2500000000 
parameter is :
1.4969871637,0.5407554910,1.4591515339,0.3008086081,0.5938757999,0.8036849150,8.1384266199,-48.5554504253,8.2500000525,3.4621020518,0.1380566625,0.4515560747,-0.1104399570,

##################################
1.0000000000,0.7624878957,0.8739353834,0.7830687199,0.5910625945,0.9912319557,336.0000000000,27.0000000000,16.0000000000,354.0000000000,-0.0020000000,0.4500000000,0.0800000000

optimal_chisq=3.0798318918,optimal_hour=8.2900005338, source_hour=8.2900000000 
parameter is :
1.0580049056,0.8436120038,0.7945440949,0.7315833802,0.5914156583,0.9807691492,335.9997552846,27.0005151071,8.2900005338,353.9998083567,0.0138713032,0.4500705397,0.0772048247,

##################################
1.0000000000,0.0273082503,0.7574529503,0.0913876456,0.3636370926,0.3885104866,99.0000000000,70.0000000000,6.0000000000,179.0000000000,-0.0023000000,0.2100000000,0.0600000000

optimal_chisq=2.5737879331,optimal_hour=8.0800000747, source_hour=8.0800000000 
parameter is :
1.1929078506,0.4170460674,0.2724547650,1.2196610497,0.6976974907,1.3509952841,141.7230327514,30.9404136147,8.0800000747,181.1830883078,-26.9422103979,51.4352643062,-0.2437142211,

##################################
1.0000000000,0.3820197486,0.7705320219,0.4891502027,0.6426514123,0.5050405900,51.0000000000,53.0000000000,1.0000000000,318.0000000000,-0.0021000000,0.2900000000,0.1100000000

optimal_chisq=2.8946484548,optimal_hour=8.3100000120, source_hour=8.3100000000 
parameter is :
1.6072984117,0.5702109072,0.8035845389,0.8545535773,-0.2557691781,-0.2914306243,48.9145541273,52.7090900788,8.3100000120,318.5081209245,0.1272408655,0.2735589128,-0.3237182308,

##################################
1.0000000000,0.3342354779,0.0345621672,1.2944722162,0.9110791009,0.2627192291,256.0000000000,81.0000000000,13.0000000000,112.0000000000,-0.0021000000,0.4200000000,0.0500000000

optimal_chisq=2.9027705136,optimal_hour=8.6099997730, source_hour=8.6100000000 
parameter is :
0.3878511315,0.6010651553,0.5203657574,0.5991451545,0.3871337210,0.6140372350,253.9581486849,91.8702405217,8.6099997730,106.7363563283,0.5773184919,0.3065770022,0.1417984908,

##################################
1.0000000000,0.5757120292,0.5032821516,1.0057261835,0.5299962975,0.9051526228,124.0000000000,56.0000000000,10.0000000000,258.0000000000,-0.0020000000,0.4400000000,0.1900000000

optimal_chisq=3.1942521750,optimal_hour=8.7100004628, source_hour=8.7100000000 
parameter is :
0.7323661700,0.6304548971,1.5281744961,1.3347600918,0.9350158098,1.0337883067,128.1830499305,47.7007799405,8.7100004628,266.7864900276,2.5291618192,-0.9678300779,-0.2190433369,

##################################
1.0000000000,0.6214598294,1.2829918019,0.1607346643,0.9398572333,0.3591672258,148.0000000000,-23.0000000000,5.0000000000,159.0000000000,-0.0013000000,0.4800000000,0.0600000000

optimal_chisq=2.9428179336,optimal_hour=8.7399999778, source_hour=8.7400000000 
parameter is :
1.0980241865,0.6222903171,1.4669514197,0.0771710935,0.8138844103,0.8018179650,153.7977340894,-12.9860365669,8.7399999778,161.5866648760,0.7837710247,0.0388109711,0.0296513491,

##################################
1.0000000000,0.0411488535,0.3689556667,0.5956982580,0.0714898068,0.8781072457,266.0000000000,40.0000000000,2.0000000000,306.0000000000,-0.0020000000,0.3300000000,0.0500000000

optimal_chisq=3.2848265921,optimal_hour=7.9400020195, source_hour=7.9400000000 
parameter is :
0.0766250123,0.2380051920,0.1688292043,-0.1485482882,0.1845042318,0.1749348576,264.5817287926,34.8860748817,7.9400020195,303.7313708439,0.0370309393,0.3296224959,-0.0211298649,

##################################
1.0000000000,0.2547593300,0.7002573724,0.4306635218,0.2292712348,0.8595354364,342.0000000000,-9.0000000000,20.0000000000,164.0000000000,-0.0014000000,0.2000000000,0.1100000000

optimal_chisq=2.9648467279,optimal_hour=8.0499988751, source_hour=8.0500000000 
parameter is :
0.3968982658,0.9829835389,0.9778148722,1.3984261454,0.7456328624,0.7940180130,346.8412029653,-9.7160419686,8.0499988751,162.8061999846,0.0264165427,0.2136609629,0.0164522727,

##################################
1.0000000000,0.0918302215,0.5650912423,0.4109460136,0.4586113323,0.4120819808,221.0000000000,-1.0000000000,2.0000000000,93.0000000000,-0.0015000000,0.2900000000,0.1400000000

optimal_chisq=2.8225322207,optimal_hour=7.9700014043, source_hour=7.9700000000 
parameter is :
1.3769783436,0.4321487919,1.4414612492,0.7491212768,1.2897653576,1.6416050174,230.0749197690,-0.9041144544,7.9700014043,85.0361358864,0.3287584183,0.1784114178,-0.0925746260,

##################################
1.0000000000,0.2204439515,0.3491325048,0.8111297956,0.6852656586,0.3415186229,146.0000000000,-63.0000000000,6.0000000000,136.0000000000,-0.0021000000,0.4800000000,0.1600000000

optimal_chisq=3.0340374737,optimal_hour=7.6699920005, source_hour=7.6700000000 
parameter is :
6.9475223386,1.6478768520,3.8221451802,5.0184284069,4.5358235917,4.3757566957,147.9974529640,-52.9453986555,7.6699920005,112.9892851125,3.4776548531,-2.6154808612,0.3048898433,

##################################
1.0000000000,0.0891278643,0.8103125865,0.1009765273,0.4795840237,0.3102687878,275.0000000000,88.0000000000,20.0000000000,14.0000000000,-0.0021000000,0.2300000000,0.1700000000

optimal_chisq=3.1888691459,optimal_hour=8.7100008167, source_hour=8.7100000000 
parameter is :
0.1437966305,0.7237440350,0.9809155946,-0.5321128191,0.7249651402,0.9626156289,279.1595737948,90.1258415226,8.7100008167,15.8563915849,0.1541225386,0.2136055386,0.0308085316,

##################################
1,chisq=2.177633633202860075073203915963,optimalHour=8.2800011541,InitHout=8.2800000000,deviation=0.0000011541
2,chisq=2.456720383465416546187043422833,optimalHour=8.2800005166,InitHout=8.2800000000,deviation=0.0000005166
3,chisq=2.573787933055017962402644116082,optimalHour=8.0800000747,InitHout=8.0800000000,deviation=0.0000000747
4,chisq=2.577583832799603680285827067564,optimalHour=8.2799997522,InitHout=8.2800000000,deviation=0.0000002478
5,chisq=2.597766278713540710754159590579,optimalHour=8.2800004956,InitHout=8.2800000000,deviation=0.0000004956
6,chisq=2.638950372315694625768855985370,optimalHour=8.6100016617,InitHout=8.6100000000,deviation=0.0000016617
7,chisq=2.779708393551217682215792592615,optimalHour=8.2800010112,InitHout=8.2800000000,deviation=0.0000010112
8,chisq=2.822532220683072523570444900542,optimalHour=7.9700014043,InitHout=7.9700000000,deviation=0.0000014043
9,chisq=2.845988600590608097462563819136,optimalHour=7.9500024242,InitHout=7.9500000000,deviation=0.0000024242
10,chisq=2.884731602637677472245059107081,optimalHour=7.6299997270,InitHout=7.6300000000,deviation=0.0000002730
11,chisq=2.894648454762210665336397141800,optimalHour=8.3100000120,InitHout=8.3100000000,deviation=0.0000000120
12,chisq=2.902770513642583427582621879992,optimalHour=8.6099997730,InitHout=8.6100000000,deviation=0.0000002270
13,chisq=2.932447385534406869567192188697,optimalHour=8.2900002772,InitHout=8.2900000000,deviation=0.0000002772
14,chisq=2.942817933569526811510286279372,optimalHour=8.7399999778,InitHout=8.7400000000,deviation=0.0000000222
15,chisq=2.946732920211071249383394388133,optimalHour=8.2800004738,InitHout=8.2800000000,deviation=0.0000004738
16,chisq=2.964555454244658605489348701667,optimalHour=8.6099999593,InitHout=8.6100000000,deviation=0.0000000407
17,chisq=2.964846727906660817097872495651,optimalHour=8.0499988751,InitHout=8.0500000000,deviation=0.0000011249
18,chisq=3.034037473733146583754205494188,optimalHour=7.6699920005,InitHout=7.6700000000,deviation=0.0000079995
19,chisq=3.035361285869487169009062199621,optimalHour=8.2500000525,InitHout=8.2500000000,deviation=0.0000000525
20,chisq=3.079831891756831918627312916215,optimalHour=8.2900005338,InitHout=8.2900000000,deviation=0.0000005338
21,chisq=3.182690837238963066369024090818,optimalHour=7.6300149835,InitHout=7.6300000000,deviation=0.0000149835
22,chisq=3.188869145933765025802131276578,optimalHour=8.7100008167,InitHout=8.7100000000,deviation=0.0000008167
23,chisq=3.194252175047368691451765698730,optimalHour=8.7100004628,InitHout=8.7100000000,deviation=0.0000004628
24,chisq=3.215650291323961518230589717859,optimalHour=8.1300020181,InitHout=8.1300000000,deviation=0.0000020181
25,chisq=3.245842692378972937916614682763,optimalHour=8.3600008199,InitHout=8.3600000000,deviation=0.0000008199
26,chisq=3.280966672442529930009413874359,optimalHour=8.6899999866,InitHout=8.6900000000,deviation=0.0000000134
27,chisq=3.284826592112480181384626121144,optimalHour=7.9400020195,InitHout=7.9400000000,deviation=0.0000020195
28,chisq=3.290591145396242644949325040216,optimalHour=8.0500031258,InitHout=8.0500000000,deviation=0.0000031258
29,chisq=3.376146220750490645201580264256,optimalHour=8.0100016064,InitHout=8.0100000000,deviation=0.0000016064
30,chisq=3.404665956083390732089810626348,optimalHour=7.6299945507,InitHout=7.6300000000,deviation=0.0000054493
1.0000000000,0.8457811856,1.6207522334,0.0284830431,1.0154791277,0.4997168361,71.0000000000,-48.0000000000,14.0000000000,3.0000000000,-0.0018000000,0.4600000000,0.0600000000

optimal_chisq=2.0779484695,optimal_hour=8.2830027178, source_hour=8.2830000000 
parameter is :
0.4239915602,0.7153815473,2.0013638790,0.2695174130,1.2485345228,1.4495114272,52.4712208536,-43.5385790247,8.2830027178,1.4100007978,-0.3938671754,1.0188863251,0.0491142152,

run over!

##################################
1.0000000000,0.1570670112,0.8174739808,0.1748302596,0.5519173523,0.3127228354,92.0000000000,-53.0000000000,9.0000000000,34.0000000000,-0.0019000000,0.4400000000,0.1600000000

optimal_chisq=2.4567203835,optimal_hour=8.2800005166, source_hour=8.2800000000 
parameter is :
1.0063463942,0.1514613793,0.8057466636,0.1499736822,0.5602523187,0.3250864969,92.0000010293,-53.0002064922,8.2800005166,33.9999242198,0.0000227139,0.4400083026,0.1627437812,

run over!

##################################
1.0000000000,0.0273082503,0.7574529503,0.0913876456,0.3636370926,0.3885104866,99.0000000000,70.0000000000,6.0000000000,179.0000000000,-0.0023000000,0.2100000000,0.0600000000

optimal_chisq=2.5737879331,optimal_hour=8.0800000747, source_hour=8.0800000000 
parameter is :
1.1929078506,0.4170460674,0.2724547650,1.2196610497,0.6976974907,1.3509952841,141.7230327514,30.9404136147,8.0800000747,181.1830883078,-26.9422103979,51.4352643062,-0.2437142211,

run over!

##################################
1.0000000000,0.0521650478,0.4003019914,0.5692920021,0.4682011625,0.3926116524,81.0000000000,-18.0000000000,19.0000000000,254.0000000000,-0.0014000000,0.3600000000,0.1500000000

optimal_chisq=1.7413355291,optimal_hour=8.2829983885, source_hour=8.2830000000 
parameter is :
0.8390106373,0.6193556359,0.8238054584,0.3723719613,0.7116490442,0.2521592838,76.8435777938,-21.0127993572,8.2829983885,267.8596328443,0.2001059897,0.3411809888,0.1645274634,

run over!

##################################
1.0000000000,0.1959234519,0.6957446744,0.3695598496,0.4747661293,0.4923573127,121.0000000000,-47.0000000000,23.0000000000,78.0000000000,-0.0023000000,0.3600000000,0.0700000000

optimal_chisq=2.5977662787,optimal_hour=8.2800004956, source_hour=8.2800000000 
parameter is :
1.3488063125,-0.2557158651,0.5339964718,0.7155811890,0.9951128726,0.7643861848,124.6693367760,-51.8290692317,8.2800004956,79.7182356127,0.1087345548,0.3528465930,-0.0346552431,

run over!

##################################
1.0000000000,0.6655048484,0.7118758326,0.8632386553,0.6249533705,0.8663479592,199.0000000000,25.0000000000,6.0000000000,332.0000000000,-0.0020000000,0.2800000000,0.0900000000

optimal_chisq=2.5907659095,optimal_hour=8.5660041635, source_hour=8.5660000000 
parameter is :
1.2766266467,0.6250083822,0.7862083077,0.7577977862,0.7809972317,0.6743929418,198.9638572089,25.0325785666,8.5660041635,331.9746759874,0.1060175272,0.2720555052,0.4912381046,

run over!

##################################
1,chisq=1.741335529113126279199263990449,optimalHour=8.2829983885,InitHout=8.2830000000,deviation=0.0000016115
2,chisq=2.077948469525995989215516601689,optimalHour=8.2830027178,InitHout=8.2830000000,deviation=0.0000027178
3,chisq=2.456720383465416546187043422833,optimalHour=8.2800005166,InitHout=8.2800000000,deviation=0.0000005166
4,chisq=2.573787933055017962402644116082,optimalHour=8.0800000747,InitHout=8.0800000000,deviation=0.0000000747
5,chisq=2.590765909468040639751507114852,optimalHour=8.5660041635,InitHout=8.5660000000,deviation=0.0000041635
6,chisq=2.597766278713540710754159590579,optimalHour=8.2800004956,InitHout=8.2800000000,deviation=0.0000004956



1.0000000000,0.0521650478,0.4003019914,0.5692920021,0.4682011625,0.3926116524,81.0000000000,-18.0000000000,19.0000000000,254.0000000000,-0.0014000000,0.3600000000,0.1500000000


1.0000000000,0.0521650478,0.4003019914,0.5692920021,0.4682011625,0.3926116524,81.0000000000,-18.0000000000,19.0000000000,254.0000000000,-0.0014000000,0.3600000000,0.1500000000

optimal_chisq=1.7413355291,optimal_hour=8.2829983885 
parameter is :
0.8390106373,0.6193556359,0.8238054584,0.3723719613,0.7116490442,0.2521592838,76.8435777938,-21.0127993572,8.2829983885,267.8596328443,0.2001059897,0.3411809888,0.1645274634,


Pole:
optimalLambda,optimalBeta:(257.8936796671,62.6975529508)
optimalParameter:{1.2329423285,1.2190159871,1.2136817203,0.7432369438,0.7130796059,1.2799512742,257.8936796671,62.6975529508,8.2829999546,206.9263957661,0.3241726329,0.3263192370,0.0439200373}
























