1.0000000000,0.5032330214,0.7821932528,0.6085544874,0.8364554106,0.4212828762,191.0000000000,14.0000000000,15.0000000000,289.0000000000,-0.0021000000,0.3100000000,0.1000000000

optimal_chisq=1.0967293529,optimal_hour=9.7899996320, source_hour=9.7900000000 
parameter is :
0.8375732167,0.8764919185,1.1563903540,0.4965370563,0.4984406162,0.4792682681,191.3169483051,13.8976147863,9.7899996320,288.9471212579,-0.0296775646,0.3098435840,0.1133910676,

##################################
1.0000000000,0.9764796286,0.5008034531,1.4236293113,0.9589019675,0.8600990859,12.0000000000,65.0000000000,9.0000000000,43.0000000000,-0.0019000000,0.2000000000,0.1500000000

optimal_chisq=0.9439293273,optimal_hour=10.4900002397, source_hour=10.4900000000 
parameter is :
0.9548349379,1.1429230613,0.9808256491,1.2286003023,1.6474848759,0.2051805068,-0.2505382614,60.4087548049,10.4900002397,43.9853884386,-0.0018598548,0.2000859924,-0.1495557946,

##################################
1.0000000000,0.7189863705,1.4865988772,0.0372803103,0.4694828439,0.9900636419,190.0000000000,65.0000000000,15.0000000000,167.0000000000,-0.0024000000,0.2800000000,0.0800000000

optimal_chisq=1.0538542393,optimal_hour=9.4600014779, source_hour=9.4600000000 
parameter is :
1.0439943868,0.7810416653,1.0398890747,0.7938509446,0.2609319944,1.3261330552,189.9874728947,64.9907488023,9.4600014779,166.9897013765,-0.0082823790,0.2829726732,-0.0332699071,

##################################
1.0000000000,0.8534716646,0.8463965942,0.9107367237,0.6871015836,0.9879944580,341.0000000000,-14.0000000000,21.0000000000,328.0000000000,-0.0012000000,0.4600000000,0.1800000000

optimal_chisq=0.7657080652,optimal_hour=9.9800000468, source_hour=9.9800000000 
parameter is :
1.0014460315,0.8549455596,0.8447642414,0.9092302712,0.6871404308,0.9880176972,340.9999978937,-13.9999990747,9.9800000468,328.0000039345,-0.0012760652,0.4599998016,0.1800880392,

##################################
1.0000000000,0.2575498332,0.9117612833,0.1785389729,0.2851954051,0.7500053133,268.0000000000,-11.0000000000,8.0000000000,99.0000000000,-0.0022000000,0.2900000000,0.1500000000

optimal_chisq=1.0205629826,optimal_hour=10.1400000234, source_hour=10.1400000000 
parameter is :
0.7898720784,0.5116047106,0.9420654426,0.3713856533,0.3656061673,0.9078042742,270.6635670692,-9.9139926696,10.1400000234,95.6331067296,0.0141576534,0.2909342354,-0.0902844843,

##################################
1.0000000000,0.6082661299,0.8918267741,0.5966049328,0.8037748013,0.5674197410,228.0000000000,-89.0000000000,5.0000000000,55.0000000000,-0.0023000000,0.3500000000,0.1100000000

optimal_chisq=1.0498361380,optimal_hour=9.9900001500, source_hour=9.9900000000 
parameter is :
1.0000000000,0.6082661299,0.8918267741,0.5966049328,0.8037748013,0.5674197410,228.0000000000,-89.0000000000,9.9900001500,55.0000000000,-0.0023000000,0.3500000000,0.1100000000,

##################################
1.0000000000,0.5241572464,0.3720726402,1.1015882339,1.0581687331,0.2542356318,231.0000000000,20.0000000000,14.0000000000,326.0000000000,-0.0017000000,0.4500000000,0.1700000000

optimal_chisq=1.0440101205,optimal_hour=10.1800000915, source_hour=10.1800000000 
parameter is :
0.8898824683,0.6428942668,0.5099836854,1.0014212334,1.1484642263,0.2342496040,230.9990721064,20.0062684291,10.1800000915,326.0003788934,-0.0014070133,0.4500014568,0.0845436539,

##################################
1.0000000000,0.2378773062,0.2106110686,0.9922478210,0.6815220212,0.3946841846,322.0000000000,-12.0000000000,20.0000000000,330.0000000000,-0.0022000000,0.4200000000,0.0900000000

optimal_chisq=0.8558619715,optimal_hour=10.4599975800, source_hour=10.4600000000 
parameter is :
0.5600452608,0.4250110885,1.1743201897,0.5137097586,0.6792583655,0.7858934679,322.9738130421,-2.1254520564,10.4599975800,323.2614361513,0.0133493869,0.4211038019,0.0243350678,

##################################
1.0000000000,0.2741096836,0.8880389160,0.2267513005,0.7934788588,0.1537797318,251.0000000000,-33.0000000000,21.0000000000,58.0000000000,-0.0021000000,0.3800000000,0.1300000000

optimal_chisq=1.0776686125,optimal_hour=10.1600004164, source_hour=10.1600000000 
parameter is :
0.7845583029,0.8328385090,1.1619985457,0.4052512304,1.0203805099,0.3718559415,245.4576658093,-30.3356511110,10.1600004164,54.0223160399,-0.0080387194,0.3801205963,0.0572509471,

##################################
1.0000000000,0.2341345196,0.4901924829,0.6586016866,0.9357674143,0.0164901316,36.0000000000,-33.0000000000,18.0000000000,330.0000000000,-0.0016000000,0.4800000000,0.0500000000

optimal_chisq=1.0451551726,optimal_hour=9.8200002751, source_hour=9.8200000000 
parameter is :
0.8148660257,0.3236699996,0.5699936685,0.5937660694,0.7389399705,0.2159104719,37.9909368723,-31.2267542984,9.8200002751,329.3653084699,-0.0030595211,0.4806876711,-0.1179269785,

##################################
1.0000000000,0.0915186895,0.6146525159,0.3493445114,0.0202247089,0.9395578830,216.0000000000,63.0000000000,3.0000000000,18.0000000000,-0.0016000000,0.3300000000,0.1100000000

optimal_chisq=1.0696661226,optimal_hour=9.3400013785, source_hour=9.3400000000 
parameter is :
0.6498471830,0.6695422987,0.8540496426,0.4455981041,0.4916818289,0.8024122328,210.5253572689,57.5945962975,9.3400013785,14.9255903579,-0.0257084025,0.3302312952,-0.2486142581,

##################################
1.0000000000,0.7846842994,0.1228107873,1.6480029639,1.5037619053,0.0767657902,122.0000000000,-60.0000000000,8.0000000000,17.0000000000,-0.0020000000,0.4400000000,0.0900000000

optimal_chisq=1.0650659532,optimal_hour=9.9700102349, source_hour=9.9700000000 
parameter is :
1.1420155319,0.8948453170,1.1009875574,0.9375765811,1.0234579175,1.1268940873,140.7738783680,-47.2265684296,9.9700102349,30.3248243995,0.0006109391,0.4412991877,-0.2075473944,

##################################
1.0000000000,0.0513334023,0.3223343282,0.6636133905,0.0360071327,0.9425815941,127.0000000000,-37.0000000000,21.0000000000,84.0000000000,-0.0021000000,0.2800000000,0.1100000000

optimal_chisq=0.9213951713,optimal_hour=9.6800013437, source_hour=9.6800000000 
parameter is :
1.6715842077,2.1226846446,2.8398164538,1.4480644554,1.4526142966,2.3313680020,134.0960086721,-1.2726013702,9.6800013437,49.5316684986,0.0273171408,0.2808069658,-0.0745975486,

##################################
1.0000000000,0.3054227570,0.2134148398,1.0584485197,0.5612638625,0.6151826911,22.0000000000,-29.0000000000,23.0000000000,290.0000000000,-0.0022000000,0.2300000000,0.1200000000

optimal_chisq=0.8795440903,optimal_hour=9.9900011227, source_hour=9.9900000000 
parameter is :
4.2344516454,0.8262495693,2.1365661792,3.0963595842,1.4159770157,2.3816099100,8.1420952392,-23.6151953032,9.9900011227,292.1246869370,-0.0105182973,0.2299066357,-0.0303971692,

##################################
1.0000000000,0.6592827857,1.3290019255,0.1506428947,0.6150530775,0.7761728811,47.0000000000,-81.0000000000,13.0000000000,113.0000000000,-0.0024000000,0.3400000000,0.0600000000

optimal_chisq=1.0875671440,optimal_hour=9.9899998338, source_hour=9.9900000000 
parameter is :
1.0961067596,0.5559519539,0.9689785285,0.7318349963,0.6366359168,1.1410587764,53.0453818446,-83.7839758427,9.9899998338,108.4852930630,-0.0264313253,0.3398844725,-0.0118845518,

##################################
1.0000000000,0.9203937510,0.0320999157,1.8849449396,1.6342337381,0.0936510858,353.0000000000,31.0000000000,14.0000000000,232.0000000000,-0.0014000000,0.3100000000,0.1800000000

optimal_chisq=1.0475591074,optimal_hour=9.9800013182, source_hour=9.9800000000 
parameter is :
1.0451731024,1.0707118866,0.5198680281,1.4536897322,1.3786239360,0.5144146452,348.7675556899,25.7738144946,9.9800013182,233.2502189709,-0.2998469268,0.4049206143,0.1390780652,

##################################
1.0000000000,0.9930161838,0.1445808728,1.8338193734,0.0394746584,1.9349269425,251.0000000000,-59.0000000000,17.0000000000,309.0000000000,-0.0012000000,0.2900000000,0.1200000000

optimal_chisq=1.0388198469,optimal_hour=9.5099985297, source_hour=9.5100000000 
parameter is :
1.0850327944,0.9869982595,0.5638033488,1.4846024027,0.5789402196,1.4305804547,262.1210265305,-32.1097040148,9.5099985297,304.5286451521,-0.0167530380,0.2899935420,-0.0247691264,

##################################
1.0000000000,0.2243265483,0.1173558629,1.0874900427,0.6819711506,0.3963921177,341.0000000000,44.0000000000,9.0000000000,67.0000000000,-0.0017000000,0.2800000000,0.1000000000

optimal_chisq=1.0347607447,optimal_hour=9.6099999781, source_hour=9.6100000000 
parameter is :
1.0149144557,0.4988585241,0.3616806165,1.1368591469,0.7349172942,0.7609975207,336.6509235572,44.7463627946,9.6099999781,63.9125944667,-0.0152426620,0.2797018105,0.0712607210,

##################################
1.0000000000,0.5875722839,1.3532465741,0.0400786610,0.2937494156,1.0560509512,279.0000000000,14.0000000000,24.0000000000,21.0000000000,-0.0018000000,0.2300000000,0.0700000000

optimal_chisq=0.7939220673,optimal_hour=9.9800015256, source_hour=9.9800000000 
parameter is :
-2.6654186673,-2.2922415530,-3.4205709783,-1.2121848074,-2.7605883601,-1.7826756899,302.5992297601,0.3770399403,9.9800015256,6.5076656616,0.0149146200,0.2311177109,-0.0772285857,

##################################
1.0000000000,0.8696765941,1.2040431694,0.5264797434,0.6841468194,0.9633217861,234.0000000000,-6.0000000000,13.0000000000,324.0000000000,-0.0016000000,0.2600000000,0.1700000000

optimal_chisq=1.1636119844,optimal_hour=9.9700013786, source_hour=9.9700000000 
parameter is :
0.9674215107,0.8798660262,1.2258654506,0.5766042493,0.6736826191,0.9488196130,233.9977892343,-6.0008915233,9.9700013786,323.9999124200,-0.0151482097,0.2600551333,0.0953399498,

##################################
1.0000000000,0.4090507009,0.5521676734,0.7735842337,1.0805399693,0.0548786130,13.0000000000,60.0000000000,2.0000000000,326.0000000000,-0.0016000000,0.4400000000,0.1600000000

optimal_chisq=1.0003615584,optimal_hour=10.1600002106, source_hour=10.1600000000 
parameter is :
0.8199578475,0.6368244104,0.7465589922,0.7234320550,1.1786586057,0.1573025225,9.6484273586,58.7507523025,10.1600002106,325.7082687310,-0.0266130476,0.4399594937,-0.0201058063,

##################################
1.0000000000,0.9304383620,1.1059427009,0.7021640926,1.1246867755,0.5490257595,25.0000000000,55.0000000000,11.0000000000,326.0000000000,-0.0021000000,0.3100000000,0.0800000000

optimal_chisq=1.0526550467,optimal_hour=10.1700010335, source_hour=10.1700000000 
parameter is :
0.9993735758,0.9297550286,1.1067320925,0.7028666351,1.1246135288,0.5489865037,25.0000001211,55.0000008117,10.1700010335,326.0000004346,-0.0022491403,0.3099989897,0.0801717484,

##################################
1.0000000000,0.8247227500,1.3851921837,0.2723972382,1.3587729442,0.1143400763,194.0000000000,-48.0000000000,6.0000000000,16.0000000000,-0.0016000000,0.3200000000,0.0800000000

optimal_chisq=0.9964649074,optimal_hour=9.9900001195, source_hour=9.9900000000 
parameter is :
1.0409863582,0.9371360299,1.2339161677,0.9518026626,0.9415530520,1.1015921035,192.8130523611,-46.2763476026,9.9900001195,14.4425782010,-0.0307576006,0.3197206564,-0.0866226148,

##################################
1.0000000000,0.2617073940,0.6229494195,0.5307680295,0.9439555476,0.0123433942,281.0000000000,73.0000000000,7.0000000000,174.0000000000,-0.0019000000,0.2500000000,0.1000000000

optimal_chisq=0.8024544208,optimal_hour=9.4499999645, source_hour=9.4500000000 
parameter is :
0.6829774393,0.5148652829,0.6178527813,0.5704045154,1.0135312981,0.0096724217,288.2519303783,65.4531825904,9.4499999645,172.4249271431,0.0259138994,0.2583726932,0.2353819146,

##################################
1.0000000000,0.5337585665,0.1648356425,1.3471186078,1.2163445640,0.1125483499,40.0000000000,-85.0000000000,2.0000000000,60.0000000000,-0.0023000000,0.3600000000,0.1700000000

optimal_chisq=1.0532322125,optimal_hour=9.9900019008, source_hour=9.9900000000 
parameter is :
3.0709943489,1.6092509474,1.5594389552,3.0991516118,2.3898273375,2.5764124383,53.4717898087,-76.9430084192,9.9900019008,48.4984233034,-0.0601608264,0.3596164566,0.3978137986,

##################################
1.0000000000,0.8050708993,0.4279944443,1.3283391952,0.2217569890,1.5089504841,183.0000000000,-71.0000000000,21.0000000000,355.0000000000,-0.0014000000,0.3900000000,0.1000000000

optimal_chisq=1.0989257485,optimal_hour=9.8500010996, source_hour=9.8500000000 
parameter is :
0.7032941440,0.4274523312,0.4699369399,0.6151225206,0.3617894799,0.6230698630,170.5500064562,-76.1242423113,9.8500010996,357.8747768756,-0.0264159945,0.3914676986,-0.0420886113,

##################################
1.0000000000,0.7250845054,0.0514086293,1.6676950117,0.4229847718,1.2454133738,27.0000000000,-27.0000000000,19.0000000000,94.0000000000,-0.0018000000,0.2100000000,0.1600000000

optimal_chisq=1.0283323381,optimal_hour=10.1700001767, source_hour=10.1700000000 
parameter is :
2.0062256383,1.6969360365,0.9324588416,2.7179912868,1.1206693240,2.5744930338,39.7693848365,-31.9833766388,10.1700001767,95.1210204864,-0.0203692370,0.2101925835,-0.1312832659,

##################################
1.0000000000,0.1333411183,0.6056650729,0.4081995247,0.4610306626,0.4518255490,122.0000000000,-67.0000000000,22.0000000000,225.0000000000,-0.0022000000,0.3100000000,0.1200000000

optimal_chisq=1.0448521020,optimal_hour=9.6699954452, source_hour=9.6700000000 
parameter is :
0.4692180449,0.8746870939,0.6073704613,0.6275068907,0.2214742524,0.3160943070,124.5746550120,-62.0176369207,9.6699954452,222.0581599227,-0.0180449870,0.3100703937,-0.0310112914,

##################################
1.0000000000,0.3457441099,0.3174467298,0.9793383450,0.6553796902,0.5309133440,65.0000000000,1.0000000000,24.0000000000,106.0000000000,-0.0018000000,0.2300000000,0.1400000000

optimal_chisq=1.1578004085,optimal_hour=9.8500006623, source_hour=9.8500000000 
parameter is :
0.9243322834,0.4635616418,0.3219936667,1.0178995555,0.7195146201,0.4286115608,65.0009701677,1.0038694500,9.8500006623,105.9999534707,-0.0079059331,0.2302792243,0.1205587835,

##################################
1.0000000000,0.6442909081,0.3170116156,1.2877709347,0.3584346856,1.2003591420,146.0000000000,-50.0000000000,6.0000000000,231.0000000000,-0.0016000000,0.4500000000,0.1500000000

optimal_chisq=0.8519622535,optimal_hour=9.9899997489, source_hour=9.9900000000 
parameter is :
1.4447369244,0.3771787086,0.8425470033,0.7463084264,0.5881423378,1.1408123953,147.7398507851,-50.5974659722,9.9899997489,227.8629789706,-0.0439546591,0.4498738278,0.0204895550,

##################################
1,chisq=0.765708065202348020505951353698,optimalHour=9.9800000468,InitHout=9.9800000000,deviation=0.0000000468
2,chisq=0.793922067290538269190847131540,optimalHour=9.9800015256,InitHout=9.9800000000,deviation=0.0000015256
3,chisq=0.802454420758307085392857516126,optimalHour=9.4499999645,InitHout=9.4500000000,deviation=0.0000000355
4,chisq=0.851962253523750212558240946237,optimalHour=9.9899997489,InitHout=9.9900000000,deviation=0.0000002511
5,chisq=0.855861971495651796537629252271,optimalHour=10.4599975800,InitHout=10.4600000000,deviation=0.0000024200
6,chisq=0.879544090323705618494898317294,optimalHour=9.9900011227,InitHout=9.9900000000,deviation=0.0000011227
7,chisq=0.921395171340291585515558381303,optimalHour=9.6800013437,InitHout=9.6800000000,deviation=0.0000013437
8,chisq=0.943929327323799416404881412745,optimalHour=10.4900002397,InitHout=10.4900000000,deviation=0.0000002397
9,chisq=0.996464907403634025939709317754,optimalHour=9.9900001195,InitHout=9.9900000000,deviation=0.0000001195
10,chisq=1.000361558364733172155069951259,optimalHour=10.1600002106,InitHout=10.1600000000,deviation=0.0000002106
11,chisq=1.020562982590047074182848518831,optimalHour=10.1400000234,InitHout=10.1400000000,deviation=0.0000000234
12,chisq=1.028332338093985720561818197893,optimalHour=10.1700001767,InitHout=10.1700000000,deviation=0.0000001767
13,chisq=1.034760744652775121821264292521,optimalHour=9.6099999781,InitHout=9.6100000000,deviation=0.0000000219
14,chisq=1.038819846889196707451219481300,optimalHour=9.5099985297,InitHout=9.5100000000,deviation=0.0000014703
15,chisq=1.044010120480268977161131260800,optimalHour=10.1800000915,InitHout=10.1800000000,deviation=0.0000000915
16,chisq=1.044852102014470984769900496758,optimalHour=9.6699954452,InitHout=9.6700000000,deviation=0.0000045548
17,chisq=1.045155172582492353328120771039,optimalHour=9.8200002751,InitHout=9.8200000000,deviation=0.0000002751
18,chisq=1.047559107375490627944714105979,optimalHour=9.9800013182,InitHout=9.9800000000,deviation=0.0000013182
19,chisq=1.049836138038897637159152509412,optimalHour=9.9900001500,InitHout=9.9900000000,deviation=0.0000001500
20,chisq=1.052655046723856901991211998393,optimalHour=10.1700010335,InitHout=10.1700000000,deviation=0.0000010335
21,chisq=1.053232212521356458978516457137,optimalHour=9.9900019008,InitHout=9.9900000000,deviation=0.0000019008
22,chisq=1.053854239321756924852024894790,optimalHour=9.4600014779,InitHout=9.4600000000,deviation=0.0000014779
23,chisq=1.065065953231818296487176667142,optimalHour=9.9700102349,InitHout=9.9700000000,deviation=0.0000102349
24,chisq=1.069666122569836064215564874758,optimalHour=9.3400013785,InitHout=9.3400000000,deviation=0.0000013785
25,chisq=1.077668612469569797696067325887,optimalHour=10.1600004164,InitHout=10.1600000000,deviation=0.0000004164
26,chisq=1.087567144005909813841981303995,optimalHour=9.9899998338,InitHout=9.9900000000,deviation=0.0000001662
27,chisq=1.096729352903187848511379343108,optimalHour=9.7899996320,InitHout=9.7900000000,deviation=0.0000003680
28,chisq=1.098925748544705705000978923636,optimalHour=9.8500010996,InitHout=9.8500000000,deviation=0.0000010996
29,chisq=1.157800408476483466913009579002,optimalHour=9.8500006623,InitHout=9.8500000000,deviation=0.0000006623
30,chisq=1.163611984361383688835189786914,optimalHour=9.9700013786,InitHout=9.9700000000,deviation=0.0000013786
1.0000000000,0.8534716646,0.8463965942,0.9107367237,0.6871015836,0.9879944580,341.0000000000,-14.0000000000,21.0000000000,328.0000000000,-0.0012000000,0.4600000000,0.1800000000

optimal_chisq=0.7657080652,optimal_hour=9.9800000468, source_hour=9.9800000000 
parameter is :
1.0014460315,0.8549455596,0.8447642414,0.9092302712,0.6871404308,0.9880176972,340.9999978937,-13.9999990747,9.9800000468,328.0000039345,-0.0012760652,0.4599998016,0.1800880392,

run over!

##################################
1.0000000000,0.5875722839,1.3532465741,0.0400786610,0.2937494156,1.0560509512,279.0000000000,14.0000000000,24.0000000000,21.0000000000,-0.0018000000,0.2300000000,0.0700000000

optimal_chisq=0.7939220673,optimal_hour=9.9800015256, source_hour=9.9800000000 
parameter is :
-2.6654186673,-2.2922415530,-3.4205709783,-1.2121848074,-2.7605883601,-1.7826756899,302.5992297601,0.3770399403,9.9800015256,6.5076656616,0.0149146200,0.2311177109,-0.0772285857,

run over!

##################################
1.0000000000,0.2617073940,0.6229494195,0.5307680295,0.9439555476,0.0123433942,281.0000000000,73.0000000000,7.0000000000,174.0000000000,-0.0019000000,0.2500000000,0.1000000000

optimal_chisq=0.8024544208,optimal_hour=9.4499999645, source_hour=9.4500000000 
parameter is :
0.6829774393,0.5148652829,0.6178527813,0.5704045154,1.0135312981,0.0096724217,288.2519303783,65.4531825904,9.4499999645,172.4249271431,0.0259138994,0.2583726932,0.2353819146,

run over!

##################################
1.0000000000,0.6442909081,0.3170116156,1.2877709347,0.3584346856,1.2003591420,146.0000000000,-50.0000000000,6.0000000000,231.0000000000,-0.0016000000,0.4500000000,0.1500000000

optimal_chisq=0.8355868155,optimal_hour=9.9829990724, source_hour=9.9830000000 
parameter is :
0.9277325046,1.1700775843,1.0775190867,0.6727536181,0.8831742461,1.0281575574,143.8568625902,-53.2146823080,9.9829990724,232.6856704961,-0.0302550811,0.4498555705,-0.0027551221,

run over!

##################################
1.0000000000,0.2378773062,0.2106110686,0.9922478210,0.6815220212,0.3946841846,322.0000000000,-12.0000000000,20.0000000000,330.0000000000,-0.0022000000,0.4200000000,0.0900000000

optimal_chisq=0.8558619715,optimal_hour=10.4599975800, source_hour=10.4600000000 
parameter is :
0.5600452608,0.4250110885,1.1743201897,0.5137097586,0.6792583655,0.7858934679,322.9738130421,-2.1254520564,10.4599975800,323.2614361513,0.0133493869,0.4211038019,0.0243350678,

run over!

##################################
1.0000000000,0.3054227570,0.2134148398,1.0584485197,0.5612638625,0.6151826911,22.0000000000,-29.0000000000,23.0000000000,290.0000000000,-0.0022000000,0.2300000000,0.1200000000

optimal_chisq=0.8795440903,optimal_hour=9.9900011227, source_hour=9.9900000000 
parameter is :
4.2344516454,0.8262495693,2.1365661792,3.0963595842,1.4159770157,2.3816099100,8.1420952392,-23.6151953032,9.9900011227,292.1246869370,-0.0105182973,0.2299066357,-0.0303971692,

run over!

##################################
1,chisq=0.765708065202348020505951353698,optimalHour=9.9800000468,InitHout=9.9800000000,deviation=0.0000000468
2,chisq=0.793922067290538269190847131540,optimalHour=9.9800015256,InitHout=9.9800000000,deviation=0.0000015256
3,chisq=0.802454420758307085392857516126,optimalHour=9.4499999645,InitHout=9.4500000000,deviation=0.0000000355
4,chisq=0.835586815539983152056890958193,optimalHour=9.9829990724,InitHout=9.9830000000,deviation=0.0000009276
5,chisq=0.855861971495651796537629252271,optimalHour=10.4599975800,InitHout=10.4600000000,deviation=0.0000024200
6,chisq=0.879544090323705618494898317294,optimalHour=9.9900011227,InitHout=9.9900000000,deviation=0.0000011227



1.0000000000,0.8534716646,0.8463965942,0.9107367237,0.6871015836,0.9879944580,341.0000000000,-14.0000000000,21.0000000000,328.0000000000,-0.0012000000,0.4600000000,0.1800000000


1.0000000000,0.8534716646,0.8463965942,0.9107367237,0.6871015836,0.9879944580,341.0000000000,-14.0000000000,21.0000000000,328.0000000000,-0.0012000000,0.4600000000,0.1800000000

optimal_chisq=0.4776473660,optimal_hour=9.9731004157 
parameter is :
0.8794283133,0.8435592625,0.9287846357,1.0159431048,0.6719315186,0.9567581436,340.9952425690,-13.9974322283,9.9731004157,328.0001780416,-0.0273619297,0.4596043267,0.1517372871,


Pole:
optimalLambda,optimalBeta:(325.6929054695,14.3247095423)
optimalParameter:{0.8155011579,0.6625289500,1.1524577144,0.5876350978,0.5556439417,0.9284932628,325.6929054695,14.3247095423,9.9731017652,319.2140886348,-0.0171817708,0.4526313497,0.0005758373}



























