1.0000000000,0.8899379060,0.2223187648,1.6437921801,0.4598042309,1.3556523229,135.0000000000,-31.0000000000,17.0000000000,99.0000000000,-0.0020000000,0.4500000000,0.0800000000

optimal_chisq=0.9071079632,optimal_hour=6.7900006837, source_hour=6.7900000000 
parameter is :
1.1444811793,1.0042330111,0.9327121110,0.9788836471,1.0883680052,0.8023272965,142.3212420874,-31.7107187534,6.7900006837,95.6019641905,-0.0205077358,0.4497361011,0.0653020456,

##################################
1.0000000000,0.9357509375,1.3346084880,0.4517174835,1.1965433126,0.4439023885,301.0000000000,31.0000000000,14.0000000000,260.0000000000,-0.0014000000,0.2500000000,0.0700000000

optimal_chisq=0.9469382774,optimal_hour=6.8000003577, source_hour=6.8000000000 
parameter is :
1.1331604749,0.8962469843,1.0825934261,0.7610980297,1.2391279940,0.5927579480,302.0122470964,30.9318794881,6.8000003577,258.7584713326,-0.0049259688,0.2499789814,0.1636722782,

##################################
1.0000000000,0.3134337120,0.5441743497,0.6803824125,0.7826336868,0.2969326982,217.0000000000,-6.0000000000,12.0000000000,126.0000000000,-0.0023000000,0.4300000000,0.1300000000

optimal_chisq=0.8971529154,optimal_hour=7.0199996126, source_hour=7.0200000000 
parameter is :
0.9828173823,0.4267262769,0.6512066971,0.8002555519,0.5269571295,0.9208684908,214.7678186988,-5.2273816645,7.0199996126,124.1171682060,0.0639270395,0.4303566093,-0.1280677310,

##################################
1.0000000000,0.1989812233,0.5921647156,0.4981986395,0.1200393905,0.9478421851,154.0000000000,1.0000000000,17.0000000000,305.0000000000,-0.0024000000,0.2800000000,0.1000000000

optimal_chisq=0.9263515888,optimal_hour=6.7900012648, source_hour=6.7900000000 
parameter is :
3.5818825126,4.7768954364,3.8644181792,3.9532685887,5.2169242013,4.0877661399,133.7885191698,-21.5638050307,6.7900012648,354.4289717325,-0.0161549483,0.2796398321,-0.0752679314,

##################################
1.0000000000,0.8261519209,1.2073114774,0.4753393099,1.4279972186,0.0631196602,210.0000000000,5.0000000000,20.0000000000,31.0000000000,-0.0022000000,0.4100000000,0.1000000000

optimal_chisq=0.8026476530,optimal_hour=6.8199993010, source_hour=6.8200000000 
parameter is :
1.2465757276,0.2354523577,0.8439387891,0.6613022256,0.5109061442,0.6955847233,196.5780306330,7.6750259249,6.8199993010,26.2285078282,-0.0239547274,0.4095665806,0.0630388991,

##################################
1.0000000000,0.6801347056,1.4471175736,0.0381548958,0.9674009990,0.3735899610,296.0000000000,-37.0000000000,23.0000000000,234.0000000000,-0.0015000000,0.4100000000,0.1400000000

optimal_chisq=0.9493745159,optimal_hour=6.7900007649, source_hour=6.7900000000 
parameter is :
0.7855155661,0.8816420415,1.3241624323,0.4521638001,0.7504811583,1.0711651086,297.1658879371,-34.9386222294,6.7900007649,233.1341787753,-0.0241066816,0.4098133541,0.0285344578,

##################################
1.0000000000,0.5848335436,0.9285941448,0.5288079737,0.1557385703,1.2799685141,31.0000000000,26.0000000000,15.0000000000,96.0000000000,-0.0023000000,0.2600000000,0.1300000000

optimal_chisq=0.9384346693,optimal_hour=7.1899997561, source_hour=7.1900000000 
parameter is :
0.8817992741,0.8428444905,1.3459101965,0.7316625267,0.8582922330,1.3290092346,34.1830995551,26.7984169537,7.1899997561,96.7434585590,-0.0138502888,0.2597223763,0.0264536848,

##################################
1.0000000000,0.2211322287,0.5920375909,0.5228929372,0.1752862976,0.9072601612,171.0000000000,89.0000000000,18.0000000000,151.0000000000,-0.0012000000,0.3700000000,0.1200000000

optimal_chisq=0.9714106447,optimal_hour=6.3600011372, source_hour=6.3600000000 
parameter is :
0.2125178677,0.3533127600,0.3174046548,0.4188796893,0.3499974727,0.4223332800,173.1263838464,89.2571143665,6.3600011372,152.4442700085,-0.0021201376,0.3700135396,0.0006912493,

##################################
1.0000000000,0.5022268540,0.5358108512,0.8913271389,0.6592978619,0.6685358467,184.0000000000,15.0000000000,3.0000000000,167.0000000000,-0.0012000000,0.4900000000,0.1700000000

optimal_chisq=0.9805514902,optimal_hour=6.8200000000, source_hour=6.8200000000 
parameter is :
1.0000000000,0.5022268540,0.5358108512,0.8913271389,0.6592978619,0.6685358467,184.0000000000,15.0000000000,6.8200000000,167.0000000000,-0.0012000000,0.4900000000,0.1700000000,

##################################
1.0000000000,0.9566530725,1.3807913144,0.4227409833,0.4563176514,1.2951064621,341.0000000000,-33.0000000000,10.0000000000,313.0000000000,-0.0017000000,0.3900000000,0.1000000000

optimal_chisq=0.9205589849,optimal_hour=6.2200005882, source_hour=6.2200000000 
parameter is :
1.0482380297,1.0437422070,0.9866433888,1.0724929749,1.0054998334,1.2069866736,342.5436782301,-32.7078328306,6.2200005882,312.2651308158,-0.0231839317,0.3895316149,0.1242968622,

##################################
1.0000000000,0.8867854862,1.3950682092,0.3299742163,1.2189530925,0.3507825318,250.0000000000,-46.0000000000,1.0000000000,18.0000000000,-0.0018000000,0.4200000000,0.1400000000

optimal_chisq=0.9834069594,optimal_hour=6.7500017875, source_hour=6.7500000000 
parameter is :
0.6800119181,0.7973943040,0.7395127282,0.7287248850,1.0452196407,0.3851394276,251.7932918330,-43.8460587540,6.7500017875,20.8570334818,0.0200977590,0.4200014076,-0.1517044972,

##################################
1.0000000000,0.3031301956,0.5555355239,0.6558777425,0.9205940040,0.1126190323,328.0000000000,-68.0000000000,7.0000000000,168.0000000000,-0.0020000000,0.4500000000,0.0900000000

optimal_chisq=0.8999719593,optimal_hour=6.7900088283, source_hour=6.7900000000 
parameter is :
-2.2100306090,-1.7003295528,-1.9004396644,-2.4638537019,-1.9259429966,-1.8538827747,299.8372343600,-23.1269164385,6.7900088283,127.3554407726,-0.0201377106,0.4505550961,0.3722903819,

##################################
1.0000000000,0.4606513248,1.0151296208,0.2899565561,0.9784363260,0.1538204449,83.0000000000,7.0000000000,22.0000000000,313.0000000000,-0.0016000000,0.4100000000,0.1300000000

optimal_chisq=0.8970180954,optimal_hour=6.8199999864, source_hour=6.8200000000 
parameter is :
0.5235660059,0.5463138599,0.4751780376,0.6312148380,0.6676646329,0.4179675133,83.4941205627,5.8572374458,6.8199999864,312.7916833563,0.0276750067,0.4100936008,-0.1646382158,

##################################
1.0000000000,0.4172839520,1.0517926740,0.1970482609,0.7681108868,0.3423946996,205.0000000000,21.0000000000,21.0000000000,254.0000000000,-0.0016000000,0.2800000000,0.0700000000

optimal_chisq=0.8718971481,optimal_hour=7.0800000343, source_hour=7.0800000000 
parameter is :
0.9800930755,0.4519608577,0.8184269769,0.5093882678,0.8719938115,0.4344976748,205.1703099627,20.1850981063,7.0800000343,256.4094327758,0.0205331426,0.2797158435,0.0551414120,

##################################
1.0000000000,0.9767967146,0.0696767890,1.9000451413,0.2088094114,1.7394773362,3.0000000000,64.0000000000,24.0000000000,160.0000000000,-0.0013000000,0.4200000000,0.0600000000

optimal_chisq=0.9340053254,optimal_hour=6.8700002750, source_hour=6.8700000000 
parameter is :
1.3797024810,1.4419996369,0.8217053767,1.8830913216,0.9013879656,1.7909603454,1.2613571572,54.8369896865,6.8700002750,161.7321210276,-0.0406494226,0.4198263669,0.1201449589,

##################################
1.0000000000,0.8717639688,1.6112895857,0.0686469475,0.3030228443,1.3400283072,348.0000000000,67.0000000000,21.0000000000,217.0000000000,-0.0023000000,0.4500000000,0.0600000000

optimal_chisq=0.8650781366,optimal_hour=7.0800007068, source_hour=7.0800000000 
parameter is :
1.3031517436,1.3444497502,1.8352474644,0.7042521385,0.6828703940,1.8117019734,343.7210984451,63.6133268044,7.0800007068,214.8345041335,0.1170240577,0.4402045698,0.1849003024,

##################################
1.0000000000,0.8128239833,0.2471374965,1.5379981145,0.9775163345,0.6904055969,269.0000000000,-87.0000000000,9.0000000000,11.0000000000,-0.0022000000,0.4300000000,0.1400000000

optimal_chisq=0.8426543946,optimal_hour=6.8800013471, source_hour=6.8800000000 
parameter is :
1.0162057813,1.0974547423,0.6904093097,1.3248358864,1.1589830729,0.2412566215,267.4463331894,-86.4578132501,6.8800013471,11.1057477523,-0.0255459894,0.4296937980,0.0075849285,

##################################
1.0000000000,0.5078418141,1.0546807787,0.2971201985,0.1607049834,1.1668859792,41.0000000000,35.0000000000,21.0000000000,176.0000000000,-0.0017000000,0.3100000000,0.0800000000

optimal_chisq=0.9039988622,optimal_hour=6.7599990396, source_hour=6.7600000000 
parameter is :
1.2591075548,0.7724559208,1.3853055908,0.5613889006,0.6763887295,1.3193478590,49.3547604172,34.1804411337,6.7599990396,174.2992813023,0.0060622391,0.3141929145,0.2154661832,

##################################
1.0000000000,0.2758090348,0.5011417990,0.6905621528,0.3248615224,0.8095693918,76.0000000000,53.0000000000,19.0000000000,12.0000000000,-0.0018000000,0.3900000000,0.1500000000

optimal_chisq=0.9083603085,optimal_hour=6.8800005372, source_hour=6.8800000000 
parameter is :
1.1372987845,0.6617124454,0.9805370535,0.8672915985,0.2964808731,1.2668073300,72.4680132269,47.9657835978,6.8800005372,14.3505094308,-0.0236024469,0.3896251973,0.0282906554,

##################################
1.0000000000,0.6843606390,0.7505326979,0.8394184094,0.2216144417,1.3399530781,269.0000000000,73.0000000000,4.0000000000,151.0000000000,-0.0019000000,0.2200000000,0.1000000000

optimal_chisq=0.8733513519,optimal_hour=6.9400002170, source_hour=6.9400000000 
parameter is :
0.8921092450,0.7523218314,-0.3655229671,1.2083809464,0.5901249400,1.0365620280,278.0855767875,75.1849633068,6.9400002170,150.1072581755,0.0597660294,0.2160551154,0.0406596776,

##################################
1.0000000000,0.2947202303,0.0506752647,1.2361690690,0.1421197107,1.1222437920,329.0000000000,58.0000000000,24.0000000000,192.0000000000,-0.0013000000,0.2300000000,0.0900000000

optimal_chisq=0.9099880852,optimal_hour=6.7000010223, source_hour=6.7000000000 
parameter is :
2.6822804285,1.8418581345,1.1909636048,3.1597177187,1.7397548738,2.6727122648,296.5157225771,66.0378058065,6.7000010223,200.3135958184,-0.0018971805,0.2304184869,0.0989957140,

##################################
1.0000000000,0.4551548662,0.5545318347,0.8199324155,0.7885061787,0.4596062884,241.0000000000,17.0000000000,22.0000000000,317.0000000000,-0.0019000000,0.2400000000,0.1000000000

optimal_chisq=0.9317735724,optimal_hour=7.1900000800, source_hour=7.1900000000 
parameter is :
1.0000000000,0.4551548662,0.5545318347,0.8199324155,0.7885061787,0.4596062884,241.0000000000,17.0000000000,7.1900000800,317.0000000000,-0.0019000000,0.2400000000,0.1000000000,

##################################
1.0000000000,0.5855700521,0.6834870942,0.8105900812,0.7622326896,0.6216890220,204.0000000000,68.0000000000,3.0000000000,337.0000000000,-0.0016000000,0.4200000000,0.1800000000

optimal_chisq=0.8851833464,optimal_hour=7.0199985890, source_hour=7.0200000000 
parameter is :
0.8621683139,0.7741515712,0.7277643839,0.6806073526,0.8709408365,0.6633910615,203.9892541663,67.9939077187,7.0199985890,336.9899679615,0.0052863256,0.4199993074,-0.1676140022,

##################################
1.0000000000,0.7396085671,0.3500229465,1.3483674233,0.6968697434,0.9150563989,124.0000000000,13.0000000000,14.0000000000,109.0000000000,-0.0017000000,0.2200000000,0.1300000000

optimal_chisq=0.8608308383,optimal_hour=6.9800001258, source_hour=6.9800000000 
parameter is :
0.7473436518,0.9750850140,0.7337025492,0.9869267672,0.8743380528,1.0390405501,122.2063389018,11.8559051318,6.9800001258,109.8640569473,-0.0052386667,0.2199720659,0.0588544087,

##################################
1.0000000000,0.0671053371,0.6885633057,0.2283505358,0.1253112790,0.7634019519,118.0000000000,11.0000000000,5.0000000000,290.0000000000,-0.0022000000,0.2300000000,0.1400000000

optimal_chisq=0.9370604656,optimal_hour=7.0100026825, source_hour=7.0100000000 
parameter is :
0.4390967826,0.4561675959,0.5363626893,0.3315331343,0.3502063962,0.5383959017,114.3398175153,-0.2652440582,7.0100026825,290.1382281706,0.0003188440,0.2309443477,-0.2664301751,

##################################
1.0000000000,0.1779249507,0.8061623401,0.2136647652,0.7214585908,0.1286315528,150.0000000000,30.0000000000,18.0000000000,8.0000000000,-0.0016000000,0.4500000000,0.1800000000

optimal_chisq=0.9066250903,optimal_hour=7.0000021114, source_hour=7.0000000000 
parameter is :
0.2551315163,0.4510061018,0.5931042290,0.1824960771,0.4114394844,0.3864394710,146.7858134459,28.8204850675,7.0000021114,6.8906188394,0.0700483760,0.4492379429,-0.0307575348,

##################################
1.0000000000,0.6474032889,0.9783468535,0.5402037158,1.2041064619,0.1345457860,93.0000000000,5.0000000000,8.0000000000,184.0000000000,-0.0021000000,0.4900000000,0.1200000000

optimal_chisq=0.8336747311,optimal_hour=6.9500007927, source_hour=6.9500000000 
parameter is :
1.1864294754,0.8773941488,1.3138996876,0.6026137628,1.4017197471,0.2750841466,106.9421174519,6.2816057122,6.9500007927,186.9954121151,0.1020430064,0.4837518500,0.0173538325,

##################################
1.0000000000,0.8213701303,0.7115107752,1.0280561469,0.1119781097,1.6146178439,63.0000000000,-43.0000000000,13.0000000000,355.0000000000,-0.0022000000,0.2200000000,0.0500000000

optimal_chisq=0.9254637803,optimal_hour=7.1100003981, source_hour=7.1100000000 
parameter is :
0.9688098118,0.5164311958,0.1424478153,0.7322723765,0.5824741947,0.9156373887,59.0612045119,-43.9654165655,7.1100003981,348.4378113009,0.0511381889,0.2180142249,0.0817225144,

##################################
1.0000000000,0.5403133857,0.9183779446,0.4916738511,1.1418909979,0.0814816150,70.0000000000,8.0000000000,1.0000000000,31.0000000000,-0.0021000000,0.4800000000,0.1900000000

optimal_chisq=0.9128105250,optimal_hour=7.0899999888, source_hour=7.0900000000 
parameter is :
0.8714680057,0.6388807349,0.9716837071,0.5175125106,1.1005249236,0.2817145179,68.1601939956,8.1508424595,7.0899999888,31.3757027050,0.0263123953,0.4802307837,0.0041885976,

##################################
1.0000000000,0.8067866023,0.5003257915,1.2492674258,1.2096970715,0.3885148345,206.0000000000,-27.0000000000,19.0000000000,130.0000000000,-0.0019000000,0.2300000000,0.1100000000

optimal_chisq=0.9565233413,optimal_hour=6.7700002279, source_hour=6.7700000000 
parameter is :
0.8306375149,1.5643906621,1.0661786052,1.3627283556,1.7094951138,0.5891560682,205.6178520459,-26.1077159831,6.7700002279,129.8204375703,0.0340469452,0.2291033687,0.0533870117,

##################################
1,chisq=0.802647653007746431086388838594,optimalHour=6.8199993010,InitHout=6.8200000000,deviation=0.0000006990
2,chisq=0.833674731057833295899683889729,optimalHour=6.9500007927,InitHout=6.9500000000,deviation=0.0000007927
3,chisq=0.842654394621205282689402338292,optimalHour=6.8800013471,InitHout=6.8800000000,deviation=0.0000013471
4,chisq=0.860830838314692203816491655743,optimalHour=6.9800001258,InitHout=6.9800000000,deviation=0.0000001258
5,chisq=0.865078136590364255020801920182,optimalHour=7.0800007068,InitHout=7.0800000000,deviation=0.0000007068
6,chisq=0.871897148055801984867230203236,optimalHour=7.0800000343,InitHout=7.0800000000,deviation=0.0000000343
7,chisq=0.873351351882552418004479477531,optimalHour=6.9400002170,InitHout=6.9400000000,deviation=0.0000002170
8,chisq=0.885183346408453752829359473253,optimalHour=7.0199985890,InitHout=7.0200000000,deviation=0.0000014110
9,chisq=0.897018095432389972465614391695,optimalHour=6.8199999864,InitHout=6.8200000000,deviation=0.0000000136
10,chisq=0.897152915400739492390869145311,optimalHour=7.0199996126,InitHout=7.0200000000,deviation=0.0000003874
11,chisq=0.899971959321175574153528486931,optimalHour=6.7900088283,InitHout=6.7900000000,deviation=0.0000088283
12,chisq=0.903998862189015595092200783256,optimalHour=6.7599990396,InitHout=6.7600000000,deviation=0.0000009604
13,chisq=0.906625090273404987684102707135,optimalHour=7.0000021114,InitHout=7.0000000000,deviation=0.0000021114
14,chisq=0.907107963208244605368690827163,optimalHour=6.7900006837,InitHout=6.7900000000,deviation=0.0000006837
15,chisq=0.908360308478920575048221053294,optimalHour=6.8800005372,InitHout=6.8800000000,deviation=0.0000005372
16,chisq=0.909988085193871976130708389974,optimalHour=6.7000010223,InitHout=6.7000000000,deviation=0.0000010223
17,chisq=0.912810524982693771711694807891,optimalHour=7.0899999888,InitHout=7.0900000000,deviation=0.0000000112
18,chisq=0.920558984894442766666600164172,optimalHour=6.2200005882,InitHout=6.2200000000,deviation=0.0000005882
19,chisq=0.925463780340870623142279782769,optimalHour=7.1100003981,InitHout=7.1100000000,deviation=0.0000003981
20,chisq=0.926351588793714819658475789765,optimalHour=6.7900012648,InitHout=6.7900000000,deviation=0.0000012648
21,chisq=0.931773572440591446586211077374,optimalHour=7.1900000800,InitHout=7.1900000000,deviation=0.0000000800
22,chisq=0.934005325377430861699679098820,optimalHour=6.8700002750,InitHout=6.8700000000,deviation=0.0000002750
23,chisq=0.937060465571622813740759738721,optimalHour=7.0100026825,InitHout=7.0100000000,deviation=0.0000026825
24,chisq=0.938434669258709663886008911504,optimalHour=7.1899997561,InitHout=7.1900000000,deviation=0.0000002439
25,chisq=0.946938277441551123914109666657,optimalHour=6.8000003577,InitHout=6.8000000000,deviation=0.0000003577
26,chisq=0.949374515886202141601302173513,optimalHour=6.7900007649,InitHout=6.7900000000,deviation=0.0000007649
27,chisq=0.956523341270963611826516626024,optimalHour=6.7700002279,InitHout=6.7700000000,deviation=0.0000002279
28,chisq=0.971410644732334627171610463847,optimalHour=6.3600011372,InitHout=6.3600000000,deviation=0.0000011372
29,chisq=0.980551490178582341172841552179,optimalHour=6.8200000000,InitHout=6.8200000000,deviation=0.0000000000
30,chisq=0.983406959381270096010041470436,optimalHour=6.7500017875,InitHout=6.7500000000,deviation=0.0000017875
1.0000000000,0.8261519209,1.2073114774,0.4753393099,1.4279972186,0.0631196602,210.0000000000,5.0000000000,20.0000000000,31.0000000000,-0.0022000000,0.4100000000,0.1000000000

optimal_chisq=0.7949110245,optimal_hour=6.8780000030, source_hour=6.8780000000 
parameter is :
0.1859713858,0.3620106462,-0.3518788077,0.2590174704,-0.2060406540,0.1666909099,209.0015799562,4.0159687989,6.8780000030,43.5772633185,-0.1179362937,0.4219338968,-0.0965196485,

run over!

##################################
1.0000000000,0.6474032889,0.9783468535,0.5402037158,1.2041064619,0.1345457860,93.0000000000,5.0000000000,8.0000000000,184.0000000000,-0.0021000000,0.4900000000,0.1200000000

optimal_chisq=0.7573455621,optimal_hour=6.9370000184, source_hour=6.9370000000 
parameter is :
1.0221138147,0.6944662594,1.1393134503,0.4355026863,1.0489256309,0.3381901068,95.4139961008,5.2526794654,6.9370000184,185.9542672626,0.0726951390,0.4903178405,-0.0737406680,

run over!

##################################
1.0000000000,0.8128239833,0.2471374965,1.5379981145,0.9775163345,0.6904055969,269.0000000000,-87.0000000000,9.0000000000,11.0000000000,-0.0022000000,0.4300000000,0.1400000000

optimal_chisq=0.6295653339,optimal_hour=6.8749994980, source_hour=6.8750000000 
parameter is :
1.1049596686,0.8490857899,0.7010035569,1.3675653630,1.2919939375,0.6417113275,270.7306886431,-86.8549658716,6.8749994980,9.7695796077,0.0084753405,0.4300338797,-0.0749270002,

run over!

##################################
1.0000000000,0.7396085671,0.3500229465,1.3483674233,0.6968697434,0.9150563989,124.0000000000,13.0000000000,14.0000000000,109.0000000000,-0.0017000000,0.2200000000,0.1300000000

optimal_chisq=0.7852886354,optimal_hour=6.9419999773, source_hour=6.9420000000 
parameter is :
0.9672459120,0.7894652307,0.3428724972,1.3610582221,0.7157173842,0.8801715348,123.9999875232,12.9989489043,6.9419999773,108.9995014931,-0.0058687748,0.2199481599,0.1098801641,

run over!

##################################
1.0000000000,0.8717639688,1.6112895857,0.0686469475,0.3030228443,1.3400283072,348.0000000000,67.0000000000,21.0000000000,217.0000000000,-0.0023000000,0.4500000000,0.0600000000

optimal_chisq=0.8650781366,optimal_hour=7.0800007068, source_hour=7.0800000000 
parameter is :
1.3031517436,1.3444497502,1.8352474644,0.7042521385,0.6828703940,1.8117019734,343.7210984451,63.6133268044,7.0800007068,214.8345041335,0.1170240577,0.4402045698,0.1849003024,

run over!

##################################
1.0000000000,0.4172839520,1.0517926740,0.1970482609,0.7681108868,0.3423946996,205.0000000000,21.0000000000,21.0000000000,254.0000000000,-0.0016000000,0.2800000000,0.0700000000

optimal_chisq=0.8079556553,optimal_hour=7.1509990688, source_hour=7.1510000000 
parameter is :
0.4629850327,1.3385664105,0.9656442016,0.9572226606,0.5368431924,1.2716703630,201.6529799604,25.0364790023,7.1509990688,254.3903668520,-0.0076676564,0.2847555906,-0.1162439729,

run over!

##################################
1,chisq=0.629565333906535573582630149758,optimalHour=6.8749994980,InitHout=6.8750000000,deviation=0.0000005020
2,chisq=0.757345562138646566374688973156,optimalHour=6.9370000184,InitHout=6.9370000000,deviation=0.0000000184
3,chisq=0.785288635365402942767332206131,optimalHour=6.9419999773,InitHout=6.9420000000,deviation=0.0000000227
4,chisq=0.794911024545990718692678456136,optimalHour=6.8780000030,InitHout=6.8780000000,deviation=0.0000000030
5,chisq=0.807955655301887065711241575627,optimalHour=7.1509990688,InitHout=7.1510000000,deviation=0.0000009312
6,chisq=0.865078136590364255020801920182,optimalHour=7.0800007068,InitHout=7.0800000000,deviation=0.0000007068



1.0000000000,0.8128239833,0.2471374965,1.5379981145,0.9775163345,0.6904055969,269.0000000000,-87.0000000000,9.0000000000,11.0000000000,-0.0022000000,0.4300000000,0.1400000000


1.0000000000,0.8128239833,0.2471374965,1.5379981145,0.9775163345,0.6904055969,269.0000000000,-87.0000000000,9.0000000000,11.0000000000,-0.0022000000,0.4300000000,0.1400000000

optimal_chisq=0.6295653339,optimal_hour=6.8749994980 
parameter is :
1.1049596686,0.8490857899,0.7010035569,1.3675653630,1.2919939375,0.6417113275,270.7306886431,-86.8549658716,6.8749994980,9.7695796077,0.0084753405,0.4300338797,-0.0749270002,


Pole:
optimalLambda,optimalBeta:(92.1295674135,-66.2860869286)
optimalParameter:{1.0895087223,0.9570752169,1.3399632885,0.6170856611,0.6118435771,1.3900434873,92.1295674135,-66.2860869286,6.8749994290,158.8448832361,-0.0228649288,0.4713476477,0.2403663277}

















