1.0000000000,0.0704764021,0.7606255009,0.1411571472,0.1302315416,0.7416784017,308.0000000000,26.0000000000,23.0000000000,262.0000000000,-0.0018000000,0.2100000000,0.0800000000

optimal_chisq=1.1339820363,optimal_hour=6.0700014390, source_hour=6.0700000000 
parameter is :
0.6803492144,0.3549192818,0.7496575229,0.2744475295,0.4894863111,0.5620214181,310.0393418919,21.9765886676,6.0700014390,261.5639647339,-0.0219346306,0.2097656444,0.1514901464,

##################################
1.0000000000,0.5497629920,0.8604160822,0.5689561444,0.4047682793,0.9655263946,87.0000000000,1.0000000000,4.0000000000,226.0000000000,-0.0020000000,0.4300000000,0.0700000000

optimal_chisq=1.0070952732,optimal_hour=6.0400003792, source_hour=6.0400000000 
parameter is :
0.9999999998,0.5497629918,0.8604160823,0.5689561446,0.4047682793,0.9655263945,87.0000000000,1.0000000000,6.0400003792,226.0000000000,-0.0020000000,0.4300000000,0.0700000000,

##################################
1.0000000000,0.1456530900,0.5949653112,0.4351764297,0.4726501150,0.4556615795,94.0000000000,-6.0000000000,3.0000000000,160.0000000000,-0.0014000000,0.2100000000,0.1700000000

optimal_chisq=1.1481350947,optimal_hour=6.0400008033, source_hour=6.0400000000 
parameter is :
0.8210901608,0.3738779490,0.6311937363,0.6456985085,0.4826055787,0.5143963143,95.2682321628,-6.4573618959,6.0400008033,159.3216835691,-0.0159401254,0.2099182868,0.0751430886,

##################################
1.0000000000,0.7312506678,1.4156977466,0.1326923121,0.3905546871,1.1056285735,285.0000000000,-35.0000000000,20.0000000000,137.0000000000,-0.0017000000,0.3300000000,0.1700000000

optimal_chisq=0.9730885539,optimal_hour=6.0400004390, source_hour=6.0400000000 
parameter is :
0.8749967935,0.8462126045,1.1046977301,0.5966459491,0.5753031598,1.0997332622,284.2381247523,-34.7284825208,6.0400004390,137.1176267647,-0.0372404118,0.3296240019,-0.1803467951,

##################################
1.0000000000,0.7213171556,0.5098537372,1.1500309914,1.3372062773,0.1418609384,196.0000000000,-50.0000000000,3.0000000000,351.0000000000,-0.0023000000,0.3200000000,0.1700000000

optimal_chisq=1.0762948587,optimal_hour=6.0400000767, source_hour=6.0400000000 
parameter is :
0.9127591906,0.7417665317,1.0536498249,0.5799153457,0.6816235399,1.1384282250,190.8418294778,-46.1806100550,6.0400000767,354.9374328740,-0.0275195079,0.3203685602,0.0668599640,

##################################
1.0000000000,0.1311656377,0.5635241646,0.4572279547,0.3801925782,0.5596543264,259.0000000000,42.0000000000,3.0000000000,179.0000000000,-0.0018000000,0.2900000000,0.0500000000

optimal_chisq=1.1318913955,optimal_hour=6.0400019774, source_hour=6.0400000000 
parameter is :
0.9093402561,0.2480703223,0.6121050349,0.6103642882,0.4778958819,0.4338210041,259.0071306099,42.0016940195,6.0400019774,179.0050858152,-0.0124605237,0.2898432621,-0.0477448353,

##################################
1.0000000000,0.0462620375,0.4836799814,0.4600815956,0.3610524562,0.4987213424,338.0000000000,58.0000000000,15.0000000000,205.0000000000,-0.0017000000,0.4000000000,0.0900000000

optimal_chisq=1.3022654425,optimal_hour=6.0400005457, source_hour=6.0400000000 
parameter is :
0.7556576815,0.4593319473,0.4426911247,0.6806002880,0.2029115125,0.7798312018,347.3310449470,61.4490432029,6.0400005457,203.1880933402,-0.0240005159,0.3998876100,0.0661804151,

##################################
1.0000000000,0.1545301001,0.4743510451,0.5911401093,0.2010949300,0.8252080036,223.0000000000,-25.0000000000,16.0000000000,313.0000000000,-0.0017000000,0.3700000000,0.1100000000

optimal_chisq=1.1449932026,optimal_hour=6.0400011339, source_hour=6.0400000000 
parameter is :
1.2700643051,0.3740594131,0.9509299473,0.9321820303,0.9113772025,0.7867593611,218.5350060626,-25.9547214246,6.0400011339,317.9156586043,-0.0281067302,0.3699354739,0.0463907509,

##################################
1.0000000000,0.4397562172,0.0477198746,1.3853766552,0.0638003225,1.3603363477,46.0000000000,-8.0000000000,6.0000000000,296.0000000000,-0.0016000000,0.2600000000,0.1100000000

optimal_chisq=1.1641820710,optimal_hour=6.0400012188, source_hour=6.0400000000 
parameter is :
0.8279500825,0.7940174709,0.1975372275,1.4256893219,0.3486490438,1.3268101122,43.5461708440,0.4809487389,6.0400012188,295.3747607272,-0.0111063574,0.2598967529,-0.1174342006,

##################################
1.0000000000,0.7716306358,1.0013548180,0.6489196642,0.1197541854,1.5158771208,44.0000000000,-65.0000000000,15.0000000000,34.0000000000,-0.0020000000,0.4800000000,0.0800000000

optimal_chisq=1.2518822428,optimal_hour=6.0400022890, source_hour=6.0400000000 
parameter is :
0.7358946865,0.9376211903,1.0708476683,0.7800206333,0.3258193879,1.5028335514,44.0370252084,-64.9824651334,6.0400022890,33.9596874028,-0.0482500851,0.4797270400,-0.0550057625,

##################################
1.0000000000,0.1011826275,0.7960895159,0.1338866837,0.3603304982,0.4843256584,26.0000000000,-5.0000000000,24.0000000000,178.0000000000,-0.0017000000,0.4900000000,0.1700000000

optimal_chisq=1.2925272629,optimal_hour=5.7099997504, source_hour=5.7100000000 
parameter is :
0.5961204811,0.4661121439,0.4940831452,0.6366216800,0.6062642289,0.4559265766,29.0288628416,-7.3451234807,5.7099997504,180.8268171650,-0.0519846545,0.4895471290,-0.0093949672,

##################################
1.0000000000,0.3310446270,0.0210801056,1.3067894950,0.3864495733,0.8804110138,301.0000000000,9.0000000000,3.0000000000,22.0000000000,-0.0012000000,0.4400000000,0.1100000000

optimal_chisq=1.2965535342,optimal_hour=5.9399991951, source_hour=5.9400000000 
parameter is :
0.9038049414,0.6993829557,0.4865032071,1.0826419075,0.6269792042,0.9630282012,301.0575405961,8.9962484852,5.9399991951,21.9971739946,-0.0230089107,0.4397245096,0.0164250148,

##################################
1.0000000000,0.2870193400,0.0016797851,1.2850784670,0.2010960570,1.0536074416,1.0000000000,-38.0000000000,3.0000000000,335.0000000000,-0.0020000000,0.4100000000,0.1300000000

optimal_chisq=1.1752051218,optimal_hour=6.0399988501, source_hour=6.0400000000 
parameter is :
-0.2278385565,0.2759671716,0.4147050690,-0.3027711724,0.3704044983,-0.4695883111,-6.2069534605,-22.1174906501,6.0399988501,334.6606038508,-0.0438264651,0.4106950233,0.0771818147,

##################################
1.0000000000,0.0415492859,0.5181594732,0.4119736118,0.5836521220,0.1969401160,24.0000000000,-37.0000000000,13.0000000000,152.0000000000,-0.0022000000,0.2100000000,0.1400000000

optimal_chisq=1.2338904121,optimal_hour=5.9399980953, source_hour=5.9400000000 
parameter is :
1.0199787751,1.1193343026,1.1953494360,0.7921733873,1.2631707755,0.7221362184,11.5075892250,-37.6848093523,5.9399980953,149.1070310658,-0.0226733736,0.2101183010,-0.0040710964,

##################################
1.0000000000,0.1293651863,0.3322570107,0.7348348070,0.7648196450,0.1316412785,333.0000000000,45.0000000000,16.0000000000,180.0000000000,-0.0019000000,0.2800000000,0.0600000000

optimal_chisq=1.2578200702,optimal_hour=6.0400018355, source_hour=6.0400000000 
parameter is :
0.8635270900,0.3250856227,0.5761591921,0.6677045418,0.7884924431,0.5688549617,332.3276666622,45.0340063213,6.0400018355,179.8714781328,-0.0183765387,0.2799026307,-0.0959599438,

##################################
1.0000000000,0.3369911054,0.3291971810,0.9565883099,0.5815310593,0.6063432182,89.0000000000,-76.0000000000,4.0000000000,62.0000000000,-0.0012000000,0.4500000000,0.1000000000

optimal_chisq=1.2013329186,optimal_hour=6.0399985195, source_hour=6.0400000000 
parameter is :
0.6253260241,1.1369296832,0.8109398323,0.9498984231,1.1270504884,0.6864017745,84.9221663304,-75.5579061695,6.0399985195,64.3450163058,-0.0472272316,0.4501369896,-0.0696178432,

##################################
1.0000000000,0.6301114064,1.1503891732,0.3236338772,1.2637044817,0.0122366233,209.0000000000,73.0000000000,1.0000000000,91.0000000000,-0.0018000000,0.4800000000,0.0700000000

optimal_chisq=1.2222971816,optimal_hour=5.9400015497, source_hour=5.9400000000 
parameter is :
1.1404674806,0.1499020974,1.1367431790,0.7269071045,1.2327097747,0.6710468853,209.4677503415,74.1245838800,5.9400015497,91.4056047365,-0.0497106595,0.4809461734,-0.0597166232,

##################################
1.0000000000,0.7059938627,0.7814172488,0.8274370203,0.7182544328,0.7957163074,156.0000000000,34.0000000000,6.0000000000,20.0000000000,-0.0018000000,0.4700000000,0.1900000000

optimal_chisq=1.1976807834,optimal_hour=6.0399987024, source_hour=6.0400000000 
parameter is :
0.7837137918,0.8348463256,0.9010648088,0.8353676678,0.9338519868,0.6216441914,155.9965400207,34.0263307846,6.0399987024,20.0021489883,-0.0509751646,0.4695612548,0.2407491405,

##################################
1.0000000000,0.8265955829,1.5304835548,0.1094614309,0.0087933133,1.6300785790,352.0000000000,-62.0000000000,13.0000000000,9.0000000000,-0.0019000000,0.2900000000,0.1900000000

optimal_chisq=1.2899604643,optimal_hour=5.4300002954, source_hour=5.4300000000 
parameter is :
0.9191449083,0.9231170921,1.3908617806,0.3808344795,0.4566748660,1.3413049623,352.3536243887,-50.7842956358,5.4300002954,11.6076647845,-0.0299962838,0.2899747281,-0.0018651313,

##################################
1.0000000000,0.3789115894,1.1755359580,0.0040648166,0.2033859357,0.9406592619,191.0000000000,67.0000000000,16.0000000000,297.0000000000,-0.0019000000,0.4600000000,0.1700000000

optimal_chisq=1.3455384250,optimal_hour=6.1300033557, source_hour=6.1300000000 
parameter is :
44.3277142889,51.5773439664,44.0276378110,-52.6093847474,-47.2129123494,46.0217130169,95.6572791101,54.1533460197,6.1300033557,272.5302182702,0.0538383567,-1.2660970823,-0.0077645689,

##################################
1.0000000000,0.8192695518,0.4748620463,1.2906132617,0.6601203370,1.0271057870,184.0000000000,78.0000000000,2.0000000000,194.0000000000,-0.0013000000,0.4300000000,0.0700000000

optimal_chisq=1.1832930099,optimal_hour=6.0400000644, source_hour=6.0400000000 
parameter is :
0.9404566333,0.8455556418,0.4939973929,1.2568304757,0.6885063292,1.0787215671,183.9998365121,77.9995728490,6.0400000644,193.9998931709,-0.0185132907,0.4299174854,0.0364824244,

##################################
1.0000000000,0.5834411087,1.3507949684,0.0381378117,0.3705846961,0.9627608904,307.0000000000,-86.0000000000,2.0000000000,352.0000000000,-0.0012000000,0.4700000000,0.1200000000

optimal_chisq=1.2880124062,optimal_hour=5.4500153166, source_hour=5.4500000000 
parameter is :
0.9154876086,0.9453023101,0.9897450004,0.8804163601,0.5259671882,1.3064278718,306.9056052550,-86.0321494676,5.4500153166,352.0698381234,-0.0497613388,0.4710414204,-0.0163541168,

##################################
1.0000000000,0.6535771013,0.1015026425,1.5397051976,0.4031818609,1.1873275217,201.0000000000,64.0000000000,9.0000000000,101.0000000000,-0.0014000000,0.3000000000,0.1100000000

optimal_chisq=1.3172206666,optimal_hour=5.5200001243, source_hour=5.5200000000 
parameter is :
0.5568814113,0.5144553549,0.4084439124,0.6327817195,0.4332496198,0.6087610373,201.0346079200,63.4196901385,5.5200001243,102.9749226447,-0.0317312559,0.3001045202,0.0616699155,

##################################
1.0000000000,0.2774526259,0.1842867792,1.0636307575,0.2309567918,0.9787776898,325.0000000000,-58.0000000000,9.0000000000,154.0000000000,-0.0012000000,0.2400000000,0.1700000000

optimal_chisq=1.0376228939,optimal_hour=6.0399994241, source_hour=6.0400000000 
parameter is :
0.6656567686,0.3751777198,0.3563997716,0.6909040970,0.5906500507,0.4752723514,322.8741029158,-55.1634935198,6.0399994241,155.4044868951,-0.0102549322,0.2399139283,0.0444276995,

##################################
1.0000000000,0.9910557596,0.5745449676,1.3570207137,0.9315105238,0.8982366625,64.0000000000,81.0000000000,21.0000000000,176.0000000000,-0.0021000000,0.3900000000,0.1700000000

optimal_chisq=1.1775414762,optimal_hour=6.0400022848, source_hour=6.0400000000 
parameter is :
0.8759957507,1.0607656055,0.5865309436,1.3957669272,0.5670484472,1.2472557772,64.0356292684,80.9953455739,6.0400022848,176.0351131475,-0.0416673047,0.3906650470,-0.0044611360,

##################################
1.0000000000,0.8323181485,0.6443216805,1.1147389973,1.1719049339,0.4419227768,3.0000000000,84.0000000000,15.0000000000,348.0000000000,-0.0021000000,0.3300000000,0.1400000000

optimal_chisq=1.0615616299,optimal_hour=6.0399999518, source_hour=6.0400000000 
parameter is :
1.0000000000,0.8323181485,0.6443216805,1.1147389973,1.1719049339,0.4419227768,3.0000000000,84.0000000000,6.0399999518,348.0000000000,-0.0021000000,0.3300000000,0.1400000000,

##################################
1.0000000000,0.3034835641,1.0643351973,0.0477328939,0.2659356719,0.7960496813,49.0000000000,67.0000000000,13.0000000000,276.0000000000,-0.0013000000,0.4900000000,0.1500000000

optimal_chisq=1.0479514866,optimal_hour=6.0400003369, source_hour=6.0400000000 
parameter is :
0.3746047290,0.5523078572,0.6313755797,0.3045297840,0.4759636305,0.5173346548,37.6401979915,60.3761979097,6.0400003369,270.1177408273,-0.0546762405,0.4894106556,-0.0430294687,

##################################
1.0000000000,0.9261295800,0.8624089337,0.9695701230,1.5600331582,0.0819248160,238.0000000000,-39.0000000000,23.0000000000,18.0000000000,-0.0020000000,0.2800000000,0.1000000000

optimal_chisq=1.1928620791,optimal_hour=6.2199991911, source_hour=6.2200000000 
parameter is :
0.9491361374,0.9465936183,1.0041457137,0.9895360350,1.4868543140,0.1368949552,238.0021196530,-38.9995927984,6.2199991911,17.9962711938,-0.0300891490,0.2803660198,0.1550706246,

##################################
1.0000000000,0.6521850515,0.0694876765,1.5742424987,1.2760318416,0.1941046814,95.0000000000,-13.0000000000,23.0000000000,245.0000000000,-0.0021000000,0.4500000000,0.1000000000

optimal_chisq=1.1804548477,optimal_hour=5.9400006511, source_hour=5.9400000000 
parameter is :
2.9820038983,3.2808406726,2.0299262814,4.1555537837,4.3350669158,1.7162121442,98.4211453587,-5.6296860413,5.9400006511,254.8890743805,-0.0486173616,0.4506059959,0.1087235846,

##################################
1.0000000000,0.0534131378,0.1455443512,0.8794702946,0.0377603191,0.9798328304,20.0000000000,-48.0000000000,8.0000000000,220.0000000000,-0.0012000000,0.4300000000,0.1100000000

optimal_chisq=1.0118008047,optimal_hour=6.0400003214, source_hour=6.0400000000 
parameter is :
0.9013301183,1.8340811910,0.7702859616,0.8592916338,1.4551538717,1.4217491984,18.5585074846,-39.5982737547,6.0400003214,216.2847685043,-0.0444892635,0.4296080139,-0.0029751188,

##################################
1,chisq=0.973088553904907005431823563413,optimalHour=6.0400004390,InitHout=6.0400000000,deviation=0.0000004390
2,chisq=1.007095273176793925884453528852,optimalHour=6.0400003792,InitHout=6.0400000000,deviation=0.0000003792
3,chisq=1.011800804717339019589417148381,optimalHour=6.0400003214,InitHout=6.0400000000,deviation=0.0000003214
4,chisq=1.037622893949449398576234671054,optimalHour=6.0399994241,InitHout=6.0400000000,deviation=0.0000005759
5,chisq=1.047951486570424917132982045587,optimalHour=6.0400003369,InitHout=6.0400000000,deviation=0.0000003369
6,chisq=1.061561629875461765237787403748,optimalHour=6.0399999518,InitHout=6.0400000000,deviation=0.0000000482
7,chisq=1.076294858661826614465439888590,optimalHour=6.0400000767,InitHout=6.0400000000,deviation=0.0000000767
8,chisq=1.131891395521753551633992174175,optimalHour=6.0400019774,InitHout=6.0400000000,deviation=0.0000019774
9,chisq=1.133982036320174469068433609209,optimalHour=6.0700014390,InitHout=6.0700000000,deviation=0.0000014390
10,chisq=1.144993202555784517215897722053,optimalHour=6.0400011339,InitHout=6.0400000000,deviation=0.0000011339
11,chisq=1.148135094711229653441364462196,optimalHour=6.0400008033,InitHout=6.0400000000,deviation=0.0000008033
12,chisq=1.164182070992000550546663362184,optimalHour=6.0400012188,InitHout=6.0400000000,deviation=0.0000012188
13,chisq=1.175205121781398354130487859948,optimalHour=6.0399988501,InitHout=6.0400000000,deviation=0.0000011499
14,chisq=1.177541476150321786420249736693,optimalHour=6.0400022848,InitHout=6.0400000000,deviation=0.0000022848
15,chisq=1.180454847740448176551808501245,optimalHour=5.9400006511,InitHout=5.9400000000,deviation=0.0000006511
16,chisq=1.183293009908784609862664183311,optimalHour=6.0400000644,InitHout=6.0400000000,deviation=0.0000000644
17,chisq=1.192862079125721175287822006794,optimalHour=6.2199991911,InitHout=6.2200000000,deviation=0.0000008089
18,chisq=1.197680783368438639513442467432,optimalHour=6.0399987024,InitHout=6.0400000000,deviation=0.0000012976
19,chisq=1.201332918601783150691630908113,optimalHour=6.0399985195,InitHout=6.0400000000,deviation=0.0000014805
20,chisq=1.222297181607556071369913297531,optimalHour=5.9400015497,InitHout=5.9400000000,deviation=0.0000015497
21,chisq=1.233890412124583058073312713532,optimalHour=5.9399980953,InitHout=5.9400000000,deviation=0.0000019047
22,chisq=1.251882242786929611000346085348,optimalHour=6.0400022890,InitHout=6.0400000000,deviation=0.0000022890
23,chisq=1.257820070217483987562445690855,optimalHour=6.0400018355,InitHout=6.0400000000,deviation=0.0000018355
24,chisq=1.288012406208875582080963795306,optimalHour=5.4500153166,InitHout=5.4500000000,deviation=0.0000153166
25,chisq=1.289960464316371790971516020363,optimalHour=5.4300002954,InitHout=5.4300000000,deviation=0.0000002954
26,chisq=1.292527262882300131963120293221,optimalHour=5.7099997504,InitHout=5.7100000000,deviation=0.0000002496
27,chisq=1.296553534247352645891737665806,optimalHour=5.9399991951,InitHout=5.9400000000,deviation=0.0000008049
28,chisq=1.302265442496325364984954831016,optimalHour=6.0400005457,InitHout=6.0400000000,deviation=0.0000005457
29,chisq=1.317220666610744661539911248838,optimalHour=5.5200001243,InitHout=5.5200000000,deviation=0.0000001243
30,chisq=1.345538424951921774308516432939,optimalHour=6.1300033557,InitHout=6.1300000000,deviation=0.0000033557
1.0000000000,0.7312506678,1.4156977466,0.1326923121,0.3905546871,1.1056285735,285.0000000000,-35.0000000000,20.0000000000,137.0000000000,-0.0017000000,0.3300000000,0.1700000000

optimal_chisq=0.9730885539,optimal_hour=6.0400004390, source_hour=6.0400000000 
parameter is :
0.8749967935,0.8462126045,1.1046977301,0.5966459491,0.5753031598,1.0997332622,284.2381247523,-34.7284825208,6.0400004390,137.1176267647,-0.0372404118,0.3296240019,-0.1803467951,

run over!

##################################
1.0000000000,0.5497629920,0.8604160822,0.5689561444,0.4047682793,0.9655263946,87.0000000000,1.0000000000,4.0000000000,226.0000000000,-0.0020000000,0.4300000000,0.0700000000

optimal_chisq=0.9073720536,optimal_hour=6.0440000020, source_hour=6.0440000000 
parameter is :
0.9633390752,0.6398630806,0.8394971090,0.6030102329,0.6494977344,0.8449789104,86.9955035523,1.0000034869,6.0440000020,225.9967265682,-0.0455479012,0.4299364896,0.1194195542,

run over!

##################################
1.0000000000,0.0534131378,0.1455443512,0.8794702946,0.0377603191,0.9798328304,20.0000000000,-48.0000000000,8.0000000000,220.0000000000,-0.0012000000,0.4300000000,0.1100000000

optimal_chisq=1.0118008047,optimal_hour=6.0400003214, source_hour=6.0400000000 
parameter is :
0.9013301183,1.8340811910,0.7702859616,0.8592916338,1.4551538717,1.4217491984,18.5585074846,-39.5982737547,6.0400003214,216.2847685043,-0.0444892635,0.4296080139,-0.0029751188,

run over!

##################################
1.0000000000,0.2774526259,0.1842867792,1.0636307575,0.2309567918,0.9787776898,325.0000000000,-58.0000000000,9.0000000000,154.0000000000,-0.0012000000,0.2400000000,0.1700000000

optimal_chisq=1.0376228939,optimal_hour=6.0399994241, source_hour=6.0400000000 
parameter is :
0.6656567686,0.3751777198,0.3563997716,0.6909040970,0.5906500507,0.4752723514,322.8741029158,-55.1634935198,6.0399994241,155.4044868951,-0.0102549322,0.2399139283,0.0444276995,

run over!

##################################
1.0000000000,0.3034835641,1.0643351973,0.0477328939,0.2659356719,0.7960496813,49.0000000000,67.0000000000,13.0000000000,276.0000000000,-0.0013000000,0.4900000000,0.1500000000

optimal_chisq=1.0479514866,optimal_hour=6.0400003369, source_hour=6.0400000000 
parameter is :
0.3746047290,0.5523078572,0.6313755797,0.3045297840,0.4759636305,0.5173346548,37.6401979915,60.3761979097,6.0400003369,270.1177408273,-0.0546762405,0.4894106556,-0.0430294687,

run over!

##################################
1.0000000000,0.8323181485,0.6443216805,1.1147389973,1.1719049339,0.4419227768,3.0000000000,84.0000000000,15.0000000000,348.0000000000,-0.0021000000,0.3300000000,0.1400000000

optimal_chisq=1.0523164594,optimal_hour=6.0450019367, source_hour=6.0450000000 
parameter is :
1.0064548282,0.8397574846,0.6366858658,1.1058535317,1.1726794493,0.4447491107,3.0000447810,84.0000450768,6.0450019367,348.0000413336,-0.0044712136,0.3299821905,0.1407530229,

run over!

##################################
1,chisq=0.907372053603870742932713255868,optimalHour=6.0440000020,InitHout=6.0440000000,deviation=0.0000000020
2,chisq=0.973088553904907005431823563413,optimalHour=6.0400004390,InitHout=6.0400000000,deviation=0.0000004390
3,chisq=1.011800804717339019589417148381,optimalHour=6.0400003214,InitHout=6.0400000000,deviation=0.0000003214
4,chisq=1.037622893949449398576234671054,optimalHour=6.0399994241,InitHout=6.0400000000,deviation=0.0000005759
5,chisq=1.047951486570424917132982045587,optimalHour=6.0400003369,InitHout=6.0400000000,deviation=0.0000003369
6,chisq=1.052316459353511035601513867732,optimalHour=6.0450019367,InitHout=6.0450000000,deviation=0.0000019367





1.0000000000,0.0534131378,0.1455443512,0.8794702946,0.0377603191,0.9798328304,20.0000000000,-48.0000000000,8.0000000000,220.0000000000,-0.0012000000,0.4300000000,0.1100000000


1.0000000000,0.0534131378,0.1455443512,0.8794702946,0.0377603191,0.9798328304,20.0000000000,-48.0000000000,8.0000000000,220.0000000000,-0.0012000000,0.4300000000,0.1100000000

optimal_chisq=0.8785761920,optimal_hour=6.0414994126 
parameter is :
0.5814480830,1.1351623451,1.1784838239,0.8565876880,0.9350026054,0.8967434131,22.0016311009,-16.8079307338,6.0414994126,212.9931683682,-0.0475002282,0.4298258410,-0.1002244711,


Pole:
optimalLambda,optimalBeta:(77.5297604374,66.8235820900)
optimalParameter:{0.9486813729,1.1921638969,0.3402776319,1.0763436188,1.3756210803,0.9762585236,77.5297604374,66.8235820900,6.0415010286,149.4213478963,-0.0210469457,0.4197895322,-0.1283917763}


















