2443244.598919,1.019465,3.32938761,0.50004548,-0.09467935,2.39631912,0.13422713,-0.09470723,1.0
2443244.61096,1.043279,3.32938691,0.50015432,-0.09467537,2.39639069,0.13414235,-0.09470326,1.0
2443244.618043,1.063694,3.32938649,0.50021836,-0.09467303,2.39643281,0.13409247,-0.09470093,1.0
2443244.626126,1.074573,3.32938602,0.50029142,-0.09467035,2.39648088,0.13403557,-0.09469826,1.0
2443244.646376,1.0776629999999998,3.32938482,0.50047446,-0.09466365,2.39660139,0.13389305,-0.09469158,1.0
2443244.6535830004,1.059009,3.32938439,0.50053961,-0.09466127,2.39664431,0.13384232,-0.09468921,1.0
2443244.661042,1.038764,3.32938395,0.50060703,-0.0946588,2.39668874,0.13378984,-0.09468674,1.0
2443244.670042,1.001239,3.32938341,0.50068838,-0.09465582,2.39674237,0.13372653,-0.09468378,1.0
2443244.678708,0.9713108,3.32938289,0.50076671,-0.09465296,2.39679402,0.13366557,-0.09468092,1.0
2443244.685541,0.9370747,3.32938248,0.50082848,-0.0946507,2.39683477,0.1336175,-0.09467866,1.0
2443244.693624,0.9183179,3.32938199,0.50090154,-0.09464802,2.39688298,0.13356066,-0.094676,1.0
2443244.7019990003,0.9107782,3.32938148,0.50097724,-0.09464525,2.39693295,0.13350176,-0.09467324,1.0
2443244.713206,0.9108332,3.3293808,0.50107855,-0.09464154,2.39699985,0.13342296,-0.09466954,1.0
2443244.7353310003,0.9092649,3.32937944,0.50127853,-0.09463422,2.39713201,0.13326744,-0.09466224,1.0
2443244.74233,0.9101372,3.32937901,0.5013418,-0.09463191,2.39717384,0.13321825,-0.09465993,1.0
2443244.749955,0.9169057,3.32937854,0.50141071,-0.09462938,2.39721943,0.13316467,-0.09465742,1.0
2443244.75833,0.9288472,3.32937802,0.50148641,-0.09462661,2.39726952,0.13310583,-0.09465465,1.0
2443244.765164,0.9418034,3.32937759,0.50154818,-0.09462435,2.3973104,0.13305782,-0.09465239999999997,1.0
2443244.774288,0.9935313,3.32937702,0.50163066,-0.09462133,2.39736501,0.13299372,-0.09464939,1.0
2443244.783038,1.022356,3.32937647,0.50170974,-0.09461844,2.39741739,0.13293227,-0.0946465,1.0
2443244.791329,1.034717,3.32937595,0.50178468,-0.09461569,2.39746704,0.13287404,-0.09464377,1.0
2443244.800204,1.053034,3.32937539,0.5018649000000001,-0.09461276,2.39752021,0.13281173,-0.09464084,1.0
2443244.808787,1.064786,3.32937484,0.50194248,-0.09460991,2.39757165,0.13275146,-0.09463801,1.0
2443244.816578,1.085627,3.32937435,0.5020129,-0.09460734,2.39761836,0.13269677,-0.09463544,1.0
2443244.825578,1.072758,3.32937377,0.50209424,-0.09460436,2.39767233,0.1326336,-0.09463247,1.0
2443244.833287,1.061011,3.32937328,0.50216392,-0.09460181,2.39771858,0.13257950000000002,-0.09462992,1.0
2443244.843244,1.064985,3.32937264,0.50225392,-0.09459851,2.39777834,0.13250962,-0.09462664,1.0
2443244.847952,1.027435,3.32937234,0.50229647,-0.09459695,2.39780661,0.13247659,-0.09462509,1.0
2443244.859452,0.9642317,3.32937159,0.50240041,-0.09459315,2.39787567,0.13239591,-0.09462129,1.0
2443244.866535,0.9225676,3.32937113,0.50246444,-0.0945908,2.39791822,0.13234622,-0.09461895,1.0
2448510.401267,0.9546883,-2.89840028,-0.15984143,0.09041017,-1.91429431,-0.37269668,0.09040297,1.0
2448510.480895,1.114822,-2.89825195,-0.16066291,0.09037528,-1.91387956,-0.37218402,0.09036813,1.0
2448510.482311,1.078452,-2.89824931,-0.16067752,0.09037466,-1.9138722,-0.3721749,0.09036751,1.0
2448510.486728,1.051929,-2.89824108,-0.16072309,0.09037273,-1.91384924,-0.37214645,0.09036558,1.0
2448510.48827,1.065569,-2.8982382,-0.16073900000000002,0.09037205,-1.91384122,-0.37213652,0.09036491,1.0
2448510.493228,1.011034,-2.89822896,-0.16079015,0.09036988,-1.91381546,-0.37210458,0.09036274,1.0
2448510.494936,1.00545,-2.89822577,-0.16080777,0.09036913,-1.91380659,-0.37209358,0.09036199,1.0
2448510.50027,0.9852424,-2.89821583,-0.1608628,0.09036679,-1.91377888,-0.37205922,0.09035965,1.0
2448510.501811,0.986139,-2.89821295,-0.1608787,0.09036612,-1.91377087,-0.37204929,0.09035898,1.0
2448510.5053540003,0.9469494,-2.89820635,-0.16091524,0.09036456,-1.91375248,-0.37202647,0.09035743,1.0
2448510.511854,0.9425533,-2.89819422,-0.1609823,0.09036172,-1.91371873,-0.3719846,0.09035459,1.0
2448510.518979,0.969802,-2.89818093,-0.1610558,0.09035859,-1.91368175,-0.37193869,0.09035147,1.0
2448510.525437,0.9670798,-2.89816888,-0.16112243,0.09035576,-1.91364825,-0.37189708,0.09034864,1.0
2448510.527271,0.9407114,-2.89816546,-0.16114135,0.09035496,-1.91363873,-0.37188526,0.09034784,1.0
2448510.532605,0.9795786,-2.89815551,-0.16119637,0.09035262,-1.91361107,-0.37185089,0.0903455,1.0
2448511.507764,0.900151,-2.89631922,-0.17125547,0.08992476,-1.90867344,-0.36553777,0.08991822,1.0
2448511.509348,0.909307,-2.89631621,-0.17127179999999995,0.08992407,-1.90866562,-0.36552747,0.08991752,1.0
2448511.514973,0.9126265,-2.89630552,-0.17132982,0.0899216,-1.90863783,-0.36549089,0.08991506,1.0
2448511.516432,0.9416478,-2.89630275,-0.17134487,0.08992096,-1.90863063,-0.3654814,0.08991442,1.0
2448511.5213900004,0.9582372,-2.89629333,-0.17139601,0.08991878,-1.90860614,-0.36544915,0.08991224,1.0
2448511.527182,1.03432,-2.89628232,-0.17145575,0.08991623,-1.90857755,-0.36541148,0.0899097,1.0
2448511.532057,1.058376,-2.89627305,-0.17150603,0.08991409,-1.90855349,-0.36537977,0.08990756,1.0
2448511.537849,1.079996,-2.89626204,-0.17156576,0.08991155,-1.90852491,-0.3653421,0.08990502,1.0
2448511.542683,1.060247,-2.89625285,-0.17161562,0.08990942,-1.90850107,-0.36531065,0.0899029,1.0
2448511.5475580003,1.059233,-2.89624358,-0.17166591,0.08990728,-1.90847703,-0.36527894,0.08990076,1.0
2448511.553516,1.085858,-2.89623225,-0.17172736,0.08990466,-1.90844765,-0.36524017,0.08989815,1.0
2448513.339993,0.931376,-2.89277919,-0.19014865,0.08911813,-1.9000446,-0.35353035,0.08911265,1.0
2448513.340743,0.8910924000000001,-2.89277771,-0.19015638,0.0891178,-1.90004125,-0.35352540000000005,0.08911232,1.0
2448513.342118,0.89355,-2.89277501,-0.19017056,0.08911719,-1.90003509,-0.35351632,0.08911172,1.0
2448513.344952,0.8509628,-2.89276945,-0.19019976,0.08911594,-1.90002241,-0.35349762,0.08911047,1.0
2448513.348494,0.8651675999999999,-2.89276249,-0.19023628,0.08911438,-1.90000655,-0.35347423,0.08910891,1.0
2448513.356119,0.886907,-2.89274751,-0.19031489,0.08911101,-1.89997243,-0.35342389,0.08910555,1.0
2448513.370035,0.8900974,-2.89272016,-0.19045835,0.08910487,-1.8999102,-0.35333201,0.08909941,1.0
2448513.37316,0.9294551,-2.89271402,-0.19049057,0.08910349,-1.89989623,-0.35331137,0.08909804,1.0
2448513.374661,0.933736,-2.89271107,-0.19050603,0.08910283,-1.89988953,-0.35330147,0.08909738,1.0
2448513.378995,0.9116148,-2.89270256,-0.19055071,0.08910092,-1.89987016,-0.35327285,0.08909547,1.0
2448513.380328,0.9414724,-2.89269994,-0.19056446,0.08910033,-1.89986421,-0.35326405,0.08909488,1.0
2448513.382911,0.9132719,-2.89269486,-0.19059109,0.08909919,-1.89985267,-0.35324699,0.08909374,1.0
2448513.38737,0.9949177,-2.89268609,-0.19063705,0.08909722,-1.89983275,-0.35321754,0.08909177,1.0
2448513.392578,0.9903119,-2.89267585,-0.19069075,0.08909493,-1.8998095,-0.35318315,0.08908948,1.0
2448513.39362,1.010576,-2.89267381,-0.19070149,0.08909447,-1.89980484,-0.35317627,0.08908902,1.0
2448513.408371,1.069858,-2.8926448,-0.19085355,0.08908796,-1.89973902,-0.35307885,0.08908252,1.0
2448513.410704,1.101842,-2.89264021,-0.1908776,0.08908693,-1.89972862,-0.35306344,0.08908149,1.0
2448513.412204,1.080725,-2.89263726,-0.19089306,0.08908626,-1.89972193,-0.35305353,0.08908083,1.0
2448513.431037,1.09764,-2.89260022,-0.19108722,0.08907795,-1.89963799,-0.35292913,0.08907253,1.0
2448513.435788,1.127318,-2.89259087,-0.19113619,0.08907586,-1.89961683,-0.35289775,0.08907044,1.0
2448513.438747,1.108761,-2.89258505,-0.19116669,0.08907455,-1.89960365,-0.35287820000000003,0.08906913,1.0
2448513.442705,1.116931,-2.89257726,-0.1912075,0.08907280000000001,-1.89958603,-0.35285205,0.08906739,1.0
2448513.444997,1.162036,-2.89257275,-0.19123112,0.08907179,-1.89957583,-0.35283691,0.08906638,1.0
2448513.448413,1.123077,-2.89256603,-0.19126634,0.08907028,-1.89956062,-0.35281434,0.08906487,1.0
2448513.45033,1.142889,-2.89256226,-0.1912861,0.08906944,-1.89955209,-0.35280168,0.08906403,1.0
2448513.453747,1.134474,-2.89255553,-0.19132133,0.08906793,-1.89953689,-0.3527791,0.08906252,1.0
2448513.45383,1.149196,-2.89255537,-0.19132219,0.08906789,-1.89953652,-0.35277855,0.08906248,1.0
2448513.456288,1.141792,-2.89255053,-0.19134753,0.08906681,-1.89952559,-0.35276231,0.08906139999999999,1.0
2448513.4596220003,1.098442,-2.89254397,-0.1913819,0.08906534,-1.89951076,-0.35274028,0.08905993,1.0
2448513.46183,1.149134,-2.89253962,-0.19140466,0.08906436,-1.89950094,-0.35272569,0.08905896,1.0
2448513.46508,1.123987,-2.89253323,-0.19143816,0.08906293,-1.89948649,-0.35270422,0.08905752,1.0
2448513.467039,1.135418,-2.89252937,-0.19145835,0.08906206,-1.89947778,-0.35269128,0.08905666,1.0
2448513.470164,1.121881,-2.89252322,-0.19149056,0.08906069,-1.89946389,-0.35267063,0.08905528,1.0
2448513.472081,1.098351,-2.89251945,-0.19151033,0.08905984,-1.89945537,-0.35265796,0.08905444,1.0
2448513.475873,1.068391,-2.89251198,-0.19154942,0.08905817,-1.89943852,-0.3526329,0.08905277,1.0
2448513.478664,1.035433,-2.89250648,-0.19157819,0.08905693,-1.89942612,-0.35261446,0.08905154,1.0
2448513.481914,1.0595290000000002,-2.89250008,-0.1916117,0.0890555,-1.89941168,-0.35259298,0.08905011,1.0
2448513.487581,1.0772,-2.89248892,-0.19167012,0.089053,-1.89938651,-0.35255553,0.08904761,1.0
2448513.490414,1.015519,-2.89248334,-0.19169932,0.08905175,-1.89937393,-0.35253681,0.08904636,1.0
2448513.493956,1.013626,-2.89247637,-0.19173584,0.08905018,-1.89935821,-0.3525134,0.0890448,1.0
2448513.496373,0.9706682,-2.89247161,-0.19176076,0.08904912,-1.89934748,-0.35249742,0.08904373,1.0
2448513.499665,0.9886926,-2.89246513,-0.19179468,0.08904766,-1.89933288,-0.35247567,0.08904228,1.0
2448513.5019150004,0.9389764000000002,-2.89246069,-0.19181788,0.08904667,-1.89932289,-0.3524608,0.08904129,1.0
2448513.506374,0.9634781,-2.89245191,-0.19186385,0.0890447,-1.89930311,-0.35243133,0.08903932,1.0
2448513.508582,0.9555103,-2.89244756,-0.19188661,0.08904373,-1.89929332,-0.35241673,0.08903835,1.0
2448513.512624,0.9415073,-2.8924396,-0.19192828,0.08904194,-1.89927539,-0.35239002,0.08903657,1.0
2448513.5154150003,0.9319992,-2.8924341,-0.19195705,0.08904071,-1.89926302,-0.35237157,0.08903534,1.0
2448513.51929,0.9510521,-2.89242646,-0.191997,0.089039,-1.89924584,-0.35234595,0.08903363,1.0
2448513.522207,0.9268213,-2.89242071,-0.19202707,0.08903771,-1.89923291,-0.35232667,0.08903234,1.0
2448513.5259990003,0.9422908,-2.89241324,-0.19206616,0.08903604,-1.89921611,-0.35230159999999994,0.08903067,1.0
2448513.528416,0.9509944,-2.89240848,-0.19209107,0.08903497,-1.89920541,-0.35228563,0.08902961,1.0
2448513.531875,0.950097,-2.89240166,-0.19212673,0.08903345,-1.89919009,-0.35226276,0.08902808,1.0
2448513.534583,0.9553447,-2.89239633,-0.19215464,0.08903225,-1.89917809,-0.35224486,0.08902689,1.0
2448513.5365830003,0.9623975,-2.89239238,-0.19217526,0.08903137,-1.89916924,-0.35223164,0.08902601,1.0
2448513.540791,0.8989639000000001,-2.89238409,-0.19221864,0.08902951,-1.89915061,-0.35220382,0.08902415,1.0
2448513.544708,0.8972859000000001,-2.89237637,-0.19225902,0.08902778,-1.89913327,-0.35217792,0.08902242,1.0
2448513.547083,0.9064086,-2.89237169,-0.1922835,0.08902673,-1.89912276,-0.35216222,0.08902138,1.0
2448513.552,0.9072141,-2.89236199,-0.19233419,0.08902456,-1.899101,-0.35212971,0.08901921,1.0
2448513.5552080004,0.9030265,-2.89235567,-0.19236726,0.08902315,-1.89908681,-0.35210849,0.08901779,1.0
2448513.559876,0.9029986,-2.89234646,-0.19241538,0.08902109,-1.89906617,-0.35207763,0.08901574,1.0
2448513.564209,0.8663122,-2.89233792,-0.19246004,0.08901917,-1.89904701,-0.35204898,0.08901383,1.0
2448536.247367,0.9979562,-2.83853685,-0.42545637,0.07873544,-1.86487312,-0.1989194,0.07874339,1.0
2448536.248992,0.9495363,-2.83853234,-0.42547298,0.07873469,-1.8648754,-0.19890889,0.07874263,1.0
2448536.254742,0.9988756,-2.8385164,-0.42553176,0.07873201,-1.86488349,-0.19887169,0.07873996,1.0
2448536.255909,1.008118,-2.83851316,-0.42554369,0.07873147,-1.86488514,-0.19886415,0.07873942,1.0
2448536.258034,1.00441,-2.83850727,-0.42556541,0.07873048,-1.86488813,-0.1988504,0.07873843,1.0
2448536.259242,0.9933699,-2.83850392,-0.42557776,0.07872992,-1.86488983,-0.19884259,0.07873787,1.0
2448536.265034,1.045949,-2.83848786,-0.42563696,0.07872723,-1.86489799,-0.19880512,0.07873518,1.0
2448536.266284,1.068343,-2.83848439,-0.42564974,0.07872665,-1.86489976,-0.19879704,0.0787346,1.0
2448536.271659,1.026858,-2.83846948,-0.42570468,0.07872415,-1.86490734,-0.19876227,0.07873211,1.0
2448536.272867,1.055627,-2.83846613,-0.42571703,0.07872359,-1.86490905,-0.19875446,0.07873154,1.0
2448536.291159,1.004406,-2.83841539,-0.425904,0.07871508,-1.86493492,-0.19863616,0.07872305,1.0
2448536.292284,1.0421,-2.83841227,-0.4259155,0.07871456,-1.86493652,-0.19862889,0.07872253,1.0
2448536.297951,1.001634,-2.83839655,-0.42597343,0.07871192,-1.86494455,-0.19859224,0.0787199,1.0
2448536.299116,0.9442977,-2.83839331,-0.42598535,0.07871138,-1.8649462,-0.19858470000000006,0.07871935,1.0
2448536.304575,0.9399589,-2.83837816,-0.42604115,0.07870884,-1.86495395,-0.1985494,0.07871682,1.0
2448536.305825,0.9185621,-2.8383747,-0.42605392,0.07870826,-1.86495573,-0.19854132,0.07871624,1.0
2448541.337367,1.123575,-2.82396241,-0.47741821,0.07635626,-1.87528115,-0.16689343,0.07636709,1.0
2448541.341534,1.122548,-2.8239501,-0.47746069,0.0763543,-1.87529231,-0.16686805,0.07636513,1.0
2448541.344325,1.173292,-2.82394186,-0.47748914,0.07635299,-1.87529979,-0.16685104,0.07636382,1.0
2448541.379034,1.003292,-2.8238392999999995,-0.47784296,0.07633668,-1.87539297,-0.16663963,0.07634753,1.0
2448541.381825,0.9625629,-2.82383106,-0.47787141,0.07633537,-1.87540048,-0.16662263,0.07634622,1.0
2448541.385284,0.9868049,-2.82382083,-0.47790667,0.07633374,-1.87540978,-0.16660157,0.0763446,1.0
2448541.388784,0.9868097,-2.82381049,-0.47794235,0.0763321,-1.8754192,-0.16658026,0.07634295,1.0
2448541.415866,0.9159031,-2.82373043,-0.47821843,0.07631937,-1.87549217,-0.1664154,0.07633024,1.0
2448541.418616,0.9201341,-2.82372229,-0.47824647,0.07631808,-1.87549959,-0.16639866,0.07632895,1.0
2448541.422116,0.909187,-2.82371195,-0.47828215,0.07631643,-1.87550904,-0.16637736,0.07632731,1.0
2448541.424866,0.8958912,-2.82370381,-0.47831018,0.07631514,-1.87551646,-0.16636063,0.07632602,1.0
2448562.295494,1.0016770000000002,-2.75424579,-0.6895342,0.06630537,-1.98269974,-0.06531083,0.06632693,1.0
2448562.300328,1.020332,-2.75422791,-0.68958272,0.06630301,-1.98273552,-0.06529501,0.06632456,1.0
2448562.301744,1.023165,-2.75422267,-0.68959693,0.06630232,-1.982746,-0.06529038,0.06632387,1.0
2448562.305202,0.9980572,-2.75420988,-0.68963165,0.06630063,-1.98277161,-0.06527906,0.06632218,1.0
2448562.306577,1.0260280000000002,-2.75420479,-0.68964546,0.06629995,-1.98278179,-0.06527456,0.06632151,1.0
2448562.311452,0.9862183,-2.75418675,-0.68969439,0.06629757,-1.98281789,-0.06525862,0.06631913,1.0
2448562.325327,0.9445223,-2.75413541,-0.68983366,0.06629079,-1.98292066,-0.06521326,0.06631235,1.0
2455703.33549,1.1206598,2.9095027,1.9332891,-0.0242587,2.4076543,1.0542728,-0.0242408,1.0
2455703.3602400003,1.1198425,2.9094045,1.9334803,-0.0242486,2.4079189,1.0542512,-0.0242307,1.0
2455703.37046,1.0744629,2.9093642,1.9335592,-0.024244400000000003,2.4080284,1.0542423,-0.0242265,1.0
2455703.38068,1.0271304,2.9093237000000003,1.9336381,-0.0242402,2.4081376,1.0542334,-0.0242223,1.0
2455703.39088,0.9809795,2.9092832000000004,1.9337169,-0.024236,2.4082468,1.0542246000000002,-0.0242182,1.0
2455703.40107,0.9464427,2.9092429,1.9337956000000005,-0.0242319,2.4083557,1.0542159,-0.024214,1.0
2455703.41541,0.9156778,2.9091859,1.9339063000000003,-0.024226,2.4085092999999995,1.0542036,-0.0242081,1.0
2455703.42091,0.8998315,2.9091642,1.9339489,-0.0242237,2.4085681,1.0541989,-0.0242059,1.0
2455703.42638,0.8998690999999999,2.9091425,1.9339911,-0.0242215,2.4086266,1.0541942,-0.0242037,1.0
2455703.43189,0.9015671,2.9091206,1.9340336,-0.0242192,2.4086857000000004,1.0541896000000002,-0.0242014,1.0
2455703.43739,0.8949867,2.9090989,1.9340761,-0.024217,2.4087446,1.0541848,-0.0241992,1.0
2455703.44287,0.8860024999999999,2.9090772,1.9341184,-0.0242147,2.4088032000000004,1.0541801000000002,-0.024196900000000004,1.0
2455703.44836,0.8795358,2.9090555,1.9341608,-0.0242125,2.4088619,1.0541755,-0.0241947,1.0
2455703.45387,0.8909884,2.9090335,1.9342034,-0.0242102,2.408921,1.0541708,-0.0241924,1.0
2455703.45936,0.9075918,2.9090118,1.9342458,-0.024208,2.4089797,1.0541662,-0.0241902,1.0
2455703.4648700003,0.9365027,2.9089899,1.9342884,-0.0242057,2.4090388,1.0541615,-0.0241879,1.0
2455703.47035,0.9681165,2.9089682,1.9343307,-0.0242035,2.4090974,1.0541569,-0.0241857,1.0
2455703.47585,0.9961991,2.9089465,1.9343731,-0.0242012,2.4091563,1.0541523000000002,-0.0241834,1.0
2455703.48135,1.0232099,2.9089246,1.9344156000000003,-0.024199,2.4092152,1.0541477,-0.0241812,1.0
2455703.48674,1.0451598,2.9089031000000003,1.9344573,-0.0241968,2.4092729,1.0541432,-0.024179,1.0
2455703.49221,1.0597450000000002,2.9088817,1.9344995,-0.0241946,2.4093316,1.0541385,-0.0241767,1.0
2455703.49768,1.0765139,2.90886,1.9345417,-0.0241923,2.4093902000000003,1.054134,-0.0241745,1.0
2455703.50309,1.082525,2.9088385,1.9345835,-0.0241901,2.4094481,1.0541295,-0.0241723,1.0
2455703.50858,1.0996549999999998,2.9088166,1.9346259,-0.0241879,2.4095068,1.0541248,-0.02417,1.0
2455703.51403,1.1170563,2.9087951000000003,1.9346679,-0.0241856,2.4095652000000003,1.0541203,-0.0241678,1.0
2455703.51953,1.1222594,2.9087732,1.9347105,-0.0241834,2.4096241000000003,1.0541158000000002,-0.0241656,1.0
2455703.52501,1.1274879,2.9087515,1.9347528000000005,-0.0241811,2.409683,1.0541112,-0.0241633,1.0
2455704.3479,0.8790020000000001,2.9054813,1.9411027,-0.0238443,2.4185421000000003,1.0535084,-0.0238268,1.0
2455704.35968,0.8418412000000001,2.9054346,1.9411936,-0.0238395,2.4186695,1.053501,-0.023821900000000003,1.0
2455704.37145,0.8334324000000001,2.9053876,1.9412843,-0.0238346,2.4187967999999995,1.0534936,-0.0238171,1.0
2455704.38323,0.8592325999999999,2.9053407000000004,1.9413751,-0.0238298,2.4189243,1.0534861,-0.0238123,1.0
2455704.395,0.9014692,2.9052939,1.941466,-0.023825,2.4190516,1.0534788,-0.0238075,1.0
2455704.40677,0.9449117,2.905247,1.9415567,-0.0238202,2.419179,1.0534714,-0.023802700000000003,1.0
2455704.41351,0.9786204,2.90522,1.9416087,-0.0238174,2.4192519,1.0534673,-0.0237999,1.0
2455704.42027,1.0125995,2.9051931,1.9416608,-0.0238147,2.4193251,1.0534631,-0.0237971,1.0
2455704.42705,1.0439041999999998,2.9051661,1.9417131,-0.023811900000000004,2.4193985,1.0534589,-0.0237944,1.0
2455704.43429,1.0507162,2.9051373,1.9417689,-0.023808900000000004,2.4194767,1.0534545,-0.0237914,1.0
2455704.44099,1.0683377,2.9051106,1.9418205,-0.0238062,2.4195495,1.0534503,-0.0237887,1.0
2455704.44777,1.0762966,2.9050837000000005,1.9418728,-0.0238034,2.4196229,1.0534463,-0.0237859,1.0
2455704.4544900004,1.0873132,2.905057,1.9419246,-0.0238006,2.4196956000000003,1.0534421,-0.0237831,1.0
2455704.46129,1.1065684999999998,2.9050298,1.941977,-0.0237979,2.4197693,1.0534381000000002,-0.0237804,1.0
2455704.46802,1.1107109,2.9050028,1.9420289,-0.0237951,2.419842,1.0534339,-0.0237776,1.0
2455704.47482,1.1107711999999998,2.9049759,1.9420813,-0.0237923,2.4199157,1.0534298,-0.0237748,1.0
2455704.48154,1.0976088,2.9049489,1.9421332,-0.0237896,2.4199886000000004,1.0534258,-0.0237721,1.0
2455704.48826,1.0796188,2.9049222,1.9421849,-0.0237868,2.4200613,1.0534217,-0.0237693,1.0
2455704.49497,1.0435026,2.9048955000000003,1.9422367,-0.0237841,2.4201341,1.0534177,-0.0237666,1.0
2455704.50167,1.0085944,2.9048688,1.9422883,-0.0237813,2.4202065,1.0534136,-0.0237638,1.0
2455704.50844,0.9802566,2.9048419,1.9423405,-0.0237786,2.42028,1.0534096000000002,-0.0237611,1.0
2455704.51519,0.9544718,2.904815,1.9423926,-0.0237758,2.4203532,1.0534056,-0.0237583,1.0
2455704.52197,0.9302208,2.904788,1.9424448,-0.023773,2.4204266,1.0534016000000002,-0.0237555,1.0
2455705.3405,0.9800942,2.9015188,1.9487501,-0.0234378,2.4293361,1.0529964,-0.0234205,1.0
2455705.35215,1.0435382,2.9014721000000003,1.9488399,-0.023433,2.4294634,1.0529917,-0.0234158,1.0
2455705.36382,1.0828017,2.9014254,1.9489297,-0.0234283,2.4295909,1.0529871000000002,-0.023411,1.0
2455705.3755900003,1.1163232,2.9013784,1.9490203,-0.0234234,2.4297197,1.0529826,-0.0234062,1.0
2455705.38736,1.1382325,2.9013312,1.9491109,-0.0234186,2.4298484,1.052978,-0.0234014,1.0
2455705.39908,1.1499308,2.9012842,1.9492011,-0.0234138,2.4299767000000005,1.0529735,-0.0233966,1.0
2455705.41095,1.1405466999999998,2.9012368,1.9492924,-0.023409,2.4301064,1.052969,-0.0233917,1.0
2455705.4177,1.1197898000000002,2.9012098,1.9493444,-0.0234062,2.4301803,1.0529665,-0.0233889,1.0
2455705.42449,1.1014383,2.9011827,1.9493966,-0.0234034,2.4302547000000003,1.0529639,-0.0233862,1.0
2455705.4311900004,1.068522,2.9011557,1.9494482,-0.0234007,2.4303279,1.0529613000000002,-0.0233834,1.0
2455705.43793,1.038501,2.9011287999999995,1.9495001,-0.023397900000000003,2.4304018,1.0529588,-0.0233807,1.0
2455705.44468,1.0102537,2.9011018,1.9495521,-0.0233951,2.4304755,1.0529563,-0.023377900000000004,1.0
2455705.45146,0.9782596,2.9010746,1.9496043,-0.0233924,2.4305499,1.0529538,-0.0233751,1.0
2455705.45818,0.9604562,2.9010477000000003,1.9496559,-0.0233896,2.4306233,1.0529513,-0.0233724,1.0
2455705.46491,0.9343306999999998,2.9010208,1.9497077,-0.0233869,2.4306970000000003,1.0529488,-0.0233696,1.0
2455705.47164,0.8997546999999999,2.9009938,1.9497595,-0.0233841,2.4307706,1.0529463,-0.0233668,1.0
2455705.4783900003,0.8850096,2.9009666000000003,1.9498115000000005,-0.0233813,2.4308445,1.0529438999999998,-0.0233641,1.0
2455705.48514,0.8689033000000002,2.9009397,1.9498634,-0.0233786,2.4309185,1.0529414,-0.0233613,1.0
2455705.49191,0.8609841,2.9009125,1.9499155,-0.0233758,2.4309926,1.0529391,-0.0233585,1.0
2455705.49866,0.875424,2.9008856,1.9499675,-0.023373,2.4310665,1.0529366000000002,-0.0233558,1.0
2455705.50559,0.8901082,2.9008579,1.9500208,-0.0233702,2.4311423,1.0529342,-0.023352900000000003,1.0
2455705.51232,0.9134107,2.9008307,1.9500726,-0.0233674,2.431216,1.0529316999999998,-0.0233502,1.0
2455705.51908,0.943387,2.9008038,1.9501246,-0.0233647,2.4312901,1.0529293,-0.0233474,1.0
2455661.36057779,0.8457399999999999,3.057427,1.597881,-0.041246,2.113371,1.2632709999999998,-0.04124,1.0
2455661.36231781,0.87425,3.057421,1.597896,-0.041245,2.113375,1.263257,-0.041239,1.0
2455661.36404783,0.91209,3.057416,1.59791,-0.041245,2.113379,1.263243,-0.041238,1.0
2455661.36578785,0.91545,3.057411,1.597924,-0.041244,2.113383,1.2632290000000002,-0.041237,1.0
2455661.36751788,0.91967,3.057405,1.597939,-0.041243,2.113387,1.263216,-0.041237,1.0
2455661.3692579,0.94718,3.0574,1.597953,-0.041242,2.113392,1.263202,-0.041236,1.0
2455661.37099792,0.94805,3.057395,1.597967,-0.041242,2.113396,1.263188,-0.041235,1.0
2455661.37272794,0.93418,3.057389,1.597981,-0.041241,2.1134,1.263174,-0.041235,1.0
2455661.37446796,0.94022,3.057384,1.597996,-0.04124,2.113404,1.26316,-0.041234,1.0
2455661.37619798,0.94369,3.057379,1.59801,-0.04124,2.113408,1.263146,-0.041233,1.0
2455661.377938,0.96656,3.057373,1.598024,-0.041239,2.113412,1.263132,-0.041233,1.0
2455661.37966802,1.00099,3.057368,1.598039,-0.041238,2.113416,1.263118,-0.041232,1.0
2455661.38140804,0.99272,3.057363,1.5980530000000002,-0.041238,2.113421,1.263104,-0.041231,1.0
2455661.38314806,0.98271,3.057357,1.598067,-0.041237,2.113425,1.26309,-0.041231,1.0
2455661.38487808,0.97012,3.057352,1.598082,-0.041236,2.113429,1.263076,-0.04123,1.0
2455661.3866181,1.01959,3.057347,1.598096,-0.041235,2.113433,1.263062,-0.041229,1.0
2455661.38834812,1.02147,3.057341,1.59811,-0.041235,2.113437,1.263048,-0.041228,1.0
2455661.39008814,1.03092,3.0573360000000003,1.598125,-0.041234,2.113441,1.263034,-0.041228,1.0
2455661.39182816,1.02807,3.057331,1.598139,-0.041233,2.113446,1.26302,-0.041227,1.0
2455661.39355819,1.04622,3.057325,1.5981530000000002,-0.041233,2.11345,1.263006,-0.041226,1.0
2455661.39529821,1.03567,3.0573200000000003,1.598168,-0.041232,2.113454,1.262993,-0.041226,1.0
2455661.39702823,1.04718,3.057315,1.598182,-0.041231,2.113458,1.262979,-0.041225,1.0
2455661.39877825,1.05007,3.057309,1.598196,-0.041231,2.113462,1.262965,-0.041224,1.0
2455661.40050827,1.06174,3.057304,1.598211,-0.04123,2.113467,1.262951,-0.041224,1.0
2455661.40223829,1.04236,3.057298,1.598225,-0.041229,2.113471,1.262937,-0.041223,1.0
2455661.40397831,1.05686,3.057293,1.598239,-0.041229,2.113475,1.262923,-0.041222,1.0
2455661.40570833,1.06959,3.057288,1.598253,-0.041228,2.113479,1.262909,-0.041221,1.0
2455661.40744835,1.05588,3.057282,1.598268,-0.041227,2.113483,1.262895,-0.041221,1.0
2455661.40918837,1.06959,3.057277,1.598282,-0.041226,2.113487,1.262881,-0.04122,1.0
2455661.41092839,1.07057,3.057272,1.598297,-0.041226,2.113492,1.262867,-0.041219,1.0
2455661.41265841,1.08346,3.057266,1.598311,-0.041225,2.113496,1.262853,-0.041219,1.0
2455661.41439843,1.08846,3.057261,1.598325,-0.041224,2.1135,1.262839,-0.041218,1.0
2455661.41612845,1.0955,3.057256,1.598339,-0.041224,2.1135040000000003,1.262825,-0.041217,1.0
2455661.41786847,1.08246,3.05725,1.598354,-0.041223,2.1135080000000004,1.262811,-0.041217,1.0
2455661.41959849,1.09853,3.057245,1.598368,-0.041222,2.113513,1.262797,-0.041216,1.0
2455661.42133852,1.0985200000000002,3.05724,1.598382,-0.041222,2.113517,1.262783,-0.041215,1.0
2455661.42307854,1.09247,3.057235,1.5983969999999998,-0.041221,2.113521,1.262769,-0.041215,1.0
2455661.42481856,1.1293,3.057229,1.598411,-0.04122,2.113525,1.262756,-0.041214,1.0
2455661.42654858,1.0985200000000002,3.057224,1.598425,-0.04122,2.113529,1.262742,-0.041213,1.0
2455661.4282886,1.08045,3.057218,1.59844,-0.041219,2.1135330000000003,1.262728,-0.041212,1.0
2455661.43001862,1.1107200000000002,3.057213,1.598454,-0.041218,2.113538,1.262714,-0.041212,1.0
2455661.43175864,1.10664,3.057208,1.598468,-0.041217,2.113542,1.2627,-0.041211000000000005,1.0
2455661.43348866,1.1179,3.057202,1.598483,-0.041217,2.113546,1.262686,-0.04121,1.0
2455661.43522868,1.10256,3.057197,1.5984969999999998,-0.041216,2.11355,1.262672,-0.04121,1.0
2455661.4369587,1.10155,3.057192,1.598511,-0.041215,2.113554,1.262658,-0.041209,1.0
2455661.43870872,1.10561,3.057186,1.598526,-0.041215,2.113559,1.262644,-0.041208,1.0
2455661.44043874,1.08943,3.057181,1.59854,-0.041214,2.113563,1.26263,-0.041208,1.0
2455661.44217876,1.10867,3.057176,1.598554,-0.041213,2.113567,1.262616,-0.041207,1.0
2455661.44390878,1.10764,3.05717,1.598569,-0.041213,2.113571,1.262602,-0.041206,1.0
2455661.4456488,1.1066200000000002,3.0571650000000004,1.598583,-0.041212,2.113575,1.2625879999999998,-0.041205,1.0
2455661.44737882,1.10968,3.05716,1.5985969999999998,-0.041211000000000005,2.11358,1.262574,-0.041205,1.0
2455661.44911884,1.11995,3.057154,1.598612,-0.041211000000000005,2.113584,1.26256,-0.041204000000000005,1.0
2455661.45085887,1.10458,3.0571490000000003,1.598626,-0.04121,2.113588,1.262547,-0.041203,1.0
2455661.45258888,1.07447,3.057144,1.59864,-0.041209,2.113592,1.262533,-0.041203,1.0
2455661.45432891,1.09143,3.057138,1.598655,-0.041208,2.113596,1.262519,-0.041202,1.0
2455661.45605893,1.08942,3.0571330000000003,1.598669,-0.041208,2.113601,1.262505,-0.041201,1.0
2455661.45779895,1.08841,3.057127,1.598683,-0.041207,2.113605,1.262491,-0.041201,1.0
2455661.45953897,1.07843,3.057122,1.598697,-0.041206,2.113609,1.262477,-0.0412,1.0
2455661.46126899,1.0509700000000002,3.057117,1.598712,-0.041206,2.113613,1.262463,-0.041199,1.0
2455661.46300901,1.04038,3.057112,1.598726,-0.041205,2.113617,1.262449,-0.041199,1.0
2455661.46473903,1.04807,3.057106,1.59874,-0.041204000000000005,2.1136220000000003,1.262435,-0.041198,1.0
2455661.46647905,1.03084,3.057101,1.598755,-0.041204000000000005,2.113626,1.262421,-0.041197,1.0
2455661.46821907,1.02704,3.057096,1.598769,-0.041203,2.11363,1.262407,-0.041196,1.0
2455661.46995909,1.00551,3.05709,1.598783,-0.041202,2.113634,1.262393,-0.041196,1.0
2455661.47168911,0.99813,3.057085,1.598798,-0.041202,2.113639,1.262379,-0.041195,1.0
2455661.47342913,0.98625,3.05708,1.598812,-0.041201,2.113643,1.262365,-0.041194,1.0
2455661.47515915,0.98716,3.057074,1.598826,-0.0412,2.1136470000000003,1.262352,-0.041194,1.0
2455661.47689917,0.97991,3.057069,1.598841,-0.041199,2.113651,1.262338,-0.041193,1.0
2455661.47862919,0.979,3.0570630000000003,1.598855,-0.041199,2.113655,1.262324,-0.041192,1.0
2455661.48036921,0.97361,3.057058,1.598869,-0.041198,2.11366,1.26231,-0.041192,1.0
2455661.48210923,0.99628,3.057053,1.598884,-0.041197,2.113664,1.262296,-0.041191000000000005,1.0
2455661.48383925,0.9629,3.0570470000000003,1.598898,-0.041197,2.113668,1.262282,-0.04119,1.0
2455661.48557927,0.9817,3.057042,1.598912,-0.041196,2.113672,1.262268,-0.041189,1.0
2455661.48730929,0.95936,3.057037,1.598927,-0.041195,2.113677,1.262254,-0.041189,1.0
2455661.48904931,0.95495,3.0570310000000003,1.598941,-0.041195,2.113681,1.26224,-0.041188,1.0
2455661.49078933,0.95231,3.057026,1.598955,-0.041194,2.113685,1.262226,-0.041187,1.0
2455661.49251936,0.94619,3.057021,1.598969,-0.041193,2.113689,1.262212,-0.041187,1.0
2455661.49425938,0.93579,3.0570150000000003,1.598984,-0.041192,2.113693,1.262198,-0.041186,1.0
2455661.4959893995,0.93838,3.05701,1.598998,-0.041192,2.113698,1.262185,-0.041185,1.0
2455661.49772942,0.92721,3.057005,1.599012,-0.041191000000000005,2.113702,1.262171,-0.041185,1.0
2455661.49946944,0.92635,3.056999,1.599027,-0.04119,2.113706,1.262156,-0.041184,1.0
2455661.50120946,0.90777,3.056994,1.599041,-0.04119,2.11371,1.262143,-0.041183,1.0
2455661.50293948,0.92635,3.056988,1.599055,-0.041189,2.113714,1.262129,-0.041183,1.0
2455661.5046795,0.92379,3.056983,1.59907,-0.041188,2.113719,1.262115,-0.041182,1.0
2455661.50640952,0.92294,3.056978,1.599084,-0.041188,2.113723,1.262101,-0.041181,1.0
2455661.50814954,0.90609,3.056973,1.599098,-0.041187,2.113727,1.2620870000000002,-0.04118,1.0
2455661.50988956,0.89695,3.056967,1.599113,-0.041186,2.113731,1.262073,-0.04118,1.0
2455661.51161958,0.88628,3.056962,1.599127,-0.041186,2.113736,1.262059,-0.041179,1.0
2455661.5133596,0.87251,3.056957,1.599141,-0.041185,2.11374,1.262045,-0.041178,1.0
2455661.51508962,0.89365,3.056951,1.599156,-0.041184,2.113744,1.262031,-0.041178,1.0
2455661.51682964,0.892,3.056946,1.59917,-0.041183,2.113748,1.262017,-0.041177,1.0
2455661.51855966,0.892,3.056941,1.599184,-0.041183,2.113753,1.262003,-0.041176,1.0
2455661.52029968,0.88545,3.056935,1.599199,-0.041182,2.113757,1.261989,-0.041176,1.0
2455661.5220397003,0.88954,3.05693,1.599213,-0.041181,2.113761,1.261976,-0.041175,1.0
2455661.52376972,0.8952899999999999,3.056924,1.599227,-0.041181,2.1137650000000003,1.261962,-0.041174,1.0
2455661.52550974,0.90607,3.056919,1.599241,-0.04118,2.11377,1.2619479999999998,-0.041173,1.0
2455661.52723976,0.87895,3.056914,1.599256,-0.041179,2.1137740000000003,1.261934,-0.041173,1.0
2455661.52897978,0.89446,3.056908,1.59927,-0.041179,2.113778,1.2619200000000002,-0.041172,1.0
2455661.5307198,0.88789,3.056903,1.599285,-0.041178,2.113782,1.261906,-0.041171,1.0
2455661.53244982,0.8821899999999999,3.056898,1.599299,-0.041177,2.113786,1.261892,-0.041171,1.0
2455661.53418984,0.8813700000000001,3.056892,1.599313,-0.041177,2.113791,1.261878,-0.04117,1.0
2455661.53591986,0.8692799999999999,3.056887,1.599327,-0.041176,2.113795,1.261864,-0.041169,1.0
2455662.3602889,1.11864,3.054341,1.6061219999999998,-0.040846,2.115894,1.255286,-0.040839,1.0
2455662.36201892,1.11247,3.054335,1.606136,-0.040846,2.115899,1.255272,-0.040838,1.0
2455662.36462895,1.07223,3.054327,1.606157,-0.040845,2.1159060000000003,1.255252,-0.040837,1.0
2455662.36636897,1.09016,3.054322,1.606172,-0.040844,2.11591,1.255238,-0.040837,1.0
2455662.36809898,1.11144,3.054317,1.606186,-0.040843,2.115915,1.255224,-0.040836,1.0
2455662.369839,1.13628,3.054311,1.6062,-0.040843,2.115919,1.25521,-0.040835,1.0
2455662.37156902,1.09922,3.054306,1.606215,-0.040842,2.115924,1.255196,-0.040834,1.0
2455662.37330904,1.13524,3.0543,1.606229,-0.040841,2.115929,1.255183,-0.040834,1.0
2455662.37503906,1.1032799999999998,3.054295,1.606243,-0.04084,2.115933,1.255169,-0.040833,1.0
2455662.37677907,1.08514,3.05429,1.606258,-0.04084,2.1159380000000003,1.255155,-0.040832,1.0
2455662.37851909,1.07916,3.054284,1.606272,-0.040839,2.115942,1.255141,-0.040832,1.0
2455662.38025911,1.11143,3.054279,1.606286,-0.040838,2.115947,1.255127,-0.040831,1.0
2455662.38198913,1.09115,3.054273,1.6063,-0.040838,2.115952,1.2551139999999998,-0.04083,1.0
2455662.38371914,1.09416,3.054268,1.606315,-0.040837,2.115956,1.2551,-0.04083,1.0
2455662.38545916,1.08114,3.054263,1.606329,-0.040836,2.115961,1.255086,-0.040829,1.0
2455662.38719918,1.06925,3.054257,1.606343,-0.040836,2.115965,1.255072,-0.040828,1.0
2455662.3889292004,1.09517,3.054252,1.606358,-0.040835,2.11597,1.255059,-0.040827,1.0
2455662.39066922,1.08713,3.054246,1.606372,-0.040834,2.115975,1.255045,-0.040827,1.0
2455662.39240923,1.0507,3.054241,1.606386,-0.040834,2.1159790000000003,1.255031,-0.040826,1.0
2455662.39413925,1.05945,3.054236,1.6064,-0.040833,2.115984,1.255017,-0.040825,1.0
2455662.40281934,1.01924,3.054209,1.606472,-0.040829,2.116007,1.254948,-0.040822,1.0
2455662.40455936,1.03532,3.054204,1.606486,-0.040829,2.116012,1.254935,-0.040821,1.0
2455662.40628938,1.00803,3.054198,1.606501,-0.040828,2.116016,1.254921,-0.040821,1.0
2455662.40802939,1.00155,3.054193,1.606515,-0.040827,2.116021,1.254907,-0.04082,1.0
2455662.40976941,0.96799,3.054187,1.606529,-0.040827,2.116025,1.254893,-0.040819,1.0
2455662.41149943,0.97515,3.054182,1.606544,-0.040826,2.11603,1.254879,-0.040818,1.0
2455662.41323945,0.96532,3.054177,1.606558,-0.040825,2.116035,1.254866,-0.040818,1.0
2455662.41497946,0.93642,3.054171,1.606572,-0.040824,2.1160400000000004,1.254852,-0.040817,1.0
2455662.41670948,0.99878,3.054166,1.606586,-0.040824,2.116044,1.254838,-0.040816000000000005,1.0
2455662.4184495,0.98962,3.05416,1.606601,-0.040823000000000005,2.1160490000000003,1.254824,-0.040816000000000005,1.0
2455662.42018952,0.95735,3.054155,1.606615,-0.040822,2.116053,1.25481,-0.040815,1.0
2455662.42191954,0.97245,3.05415,1.606629,-0.040822,2.116058,1.254797,-0.040814,1.0
2455662.42365955,0.94595,3.054144,1.606644,-0.040821,2.116063,1.254783,-0.040814,1.0
2455662.42538957,0.94247,3.054139,1.606658,-0.04082,2.116067,1.254769,-0.040813,1.0
2455662.42712959,0.96977,3.054133,1.606672,-0.04082,2.116072,1.2547549999999998,-0.040812,1.0
2455662.42886961,0.92271,3.054128,1.606687,-0.040819,2.116076,1.254742,-0.040811,1.0
2455662.43059962,0.92441,3.054123,1.606701,-0.040818,2.1160810000000003,1.254728,-0.040811,1.0
2455662.43233964,0.91173,3.054117,1.606715,-0.040818,2.116086,1.254714,-0.04081,1.0
2455662.43406966,0.90587,3.054112,1.606729,-0.040817,2.11609,1.2547,-0.040809,1.0
2455662.43580967,0.91509,3.054107,1.606744,-0.040816000000000005,2.116095,1.254686,-0.040809,1.0
2455662.43753969,0.8868799999999999,3.054101,1.606758,-0.040815,2.1161,1.254673,-0.040808,1.0
2455662.43927971,0.90336,3.054096,1.606772,-0.040815,2.116104,1.254659,-0.040807,1.0
2455662.44100973,0.8860600000000001,3.05409,1.6067870000000002,-0.040814,2.116109,1.254645,-0.040807,1.0
2455662.44275975,0.91172,3.054085,1.606801,-0.040813,2.116113,1.254631,-0.040806,1.0
2455662.44448976,0.87149,3.05408,1.606815,-0.040813,2.116118,1.254618,-0.040805,1.0
2455662.44621978,0.8682799999999999,3.054074,1.60683,-0.040812,2.116123,1.254604,-0.040805,1.0
2455662.4479598,0.8909600000000001,3.054069,1.6068440000000002,-0.040811,2.116127,1.25459,-0.040804,1.0
2455662.44968981,0.87551,3.054064,1.606858,-0.040811,2.116132,1.254576,-0.040803,1.0
2455662.46705999,0.88035,3.05401,1.607001,-0.040804,2.1161790000000003,1.254439,-0.040796,1.0
2455662.46880001,0.88359,3.054004,1.607015,-0.040803,2.1161830000000004,1.254425,-0.040795,1.0
2455662.47053003,0.8738799999999999,3.053999,1.60703,-0.040802,2.116188,1.2544110000000002,-0.040795,1.0
2455662.47227004,0.8779100000000001,3.053994,1.607044,-0.040802,2.116193,1.254397,-0.040794,1.0
2455662.47400006,0.8819600000000001,3.053988,1.607058,-0.040801,2.116197,1.254384,-0.040793,1.0
2455662.47574008,0.8860299999999999,3.053983,1.607073,-0.0408,2.116202,1.25437,-0.040793,1.0
2455662.4774701,0.86826,3.053977,1.6070870000000002,-0.040799,2.116206,1.254356,-0.040792,1.0
2455662.47921011,0.88685,3.053972,1.607101,-0.040799,2.116211,1.254342,-0.040791,1.0
2455662.48095013,0.90834,3.053967,1.607116,-0.040798,2.116216,1.254328,-0.040791,1.0
2455662.48268015,0.87387,3.053961,1.60713,-0.040797,2.11622,1.254315,-0.04079,1.0
2455662.48442017,0.89176,3.0539560000000003,1.607144,-0.040797,2.116225,1.254301,-0.040789,1.0
2455662.48616018,0.90834,3.053951,1.607158,-0.040796,2.11623,1.2542870000000002,-0.040789,1.0
2455662.4878902,0.91758,3.053945,1.607173,-0.040795,2.116234,1.254273,-0.040788,1.0
2455662.48963022,0.91169,3.0539400000000003,1.607187,-0.040795,2.116239,1.25426,-0.040787,1.0
2455662.49136024,0.93292,3.053934,1.607201,-0.040794,2.116244,1.254246,-0.040786,1.0
2455662.49310025,0.9312,3.053929,1.607216,-0.040793,2.116248,1.254232,-0.040786,1.0
2455662.49483027,0.94155,3.0539240000000003,1.60723,-0.040793,2.116253,1.254218,-0.040785,1.0
2455662.49657029,0.96171,3.053918,1.607244,-0.040792,2.116258,1.254205,-0.040784,1.0
2455662.49831031,0.97329,3.053913,1.607259,-0.040791,2.116262,1.254191,-0.040784,1.0
2455662.50005032,0.95201,3.053907,1.607273,-0.04079,2.116267,1.254177,-0.040783,1.0
2455662.50178034,0.97868,3.053902,1.607287,-0.04079,2.116272,1.254163,-0.040782,1.0
2455662.50352036,0.97598,3.053897,1.607301,-0.040789,2.116276,1.254149,-0.040782,1.0
2455662.50525038,0.97418,3.053891,1.607316,-0.040788,2.1162810000000003,1.254136,-0.040781,1.0
2455662.50699039,1.00702,3.053886,1.60733,-0.040788,2.116286,1.254122,-0.04078,1.0
2455662.50872041,0.98955,3.05388,1.607344,-0.040787,2.11629,1.254108,-0.040779,1.0
2455662.51046043,1.0154,3.053875,1.607359,-0.040786,2.116295,1.254094,-0.040779,1.0
2455662.51219045,1.0295299999999998,3.05387,1.607373,-0.040786,2.1163,1.254081,-0.040778,1.0
2455662.51394046,1.0276299999999998,3.053864,1.607387,-0.040785,2.116304,1.254067,-0.040777,1.0
2455662.51567048,1.01446,3.053859,1.607401,-0.040784,2.116309,1.254053,-0.040777,1.0
2455662.5174105,1.03047,3.0538540000000003,1.607416,-0.040784,2.116314,1.254039,-0.040776,1.0
2455662.51914051,1.06619,3.053848,1.60743,-0.040783,2.116318,1.254026,-0.040775,1.0
2455662.52088053,1.07309,3.053843,1.607444,-0.040782,2.116323,1.254012,-0.040775,1.0
2455662.52261055,1.06521,3.0538380000000003,1.607459,-0.040781,2.116328,1.253998,-0.040774,1.0
2455662.52435057,1.04769,3.053832,1.607473,-0.040781,2.116332,1.253984,-0.040773,1.0
2455662.52609058,1.04384,3.053827,1.607487,-0.04078,2.116337,1.253971,-0.040772,1.0
2455662.5278206,1.05156,3.053821,1.607502,-0.040779,2.116342,1.253957,-0.040772,1.0
2455662.52956062,1.05933,3.053816,1.607516,-0.040779,2.116346,1.253943,-0.040771,1.0
2455662.53129064,1.03617,3.053811,1.60753,-0.040778,2.116351,1.253929,-0.04077,1.0
2455662.53303065,1.084,3.053805,1.607544,-0.040777,2.116356,1.253916,-0.04077,1.0
2455662.53476067,1.06226,3.0538,1.607559,-0.040777,2.11636,1.253902,-0.040769,1.0
2455662.53651069,1.05738,3.053794,1.607573,-0.040776,2.116365,1.253888,-0.040768,1.0
2455662.53824071,1.03999,3.053789,1.607587,-0.040775,2.11637,1.253874,-0.040768,1.0
2455662.53998072,1.088,3.053784,1.607602,-0.040775,2.116374,1.25386,-0.040767000000000005,1.0
2455662.54171074,1.07703,3.053778,1.607616,-0.040774,2.116379,1.253847,-0.040766,1.0
2455662.54345076,1.08699,3.053773,1.60763,-0.040773,2.116384,1.253833,-0.040766,1.0
2455662.54519077,1.07208,3.053767,1.607645,-0.040772,2.116389,1.253819,-0.040765,1.0
2455662.54692079,1.06912,3.053762,1.607659,-0.040772,2.116393,1.2538049999999998,-0.040764,1.0
2455662.54866081,1.05737,3.053757,1.607673,-0.040771,2.116398,1.253792,-0.040763,1.0
2455662.55039083,1.06225,3.053751,1.607687,-0.04077,2.116403,1.253778,-0.040763,1.0
2455662.55213084,1.11538,3.053746,1.607702,-0.04077,2.116407,1.253764,-0.040762,1.0
2455662.55386086,1.06714,3.053741,1.607716,-0.040769,2.116412,1.25375,-0.040761,1.0
2455662.55560088,1.11333,3.053735,1.60773,-0.040768,2.116417,1.253737,-0.040761,1.0
2455662.55734089,1.092,3.05373,1.607745,-0.040768,2.116421,1.253723,-0.040760000000000005,1.0
