2456355.3084830004,1.0248,1.7080799999999998,-2.37856,-0.532671,0.758718,-2.0922,-0.5327029999999999,1.0
2456355.312843,1.0267,1.70812,-2.37853,-0.532663,0.758732,-2.09225,-0.532695,1.0
2456355.317293,1.0229,1.70816,-2.37851,-0.532655,0.758745,-2.0923,-0.532687,1.0
2456355.322433,1.0305,1.7082,-2.37848,-0.532646,0.758761,-2.09235,-0.532678,1.0
2456355.326872,1.0381,1.7082400000000002,-2.37846,-0.5326380000000001,0.758775,-2.09241,-0.53267,1.0
2456355.331992,1.041,1.70828,-2.37843,-0.532629,0.758791,-2.09246,-0.5326609999999999,1.0
2456355.336442,1.0429,1.70832,-2.37841,-0.532621,0.758804,-2.09251,-0.5326529999999999,1.0
2456355.340811,1.0477,1.70835,-2.37839,-0.532613,0.758818,-2.09256,-0.532645,1.0
2456355.345281,1.0545,1.70839,-2.37836,-0.532605,0.758832,-2.09261,-0.532637,1.0
2456355.349721,1.0438,1.70843,-2.37834,-0.532597,0.758845,-2.09266,-0.532629,1.0
2456355.3569,1.0535,1.70849,-2.3783,-0.5325840000000001,0.758867,-2.09274,-0.532616,1.0
2456355.36635,1.0305,1.70857,-2.37825,-0.532567,0.758897,-2.09285,-0.5325989999999999,1.0
2456355.373459,1.0295,1.70862,-2.37822,-0.532554,0.758919,-2.09293,-0.532586,1.0
2456355.379549,1.0015,1.70868,-2.37818,-0.532543,0.758937,-2.093,-0.532575,1.0
2456355.383969,1.0135,1.70871,-2.37816,-0.5325350000000001,0.758951,-2.09305,-0.532567,1.0
2456355.388318,1.0015,1.70875,-2.37814,-0.532528,0.758965,-2.0931,-0.53256,1.0
2456355.3943580003,1.0024,1.7088,-2.37811,-0.532517,0.758983,-2.09317,-0.5325489999999999,1.0
2456355.398818,1.0015,1.70884,-2.37808,-0.532509,0.758997,-2.09322,-0.5325409999999999,1.0
2456355.404047,1.0042,1.70888,-2.37806,-0.532499,0.759013,-2.09328,-0.5325310000000001,1.0
2456355.409367,1.0089,1.70892,-2.37803,-0.53249,0.75903,-2.09334,-0.532522,1.0
2456355.413787,0.9932,1.7089599999999998,-2.37801,-0.532482,0.759043,-2.0933900000000003,-0.532514,1.0
2456355.418236,0.9996,1.709,-2.37798,-0.532474,0.759057,-2.09344,-0.532506,1.0
2456355.423686,1.0042,1.70904,-2.37795,-0.532464,0.759074,-2.0935,-0.532496,1.0
2456355.428106,0.9941,1.70908,-2.37793,-0.532456,0.759088,-2.09355,-0.532488,1.0
2456355.432576,0.9987,1.70912,-2.37791,-0.5324479999999999,0.759102,-2.0936,-0.5324800000000001,1.0
2456355.436995,0.995,1.70915,-2.37788,-0.5324399999999999,0.759116,-2.09365,-0.5324720000000001,1.0
2456355.441415,0.9905,1.7091900000000002,-2.37786,-0.532432,0.7591289999999999,-2.0937,-0.532464,1.0
2456355.445865,0.9905,1.70923,-2.37784,-0.532424,0.759143,-2.09375,-0.532456,1.0
2456355.450284,0.9823,1.7092599999999998,-2.37781,-0.532416,0.759157,-2.0938,-0.5324479999999999,1.0
2456355.4547240003,0.9787,1.7093,-2.37779,-0.532408,0.759171,-2.09385,-0.5324399999999999,1.0
2456355.459174,0.9787,1.70934,-2.37777,-0.5324,0.759185,-2.0939,-0.532432,1.0
2456355.463604,0.9905,1.70938,-2.37774,-0.532392,0.7591979999999999,-2.09395,-0.532425,1.0
2456355.468073,0.995,1.70941,-2.37772,-0.532384,0.759212,-2.094,-0.532416,1.0
2456355.472513,0.9877,1.70945,-2.3777,-0.5323760000000001,0.7592260000000001,-2.09405,-0.532409,1.0
2456355.476923,0.9978,1.7094900000000002,-2.37768,-0.532369,0.7592399999999999,-2.0941,-0.532401,1.0
2456355.481382,0.995,1.7095200000000002,-2.37765,-0.532361,0.759254,-2.09415,-0.532393,1.0
2456355.485792,0.9941,1.7095599999999995,-2.37763,-0.532353,0.759268,-2.0942,-0.532385,1.0
2456355.490172,0.996,1.7096,-2.37761,-0.532345,0.7592810000000001,-2.09425,-0.532377,1.0
2456355.494572,0.9832,1.70963,-2.37758,-0.532337,0.7592949999999999,-2.0943,-0.532369,1.0
2456355.498971,0.9905,1.70967,-2.37756,-0.5323289999999999,0.759309,-2.09435,-0.532361,1.0
2456355.503361,0.976,1.7097099999999998,-2.37754,-0.532321,0.759322,-2.0944,-0.532353,1.0
2456355.507731,0.976,1.70974,-2.37751,-0.532313,0.759336,-2.09445,-0.532345,1.0
2456355.512131,0.9823,1.70978,-2.3774900000000003,-0.532305,0.75935,-2.0945,-0.532337,1.0
2456355.51652,0.9724,1.70982,-2.37747,-0.532297,0.759364,-2.09455,-0.53233,1.0
2456355.52091,0.9796,1.70985,-2.37745,-0.5322899999999999,0.7593770000000001,-2.0946,-0.5323220000000001,1.0
2456355.52531,0.9905,1.70989,-2.37742,-0.5322819999999999,0.759391,-2.09465,-0.5323140000000001,1.0
2456355.534099,0.9796,1.70996,-2.37738,-0.532266,0.759419,-2.09475,-0.5322979999999999,1.0
2456355.538489,0.9715,1.71,-2.37735,-0.532258,0.759432,-2.0948,-0.5322899999999999,1.0
2456355.542869,0.9832,1.7100400000000002,-2.37733,-0.53225,0.759446,-2.09485,-0.5322819999999999,1.0
2456355.548088,0.9751,1.7100799999999998,-2.3773,-0.532241,0.759463,-2.09491,-0.532273,1.0
2456355.553318,0.9661,1.71012,-2.37728,-0.532231,0.759479,-2.09497,-0.532263,1.0
2456355.557698,0.9715,1.71016,-2.37725,-0.532224,0.759493,-2.09502,-0.5322560000000001,1.0
2456355.562827,0.9511,1.7102,-2.37723,-0.5322140000000001,0.759509,-2.09508,-0.532246,1.0
2456355.567227,0.9529,1.7102400000000002,-2.3772,-0.5322060000000001,0.759523,-2.09513,-0.532238,1.0
2456356.2987900004,0.9838,1.71632,-2.37337,-0.530891,0.761894,-2.10343,-0.5309229999999999,1.0
2456356.3023,0.991,1.71635,-2.37335,-0.530885,0.7619060000000001,-2.10346,-0.530917,1.0
2456356.30588,0.9892,1.71638,-2.37333,-0.530878,0.761918,-2.10351,-0.530911,1.0
2456356.3094200003,0.9847,1.7164099999999998,-2.37331,-0.530872,0.76193,-2.10355,-0.530904,1.0
2456356.312969,0.981,1.7164400000000002,-2.3732900000000003,-0.530866,0.761942,-2.10359,-0.530898,1.0
2456356.316399,0.9801,1.7164700000000002,-2.37328,-0.530859,0.761953,-2.10363,-0.530892,1.0
2456356.320679,0.9711,1.7165099999999998,-2.37325,-0.530852,0.7619670000000001,-2.10367,-0.530884,1.0
2456356.324149,0.9756,1.71653,-2.37324,-0.530845,0.761979,-2.10371,-0.530878,1.0
2456356.327669,0.9605,1.71656,-2.37322,-0.5308390000000001,0.761991,-2.10375,-0.530871,1.0
2456356.331058,0.9578,1.71659,-2.3732,-0.530833,0.7620020000000001,-2.10379,-0.5308649999999999,1.0
2456356.334578,0.9596,1.71662,-2.37318,-0.530827,0.7620140000000001,-2.10383,-0.530859,1.0
2456356.338058,0.9614,1.71665,-2.37316,-0.53082,0.762026,-2.10387,-0.530853,1.0
2456356.341528,0.9499,1.71668,-2.37314,-0.530814,0.762037,-2.10391,-0.530846,1.0
2456356.3450470003,0.9534,1.71671,-2.37313,-0.530808,0.762049,-2.10395,-0.53084,1.0
2456356.348457,0.9543,1.7167400000000002,-2.37311,-0.530802,0.7620600000000001,-2.10399,-0.530834,1.0
2456356.351987,0.9482,1.71677,-2.3730900000000004,-0.530795,0.762072,-2.10403,-0.530828,1.0
2456356.355597,0.9534,1.7168,-2.37307,-0.5307890000000001,0.762084,-2.10407,-0.530821,1.0
2456356.359067,0.9569,1.71682,-2.37305,-0.530783,0.762096,-2.10411,-0.5308149999999999,1.0
2456356.362596,0.9517,1.71685,-2.37303,-0.530776,0.762108,-2.10415,-0.530809,1.0
2456356.3660560003,0.9578,1.71688,-2.37302,-0.53077,0.76212,-2.10419,-0.530802,1.0
2456356.369596,0.9578,1.71691,-2.373,-0.530764,0.762131,-2.10423,-0.530796,1.0
2456356.373056,0.9694,1.71694,-2.37298,-0.5307569999999999,0.762143,-2.10427,-0.53079,1.0
2456356.376465,0.9676,1.71697,-2.37296,-0.530751,0.762155,-2.10431,-0.530784,1.0
2456356.379975,0.9765,1.717,-2.3729400000000003,-0.530745,0.762166,-2.10435,-0.530777,1.0
2456356.383425,0.9801,1.7170299999999998,-2.37292,-0.5307390000000001,0.762178,-2.10439,-0.530771,1.0
2456356.386915,0.9774,1.7170599999999998,-2.37291,-0.530732,0.7621899999999999,-2.10443,-0.5307649999999999,1.0
2456356.390454,0.9947,1.7170900000000002,-2.37289,-0.530726,0.762202,-2.10447,-0.530758,1.0
2456356.393844,0.9974,1.71711,-2.3728700000000003,-0.53072,0.762213,-2.10451,-0.530752,1.0
2456356.3973740004,0.9965,1.71714,-2.37285,-0.530714,0.762225,-2.10455,-0.530746,1.0
2456356.4009040003,1.002,1.71717,-2.37283,-0.5307069999999999,0.7622369999999999,-2.10459,-0.53074,1.0
2456356.4044540003,1.0113,1.7172,-2.37281,-0.530701,0.762249,-2.10463,-0.530733,1.0
2456356.407973,1.0188,1.71723,-2.37279,-0.530694,0.762261,-2.10467,-0.5307270000000001,1.0
2456356.411363,1.0254,1.7172599999999998,-2.37278,-0.530688,0.7622720000000001,-2.10471,-0.530721,1.0
2456356.416363,1.032,1.7173,-2.37275,-0.530679,0.762289,-2.10476,-0.530712,1.0
2456356.419923,1.0282,1.71733,-2.37273,-0.530673,0.762301,-2.1048,-0.530705,1.0
2456356.423452,1.0282,1.7173599999999998,-2.37271,-0.530667,0.762313,-2.1048400000000003,-0.530699,1.0
2456356.427832,1.0368,1.7174,-2.37269,-0.530659,0.762328,-2.10489,-0.530691,1.0
2456356.432212,1.033,1.71743,-2.3726700000000003,-0.530651,0.762342,-2.10494,-0.530683,1.0
2456356.435742,1.0358,1.7174599999999998,-2.37265,-0.530644,0.762354,-2.10498,-0.5306770000000001,1.0
2456356.439291,1.0301,1.7174900000000002,-2.37263,-0.530638,0.762366,-2.10502,-0.53067,1.0
2456356.442681,1.0358,1.7175200000000002,-2.37261,-0.530632,0.762378,-2.10506,-0.530664,1.0
2456356.446221,1.033,1.71755,-2.37259,-0.530626,0.76239,-2.1051,-0.530658,1.0
2456356.449751,1.0282,1.71758,-2.37258,-0.530619,0.762402,-2.10514,-0.530652,1.0
2456356.4533,1.0273,1.71761,-2.37256,-0.530613,0.762414,-2.10518,-0.530645,1.0
2456356.45683,1.0301,1.71764,-2.3725400000000003,-0.530606,0.762426,-2.10522,-0.5306390000000001,1.0
2456356.46022,1.0377,1.71767,-2.37252,-0.5306,0.762437,-2.10526,-0.530633,1.0
2456356.4639,1.0282,1.7177,-2.3725,-0.530594,0.7624489999999999,-2.1053,-0.530626,1.0
2456356.46742,1.0493,1.71773,-2.37248,-0.530587,0.7624609999999999,-2.10534,-0.53062,1.0
2456356.470949,1.0396,1.71775,-2.37246,-0.5305810000000001,0.762473,-2.10538,-0.530613,1.0
2456356.474489,1.0368,1.71778,-2.37245,-0.530575,0.7624850000000001,-2.10542,-0.5306069999999999,1.0
2456356.477889,1.0349,1.7178099999999998,-2.37243,-0.530569,0.762497,-2.10546,-0.530601,1.0
2456356.481409,1.0435,1.7178400000000005,-2.37241,-0.530562,0.762509,-2.1055,-0.5305949999999999,1.0
2456356.484948,1.0349,1.71787,-2.37239,-0.530556,0.762521,-2.10554,-0.5305880000000001,1.0
2456356.488468,1.032,1.7179,-2.37237,-0.53055,0.762533,-2.10558,-0.530582,1.0
2456356.491988,1.0254,1.71793,-2.37235,-0.530543,0.762545,-2.10562,-0.530576,1.0
2456356.496368,1.0311,1.71797,-2.37233,-0.5305350000000001,0.762559,-2.10567,-0.530568,1.0
2456356.502447,1.0263,1.71802,-2.3723,-0.530524,0.76258,-2.10574,-0.530557,1.0
2456369.322592,0.9901,1.8229,-2.30274,-0.506949,0.8287190000000001,-2.25437,-0.506975,1.0
2456369.326132,0.9965,1.82293,-2.30272,-0.506942,0.828743,-2.25441,-0.506968,1.0
2456369.3297220003,0.9984,1.82296,-2.3027,-0.506935,0.8287680000000001,-2.25445,-0.506961,1.0
2456369.333252,1.0067,1.82299,-2.30268,-0.506929,0.828793,-2.2545,-0.506955,1.0
2456369.336821,1.0179,1.82302,-2.30266,-0.506922,0.828817,-2.25454,-0.506948,1.0
2456369.340231,1.0048,1.82304,-2.30264,-0.506915,0.8288409999999999,-2.25458,-0.506942,1.0
2456369.343771,1.0216,1.82307,-2.30262,-0.506909,0.828866,-2.25462,-0.506935,1.0
2456369.347351,1.016,1.8231,-2.3026,-0.5069020000000001,0.8288909999999999,-2.25466,-0.5069279999999999,1.0
2456369.35088,1.0179,1.82313,-2.30258,-0.506895,0.828915,-2.2547,-0.506922,1.0
2456369.3544400004,1.032,1.82316,-2.30256,-0.506889,0.82894,-2.25474,-0.506915,1.0
2456369.35787,1.0216,1.82319,-2.30255,-0.5068819999999999,0.8289639999999999,-2.25478,-0.506908,1.0
2456369.36139,1.0151,1.82321,-2.30253,-0.506876,0.828988,-2.25482,-0.5069020000000001,1.0
2456369.365749,1.0273,1.82325,-2.3025,-0.506868,0.829018,-2.25487,-0.506894,1.0
2456369.369279,1.0235,1.82328,-2.30248,-0.506861,0.829043,-2.2549200000000003,-0.506887,1.0
2456369.372699,1.0235,1.82331,-2.30246,-0.506855,0.829067,-2.25496,-0.506881,1.0
2456369.376268,1.0141,1.82333,-2.3024400000000003,-0.506848,0.829092,-2.255,-0.5068739999999999,1.0
2456369.379798,1.0235,1.82336,-2.30242,-0.506841,0.829116,-2.25504,-0.506867,1.0
2456369.384288,1.0264,1.8234,-2.3024,-0.506833,0.829147,-2.25509,-0.5068590000000001,1.0
2456369.387888,1.0349,1.82343,-2.30238,-0.506826,0.8291719999999999,-2.25513,-0.5068520000000001,1.0
2456369.392357,1.032,1.82346,-2.30235,-0.506818,0.829204,-2.25518,-0.506844,1.0
2456369.395967,1.0311,1.82349,-2.30233,-0.506811,0.8292290000000001,-2.25523,-0.506837,1.0
2456369.399397,1.0283,1.82352,-2.30231,-0.506804,0.829253,-2.25527,-0.506831,1.0
2456369.403836,1.0292,1.82356,-2.30229,-0.506796,0.829283,-2.25532,-0.506822,1.0
2456369.4074560003,1.0339,1.82359,-2.30227,-0.506789,0.829309,-2.25536,-0.506815,1.0
2456369.411046,1.0207,1.82361,-2.30225,-0.506783,0.829334,-2.2554,-0.5068090000000001,1.0
2456369.414616,1.0151,1.82364,-2.30223,-0.506776,0.8293590000000001,-2.25544,-0.5068020000000001,1.0
2456369.418195,1.0021,1.82367,-2.30221,-0.5067689999999999,0.829383,-2.25549,-0.506795,1.0
2456369.421625,1.0067,1.8237,-2.30219,-0.506763,0.829407,-2.25553,-0.506789,1.0
2456369.425205,0.9993,1.82373,-2.3021700000000003,-0.5067560000000001,0.829432,-2.25557,-0.506782,1.0
2456369.429534,0.9965,1.82376,-2.30214,-0.506748,0.829462,-2.25562,-0.506774,1.0
2456369.433144,0.9947,1.82379,-2.30212,-0.506741,0.8294879999999999,-2.25566,-0.506767,1.0
2456369.436564,0.9947,1.82382,-2.30211,-0.506735,0.829512,-2.2557,-0.506761,1.0
2456369.440194,0.9938,1.82385,-2.30208,-0.506728,0.8295370000000001,-2.2557400000000003,-0.506754,1.0
2456369.443773,0.9965,1.82388,-2.30206,-0.506721,0.8295620000000001,-2.25578,-0.5067470000000001,1.0
2456369.447343,1.003,1.82391,-2.3020400000000003,-0.506714,0.8295870000000001,-2.25583,-0.50674,1.0
2456369.450943,1.0039,1.82394,-2.30202,-0.506708,0.8296120000000001,-2.2558700000000003,-0.506734,1.0
2456369.454353,0.9993,1.82396,-2.30201,-0.5067010000000001,0.829636,-2.25591,-0.506727,1.0
2456369.457932,0.9874,1.82399,-2.30199,-0.506695,0.8296610000000001,-2.25595,-0.506721,1.0
2456369.461542,0.9883,1.82402,-2.3019700000000003,-0.506688,0.829686,-2.25599,-0.506714,1.0
2456369.465152,0.9984,1.82405,-2.30195,-0.506681,0.8297110000000001,-2.25603,-0.506707,1.0
2456369.468742,0.9947,1.82408,-2.30192,-0.506674,0.829736,-2.25607,-0.5067,1.0
2456369.473171,0.982,1.82411,-2.3019,-0.506666,0.829767,-2.25613,-0.506692,1.0
2456369.476591,0.9865,1.82414,-2.30188,-0.50666,0.829791,-2.25617,-0.506686,1.0
2456369.480161,0.9775,1.82417,-2.30186,-0.506653,0.829816,-2.25621,-0.506679,1.0
2456369.483731,0.9739,1.8242,-2.3018400000000003,-0.506646,0.8298409999999999,-2.25625,-0.506672,1.0
2456369.48733,0.9847,1.82423,-2.30182,-0.5066390000000001,0.829866,-2.2562900000000004,-0.5066649999999999,1.0
2456369.49094,0.9856,1.82426,-2.3018,-0.506633,0.8298909999999999,-2.25633,-0.506659,1.0
2456369.49436,0.9748,1.82428,-2.30178,-0.506626,0.829915,-2.25637,-0.506652,1.0
2456369.500739,0.9784,1.82434,-2.30175,-0.506614,0.82996,-2.25645,-0.50664,1.0
2456369.505189,0.9739,1.82437,-2.30172,-0.506606,0.829991,-2.2565,-0.506632,1.0
2456369.510429,0.9766,1.82441,-2.30169,-0.506596,0.8300270000000001,-2.25656,-0.506622,1.0
2456369.515668,0.973,1.82446,-2.30166,-0.506586,0.8300639999999999,-2.2566200000000003,-0.506612,1.0
2456369.519208,0.973,1.82448,-2.3016400000000004,-0.50658,0.830089,-2.25666,-0.506606,1.0
2456369.523518,0.9658,1.82452,-2.30162,-0.506572,0.830119,-2.25671,-0.5065970000000001,1.0
2456369.526907,0.9847,1.82455,-2.3016,-0.5065649999999999,0.8301430000000001,-2.25675,-0.506591,1.0
2456369.5339470003,0.9793,1.8246,-2.30156,-0.506552,0.830192,-2.25683,-0.506578,1.0
2456369.538357,0.9883,1.82464,-2.30154,-0.506544,0.8302229999999999,-2.2568900000000003,-0.50657,1.0
2456369.541916,0.9811,1.82467,-2.30152,-0.506537,0.830248,-2.25693,-0.506563,1.0
2456369.545496,0.982,1.8247,-2.3015,-0.50653,0.8302729999999999,-2.25697,-0.506556,1.0
2456369.548886,0.9847,1.82472,-2.30148,-0.506524,0.8302959999999999,-2.25701,-0.50655,1.0
2456369.552426,0.9766,1.82475,-2.30146,-0.506517,0.8303209999999999,-2.25705,-0.5065430000000001,1.0
2454053.254021,1.1346,-2.12865,-1.88654,-0.602053,-1.50789,-1.11595,-0.602049,1.0
2454053.257861,1.1263,-2.12862,-1.88657,-0.602059,-1.50791,-1.11594,-0.602055,1.0
2454053.265551,1.1284,-2.12857,-1.88662,-0.602071,-1.50796,-1.11591,-0.602067,1.0
2454053.269391,1.1047,-2.12854,-1.88665,-0.6020770000000001,-1.50799,-1.1159,-0.602073,1.0
2454053.273251,1.0866,-2.12852,-1.88668,-0.602083,-1.50802,-1.11588,-0.602079,1.0
2454053.277411,1.0707,-2.12849,-1.88671,-0.602089,-1.50804,-1.11587,-0.602085,1.0
2454053.281281,1.0638,-2.12846,-1.88674,-0.6020949999999999,-1.50807,-1.11586,-0.6020909999999999,1.0
2454053.285131,1.0531,-2.12843,-1.88677,-0.602101,-1.5081,-1.11584,-0.602097,1.0
2454053.288981,1.032,-2.12841,-1.8868,-0.602107,-1.50812,-1.11583,-0.6021029999999999,1.0
2454053.29283,0.9974,-2.12838,-1.88682,-0.602113,-1.50815,-1.11582,-0.602109,1.0
2454053.29667,0.9792,-2.12835,-1.88685,-0.602119,-1.50817,-1.1158,-0.602115,1.0
2454053.30084,0.9587,-2.12832,-1.88688,-0.602126,-1.5082,-1.11579,-0.602122,1.0
2454053.30468,0.9516,-2.1283,-1.88691,-0.602132,-1.50823,-1.11578,-0.602128,1.0
2454053.30852,0.9113,-2.12827,-1.88694,-0.6021380000000001,-1.50825,-1.11576,-0.6021340000000001,1.0
2454053.31236,0.8824,-2.1282400000000004,-1.88697,-0.602144,-1.5082799999999998,-1.11575,-0.60214,1.0
2454053.31619,0.8719,-2.12822,-1.88699,-0.60215,-1.5083,-1.11574,-0.602146,1.0
2454053.32002,0.8528,-2.12819,-1.88702,-0.602156,-1.50833,-1.11572,-0.602152,1.0
2454053.3242,0.8442,-2.12816,-1.88705,-0.602162,-1.50836,-1.11571,-0.602158,1.0
2454053.32806,0.8296,-2.12813,-1.88708,-0.602168,-1.5083799999999998,-1.1157,-0.602164,1.0
2454053.3319200003,0.8319,-2.12811,-1.88711,-0.602174,-1.50841,-1.11568,-0.60217,1.0
2454053.33576,0.8342,-2.12808,-1.88714,-0.60218,-1.50843,-1.1156700000000002,-0.602176,1.0
2454053.339609,0.8303,-2.12805,-1.88717,-0.602186,-1.50846,-1.11566,-0.602182,1.0
2454053.343469,0.8458,-2.12803,-1.88719,-0.6021920000000001,-1.50849,-1.11564,-0.6021880000000001,1.0
2454053.347639,0.8505,-2.128,-1.88722,-0.6021989999999999,-1.50851,-1.11563,-0.602195,1.0
2454053.351509,0.8427,-2.12797,-1.88725,-0.602205,-1.50854,-1.11562,-0.602201,1.0
2454053.355359,0.8663,-2.12794,-1.88728,-0.6022109999999999,-1.50857,-1.1156,-0.6022069999999999,1.0
2454053.359209,0.8695,-2.12792,-1.88731,-0.602217,-1.50859,-1.11559,-0.602213,1.0
2454053.363059,0.8783,-2.1278900000000003,-1.88734,-0.602223,-1.50862,-1.11558,-0.602219,1.0
2454053.366899,0.9071,-2.12786,-1.88736,-0.602229,-1.50864,-1.11556,-0.602225,1.0
2454053.371069,0.9231,-2.12783,-1.8874,-0.6022350000000001,-1.5086700000000002,-1.11555,-0.6022310000000001,1.0
2454053.374909,0.936,-2.12781,-1.88742,-0.602241,-1.5087,-1.11554,-0.602237,1.0
2454053.378739,0.9308,-2.12778,-1.88745,-0.602247,-1.50872,-1.11552,-0.6022430000000001,1.0
2454053.382579,0.9516,-2.12775,-1.88748,-0.6022529999999999,-1.50875,-1.11551,-0.6022489999999999,1.0
2454053.386409,0.9534,-2.12773,-1.88751,-0.602259,-1.5087700000000002,-1.1155,-0.602255,1.0
2454053.390228,0.9774,-2.1277,-1.88754,-0.6022649999999999,-1.5088,-1.11548,-0.6022609999999999,1.0
2454053.394408,0.9992,-2.12767,-1.88757,-0.602272,-1.50883,-1.1154700000000002,-0.602268,1.0
2454053.398248,1.0234,-2.12764,-1.88759,-0.602278,-1.50885,-1.11546,-0.602274,1.0
2454053.402078,1.0282,-2.1276200000000003,-1.88762,-0.602284,-1.50888,-1.11544,-0.60228,1.0
2454053.405918,1.0473,-2.12759,-1.88765,-0.6022890000000001,-1.50891,-1.11543,-0.602286,1.0
2454053.409758,1.0687,-2.12756,-1.88768,-0.602295,-1.50893,-1.11542,-0.602292,1.0
2454053.413598,1.0826,-2.12754,-1.88771,-0.602301,-1.50896,-1.11541,-0.602297,1.0
2454053.417758,1.0736,-2.12751,-1.88774,-0.602308,-1.50898,-1.11539,-0.602304,1.0
2454053.421598,1.0866,-2.12748,-1.88776,-0.602314,-1.50901,-1.11538,-0.60231,1.0
2454053.425428,1.0896,-2.12745,-1.88779,-0.60232,-1.50904,-1.11537,-0.602316,1.0
2454053.429268,1.1037,-2.12743,-1.88782,-0.602326,-1.50906,-1.11535,-0.602322,1.0
2454053.433107,1.1047,-2.1274,-1.88785,-0.602332,-1.50909,-1.11534,-0.602328,1.0
2454053.436947,1.1088,-2.12737,-1.88788,-0.602338,-1.50911,-1.11533,-0.602334,1.0
2454053.441107,1.1119,-2.12734,-1.88791,-0.602344,-1.50914,-1.11531,-0.60234,1.0
2454053.448777,1.117,-2.1272900000000003,-1.88796,-0.602356,-1.50919,-1.11529,-0.602352,1.0
2454053.452617,1.116,-2.12726,-1.88799,-0.602362,-1.50922,-1.11527,-0.602358,1.0
2454053.456447,1.115,-2.12724,-1.88802,-0.602368,-1.50925,-1.11526,-0.602364,1.0
2454053.460277,1.1058,-2.12721,-1.88805,-0.602374,-1.50927,-1.11525,-0.60237,1.0
2454053.464447,1.0866,-2.12718,-1.88808,-0.602381,-1.5093,-1.11523,-0.602377,1.0
2454053.468287,1.0816,-2.12715,-1.88811,-0.602387,-1.50932,-1.11522,-0.602383,1.0
2454053.472117,1.0521,-2.12713,-1.88813,-0.6023930000000001,-1.50935,-1.11521,-0.6023890000000001,1.0
2454053.475947,1.0339,-2.1271,-1.88816,-0.602399,-1.50938,-1.11519,-0.602395,1.0
2454053.479787,1.0011,-2.12707,-1.88819,-0.602405,-1.5094,-1.1151799999999998,-0.6024010000000001,1.0
2454053.483626,0.9828,-2.12705,-1.88822,-0.60241,-1.5094299999999998,-1.11517,-0.602406,1.0
2454053.487786,0.9551,-2.12702,-1.88825,-0.602417,-1.50946,-1.11515,-0.602413,1.0
2454053.491626,0.9325,-2.12699,-1.88828,-0.6024229999999999,-1.50948,-1.11514,-0.6024189999999999,1.0
2454053.495466,0.9138,-2.12696,-1.8883,-0.602429,-1.50951,-1.11513,-0.602425,1.0
2454053.4993060003,0.9046,-2.1269400000000003,-1.88833,-0.602435,-1.5095299999999998,-1.11512,-0.602431,1.0
2454053.503136,0.8922,-2.12691,-1.88836,-0.602441,-1.50956,-1.1151,-0.602437,1.0
2454053.511166,0.8711,-2.12685,-1.88842,-0.602453,-1.50961,-1.1150799999999998,-0.602449,1.0
2454053.515026,0.8599,-2.12683,-1.88845,-0.602459,-1.50964,-1.11506,-0.602455,1.0
2454053.518866,0.8497,-2.1268,-1.88848,-0.6024649999999999,-1.50967,-1.11505,-0.6024609999999999,1.0
2454053.522706,0.8607,-2.12677,-1.8885,-0.602471,-1.50969,-1.11504,-0.602467,1.0
2454053.5265450003,0.8615,-2.12675,-1.88853,-0.602477,-1.5097200000000002,-1.11502,-0.6024729999999999,1.0
2454053.530375,0.8751,-2.12672,-1.88856,-0.602483,-1.50974,-1.11501,-0.602479,1.0
2454053.534595,0.8791,-2.12669,-1.88859,-0.60249,-1.50977,-1.115,-0.602486,1.0
2454053.538445,0.8783,-2.12666,-1.88862,-0.602496,-1.5098,-1.11498,-0.602492,1.0
2454053.542295,0.8848,-2.12664,-1.88865,-0.6025020000000001,-1.5098200000000002,-1.11497,-0.602498,1.0
2454053.546135,0.9063,-2.12661,-1.88867,-0.602508,-1.50985,-1.11496,-0.602504,1.0
2454053.549965,0.9197,-2.12658,-1.8887,-0.602514,-1.50987,-1.11495,-0.60251,1.0
2454053.553805,0.93,-2.12656,-1.88873,-0.60252,-1.5099,-1.11493,-0.6025159999999999,1.0
2454053.558015,0.9394,-2.12653,-1.88876,-0.602526,-1.50993,-1.11492,-0.602522,1.0
2454053.561885,0.9569,-2.1265,-1.88879,-0.602532,-1.50996,-1.11491,-0.602528,1.0
2454053.565725,0.9819,-2.12647,-1.88882,-0.602538,-1.50998,-1.11489,-0.602534,1.0
2454053.573404,1.0141,-2.12642,-1.88887,-0.60255,-1.51003,-1.11487,-0.602546,1.0
2454053.581454,1.055,-2.12636,-1.88893,-0.602563,-1.51009,-1.11484,-0.6025590000000001,1.0
2454053.585304,1.0618,-2.1263400000000003,-1.88896,-0.6025689999999999,-1.51011,-1.11483,-0.602565,1.0
2454053.589134,1.0648,-2.12631,-1.88899,-0.602575,-1.51014,-1.11481,-0.602571,1.0
2454053.592974,1.0936,-2.12628,-1.88902,-0.602581,-1.51017,-1.1148,-0.602577,1.0
2454053.595834,1.0846,-2.12626,-1.88904,-0.602585,-1.51018,-1.11479,-0.602581,1.0
2454053.598704,1.0876,-2.12624,-1.88906,-0.60259,-1.5102,-1.11478,-0.602586,1.0
2454053.601584,1.0816,-2.12622,-1.88908,-0.602594,-1.51022,-1.11477,-0.60259,1.0
2454053.604814,1.1119,-2.1262,-1.8891,-0.602599,-1.51024,-1.11476,-0.602595,1.0
2454053.606714,1.1222,-2.12619,-1.88912,-0.6026020000000001,-1.51026,-1.11476,-0.602598,1.0
2454053.6084740004,1.117,-2.12617,-1.88913,-0.6026050000000001,-1.51027,-1.11475,-0.602601,1.0
2454053.609364,1.1088,-2.12617,-1.88914,-0.6026060000000001,-1.5102799999999998,-1.11475,-0.6026020000000001,1.0
2454053.610244,1.1336,-2.12616,-1.88914,-0.602608,-1.5102799999999998,-1.11474,-0.602603,1.0
2454053.611124,1.1326,-2.12616,-1.88915,-0.6026090000000001,-1.51029,-1.11474,-0.6026050000000001,1.0
2454053.612004,1.1294,-2.12615,-1.88916,-0.6026100000000001,-1.51029,-1.11474,-0.6026060000000001,1.0
2454053.612884,1.1378,-2.1261400000000004,-1.88916,-0.602612,-1.5103,-1.11473,-0.602608,1.0
2454053.613774,1.1462,-2.1261400000000004,-1.88917,-0.6026130000000001,-1.51031,-1.11473,-0.6026090000000001,1.0
2454053.614654,1.1367,-2.12613,-1.88918,-0.602614,-1.51031,-1.11473,-0.6026100000000001,1.0
2454053.615534,1.1232,-2.12613,-1.88918,-0.602616,-1.51032,-1.11473,-0.602612,1.0
2454053.616414,1.1409,-2.12612,-1.88919,-0.602617,-1.51032,-1.1147200000000002,-0.6026130000000001,1.0
2454053.617304,1.1357,-2.12611,-1.88919,-0.6026189999999999,-1.51033,-1.1147200000000002,-0.602614,1.0
2454054.21735,1.1654,-2.12191,-1.89357,-0.6035510000000001,-1.51441,-1.11275,-0.603546,1.0
2454054.22024,1.1357,-2.12189,-1.89359,-0.6035550000000001,-1.51443,-1.11274,-0.6035510000000001,1.0
2454054.2231400004,1.1462,-2.12187,-1.89362,-0.60356,-1.51445,-1.11273,-0.6035550000000001,1.0
2454054.22604,1.1222,-2.12185,-1.89364,-0.603564,-1.51447,-1.1127200000000002,-0.60356,1.0
2454054.23182,1.1088,-2.12181,-1.89368,-0.6035729999999999,-1.51451,-1.1127,-0.6035689999999999,1.0
2454054.2376200003,1.0463,-2.12177,-1.89372,-0.603582,-1.51455,-1.11269,-0.603578,1.0
2454054.24088,1.0141,-2.12175,-1.89374,-0.603587,-1.51457,-1.11268,-0.603583,1.0
2454054.24377,1.0263,-2.12173,-1.89377,-0.603592,-1.51459,-1.11267,-0.603587,1.0
2454054.24666,0.9892,-2.12171,-1.89379,-0.603596,-1.51461,-1.11266,-0.603592,1.0
2454054.249549,0.9837,-2.12169,-1.89381,-0.603601,-1.51463,-1.11265,-0.603596,1.0
2454054.2524490003,0.9792,-2.12167,-1.89383,-0.6036050000000001,-1.51465,-1.11264,-0.603601,1.0
2454054.258239,0.9147,-2.12163,-1.89387,-0.603614,-1.51469,-1.1126200000000002,-0.6036100000000001,1.0
2454054.261129,0.9386,-2.12161,-1.89389,-0.6036189999999999,-1.51471,-1.11261,-0.603614,1.0
2454054.264359,0.9147,-2.12158,-1.89392,-0.6036239999999999,-1.51473,-1.1126,-0.6036189999999999,1.0
2454054.267259,0.8898,-2.12156,-1.89394,-0.6036279999999999,-1.51475,-1.11259,-0.6036239999999999,1.0
2454054.270159,0.8816,-2.12154,-1.89396,-0.603633,-1.5147700000000002,-1.11258,-0.6036279999999999,1.0
2454054.273049,0.8889,-2.1215200000000003,-1.89398,-0.603637,-1.51479,-1.11257,-0.603633,1.0
2454054.275939,0.8775,-2.1215,-1.894,-0.603642,-1.51481,-1.11256,-0.603637,1.0
2454054.278829,0.8735,-2.12148,-1.89402,-0.603646,-1.51483,-1.11255,-0.603642,1.0
2454054.281719,0.8824,-2.12146,-1.89404,-0.603651,-1.51485,-1.11254,-0.603646,1.0
2454054.284609,0.8719,-2.12144,-1.89406,-0.603655,-1.5148700000000002,-1.11253,-0.603651,1.0
2454054.287819,0.8751,-2.12142,-1.89409,-0.6036600000000001,-1.51489,-1.1125200000000002,-0.6036560000000001,1.0
2454054.290709,0.8996,-2.1214,-1.89411,-0.603664,-1.51491,-1.1125200000000002,-0.6036600000000001,1.0
2454054.293599,0.8767,-2.12138,-1.89413,-0.603669,-1.51493,-1.11251,-0.603665,1.0
2454054.296488,0.8955,-2.12136,-1.89415,-0.6036729999999999,-1.51495,-1.1125,-0.603669,1.0
2454054.299378,0.9198,-2.12134,-1.89417,-0.6036779999999999,-1.51497,-1.11249,-0.6036739999999999,1.0
2454054.302268,0.9088,-2.12132,-1.89419,-0.6036819999999999,-1.51499,-1.11248,-0.6036779999999999,1.0
2454054.305158,0.9369,-2.1213,-1.89421,-0.603687,-1.51501,-1.11247,-0.603683,1.0
2454054.308058,0.9343,-2.12128,-1.89423,-0.603691,-1.51503,-1.11246,-0.603687,1.0
2454054.311268,0.9631,-2.12126,-1.89426,-0.603696,-1.51506,-1.11245,-0.603692,1.0
2454054.314158,0.9711,-2.12124,-1.89428,-0.603701,-1.51508,-1.11244,-0.603697,1.0
2454054.317068,0.9819,-2.12121,-1.8943,-0.603705,-1.5151,-1.11243,-0.603701,1.0
2454054.319958,0.9738,-2.1211900000000004,-1.89432,-0.6037100000000001,-1.51511,-1.11242,-0.6037060000000001,1.0
2454054.322858,0.991,-2.12117,-1.89434,-0.6037140000000001,-1.51513,-1.11241,-0.6037100000000001,1.0
2454054.325748,0.9901,-2.12115,-1.89436,-0.603719,-1.51515,-1.1124,-0.6037140000000001,1.0
2454054.328638,1.0066,-2.12113,-1.89438,-0.603723,-1.51517,-1.11239,-0.603719,1.0
2454054.331528,1.0076,-2.12111,-1.89441,-0.6037279999999999,-1.51519,-1.11238,-0.603723,1.0
2454054.334748,1.0263,-2.12109,-1.89443,-0.603733,-1.51522,-1.11237,-0.6037279999999999,1.0
2454054.340527,1.057,-2.12105,-1.89447,-0.603742,-1.51526,-1.11236,-0.603737,1.0
2454054.343417,1.0687,-2.12103,-1.89449,-0.603746,-1.51528,-1.11235,-0.603742,1.0
2454054.346317,1.0786,-2.12101,-1.89451,-0.603751,-1.5153,-1.11234,-0.603746,1.0
2454054.349207,1.0846,-2.12099,-1.89453,-0.603755,-1.51532,-1.1123299999999998,-0.603751,1.0
2454054.352087,1.0997,-2.12097,-1.89456,-0.6037600000000001,-1.51534,-1.11232,-0.603755,1.0
2454054.354977,1.1119,-2.12095,-1.89458,-0.6037640000000001,-1.51536,-1.11231,-0.6037600000000001,1.0
2454054.358187,1.1295,-2.12093,-1.8946,-0.603769,-1.51538,-1.1123,-0.603765,1.0
2454054.361067,1.1389,-2.12091,-1.89462,-0.603774,-1.5154,-1.11229,-0.603769,1.0
2454054.363967,1.1232,-2.12089,-1.89464,-0.6037779999999999,-1.51542,-1.11228,-0.603774,1.0
2454054.366857,1.1452,-2.12087,-1.89466,-0.603783,-1.51544,-1.11227,-0.6037779999999999,1.0
2454054.3697470003,1.1536,-2.12085,-1.89468,-0.603787,-1.51546,-1.11226,-0.603783,1.0
2454058.237497,1.0313,-2.09354,-1.9227,-0.6097279999999999,-1.54322,-1.1016,-0.6097229999999999,1.0
2454058.240377,1.0191,-2.0935200000000003,-1.92272,-0.609733,-1.54324,-1.10159,-0.609727,1.0
2454058.243267,0.9904,-2.0935,-1.92274,-0.609737,-1.54326,-1.10158,-0.609731,1.0
2454058.246167,0.9563,-2.09348,-1.92276,-0.609742,-1.54328,-1.10158,-0.609736,1.0
2454058.249057,0.9441,-2.09346,-1.92278,-0.609746,-1.5433,-1.1015700000000002,-0.60974,1.0
2454058.251937,0.938,-2.09344,-1.9228,-0.60975,-1.54332,-1.10156,-0.609745,1.0
2454058.254827,0.9175,-2.09342,-1.92282,-0.609755,-1.54334,-1.10156,-0.609749,1.0
2454058.257716,0.9141,-2.0934,-1.92284,-0.609759,-1.54337,-1.10155,-0.609753,1.0
2454058.260926,0.8909,-2.09338,-1.92287,-0.6097640000000001,-1.54339,-1.10154,-0.609758,1.0
2454058.263816,0.8802,-2.09336,-1.92289,-0.609768,-1.54341,-1.10153,-0.609763,1.0
2454058.266696,0.8484,-2.09334,-1.92291,-0.609773,-1.54343,-1.10153,-0.6097670000000001,1.0
2454058.269576,0.8602,-2.0933200000000003,-1.92293,-0.609777,-1.54346,-1.10152,-0.609771,1.0
2454058.272456,0.8666,-2.0933,-1.92295,-0.6097819999999999,-1.54348,-1.10151,-0.609776,1.0
2454058.2753560003,0.8794,-2.09328,-1.92297,-0.6097859999999999,-1.5435,-1.10151,-0.60978,1.0
2454058.278256,0.8738,-2.09325,-1.92299,-0.6097899999999999,-1.54352,-1.1015,-0.609785,1.0
2454058.281156,0.8835,-2.09323,-1.92301,-0.609795,-1.54354,-1.10149,-0.609789,1.0
2454058.284366,0.8859,-2.09321,-1.92304,-0.6098,-1.54357,-1.10149,-0.609794,1.0
2454058.287256,0.8868,-2.0931900000000003,-1.92306,-0.609804,-1.54359,-1.10148,-0.609798,1.0
2454058.290146,0.8868,-2.09317,-1.92308,-0.609809,-1.54361,-1.1014700000000002,-0.609803,1.0
2454058.293035,0.8983,-2.09315,-1.9231,-0.609813,-1.5436299999999998,-1.1014700000000002,-0.609807,1.0
2454058.295915,0.9116,-2.09313,-1.92312,-0.609817,-1.54365,-1.10146,-0.609811,1.0
2454058.298805,0.92,-2.09311,-1.92314,-0.609822,-1.54367,-1.10145,-0.609816,1.0
2454058.301695,0.92,-2.09309,-1.92316,-0.609826,-1.5437,-1.10145,-0.60982,1.0
2454058.304575,0.926,-2.09307,-1.92318,-0.60983,-1.54372,-1.10144,-0.609825,1.0
2454058.3077950003,0.9397,-2.09304,-1.9232,-0.609835,-1.54374,-1.10143,-0.60983,1.0
2454058.310675,0.9519,-2.09302,-1.92322,-0.6098399999999999,-1.54376,-1.10143,-0.609834,1.0
2454058.313565,0.9723,-2.093,-1.92325,-0.6098439999999999,-1.54378,-1.10142,-0.609838,1.0
2454058.316455,0.9768,-2.09298,-1.92327,-0.609849,-1.54381,-1.10141,-0.609843,1.0
2454058.319355,0.9877,-2.09296,-1.92329,-0.609853,-1.54383,-1.10141,-0.609847,1.0
2454058.322255,0.9822,-2.09294,-1.92331,-0.609857,-1.54385,-1.1014,-0.6098520000000001,1.0
2454058.325155,1.0005,-2.09292,-1.92333,-0.609862,-1.54387,-1.10139,-0.6098560000000001,1.0
2454058.328044,1.0247,-2.0929,-1.92335,-0.609866,-1.54389,-1.10139,-0.6098600000000001,1.0
2454058.331274,1.0172,-2.09288,-1.92337,-0.609871,-1.5439200000000002,-1.10138,-0.609865,1.0
2454058.334164,1.0266,-2.09286,-1.92339,-0.609875,-1.54394,-1.1013700000000002,-0.60987,1.0
2454058.337054,1.0563,-2.0928400000000003,-1.92341,-0.60988,-1.54396,-1.1013700000000002,-0.609874,1.0
2454058.342844,1.038,-2.0928,-1.92346,-0.609889,-1.544,-1.10135,-0.609883,1.0
2454058.345734,1.0671,-2.09277,-1.92348,-0.609893,-1.5440200000000002,-1.10135,-0.609887,1.0
2454058.3486240003,1.1309,-2.09275,-1.9235,-0.609897,-1.54405,-1.10134,-0.609892,1.0
2454058.354724,1.098,-2.09271,-1.92354,-0.609907,-1.54409,-1.10133,-0.609901,1.0
2454058.357614,1.1371,-2.09269,-1.92356,-0.609911,-1.54411,-1.10132,-0.609905,1.0
2454058.3605130003,1.1319,-2.09267,-1.92358,-0.609916,-1.54414,-1.10131,-0.6099100000000001,1.0
2454058.363403,1.1195,-2.09265,-1.9236,-0.60992,-1.54416,-1.10131,-0.6099140000000001,1.0
2454058.366303,1.1215,-2.09263,-1.92363,-0.609924,-1.54418,-1.1013,-0.609919,1.0
2454058.369203,1.1498,-2.09261,-1.92365,-0.6099289999999999,-1.5442,-1.10129,-0.609923,1.0
2454058.372103,1.1583,-2.09259,-1.92367,-0.609933,-1.54422,-1.10129,-0.609927,1.0
2454058.375003,1.1615,-2.0925700000000003,-1.92369,-0.609938,-1.54424,-1.10128,-0.6099319999999999,1.0
2454058.378223,1.1668,-2.09254,-1.92371,-0.609943,-1.54427,-1.10127,-0.609937,1.0
2454058.381103,1.1583,-2.09252,-1.92373,-0.609947,-1.54429,-1.10126,-0.609941,1.0
2454058.3839930003,1.1722,-2.0925,-1.92375,-0.609951,-1.54431,-1.10126,-0.609945,1.0
2454058.3868830004,1.1561,-2.09248,-1.92377,-0.609956,-1.54433,-1.10125,-0.60995,1.0
2454058.389773,1.1679,-2.09246,-1.92379,-0.6099600000000001,-1.54435,-1.10124,-0.609954,1.0
2452721.299429,0.9816,2.66246,-1.36876,-0.222666,1.66639,-1.39881,-0.222697,1.0
2452721.306738,0.9843,2.6625,-1.36869,-0.222648,1.66643,-1.39888,-0.222679,1.0
2452721.314198,0.9771,2.66253,-1.36863,-0.22263,1.66647,-1.39895,-0.22266100000000005,1.0
2452721.323227,0.9825,2.66257,-1.36856,-0.222608,1.66651,-1.39903,-0.222639,1.0
2452721.332097,0.9771,2.66262,-1.36848,-0.222587,1.6665599999999998,-1.39911,-0.222617,1.0
2452721.340966,0.9861,2.66266,-1.36841,-0.222565,1.6666,-1.39919,-0.222596,1.0
2452721.3481860003,1.0026,2.66269,-1.36835,-0.222548,1.66664,-1.39925,-0.22257800000000005,1.0
2452721.355576,1.0072,2.66273,-1.36829,-0.22253,1.66668,-1.39932,-0.22256,1.0
2452721.362955,1.0082,2.66277,-1.3682299999999998,-0.222512,1.66671,-1.3993799999999998,-0.222543,1.0
2452721.370175,1.0035,2.6628,-1.36817,-0.222494,1.66675,-1.39945,-0.222525,1.0
2452721.377555,1.0119,2.66283,-1.3681,-0.222477,1.6667900000000002,-1.39951,-0.222507,1.0
2452721.384934,1.01,2.6628700000000003,-1.36804,-0.222459,1.66682,-1.3995799999999998,-0.222489,1.0
2452721.392154,1.0128,2.6629,-1.36798,-0.222441,1.6668599999999998,-1.39964,-0.222472,1.0
2452721.399543,1.0203,2.6629400000000003,-1.36792,-0.222423,1.6669,-1.39971,-0.222454,1.0
2452721.406923,1.011,2.66298,-1.36786,-0.222405,1.66693,-1.3997700000000002,-0.222436,1.0
2452721.414153,1.0138,2.66301,-1.3678,-0.222388,1.66697,-1.39984,-0.222418,1.0
2452721.421512,1.0213,2.66305,-1.36774,-0.22237,1.66701,-1.3999,-0.222401,1.0
2452721.429022,1.0082,2.66308,-1.36768,-0.222352,1.66705,-1.3999700000000002,-0.222382,1.0
2452721.436241,1.0017,2.66312,-1.36761,-0.222334,1.66708,-1.40004,-0.222365,1.0
2452721.443551,0.987,2.66315,-1.36755,-0.222317,1.6671200000000002,-1.4001,-0.222347,1.0
2452721.451021,0.9655,2.66319,-1.36749,-0.222298,1.6671599999999998,-1.40017,-0.222329,1.0
2452721.45823,0.9593,2.66322,-1.36743,-0.222281,1.6671900000000002,-1.40023,-0.222312,1.0
2452721.46554,0.9426,2.66326,-1.36737,-0.222263,1.66723,-1.4003,-0.222294,1.0
2452721.472999,0.9348,2.66329,-1.36731,-0.222245,1.66727,-1.40036,-0.22227600000000006,1.0
2452721.480219,0.9444,2.66333,-1.36725,-0.222228,1.6673099999999998,-1.4004299999999998,-0.222258,1.0
2452721.487519,0.9531,2.66336,-1.36719,-0.22221,1.66734,-1.40049,-0.22224,1.0
2452721.494948,0.9601,2.6634,-1.36713,-0.222192,1.66738,-1.40056,-0.222222,1.0
2452721.502168,0.9717,2.66343,-1.36707,-0.222174,1.66742,-1.40062,-0.222205,1.0
2452721.509467,0.9861,2.66347,-1.367,-0.222157,1.66745,-1.40069,-0.222187,1.0
2452721.516907,0.9989,2.6635,-1.36694,-0.222139,1.66749,-1.40076,-0.222169,1.0
2452721.524127,1.0156,2.66354,-1.36688,-0.222121,1.66753,-1.4008200000000002,-0.222152,1.0
2452721.531426,1.0231,2.66357,-1.36682,-0.222103,1.66757,-1.40088,-0.22213400000000005,1.0
2452721.538886,1.0374,2.66361,-1.36676,-0.222085,1.6676,-1.40095,-0.222116,1.0
2452721.546105,1.0345,2.66364,-1.3667,-0.222068,1.6676400000000002,-1.4010200000000002,-0.222098,1.0
2452721.553415,1.0383,2.66368,-1.36664,-0.22205,1.6676799999999998,-1.40108,-0.222081,1.0
2452721.560875,1.0499,2.66371,-1.36658,-0.222032,1.6677099999999998,-1.40115,-0.222063,1.0
2452721.568094,1.0393,2.66375,-1.3665200000000002,-0.222015,1.66775,-1.40121,-0.222045,1.0
2452721.575404,1.0431,2.66378,-1.36645,-0.221997,1.66779,-1.40128,-0.222027,1.0
2452721.582863,1.0393,2.66382,-1.36639,-0.221979,1.66783,-1.40134,-0.222009,1.0
2452721.5900830003,1.0279,2.66385,-1.3663299999999998,-0.221961,1.66786,-1.40141,-0.221992,1.0
2452721.597383,1.0269,2.6638900000000003,-1.36627,-0.221944,1.6679,-1.40147,-0.221974,1.0
2452721.605752,0.9999,2.66393,-1.3662,-0.221923,1.6679400000000002,-1.40155,-0.221954,1.0
2452720.441804,1.029,2.65834,-1.3759,-0.224744,1.66218,-1.39115,-0.22477600000000006,1.0
2452720.448684,1.0215,2.65837,-1.37584,-0.224728,1.66222,-1.39121,-0.224759,1.0
2452720.455234,1.0205,2.65841,-1.37579,-0.224712,1.66225,-1.39127,-0.224743,1.0
2452720.4619830004,1.0112,2.65844,-1.37573,-0.224695,1.66228,-1.39133,-0.224727,1.0
2452720.469233,1.0075,2.65847,-1.3756700000000002,-0.224678,1.66232,-1.3914,-0.224709,1.0
2452720.4765520003,0.9992,2.65851,-1.37561,-0.22466,1.66235,-1.39146,-0.224691,1.0
2452720.485132,0.9918,2.65855,-1.37554,-0.224639,1.6623900000000005,-1.39154,-0.224671,1.0
2452720.492802,1.0028,2.65859,-1.37547,-0.224621,1.66243,-1.39161,-0.224652,1.0
2452720.500021,0.9918,2.65862,-1.37541,-0.224603,1.6624599999999998,-1.39167,-0.224635,1.0
2452720.507241,0.9964,2.65866,-1.37535,-0.224586,1.6625,-1.39174,-0.224617,1.0
2452720.51437,0.9936,2.65869,-1.37529,-0.224569,1.6625299999999998,-1.3918,-0.2246,1.0
2452720.5225,0.9891,2.65873,-1.37523,-0.224549,1.66257,-1.3918700000000002,-0.22458000000000006,1.0
2452720.52947,0.9836,2.65876,-1.37517,-0.224532,1.66261,-1.39194,-0.224563,1.0
2452720.536519,0.9773,2.6588,-1.37511,-0.224515,1.66264,-1.392,-0.224546,1.0
2452720.543009,0.9845,2.65883,-1.37506,-0.224499,1.66267,-1.39206,-0.22453,1.0
2452721.299859,1.0055,2.66246,-1.36875,-0.222665,1.66639,-1.3988200000000002,-0.222696,1.0
2452721.314528,0.999,2.66253,-1.36863,-0.222629,1.66647,-1.39895,-0.22266,1.0
2452721.329217,1.0083,2.6626,-1.36851,-0.222594,1.66654,-1.39908,-0.222624,1.0
2452721.342946,1.012,2.66267,-1.36839,-0.22256,1.66661,-1.3992,-0.222591,1.0
2452721.358016,1.0299,2.6627400000000003,-1.36827,-0.222524,1.6666900000000002,-1.39934,-0.22255500000000006,1.0
2452721.376575,1.0101,2.66283,-1.36811,-0.222479,1.66678,-1.3995,-0.22251,1.0
2452721.390994,1.0083,2.6629,-1.36799,-0.222444,1.66685,-1.39963,-0.222475,1.0
2452721.406163,1.0083,2.66297,-1.36787,-0.222407,1.66693,-1.3997700000000002,-0.222438,1.0
2452721.420832,1.0129,2.66304,-1.36774,-0.222372,1.6669999999999998,-1.3999,-0.222402,1.0
2452721.435841,0.9781,2.66311,-1.36762,-0.222335,1.66708,-1.40003,-0.222366,1.0
2452721.450421,0.9727,2.66318,-1.3675,-0.2223,1.66715,-1.40016,-0.22233000000000006,1.0
2452721.46149,0.9549,2.66324,-1.3674,-0.222273,1.66721,-1.40026,-0.222304,1.0
2452722.358101,1.0158,2.66752,-1.35992,-0.220098,1.67186,-1.40825,-0.220128,1.0
2452722.3769400003,1.0261,2.66761,-1.35977,-0.220052,1.67196,-1.40842,-0.22008200000000006,1.0
2452722.403739,0.9854,2.66773,-1.35954,-0.219987,1.6721,-1.40866,-0.220017,1.0
2452722.419228,0.9973,2.66781,-1.35941,-0.21995,1.67218,-1.40879,-0.219979,1.0
2452722.435737,1.0,2.6678900000000003,-1.3592799999999998,-0.219909,1.67227,-1.40894,-0.219939,1.0
2452722.452966,1.0009,2.66797,-1.35913,-0.219868,1.6723599999999998,-1.40909,-0.219898,1.0
2452722.473535,0.9945,2.66807,-1.35896,-0.219818,1.67247,-1.40928,-0.219848,1.0
2452722.487944,1.0009,2.66813,-1.35884,-0.219783,1.67255,-1.40941,-0.219813,1.0
2452722.502963,0.9899,2.66821,-1.35871,-0.219746,1.6726299999999998,-1.40954,-0.21977600000000005,1.0
2452722.517473,1.0,2.66828,-1.35859,-0.219711,1.67271,-1.40967,-0.219741,1.0
2452722.528302,0.989,2.66833,-1.3585,-0.219685,1.67277,-1.40976,-0.219715,1.0
2452721.369185,1.0081,2.66279,-1.36817,-0.222497,1.66674,-1.39944,-0.222527,1.0
2452721.371545,0.9979,2.66281,-1.36815,-0.222491,1.6667599999999998,-1.39946,-0.222522,1.0
2452721.373935,1.0053,2.66282,-1.3681299999999998,-0.222485,1.66677,-1.3994799999999998,-0.222516,1.0
2452721.376325,0.9906,2.66283,-1.36811,-0.22248,1.66678,-1.3995,-0.22251,1.0
2452721.378684,0.9897,2.66284,-1.36809,-0.222474,1.6667900000000002,-1.39952,-0.222504,1.0
2452721.381784,0.9952,2.66286,-1.36807,-0.222466,1.66681,-1.39955,-0.222497,1.0
2452721.384164,0.9979,2.6628700000000003,-1.36805,-0.222461,1.66682,-1.39957,-0.222491,1.0
2452721.386524,1.0072,2.66288,-1.36803,-0.222455,1.66683,-1.39959,-0.222485,1.0
2452721.388904,0.997,2.66289,-1.36801,-0.222449,1.66684,-1.39961,-0.22248,1.0
2452721.391944,0.9933,2.6629,-1.36798,-0.222442,1.6668599999999998,-1.39964,-0.222472,1.0
2452721.394314,1.0183,2.66292,-1.36796,-0.222436,1.66687,-1.39966,-0.222467,1.0
2452721.396674,0.9998,2.66293,-1.36794,-0.22243,1.66688,-1.39968,-0.222461,1.0
2452721.399053,1.0109,2.6629400000000003,-1.36792,-0.222424,1.6668900000000002,-1.3997,-0.222455,1.0
2452721.401403,1.0127,2.66295,-1.36791,-0.222419,1.66691,-1.39972,-0.222449,1.0
2452721.404473,0.9961,2.66296,-1.36788,-0.22241100000000005,1.6669200000000002,-1.39975,-0.222442,1.0
2452721.406873,0.9979,2.66298,-1.36786,-0.222405,1.66693,-1.3997700000000002,-0.222436,1.0
2452721.409263,1.0127,2.66299,-1.36784,-0.2224,1.66695,-1.39979,-0.22243,1.0
2452721.411593,0.997,2.6630000000000003,-1.36782,-0.222394,1.6669599999999998,-1.39982,-0.222425,1.0
2452721.413973,0.9961,2.66301,-1.3678,-0.222388,1.66697,-1.39984,-0.222419,1.0
2452721.4163220003,0.9897,2.66302,-1.36778,-0.222383,1.66698,-1.39986,-0.222413,1.0
2452721.418692,0.9933,2.66303,-1.36776,-0.222377,1.6669900000000002,-1.39988,-0.222407,1.0
2452721.421042,0.9933,2.66304,-1.36774,-0.222371,1.66701,-1.3999,-0.222402,1.0
2452724.366789,0.9805,2.67702,-1.34312,-0.215218,1.6830599999999998,-1.42606,-0.215247,1.0
2452724.380568,0.995,2.67709,-1.34301,-0.215184,1.68314,-1.42618,-0.215213,1.0
2452724.395217,1.0201,2.67715,-1.34288,-0.215149,1.6832200000000002,-1.42631,-0.215178,1.0
2452724.404227,1.0248,2.6772,-1.34281,-0.215127,1.68328,-1.42639,-0.215156,1.0
2452724.413596,1.0238,2.6772400000000003,-1.34273,-0.215104,1.68333,-1.42648,-0.215133,1.0
2452724.424696,1.0126,2.67729,-1.34264,-0.215077,1.6834,-1.42657,-0.215106,1.0
2452724.433995,0.9978,2.67734,-1.34256,-0.215054,1.68345,-1.42666,-0.215083,1.0
2452724.443424,1.0352,2.67738,-1.34248,-0.21503200000000006,1.6835099999999998,-1.42674,-0.21506,1.0
2452724.452754,1.0117,2.67743,-1.3424,-0.215009,1.68356,-1.42682,-0.215038,1.0
2452724.462753,1.022,2.67747,-1.3423200000000002,-0.214985,1.68362,-1.42691,-0.215013,1.0
2452724.473623,0.9823,2.67752,-1.34223,-0.214958,1.6836799999999998,-1.42701,-0.214987,1.0
2452724.483442,0.9697,2.67757,-1.34214,-0.214934,1.6837400000000002,-1.42709,-0.214963,1.0
2452724.492862,0.9832,2.67761,-1.34206,-0.214911,1.6838,-1.42718,-0.21494,1.0
2452724.503151,0.9415,2.67766,-1.34198,-0.214886,1.68386,-1.42727,-0.214915,1.0
2452722.38611,0.9738,2.66765,-1.35969,-0.22003000000000006,1.6720099999999998,-1.4085,-0.22006,1.0
2452722.408788,0.9685,2.66776,-1.3595,-0.219975,1.67213,-1.4087,-0.220005,1.0
2452722.420018,0.9711,2.66781,-1.35941,-0.219948,1.67219,-1.4088,-0.219978,1.0
2452722.431547,0.9747,2.66787,-1.35931,-0.21992,1.67225,-1.4089,-0.21995,1.0
2452722.442747,0.9874,2.66792,-1.35922,-0.219892,1.67231,-1.409,-0.219922,1.0
2452722.458026,0.9765,2.66799,-1.35909,-0.219855,1.67239,-1.40914,-0.219885,1.0
2452722.469345,0.9856,2.66805,-1.35899,-0.219828,1.67245,-1.40924,-0.219858,1.0
2452722.480835,0.9993,2.6681,-1.3589,-0.2198,1.67251,-1.40934,-0.21983000000000005,1.0
2452722.492154,1.003,2.66816,-1.3588,-0.219773,1.67257,-1.40944,-0.219802,1.0
2452722.503573,1.0011,2.66821,-1.35871,-0.219745,1.6726299999999998,-1.40954,-0.219775,1.0
2452722.5148830004,1.0094,2.66826,-1.35861,-0.219717,1.6727,-1.40964,-0.219747,1.0
2452722.526262,1.0235,2.66832,-1.3585200000000002,-0.21969,1.6727599999999998,-1.40975,-0.21972,1.0
2452722.537601,1.0358,2.66837,-1.3584200000000002,-0.219662,1.67282,-1.40985,-0.219692,1.0
2452722.549041,1.0339,2.66843,-1.35833,-0.219634,1.67288,-1.40995,-0.219664,1.0
2452722.56035,1.0387,2.66848,-1.3582299999999998,-0.219607,1.67294,-1.41005,-0.219637,1.0
2452722.57181,1.0254,2.66853,-1.35814,-0.219579,1.673,-1.41015,-0.21960900000000005,1.0
2452722.583119,1.0104,2.66859,-1.35804,-0.219552,1.6730599999999998,-1.41025,-0.21958200000000005,1.0
2452722.5926880003,0.9819,2.66863,-1.35796,-0.21952800000000006,1.67311,-1.41034,-0.219558,1.0
2452730.340679,1.0227,2.70459,-1.2928,-0.200649,1.72273,-1.47797,-0.200678,1.0
2452730.358538,1.0058,2.70467,-1.29265,-0.200606,1.7228599999999998,-1.47812,-0.200634,1.0
2452730.376317,0.9875,2.70475,-1.2925,-0.200562,1.723,-1.47827,-0.200591,1.0
2452730.394066,0.9866,2.70483,-1.29235,-0.200519,1.7231299999999998,-1.47843,-0.200547,1.0
2452730.411925,0.9902,2.70491,-1.2922,-0.200475,1.7232599999999998,-1.47858,-0.200504,1.0
2452730.4297240004,0.9966,2.70499,-1.29205,-0.200432,1.7233900000000002,-1.47873,-0.20046,1.0
2452730.447613,0.9875,2.70507,-1.2919,-0.200388,1.72353,-1.47888,-0.200416,1.0
2452730.465451,0.9966,2.70515,-1.29175,-0.200344,1.7236599999999995,-1.4790299999999998,-0.200373,1.0
2452730.4833400003,1.0114,2.70523,-1.2916,-0.2003,1.7237900000000002,-1.47919,-0.200329,1.0
2452730.5007990003,1.0151,2.70531,-1.29145,-0.200258,1.72392,-1.47933,-0.200286,1.0
2452736.3684630003,1.0343,2.7313400000000003,-1.2415200000000002,-0.18587,1.77227,-1.52785,-0.185902,1.0
2452736.393261,1.0277,2.73144,-1.24131,-0.185809,1.77249,-1.52805,-0.185841,1.0
2452736.4180400004,1.0362,2.73155,-1.2411,-0.185748,1.77272,-1.52825,-0.18578,1.0
2452736.442788,0.9988,2.73166,-1.24089,-0.185687,1.7729400000000002,-1.52845,-0.185719,1.0
2452736.4675060003,0.9778,2.73177,-1.24068,-0.185627,1.7731599999999998,-1.52865,-0.185658,1.0
2452736.490955,0.9969,2.73187,-1.24048,-0.185569,1.77337,-1.52883,-0.185601,1.0
2452736.511583,0.9923,2.73196,-1.2403,-0.185518,1.7735599999999998,-1.529,-0.18555,1.0
2452736.530802,0.9769,2.73204,-1.24014,-0.185471,1.77373,-1.52915,-0.185503,1.0
2452736.547301,0.9842,2.73211,-1.23999,-0.18543,1.77388,-1.52928,-0.185462,1.0
2452736.56363,0.996,2.73218,-1.23986,-0.18539,1.77403,-1.52941,-0.185422,1.0
2452736.579989,0.9787,2.73225,-1.2397200000000002,-0.18535,1.77418,-1.52955,-0.185382,1.0
2446333.302418,1.02725,-2.86997341,-0.53139165,-0.28194186,-1.86759145,-0.4984085,-0.28193767,1.0
2446333.303518,1.015959,-2.86997106,-0.53140222,-0.28194452,-1.86759003,-0.49840024,-0.28194033,1.0
2446333.305328,1.030093,-2.86996719,-0.53141963,-0.28194888,-1.86758769,-0.49838664,-0.28194469,1.0
2446333.306718,1.057977,-2.86996422,-0.53143299,-0.28195224,-1.8675859,-0.49837619,-0.28194805,1.0
2446333.309128,1.046348,-2.86995907,-0.53145617,-0.28195805,-1.86758279,-0.49835808,-0.28195386,1.0
2446333.310528,1.013156,-2.86995608,-0.53146963,-0.28196143,-1.86758098,-0.49834756,-0.28195724,1.0
2446333.3127180003,0.9873618,-2.8699514,-0.53149068,-0.28196672,-1.86757816,-0.4983311,-0.28196252,1.0
2446333.314018,0.9928332,-2.86994862,-0.53150318,-0.28196986,-1.86757648,-0.49832134,-0.28196566,1.0
2446333.317228,0.9756101,-2.86994175,-0.53153405,-0.2819776,-1.86757235,-0.49829721,-0.28197340000000004,1.0
2446333.318519,0.9648866,-2.869939,-0.53154645,-0.28198072,-1.86757069,-0.49828752,-0.28197652,1.0
2446333.321219,0.9604534,-2.86993323,-0.53157241,-0.28198723,-1.86756721,-0.49826723,-0.28198303,1.0
2446333.322119,0.9525248,-2.8699313,-0.53158107,-0.2819894,-1.86756606,-0.49826047,-0.28198520000000005,1.0
2446333.323929,0.9351393,-2.86992743,-0.53159847,-0.28199377,-1.86756373,-0.49824687,-0.28198957,1.0
2446333.325419,0.9325589,-2.86992425,-0.5316128000000001,-0.28199737,-1.86756181,-0.49823567,-0.28199316,1.0
2446333.327829,0.9308427,-2.86991909,-0.53163597,-0.28200318,-1.86755871,-0.49821756,-0.28199898,1.0
2446333.355829,0.9071441,-2.86985922,-0.53190519,-0.28207076,-1.86752284,-0.49800716,-0.28206653,1.0
2446333.356929,0.9004846,-2.86985686,-0.53191576,-0.28207341,-1.86752144,-0.49799889,-0.28206918,1.0
2446333.358929,0.873527,-2.86985258,-0.53193499,-0.28207824,-1.86751888,-0.49798387,-0.282074,1.0
2446333.359939,0.893874,-2.86985042,-0.53194471,-0.28208067,-1.86751759,-0.49797628,-0.28207644,1.0
2446333.361319,0.9231585,-2.86984747,-0.53195797,-0.282084,-1.86751583,-0.49796591,-0.28207977,1.0
2446333.40393,1.008501,-2.86975629,-0.53236766,-0.28218683,-1.86746169,-0.49764573,-0.28218256,1.0
2446333.40613,1.011291,-2.86975158,-0.53238881,-0.28219214,-1.86745891,-0.4976292000000001,-0.28218787,1.0
2446333.40941,1.031042,-2.86974456,-0.53242034,-0.28220005,-1.86745476,-0.49760455,-0.28219578,1.0
2446333.41132,1.054087,-2.86974047,-0.53243871,-0.28220466,-1.86745235,-0.4975902,-0.28220039,1.0
2446333.41313,1.057003,-2.8697366,-0.53245611,-0.28220903,-1.86745006,-0.4975766,-0.28220475,1.0
2446333.43333,1.106818,-2.86969334,-0.53265032,-0.28225777,-1.86742461,-0.49742481,-0.28225348,1.0
2446333.43432,1.099705,-2.86969122,-0.53265984,-0.28226016,-1.86742337,-0.49741738,-0.28225587,1.0
2446333.43602,1.093645,-2.86968758,-0.53267619,-0.28226426,-1.86742123,-0.4974045999999999,-0.28225997,1.0
2446333.43712,1.102748,-2.86968523,-0.53268676,-0.28226692,-1.86741985,-0.49739634,-0.28226262,1.0
2446333.43893,1.113977,-2.86968135,-0.53270416,-0.28227128,-1.86741757,-0.49738274,-0.28226699,1.0
2446334.377135,1.095892,-2.86765715,-0.54172145,-0.28453362,-1.86635382,-0.49033569,-0.28452856,1.0
2446334.378835,1.0999370000000002,-2.86765345,-0.54173779,-0.28453772,-1.86635211,-0.49032292,-0.28453265,1.0
2446334.379745,1.101965,-2.86765147,-0.54174653,-0.28453991,-1.86635119,-0.49031609,-0.28453485,1.0
2446334.383025,1.105014,-2.86764434,-0.54177805,-0.28454782,-1.86634787,-0.49029146,-0.28454275,1.0
2446334.384635,1.114212,-2.86764084,-0.54179351,-0.28455169,-1.86634624,-0.49027938,-0.28454663,1.0
2446334.3864450003,1.124521,-2.86763691,-0.54181091,-0.28455606,-1.86634442,-0.49026579,-0.28455099,1.0
2446334.3886450003,1.119355,-2.86763213,-0.54183204,-0.28456136,-1.8663422,-0.49024927,-0.28455629,1.0
2446334.390255,1.112161,-2.86762863,-0.54184751,-0.28456524,-1.86634057,-0.49023718,-0.28456016,1.0
2446334.391645,1.115238,-2.86762561,-0.54186087,-0.28456859,-1.86633917,-0.49022675,-0.28456351,1.0
2446334.393235,1.117294,-2.86762215,-0.54187615,-0.28457242,-1.86633757,-0.49021481,-0.28456734,1.0
2446334.438346,1.074899,-2.86752405,-0.54230957,-0.28468112,-1.86629238,-0.48987614,-0.28467601,1.0
2446334.439246,1.059175,-2.86752209,-0.54231822,-0.28468329,-1.86629149,-0.48986938,-0.28467817,1.0
2446334.441236,1.039843,-2.86751776,-0.54233734,-0.28468808,-1.86628951,-0.48985444,-0.28468297,1.0
2446334.4438360003,1.103996,-2.86751211,-0.54236232,-0.28469435,-1.86628692,-0.48983492,-0.28468923,1.0
2446334.448436,1.065044,-2.8675021000000003,-0.54240651,-0.28470543,-1.86628235,-0.48980039,-0.28470031,1.0
2446334.450546,1.014303,-2.86749751,-0.54242678,-0.28471052,-1.86628026,-0.48978455,-0.28470539,1.0
2446334.452646,1.012436,-2.86749294,-0.54244696,-0.28471558,-1.86627817,-0.48976878,-0.28471045,1.0
2446334.458436,0.9803195,-2.86748034,-0.54250259,-0.28472953,-1.86627243,-0.48972532,-0.2847244,1.0
2446334.460736,0.9588875,-2.86747534,-0.54252469,-0.28473507,-1.86627015,-0.48970805,-0.28472994,1.0
2446334.464426,0.9422533,-2.86746731,-0.54256014,-0.28474396,-1.8662665,-0.48968035,-0.28473883,1.0
2446334.466236,0.9413859,-2.86746337,-0.54257753,-0.28474832,-1.86626471,-0.48966676,-0.28474319,1.0
2446334.468526,0.9571227,-2.86745838,-0.54259953,-0.28475384,-1.86626245,-0.48964957,-0.2847487,1.0
2446334.470736,0.9571227,-2.86745357,-0.54262077,-0.28475917,-1.86626027,-0.48963298,-0.28475403,1.0
2446334.473836,0.9396533,-2.86744683,-0.54265055,-0.28476663,-1.86625721,-0.48960971,-0.28476149,1.0
2446334.475546,0.9318964,-2.8674431,-0.54266698,-0.28477075,-1.86625552,-0.48959687,-0.28476561,1.0
2446334.477626,0.9132036,-2.86743858,-0.54268696,-0.28477577,-1.86625347,-0.48958126,-0.28477062,1.0
2446334.480046,0.9233527,-2.86743331,-0.54271021,-0.2847816,-1.86625109,-0.48956309,-0.28477645,1.0
2446334.4828560003,0.9259076,-2.86742719,-0.54273721,-0.28478837,-1.86624832,-0.48954199,-0.28478322,1.0
2446334.485436,0.9056652,-2.86742157,-0.542762,-0.28479458,-1.86624578,-0.48952263,-0.28478943,1.0
2446334.488146,0.9259076,-2.86741567,-0.54278804,-0.28480111,-1.86624312,-0.48950228,-0.28479596,1.0
2446334.490346,0.9318964,-2.86741088,-0.54280917,-0.28480641,-1.86624096,-0.48948577,-0.28480126,1.0
2446334.492336,0.9259076,-2.86740655,-0.54282829,-0.28481121,-1.866239,-0.48947083,-0.28480605,1.0
2446334.495236,0.907335,-2.86740024,-0.54285615,-0.2848182,-1.86623615,-0.48944906,-0.28481304,1.0
2446334.497736,0.8842349,-2.86739479,-0.54288017,-0.28482422,-1.8662337,-0.48943029,-0.28481906,1.0
2446334.501746,0.9353361,-2.86738606,-0.5429187,-0.28483388,-1.86622977,-0.48940019,-0.28482872,1.0
2446334.502937,0.9606555,-2.86738347,-0.54293013,-0.28483675,-1.86622861,-0.48939125,-0.28483158,1.0
2446334.509237,0.9588875,-2.86736975,-0.54299066,-0.28485193,-1.86622245,-0.48934396,-0.28484676,1.0
2446334.512537,0.9327551,-2.86736257,-0.54302237,-0.28485988,-1.86621922,-0.48931919,-0.28485471,1.0
2446334.514317,0.945731,-2.86735869,-0.54303947,-0.28486417,-1.86621748,-0.48930583,-0.28485899,1.0
2446334.516747,0.9553613,-2.8673534,-0.54306281,-0.28487002,-1.86621511,-0.48928759,-0.28486485,1.0
2446334.519237,0.9839378,-2.86734797,-0.54308674,-0.28487602,-1.86621269,-0.48926889,-0.28487084,1.0
2446335.300747,0.9687277,-2.86563548,-0.55059301,-0.2867579,-1.86553039,-0.48340567,-0.28675208,1.0
2446335.301757,0.9749936,-2.86563325,-0.55060271,-0.28676033,-1.86552961,-0.48339809,-0.28675451,1.0
2446335.305287,0.9528,-2.86562547,-0.55063661,-0.28676883,-1.86552689,-0.48337162,-0.28676301,1.0
2446335.308447,0.9776913,-2.8656185,-0.55066696,-0.28677643,-1.86552446,-0.48334793,-0.28677061,1.0
2446335.310787,1.03229,-2.86561334,-0.55068944,-0.28678206,-1.86552266,-0.48333038,-0.28677624,1.0
2446335.340048,1.107138,-2.86554881,-0.55097044,-0.28685249,-1.86550027,-0.48311098,-0.28684664,1.0
2446335.3416580004,1.088934,-2.86554526,-0.5509859,-0.28685637,-1.86549905,-0.48309891,-0.28685052,1.0
2446335.343428,1.08493,-2.86554135,-0.5510029000000001,-0.28686063,-1.8654977,-0.48308563,-0.28685478,1.0
2446335.345348,1.078951,-2.86553712,-0.55102134,-0.28686525,-1.86549624,-0.48307124,-0.28685939,1.0
2446335.3472080003,1.074983,-2.86553301,-0.5510392,-0.28686972,-1.86549483,-0.48305729,-0.28686387,1.0
2446335.350118,1.100023,-2.86552659,-0.55106715,-0.28687673,-1.86549262,-0.48303547,-0.28687087,1.0
2446335.352248,1.103067,-2.86552189,-0.5510876,-0.28688185,-1.86549101,-0.4830195,-0.286876,1.0
2446335.355098,1.090942,-2.8655156,-0.55111497,-0.28688871,-1.86548885,-0.48299813,-0.28688285,1.0
2446335.356878,1.08493,-2.86551167,-0.55113207,-0.286893,-1.8654875,-0.48298479,-0.28688714,1.0
2446335.363938,1.092954,-2.8654961,-0.55119987,-0.28690999,-1.86548216,-0.48293185,-0.28690412,1.0
2446335.365448,1.110201,-2.86549276,-0.55121437,-0.28691362,-1.86548102,-0.48292053,-0.28690776,1.0
2446335.368168,1.119442,-2.86548676,-0.55124049,-0.28692017,-1.86547897,-0.48290013,-0.2869143,1.0
2446335.399139,0.9510465,-2.86541839,-0.5515379,-0.28699471,-1.86545575,-0.48266793,-0.28698881,1.0
2446335.400059,0.95808,-2.86541636,-0.55154674,-0.28699692,-1.86545506,-0.48266104,-0.28699102,1.0
2446335.401759,0.9545568,-2.86541261,-0.55156306,-0.28700101,-1.86545379,-0.48264829,-0.28699511,1.0
2446335.403019,0.9397271,-2.86540982,-0.55157516,-0.28700404,-1.86545285,-0.48263884,-0.28699814,1.0
2446335.404759,0.9354095,-2.86540598,-0.55159187,-0.28700823,-1.86545156,-0.4826258,-0.28700233,1.0
2446335.424259,0.8957808,-2.86536292,-0.55177914,-0.28705516,-1.86543709,-0.4824796,-0.28704924,1.0
2446335.426159,0.8916651,-2.86535872,-0.55179738,-0.28705973,-1.86543569,-0.48246536,-0.28705382,1.0
2446335.428239,0.9040693,-2.86535412,-0.55181736,-0.28706474,-1.86543415,-0.48244976,-0.28705882,1.0
2446335.429979,0.9015748,-2.86535028,-0.55183406,-0.28706893,-1.86543287,-0.48243672,-0.28706301,1.0
2446335.4325490003,0.8778125,-2.8653446,-0.55185874,-0.28707511,-1.86543097,-0.48241745,-0.28706919,1.0
2446335.434529,0.8818643,-2.86534023,-0.55187776,-0.28707988,-1.86542951,-0.48240261,-0.28707395,1.0
2446335.437299,0.8949562,-2.86533411,-0.55190436,-0.28708654,-1.86542747,-0.48238184,-0.28708062,1.0
2446335.439259,0.8834902,-2.86532978,-0.55192318,-0.28709126,-1.86542603,-0.48236715,-0.28708533,1.0
2446335.441159,0.8826769,-2.86532558,-0.55194143,-0.28709583,-1.86542463,-0.4823529,-0.2870899,1.0
2446335.443249,0.8900239999999999,-2.86532096,-0.5519615,-0.28710086,-1.8654231,-0.48233724,-0.28709493,1.0
2446335.445449,0.8949562,-2.8653161,-0.55198262,-0.28710615,-1.86542148,-0.48232074,-0.28710022,1.0
2446335.448159,0.9065708,-2.86531011,-0.55200865,-0.28711268,-1.86541949,-0.48230043,-0.28710674,1.0
2446335.453019,0.9259803,-2.86529937,-0.55205532,-0.28712437,-1.86541593,-0.48226399,-0.28711843,1.0
2446335.455059,0.9379977,-2.86529486,-0.55207491,-0.28712928,-1.86541444,-0.4822487,-0.28712334,1.0
2446335.457259,0.9191825,-2.8652900000000003,-0.55209603,-0.28713458,-1.86541283,-0.48223221,-0.28712863,1.0
2446335.48116,0.9545568,-2.86523717,-0.55232554,-0.28719209,-1.86539544,-0.48205304,-0.28718613,1.0
2446335.48301,0.9633892,-2.86523308,-0.5523433000000001,-0.28719654,-1.8653941000000005,-0.48203918,-0.28719058,1.0
2446335.48536,0.9660548,-2.86522789,-0.55236587,-0.2872022,-1.8653924,-0.48202156,-0.28719623,1.0
2446335.48795,0.9723032,-2.86522216,-0.55239074,-0.28720843,-1.86539053,-0.48200214,-0.28720246,1.0
2446335.48983,0.989468,-2.86521801,-0.55240879,-0.28721295,-1.86538917,-0.48198805,-0.28720698,1.0
2446335.52855,1.069059,-2.86513237,-0.5527806,-0.28730612,-1.8653614,-0.48169781,-0.28730012,1.0
2446335.52954,1.070044,-2.86513018,-0.55279011,-0.28730851,-1.86536069,-0.48169039,-0.2873025,1.0
2446335.53226,1.095978,-2.86512416,-0.55281623,-0.28731505,-1.86535876,-0.48167,-0.28730905,1.0
2446335.53515,1.107138,-2.86511776,-0.55284398,-0.28732201,-1.8653567,-0.48164834,-0.287316,1.0
2446335.53745,1.110201,-2.86511267,-0.55286606,-0.28732754,-1.86535507,-0.4816311,-0.28732153,1.0
2446335.54016,1.121506,-2.86510668,-0.55289208,-0.28733406,-1.86535315,-0.48161079,-0.28732805,1.0
2446335.54204,1.117382,-2.86510252,-0.55291014,-0.28733858,-1.86535182,-0.4815967,-0.28733257,1.0
2446335.575201,1.073005,-2.86502912,-0.55322854,-0.28741837,-1.86532846,-0.48134816,-0.28741233,1.0
2446335.5766310003,1.061211,-2.86502595,-0.55324227,-0.28742181,-1.86532746,-0.48133744,-0.28741577,1.0
2446335.578551,1.058283,-2.8650217,-0.55326071,-0.28742643,-1.86532611,-0.48132305,-0.28742039,1.0
