2446080.603,1.1243040000000002,1.5909136,-3.20204305,-0.3151389,1.17356641,-2.31135966,-0.3150947,1.0
2446080.6333,1.0066620000000002,1.59116654,-3.20195567,-0.31516823,1.17333889,-2.31149551,-0.31512404,1.0
2446080.669,0.9029913,1.59146454,-3.20185268,-0.31520278,1.17307095,-2.31165588,-0.31515861,1.0
2446080.6956,1.004809,1.59168658,-3.20177593,-0.31522852,1.17287141,-2.31177557,-0.31518436,1.0
2446080.7158,1.142045,1.59185518,-3.20171763,-0.31524807,1.17271994,-2.3118666,-0.31520392,1.0
2446080.7603,1.089641,1.5922266,-3.20158918,-0.31529113,1.17238642,-2.31206748,-0.315247,1.0
2446080.7630000003,0.8182454,1.59224914,-3.20158139,-0.31529375,1.17236619,-2.31207968,-0.31524961,1.0
2446080.8087,0.9613546,1.59263055,-3.20144943,-0.31533797,1.17202394,-2.31228654,-0.31529385,1.0
2446080.8342,1.089641,1.59284337,-3.20137578,-0.31536264,1.17183308,-2.3124022,-0.31531853,1.0
2446080.868,0.9578193000000002,1.59312544,-3.20127813,-0.31539534,1.17158022,-2.31255576,-0.31535125,1.0
2446080.9067,0.8865099,1.59344839,-3.20116631,-0.31543277,1.17129087,-2.31273194,-0.3153887,1.0
2446080.9302,1.015976,1.5936445,-3.20109839,-0.31545551,1.17111525,-2.31283911,-0.31541144,1.0
2446081.5977,0.9033266,1.59921223,-3.19916444,-0.31610072,1.16615521,-2.31594203,-0.31605694,1.0
2446081.6351,1.150919,1.59952406,-3.19905581,-0.31613685,1.16587892,-2.31611924,-0.31609308,1.0
2446081.6602,1.130953,1.59973332,-3.19898289,-0.31616109,1.1656936000000002,-2.31623837,-0.31611733,1.0
2446081.6641,1.098107,1.59976584,-3.19897156,-0.31616485,1.16566481,-2.3162569,-0.3161211,1.0
2446081.6939,0.9142075,1.60001428,-3.19888497,-0.31619363,1.1654448999999998,-2.31639857,-0.31614989,1.0
2446081.6982,0.904159,1.60005013,-3.19887247,-0.31619779,1.16541318,-2.31641903,-0.31615405,1.0
2446081.7244,0.8925751000000001,1.60026855,-3.19879632,-0.31622309,1.16521994,-2.31654381,-0.31617936,1.0
2446081.7521,1.09105,1.60049946,-3.1987158,-0.31624984,1.16501574,-2.31667592,-0.31620612,1.0
2446081.7848,1.022927,1.60077205,-3.19862072,-0.31628141,1.16477479,-2.31683212,-0.31623771,1.0
2446081.7991,0.9528945,1.60089125,-3.19857913,-0.31629522,1.16466947,-2.31690052,-0.31625152,1.0
2446081.8253,0.8958696,1.60110965,-3.19850293,-0.31632052,1.16447656,-2.31702596,-0.31627683,1.0
2446081.8326,0.9133659,1.60117049,-3.19848169,-0.31632756,1.16442283,-2.31706095,-0.31628388,1.0
2446081.8711,1.138269,1.6014913999999998,-3.19836968,-0.31636473,1.16413955,-2.31724567,-0.31632107,1.0
2446081.8936,1.084039,1.60167893,-3.19830421,-0.31638645,1.16397408,-2.3173538,-0.3163428,1.0
2446081.897,1.072123,1.60170727,-3.19829432,-0.31638974,1.16394909,-2.31737015,-0.31634608,1.0
2446081.9228,0.9243678,1.6019223,-3.19821923,-0.31641464,1.16375944,-2.31749432,-0.316371,1.0
2446081.9263,0.9108456,1.60195147,-3.19820904,-0.31641802,1.16373372,-2.31751118,-0.31637438,1.0
2452992.352134,1.0487,0.804132,-3.31057,-0.227642,0.864706,-2.32848,-0.227636,1.0
2452992.356684,1.0712,0.8041739999999999,-3.31056,-0.227647,0.864669,-2.3284700000000003,-0.227641,1.0
2452992.361235,1.1052,0.8042159999999999,-3.31056,-0.227652,0.8646309999999999,-2.32846,-0.227646,1.0
2452992.365795,1.1383,0.804258,-3.31055,-0.227658,0.8645940000000001,-2.32845,-0.227652,1.0
2452992.3708450003,1.1541,0.804305,-3.31055,-0.227663,0.8645520000000001,-2.32844,-0.22765700000000005,1.0
2452992.375645,1.1584,0.804349,-3.31054,-0.227669,0.8645129999999999,-2.32843,-0.227663,1.0
2452992.380195,1.1563,0.804391,-3.31054,-0.227674,0.864475,-2.32842,-0.227668,1.0
2452992.384755,1.1414,0.804433,-3.31054,-0.227679,0.8644379999999999,-2.32842,-0.227673,1.0
2452992.389305,1.1186,0.804475,-3.3105300000000004,-0.227685,0.8644,-2.32841,-0.227679,1.0
2452992.393855,1.0702,0.804517,-3.3105300000000004,-0.22769,0.8643629999999999,-2.3284,-0.22768400000000005,1.0
2452992.398416,1.0173,0.804559,-3.31052,-0.227695,0.864325,-2.32839,-0.227689,1.0
2452992.402966,0.9878,0.804601,-3.31052,-0.2277,0.864288,-2.32838,-0.227694,1.0
2452992.407526,0.9398,0.804643,-3.31051,-0.227705,0.86425,-2.32837,-0.227699,1.0
2452992.412076,0.8959,0.804685,-3.31051,-0.227711,0.8642129999999999,-2.32836,-0.227705,1.0
2452992.416626,0.8516,0.8047270000000001,-3.31051,-0.227716,0.864175,-2.32835,-0.22771,1.0
2452992.421176,0.8111,0.804769,-3.3105,-0.227721,0.864138,-2.32835,-0.227715,1.0
2452992.425726,0.7955,0.8048109999999999,-3.3105,-0.227726,0.864101,-2.3283400000000003,-0.22772,1.0
2452992.430786,0.7861,0.804858,-3.31049,-0.227732,0.864059,-2.32833,-0.227726,1.0
2452992.4363470003,0.8088,0.804909,-3.31049,-0.227738,0.8640129999999999,-2.32832,-0.227732,1.0
2452992.440897,0.8353,0.804951,-3.31048,-0.227743,0.8639760000000001,-2.32831,-0.227737,1.0
2452992.445457,0.8683,0.8049930000000001,-3.31048,-0.227749,0.8639379999999999,-2.3283,-0.227743,1.0
2452992.450007,0.8951,0.8050350000000001,-3.31047,-0.227754,0.863901,-2.32829,-0.227748,1.0
2452992.454567,0.9218,0.805077,-3.31047,-0.227759,0.8638629999999999,-2.32828,-0.227753,1.0
2452992.459107,0.9671,0.8051189999999999,-3.31047,-0.227764,0.863826,-2.3282700000000003,-0.227758,1.0
2452992.464167,1.0145,0.8051659999999999,-3.31046,-0.22777,0.863784,-2.32826,-0.227764,1.0
2452992.469487,1.0574,0.805215,-3.31046,-0.22777600000000006,0.86374,-2.32825,-0.22777,1.0
2452992.4745380003,1.0911,0.805261,-3.31045,-0.227782,0.863699,-2.32824,-0.22777600000000006,1.0
2452992.479598,1.1362,0.805308,-3.31045,-0.227788,0.863657,-2.32824,-0.227782,1.0
2452992.484148,1.1616,0.80535,-3.3104400000000003,-0.227793,0.86362,-2.32823,-0.227787,1.0
2452992.488708,1.1713,0.805392,-3.3104400000000003,-0.227798,0.863582,-2.32822,-0.227792,1.0
2452992.4932580004,1.168,0.805434,-3.31043,-0.22780300000000006,0.8635450000000001,-2.32821,-0.227797,1.0
2452992.497808,1.1467,0.805476,-3.31043,-0.227808,0.863507,-2.3282,-0.227802,1.0
2452992.5023580003,1.1155,0.8055180000000001,-3.31043,-0.227814,0.8634700000000001,-2.32819,-0.227808,1.0
2452992.507668,1.0811,0.805567,-3.31042,-0.22782,0.863426,-2.32818,-0.227814,1.0
2452992.512979,1.041,0.805616,-3.31042,-0.22782600000000006,0.863382,-2.32817,-0.22782,1.0
2452992.518289,1.0006,0.805665,-3.31041,-0.227832,0.863339,-2.32816,-0.22782600000000006,1.0
2452992.523849,0.9485,0.805716,-3.31041,-0.227838,0.863293,-2.32815,-0.227832,1.0
2452992.529409,0.8918,0.805767,-3.3104,-0.227845,0.863247,-2.3281400000000003,-0.227838,1.0
2452992.534719,0.8346,0.805816,-3.3104,-0.22785100000000005,0.863203,-2.32813,-0.227845,1.0
2452992.540789,0.8073,0.805872,-3.31039,-0.227858,0.8631530000000001,-2.32812,-0.22785100000000005,1.0
2452992.547109,0.8118,0.8059310000000001,-3.3103800000000003,-0.227865,0.863101,-2.32811,-0.227859,1.0
2452998.289232,1.1272,0.8587950000000001,-3.30465,-0.234394,0.815578,-2.32202,-0.234385,1.0
2452998.313922,0.8734,0.859022,-3.30462,-0.234422,0.8153739999999999,-2.32201,-0.234413,1.0
2452998.320322,0.8219,0.85908,-3.30462,-0.234429,0.815321,-2.32201,-0.23442,1.0
2452998.325092,0.8099,0.859124,-3.30461,-0.234435,0.815281,-2.32201,-0.234425,1.0
2452998.3299720003,0.8047,0.8591690000000001,-3.30461,-0.23444,0.815241,-2.32201,-0.234431,1.0
2452998.333412,0.8114,0.859201,-3.3046,-0.234444,0.8152119999999999,-2.32201,-0.234435,1.0
2452998.337622,0.8062,0.859239,-3.3046,-0.234449,0.815177,-2.32201,-0.23444,1.0
2452998.341082,0.8272,0.8592709999999999,-3.30459,-0.234453,0.815149,-2.32201,-0.234443,1.0
2452998.344533,0.8488,0.859303,-3.30459,-0.23445700000000005,0.81512,-2.32201,-0.234447,1.0
2452998.349093,0.8913,0.859345,-3.30459,-0.234462,0.815082,-2.322,-0.234453,1.0
2452998.353303,0.9333,0.859383,-3.30458,-0.234467,0.8150470000000001,-2.322,-0.23445700000000005,1.0
2452998.356993,0.9791,0.859417,-3.30458,-0.234471,0.815017,-2.322,-0.234461,1.0
2452998.360923,1.0215,0.859454,-3.30457,-0.234475,0.814984,-2.322,-0.234466,1.0
2452998.3643630003,1.0452,0.859485,-3.30457,-0.234479,0.814956,-2.322,-0.23447,1.0
2452998.368043,1.0726,0.859519,-3.30456,-0.234483,0.814925,-2.322,-0.234474,1.0
2452998.372723,1.1016,0.859562,-3.30456,-0.234489,0.814886,-2.322,-0.234479,1.0
2452998.376563,1.1293,0.8595969999999999,-3.30456,-0.234493,0.814855,-2.322,-0.23448400000000005,1.0
2452998.380453,1.1493,0.859633,-3.30455,-0.234497,0.814822,-2.322,-0.234488,1.0
2452998.384123,1.1663,0.859667,-3.30455,-0.234501,0.814792,-2.322,-0.234492,1.0
2452998.387583,1.1739,0.859698,-3.3045400000000003,-0.234505,0.814763,-2.322,-0.234496,1.0
2452998.391513,1.1717,0.859735,-3.3045400000000003,-0.23451,0.8147310000000001,-2.32199,-0.234501,1.0
2452998.395183,1.161,0.859768,-3.3045400000000003,-0.234514,0.8147,-2.32199,-0.234505,1.0
2452998.3986130003,1.1471,0.8598,-3.30453,-0.234518,0.8146720000000001,-2.32199,-0.234509,1.0
2452998.402524,1.121,0.859836,-3.30453,-0.234522,0.8146399999999999,-2.32199,-0.234513,1.0
2452998.406194,1.0975,0.8598690000000001,-3.30452,-0.234526,0.814609,-2.32199,-0.234517,1.0
2452998.409634,1.0647,0.859901,-3.30452,-0.23453,0.814581,-2.32199,-0.234521,1.0
2452998.413534,1.0205,0.8599370000000001,-3.30452,-0.234535,0.8145479999999999,-2.32199,-0.234525,1.0
2452998.417224,0.9863,0.8599709999999999,-3.30451,-0.234539,0.8145180000000001,-2.32199,-0.23453,1.0
2452998.420694,0.9603,0.8600030000000001,-3.30451,-0.234543,0.814489,-2.32199,-0.234534,1.0
2452998.424594,0.9273,0.8600389999999999,-3.3045,-0.234547,0.814457,-2.32199,-0.234538,1.0
2452998.428274,0.8946,0.860072,-3.3045,-0.234551,0.814426,-2.32199,-0.234542,1.0
2452998.431704,0.8662,0.8601040000000001,-3.3045,-0.234555,0.814398,-2.32199,-0.234546,1.0
2452998.435604,0.8372,0.86014,-3.30449,-0.23456,0.814366,-2.32199,-0.23455,1.0
2452998.439264,0.8219,0.860173,-3.30449,-0.234564,0.814335,-2.32198,-0.234555,1.0
2452998.442694,0.8069,0.8602049999999999,-3.3044800000000003,-0.234568,0.814307,-2.32198,-0.234558,1.0
2452998.446574,0.8129,0.86024,-3.3044800000000003,-0.234572,0.814275,-2.32198,-0.234563,1.0
2452998.450234,0.8295,0.860274,-3.3044800000000003,-0.23457600000000006,0.814244,-2.32198,-0.234567,1.0
2452998.453674,0.863,0.8603059999999999,-3.30447,-0.23458,0.8142159999999999,-2.32198,-0.234571,1.0
2452998.457564,0.8839,0.860341,-3.30447,-0.234585,0.814184,-2.32198,-0.234575,1.0
2452998.461184,0.9062,0.860375,-3.30446,-0.234589,0.814154,-2.32198,-0.234579,1.0
2452998.4645950003,0.9411,0.860406,-3.30446,-0.234593,0.814125,-2.32198,-0.234583,1.0
2452998.468435,0.9683,0.860441,-3.30446,-0.234597,0.814094,-2.32198,-0.234588,1.0
2452998.472075,1.0019,0.860475,-3.30445,-0.23460100000000006,0.814063,-2.32198,-0.234592,1.0
2452998.475495,1.0196,0.860506,-3.30445,-0.234605,0.8140350000000001,-2.32198,-0.234596,1.0
2452998.479385,1.0666,0.860542,-3.30445,-0.234609,0.8140029999999999,-2.32198,-0.2346,1.0
2452998.483025,1.0975,0.860575,-3.30444,-0.234613,0.813973,-2.32198,-0.234604,1.0
2452998.486435,1.1252,0.860607,-3.30444,-0.234617,0.813944,-2.32197,-0.234608,1.0
2452998.490295,1.1419,0.860642,-3.3044300000000004,-0.234622,0.813912,-2.32197,-0.234612,1.0
2452998.493925,1.176,0.860675,-3.3044300000000004,-0.23462600000000006,0.813882,-2.32197,-0.234616,1.0
2452998.497325,1.1935,0.860707,-3.3044300000000004,-0.23463,0.813854,-2.32197,-0.23462,1.0
2452998.501195,1.2134,0.860742,-3.30442,-0.234634,0.813822,-2.32197,-0.234625,1.0
2452998.505595,1.2068,0.860783,-3.30442,-0.234639,0.813786,-2.32197,-0.23463,1.0
2452998.509375,1.1935,0.860817,-3.30441,-0.234643,0.813754,-2.32197,-0.234634,1.0
2452998.513435,1.1717,0.8608549999999999,-3.30441,-0.234648,0.813721,-2.32197,-0.234639,1.0
2452998.516835,1.1493,0.860886,-3.30441,-0.234652,0.813693,-2.32197,-0.234642,1.0
2452998.520235,1.1169,0.860917,-3.3044,-0.234656,0.813664,-2.32197,-0.234646,1.0
2452998.524315,1.0855,0.8609549999999999,-3.3044,-0.23466,0.813631,-2.32197,-0.23465100000000005,1.0
2452998.527716,1.0569,0.860986,-3.30439,-0.234664,0.813602,-2.32197,-0.23465500000000006,1.0
2452998.531116,1.0262,0.861017,-3.30439,-0.234668,0.813574,-2.32197,-0.234659,1.0
2452998.535226,0.9881,0.8610549999999999,-3.30439,-0.234672,0.8135399999999999,-2.32197,-0.234663,1.0
2452998.538636,0.9489,0.861086,-3.30438,-0.234676,0.813512,-2.32197,-0.234667,1.0
2452998.542036,0.9196,0.861117,-3.30438,-0.23468000000000006,0.813484,-2.32196,-0.234671,1.0
2452998.546096,0.8718,0.8611549999999999,-3.30437,-0.234685,0.81345,-2.32196,-0.234675,1.0
2452998.549496,0.8441,0.861186,-3.30437,-0.234689,0.813422,-2.32196,-0.234679,1.0
2452998.552906,0.8265,0.861217,-3.30437,-0.234693,0.813394,-2.32196,-0.234683,1.0
2452998.556946,0.8099,0.8612540000000001,-3.30436,-0.234697,0.8133600000000001,-2.32196,-0.234688,1.0
2452998.561096,0.8062,0.861293,-3.30436,-0.234702,0.813326,-2.32196,-0.234692,1.0
2452998.5651060003,0.7973,0.8613290000000001,-3.30435,-0.234706,0.813293,-2.32196,-0.234697,1.0
2452998.568946,0.8136,0.8613649999999999,-3.30435,-0.234711,0.813261,-2.32196,-0.234701,1.0
2452998.572346,0.8303,0.8613959999999999,-3.30435,-0.234715,0.813233,-2.32196,-0.234705,1.0
2452998.575986,0.8551,0.8614290000000001,-3.3043400000000003,-0.234719,0.813203,-2.32196,-0.234709,1.0
2452998.579846,0.9054,0.8614649999999999,-3.3043400000000003,-0.234723,0.813171,-2.32196,-0.234714,1.0
2452998.583246,0.9445,0.8614959999999999,-3.30433,-0.234727,0.813142,-2.32196,-0.234717,1.0
2452998.586876,0.9836,0.8615290000000001,-3.30433,-0.234731,0.813112,-2.32196,-0.234722,1.0
2452998.590727,1.0233,0.8615649999999999,-3.30433,-0.234735,0.81308,-2.32196,-0.234726,1.0
2452998.594127,1.0588,0.8615959999999999,-3.30432,-0.234739,0.813052,-2.32196,-0.23473,1.0
2452998.597757,1.0895,0.8616290000000001,-3.30432,-0.234743,0.813022,-2.32196,-0.23473400000000005,1.0
2452998.601597,1.1128,0.861665,-3.30431,-0.234748,0.81299,-2.32195,-0.234738,1.0
2452998.604997,1.1324,0.8616959999999999,-3.30431,-0.234751,0.812962,-2.32195,-0.234742,1.0
2452998.608617,1.1461,0.8617290000000001,-3.30431,-0.234756,0.812932,-2.32195,-0.234746,1.0
2452998.612467,1.1567,0.861765,-3.3043,-0.23476,0.8129,-2.32195,-0.234751,1.0
2452998.615867,1.162,0.8617959999999999,-3.3043,-0.234764,0.812872,-2.32195,-0.234754,1.0
2452998.619517,1.1674,0.8618290000000001,-3.30429,-0.234768,0.812842,-2.32195,-0.234759,1.0
2452998.623417,1.1685,0.861865,-3.30429,-0.234772,0.81281,-2.32195,-0.234763,1.0
2452998.626817,1.1891,0.8618959999999999,-3.30429,-0.234776,0.8127810000000001,-2.32195,-0.234767,1.0
2452998.630437,1.1782,0.86193,-3.3042800000000003,-0.23478,0.812752,-2.32195,-0.234771,1.0
2452998.634277,1.1514,0.861965,-3.3042800000000003,-0.234785,0.81272,-2.32195,-0.234775,1.0
2452998.637707,1.1429,0.8619959999999999,-3.3042800000000003,-0.234788,0.8126909999999999,-2.32195,-0.234779,1.0
2452998.641337,1.0975,0.86203,-3.30427,-0.234793,0.812661,-2.32195,-0.234783,1.0
2452998.6451970004,1.052,0.862065,-3.30427,-0.234797,0.812629,-2.32195,-0.234788,1.0
2452998.648607,1.0019,0.8620969999999999,-3.30426,-0.234801,0.812601,-2.32195,-0.234791,1.0
2452998.652248,0.9728,0.86213,-3.30426,-0.234805,0.812571,-2.32195,-0.234796,1.0
2452998.6561080003,0.9179,0.862165,-3.30426,-0.234809,0.812539,-2.32195,-0.2348,1.0
2452998.659888,0.8896,0.8622,-3.30425,-0.234814,0.812508,-2.32195,-0.234804,1.0
2452998.664518,0.8559,0.862243,-3.30425,-0.234819,0.812469,-2.32195,-0.234809,1.0
2452998.668148,0.8326,0.862276,-3.30424,-0.234823,0.812439,-2.32194,-0.234814,1.0
2452998.670418,0.8303,0.862297,-3.30424,-0.234825,0.81242,-2.32194,-0.234816,1.0
2452999.307848,1.1853,0.868151,-3.30355,-0.235546,0.807143,-2.32191,-0.235537,1.0
2452999.3122380003,1.2063,0.8681909999999999,-3.3035400000000004,-0.235551,0.807107,-2.32191,-0.235542,1.0
2452999.316338,1.193,0.8682290000000001,-3.3035400000000004,-0.235556,0.8070729999999999,-2.32191,-0.235546,1.0
2452999.3211580003,1.1842,0.868273,-3.3035300000000003,-0.235561,0.807033,-2.32191,-0.235552,1.0
2452999.325348,1.1362,0.8683120000000001,-3.3035300000000003,-0.235566,0.806998,-2.32191,-0.235557,1.0
2452999.329488,1.1362,0.86835,-3.30352,-0.235571,0.806964,-2.32191,-0.235561,1.0
2452999.334318,1.089,0.868394,-3.30352,-0.23557600000000006,0.806924,-2.32191,-0.235567,1.0
2452999.338498,1.0429,0.868433,-3.30351,-0.235581,0.8068890000000001,-2.32191,-0.235572,1.0
2452999.342548,0.9996,0.8684700000000001,-3.30351,-0.235586,0.806856,-2.32191,-0.23557600000000006,1.0
2452999.347308,0.9626,0.8685129999999999,-3.3035,-0.235591,0.806816,-2.32191,-0.235581,1.0
2452999.352148,0.9244,0.8685579999999999,-3.3035,-0.235596,0.806776,-2.32191,-0.235587,1.0
2452999.356328,0.8811,0.8685959999999999,-3.30349,-0.23560100000000006,0.806742,-2.32191,-0.235592,1.0
2452999.361148,0.8493,0.868641,-3.30349,-0.235607,0.806702,-2.32191,-0.235597,1.0
2452999.365298,0.833,0.8686790000000001,-3.3034800000000004,-0.235611,0.806668,-2.32192,-0.235602,1.0
2452999.369298,0.8276,0.868715,-3.3034800000000004,-0.235616,0.806634,-2.32192,-0.235606,1.0
2452999.374059,0.8368,0.8687590000000001,-3.30347,-0.235621,0.806595,-2.32192,-0.235612,1.0
2452999.378239,0.8755,0.8687969999999999,-3.30347,-0.23562600000000006,0.80656,-2.32192,-0.235616,1.0
2452999.382429,0.8926,0.868836,-3.30347,-0.235631,0.8065260000000001,-2.32192,-0.235621,1.0
2452999.387279,0.9303,0.8688799999999999,-3.30346,-0.235636,0.8064859999999999,-2.32192,-0.235627,1.0
2452999.391409,0.9769,0.8689180000000001,-3.30346,-0.235641,0.806451,-2.32192,-0.235631,1.0
2452999.3956790003,0.9996,0.868958,-3.30345,-0.235646,0.806416,-2.32192,-0.235636,1.0
2452999.400459,1.0584,0.869001,-3.30345,-0.23565100000000005,0.806377,-2.32192,-0.235642,1.0
2452999.404629,1.088,0.8690399999999999,-3.30344,-0.235656,0.806342,-2.32192,-0.235646,1.0
2452999.4089490003,1.1237,0.869079,-3.30344,-0.235661,0.8063060000000001,-2.32192,-0.23565100000000005,1.0
2452999.413699,1.1488,0.869123,-3.30343,-0.235666,0.806267,-2.32192,-0.235656,1.0
2452999.422079,1.1842,0.8692,-3.30342,-0.235675,0.806198,-2.32192,-0.235666,1.0
2452999.431309,1.1875,0.8692850000000001,-3.30341,-0.235686,0.806121,-2.32192,-0.235676,1.0
2452999.435689,1.193,0.869325,-3.30341,-0.235691,0.806085,-2.32192,-0.235681,1.0
2452999.44514,1.1974,0.8694120000000001,-3.3034,-0.235702,0.8060069999999999,-2.32192,-0.235692,1.0
2452999.4495,1.0771,0.869452,-3.3033900000000003,-0.235706,0.805971,-2.32192,-0.235697,1.0
2452999.4542,1.0371,0.869495,-3.3033900000000003,-0.235712,0.805932,-2.32192,-0.235702,1.0
2452999.4583400004,1.041,0.869533,-3.30338,-0.235716,0.805898,-2.32192,-0.23570700000000006,1.0
2452999.4671,0.9346,0.869613,-3.30337,-0.235726,0.805825,-2.32192,-0.235717,1.0
2452999.47126,0.8934,0.8696510000000001,-3.30337,-0.235731,0.805791,-2.32192,-0.235722,1.0
2452999.47532,0.8603,0.8696889999999999,-3.30336,-0.235736,0.805757,-2.32192,-0.235726,1.0
2452999.48007,0.8399,0.869732,-3.30336,-0.235741,0.805718,-2.32192,-0.235731,1.0
2452999.48421,0.8485,0.86977,-3.30335,-0.235746,0.8056840000000001,-2.32192,-0.235736,1.0
2452999.48826,0.8163,0.869808,-3.30335,-0.23575,0.80565,-2.32192,-0.235741,1.0
2452999.493,0.8338,0.869851,-3.30334,-0.235756,0.805611,-2.32192,-0.235746,1.0
2452999.49712,0.8627,0.8698889999999999,-3.30334,-0.23576,0.8055770000000001,-2.32192,-0.235751,1.0
2452999.50117,0.8819,0.869926,-3.30334,-0.235765,0.805543,-2.32193,-0.235755,1.0
2452999.5059700003,0.9407,0.86997,-3.3033300000000003,-0.23577,0.805504,-2.32193,-0.23576100000000005,1.0
2452999.510051,0.9778,0.870008,-3.3033300000000003,-0.235775,0.80547,-2.32193,-0.235765,1.0
2452999.514151,1.0145,0.8700450000000001,-3.30332,-0.23578,0.8054359999999999,-2.32193,-0.23577,1.0
2452999.518951,1.0771,0.8700889999999999,-3.30332,-0.235785,0.805396,-2.32193,-0.235775,1.0
2452999.527361,1.1247,0.870167,-3.30331,-0.235794,0.805327,-2.32193,-0.235785,1.0
2452999.536381,1.1701,0.8702489999999999,-3.3033,-0.235805,0.8052520000000001,-2.32193,-0.235795,1.0
2452999.549941,1.2298,0.870374,-3.3032800000000004,-0.23582,0.80514,-2.32193,-0.23581,1.0
2452999.554511,1.2051,0.870416,-3.3032800000000004,-0.235825,0.8051020000000001,-2.32193,-0.235816,1.0
2452999.559341,1.152,0.87046,-3.30327,-0.235831,0.8050619999999999,-2.32193,-0.235821,1.0
2452999.563371,1.1042,0.870497,-3.30327,-0.235835,0.805029,-2.32193,-0.23582600000000006,1.0
2452999.567701,1.0448,0.8705370000000001,-3.30326,-0.23584,0.8049930000000001,-2.32193,-0.235831,1.0
2452999.572451,1.0145,0.8705809999999999,-3.30326,-0.235845,0.804954,-2.32193,-0.235836,1.0
2452999.576812,0.9868,0.8706209999999999,-3.30325,-0.23585,0.804918,-2.32193,-0.235841,1.0
2452999.580862,0.9184,0.870658,-3.30325,-0.235855,0.804884,-2.32193,-0.235845,1.0
2452999.585582,0.8992,0.8707010000000001,-3.30324,-0.23586,0.804845,-2.32193,-0.23585100000000006,1.0
2452999.589702,0.8779,0.8707389999999999,-3.30324,-0.235865,0.8048109999999999,-2.32193,-0.235855,1.0
2452999.593812,0.8627,0.870777,-3.30323,-0.23587,0.8047770000000001,-2.32194,-0.23586,1.0
2452999.598892,0.8088,0.8708229999999999,-3.30323,-0.235875,0.8047350000000001,-2.32194,-0.235866,1.0
2452999.602952,0.8338,0.8708610000000001,-3.30322,-0.23588,0.804701,-2.32194,-0.23587,1.0
2452999.607282,0.8603,0.8709,-3.30322,-0.235885,0.804666,-2.32194,-0.235875,1.0
2452999.616282,0.905,0.870983,-3.30321,-0.235895,0.804591,-2.32194,-0.235885,1.0
2452999.620392,0.9476,0.8710209999999999,-3.3032,-0.2359,0.804557,-2.32194,-0.23589,1.0
2452999.629402,1.0314,0.8711030000000001,-3.3031900000000003,-0.23591,0.804483,-2.32194,-0.2359,1.0
2452999.633812,1.0381,0.871144,-3.3031900000000003,-0.235915,0.804446,-2.32194,-0.23590500000000006,1.0
2452999.638592,1.1195,0.871188,-3.30318,-0.23592,0.804407,-2.32194,-0.235911,1.0
2452999.642742,1.1551,0.8712260000000001,-3.30318,-0.235925,0.804372,-2.32194,-0.235915,1.0
2452999.646853,1.1723,0.8712639999999999,-3.30318,-0.235929,0.804338,-2.32194,-0.23592,1.0
2452999.651863,1.1996,0.87131,-3.30317,-0.235935,0.804297,-2.32194,-0.235926,1.0
2452999.660453,1.2129,0.8713879999999999,-3.30316,-0.235945,0.804226,-2.32194,-0.235935,1.0
2452999.669423,1.1648,0.8714709999999999,-3.30315,-0.23595500000000005,0.8041520000000001,-2.32195,-0.235945,1.0
2452999.673533,1.1594,0.871508,-3.30315,-0.23596,0.804118,-2.32195,-0.23595,1.0
2452999.682573,1.083,0.871591,-3.30314,-0.23597,0.8040430000000001,-2.32195,-0.23596,1.0
2452999.686683,1.0061,0.8716290000000001,-3.3031300000000003,-0.235974,0.804009,-2.32195,-0.235965,1.0
2452999.691473,0.9969,0.8716729999999999,-3.3031300000000003,-0.23598,0.8039689999999999,-2.32195,-0.23597,1.0
2452999.695623,0.9269,0.871711,-3.30312,-0.235985,0.8039350000000001,-2.32195,-0.235975,1.0
2452999.699703,0.9167,0.871749,-3.30312,-0.235989,0.803901,-2.32195,-0.23598,1.0
2452999.704683,0.8739,0.8717940000000001,-3.30311,-0.235995,0.80386,-2.32195,-0.235985,1.0
2452999.708773,0.8109999999999999,0.8718319999999999,-3.30311,-0.235999,0.803826,-2.32195,-0.23599,1.0
2452999.7128830003,0.8185,0.87187,-3.3031,-0.236004,0.8037920000000001,-2.32195,-0.235995,1.0
2452999.717674,0.7824,0.871914,-3.3031,-0.236009,0.8037529999999999,-2.32195,-0.236,1.0
2452999.721754,0.8066,0.871951,-3.30309,-0.236014,0.803719,-2.32195,-0.236005,1.0
2452999.730974,0.8109999999999999,0.872036,-3.3030800000000005,-0.236025,0.803643,-2.32195,-0.236015,1.0
2452999.739744,0.8885,0.872116,-3.3030699999999995,-0.236034,0.80357,-2.32196,-0.236025,1.0
2453011.31186,0.9898,0.977896,-3.28867,-0.248989,0.710344,-2.34248,-0.248984,1.0
2453011.31527,1.1365,0.977927,-3.28867,-0.248993,0.710318,-2.34249,-0.248988,1.0
2453011.31869,1.0685,0.977959,-3.28866,-0.248996,0.710292,-2.3425,-0.248992,1.0
2453011.32211,1.0587,0.97799,-3.28866,-0.249,0.7102649999999999,-2.34251,-0.248995,1.0
2453011.32553,1.1459,0.978021,-3.28865,-0.249004,0.7102390000000001,-2.34252,-0.248999,1.0
2453011.32895,1.1323,0.978052,-3.28865,-0.249008,0.710212,-2.34253,-0.24900300000000006,1.0
2453011.33237,1.2022,0.978083,-3.28864,-0.249011,0.710186,-2.34254,-0.249007,1.0
2453011.33578,1.1716,0.978114,-3.28864,-0.249015,0.71016,-2.34256,-0.249011,1.0
2453011.339209,1.1868,0.978145,-3.2886300000000004,-0.249019,0.710133,-2.3425700000000003,-0.249014,1.0
2453011.342619,1.1944,0.978176,-3.2886300000000004,-0.249023,0.7101069999999999,-2.34258,-0.249018,1.0
2453011.346039,1.1147,0.978207,-3.28862,-0.249027,0.71008,-2.34259,-0.249022,1.0
2453011.349459,1.1386,0.978239,-3.28862,-0.24903000000000006,0.710054,-2.3426,-0.24902600000000005,1.0
2453011.352879,1.0994,0.97827,-3.28861,-0.249034,0.7100270000000001,-2.34261,-0.24903000000000006,1.0
2453011.3562990003,1.1106,0.978301,-3.28861,-0.249038,0.710001,-2.34263,-0.249033,1.0
2453011.359709,1.1025,0.978332,-3.2886,-0.249042,0.709975,-2.3426400000000003,-0.249037,1.0
2453011.363139,1.0519,0.978363,-3.2886,-0.249046,0.7099479999999999,-2.34265,-0.249041,1.0
2453011.367119,1.0138,0.978399,-3.28859,-0.24905,0.709917,-2.34266,-0.249045,1.0
2453011.370539,0.9826,0.97843,-3.28859,-0.249054,0.7098909999999999,-2.34267,-0.249049,1.0
2453011.373959,0.9682,0.978462,-3.2885800000000005,-0.249058,0.709865,-2.34269,-0.249053,1.0
2453011.377379,0.9349,0.978493,-3.2885800000000005,-0.249061,0.709838,-2.3427,-0.24905700000000006,1.0
2453011.380799,0.9044,0.978524,-3.2885800000000005,-0.249065,0.709812,-2.34271,-0.24906,1.0
2453011.384219,0.8637,0.978555,-3.2885699999999995,-0.249069,0.709785,-2.34272,-0.249064,1.0
2453011.3921990003,0.8386,0.978628,-3.28856,-0.249078,0.709724,-2.34275,-0.249073,1.0
2453011.397319,0.8464,0.978674,-3.28855,-0.24908400000000006,0.709684,-2.34276,-0.249079,1.0
2453011.401309,0.8542,0.97871,-3.28855,-0.249088,0.709653,-2.34278,-0.249083,1.0
2453011.405299,0.8741,0.978747,-3.28854,-0.249092,0.709623,-2.34279,-0.249088,1.0
2453011.409289,0.8887,0.978783,-3.28854,-0.249097,0.709592,-2.3428,-0.249092,1.0
2453011.412709,0.934,0.978814,-3.28853,-0.249101,0.709565,-2.34282,-0.249096,1.0
2453011.416129,0.9366,0.978845,-3.28853,-0.249104,0.709539,-2.34283,-0.2491,1.0
2453011.419549,0.9611,0.978876,-3.28852,-0.249108,0.7095130000000001,-2.3428400000000003,-0.249103,1.0
2453011.4223990003,0.9558,0.978902,-3.28852,-0.249111,0.709491,-2.34285,-0.249107,1.0
2453011.425819,0.9907,0.978934,-3.28851,-0.249115,0.709464,-2.34286,-0.24911,1.0
2453011.431059,1.0714,0.978981,-3.28851,-0.249121,0.7094239999999999,-2.34288,-0.249116,1.0
2453011.434519,1.0616,0.979013,-3.2885,-0.249125,0.709397,-2.34289,-0.24912,1.0
2453011.438539,1.1512,0.979049,-3.2885,-0.249129,0.7093659999999999,-2.3429,-0.249125,1.0
2453011.442569,1.1619,0.979086,-3.2884900000000004,-0.249134,0.709335,-2.34292,-0.249129,1.0
2453011.447169,1.1597,0.979128,-3.2884800000000003,-0.249139,0.709299,-2.34293,-0.249134,1.0
2453011.463859,1.1534,0.97928,-3.28846,-0.249157,0.709171,-2.3429900000000004,-0.249153,1.0
2453011.469029,1.1608,0.979327,-3.28845,-0.249163,0.7091310000000001,-2.34301,-0.249158,1.0
2453011.472479,1.047,0.979358,-3.28845,-0.249167,0.709104,-2.34302,-0.249162,1.0
2453011.4770790003,1.0336,0.9794,-3.28844,-0.249172,0.709069,-2.34303,-0.249167,1.0
2453011.480539,0.9898,0.979432,-3.28844,-0.249176,0.7090420000000001,-2.34305,-0.249171,1.0
2453011.483989,0.9736,0.979463,-3.2884300000000004,-0.24918,0.709015,-2.34306,-0.249175,1.0
2453011.487439,0.9808,0.979494,-3.2884300000000004,-0.249183,0.708989,-2.34307,-0.249179,1.0
2453011.490889,0.9332,0.979526,-3.28842,-0.249187,0.708962,-2.34308,-0.249183,1.0
2453011.494349,0.8887,0.979557,-3.28842,-0.249191,0.708935,-2.34309,-0.249186,1.0
2453011.497798,0.8526,0.979589,-3.28841,-0.249195,0.708909,-2.34311,-0.24919,1.0
2453011.501248,0.8031,0.97962,-3.28841,-0.249199,0.708882,-2.34312,-0.249194,1.0
2453011.504708,0.8363,0.979651,-3.2884,-0.249203,0.708855,-2.34313,-0.249198,1.0
2453011.508728,0.7748,0.979688,-3.2884,-0.249207,0.708824,-2.34314,-0.249202,1.0
2453011.512178,0.7841,0.979719,-3.28839,-0.249211,0.7087979999999999,-2.34315,-0.249206,1.0
2453011.5225380003,0.7776,0.979814,-3.28838,-0.249222,0.7087180000000001,-2.3431900000000003,-0.249218,1.0
2453011.528298,0.7726,0.979866,-3.28837,-0.249229,0.708674,-2.34321,-0.249224,1.0
2453011.531748,0.8597,0.979898,-3.28837,-0.249233,0.708647,-2.34322,-0.24922800000000006,1.0
2453011.5352080003,0.9128,0.979929,-3.28836,-0.249236,0.70862,-2.34323,-0.249232,1.0
2453043.245495,1.1163,1.26461,-3.2325,-0.283453,0.528595,-2.57592,-0.28344600000000003,1.0
2453043.248515,1.1754,1.26464,-3.2324900000000003,-0.283456,0.528587,-2.57595,-0.28344899999999995,1.0
2453043.251534,1.155,1.2646700000000002,-3.23248,-0.28346,0.528578,-2.57599,-0.283452,1.0
2453043.254534,1.1529,1.26469,-3.23248,-0.283463,0.528569,-2.57602,-0.283455,1.0
2453043.257544,1.1402,1.26472,-3.23247,-0.283466,0.528561,-2.57605,-0.283458,1.0
2453043.260574,1.1277,1.26475,-3.23247,-0.283469,0.528552,-2.57608,-0.283462,1.0
2453043.263584,1.1486,1.2647700000000002,-3.23246,-0.283472,0.528543,-2.57612,-0.283465,1.0
2453043.266584,1.1225,1.2648,-3.23245,-0.283475,0.5285350000000001,-2.57615,-0.283468,1.0
2453043.269593,1.1142,1.26483,-3.23245,-0.283479,0.528526,-2.57618,-0.28347100000000003,1.0
2453043.272603,1.0979,1.26485,-3.23244,-0.283482,0.528517,-2.57621,-0.283474,1.0
2453043.275613,1.104,1.26488,-3.23243,-0.283485,0.528509,-2.57625,-0.283477,1.0
2453043.278623,1.0819,1.26491,-3.23243,-0.283488,0.5285,-2.57628,-0.283481,1.0
2453043.2816330004,1.0171,1.26493,-3.2324200000000003,-0.283491,0.5284909999999999,-2.57631,-0.283484,1.0
2453043.284642,0.9758,1.26496,-3.23241,-0.283494,0.528483,-2.57634,-0.283487,1.0
2453043.287642,0.9336,1.26499,-3.23241,-0.283497,0.528474,-2.5763700000000003,-0.28349,1.0
2453043.303321,0.8028,1.26512,-3.23237,-0.283514,0.528429,-2.57654,-0.283506,1.0
2453043.307391,0.802,1.26516,-3.23237,-0.283518,0.528417,-2.57659,-0.283511,1.0
2453043.311461,0.7866,1.2652,-3.23236,-0.283522,0.528405,-2.57663,-0.283515,1.0
2453043.315541,0.7998,1.26523,-3.23235,-0.283527,0.5283939999999999,-2.57668,-0.283519,1.0
2453043.31961,0.7596,1.26527,-3.23234,-0.283531,0.528382,-2.57672,-0.283524,1.0
2453043.32369,0.7888,1.2653,-3.23233,-0.283535,0.52837,-2.57676,-0.283528,1.0
2453043.32776,0.8207,1.26534,-3.23232,-0.283539,0.528359,-2.57681,-0.283532,1.0
2453043.33183,0.899,1.26538,-3.23231,-0.283544,0.528347,-2.57685,-0.283536,1.0
2453043.335909,0.909,1.26541,-3.2323,-0.283548,0.528335,-2.5769,-0.283541,1.0
2453043.339979,0.9319,1.26545,-3.2323,-0.283552,0.528324,-2.57694,-0.283545,1.0
2453043.344059,0.9876,1.26549,-3.2322900000000003,-0.283557,0.528312,-2.57698,-0.283549,1.0
2453043.348129,1.0399,1.26552,-3.23228,-0.283561,0.5283,-2.57703,-0.283553,1.0
2453043.356288,1.1204,1.26559,-3.23226,-0.283569,0.528277,-2.57712,-0.283562,1.0
2453043.360378,1.1561,1.26563,-3.23225,-0.283574,0.528265,-2.57716,-0.283566,1.0
2453043.3644580003,1.1657,1.26567,-3.23224,-0.283578,0.528254,-2.5772,-0.283571,1.0
2453043.368518,1.1972,1.2657,-3.23224,-0.283582,0.528242,-2.57725,-0.283575,1.0
2453043.372597,1.1852,1.26574,-3.23223,-0.283586,0.52823,-2.57729,-0.283579,1.0
2453043.376677,1.2139,1.26577,-3.23222,-0.283591,0.528219,-2.57734,-0.283583,1.0
2453043.380747,1.1863,1.26581,-3.23221,-0.283595,0.528207,-2.57738,-0.283588,1.0
2453043.384817,1.1392,1.26585,-3.2322,-0.283599,0.528195,-2.57742,-0.283592,1.0
2453043.388906,1.103,1.26588,-3.23219,-0.283604,0.528184,-2.57747,-0.283596,1.0
2453043.392976,1.1132,1.2659200000000002,-3.23218,-0.283608,0.528172,-2.57751,-0.2836,1.0
2453043.3970560003,1.0879,1.26595,-3.23217,-0.283612,0.5281600000000001,-2.57755,-0.283605,1.0
2453043.401136,1.037,1.26599,-3.23217,-0.283616,0.528149,-2.5776,-0.283609,1.0
2453043.405205,1.0078,1.26603,-3.23216,-0.283621,0.528137,-2.57764,-0.283613,1.0
2453043.409275,0.9519,1.26606,-3.23215,-0.283625,0.528126,-2.57769,-0.283617,1.0
2453043.413345,0.8933,1.2661,-3.23214,-0.283629,0.5281140000000001,-2.57773,-0.283622,1.0
2453043.417405,0.8207,1.26613,-3.23213,-0.283633,0.5281020000000001,-2.57777,-0.28362600000000004,1.0
2453043.421465,0.7751,1.26617,-3.23212,-0.283638,0.528091,-2.57782,-0.28363,1.0
2453043.425534,0.7816,1.26621,-3.23211,-0.283642,0.528079,-2.57786,-0.283634,1.0
2453043.429614,0.7596,1.26624,-3.2321,-0.283646,0.528068,-2.57791,-0.283639,1.0
2453043.49467,1.1371,1.26682,-3.23197,-0.283714,0.527883,-2.57861,-0.28370700000000004,1.0
2453043.49876,1.1518,1.26685,-3.23196,-0.283719,0.527871,-2.57865,-0.283711,1.0
2453043.50283,1.1486,1.26689,-3.23195,-0.283723,0.52786,-2.5787,-0.283715,1.0
2453043.50692,1.1194,1.26693,-3.2319400000000003,-0.283727,0.527848,-2.5787400000000003,-0.28372,1.0
2453043.510999,1.0829,1.26696,-3.23193,-0.28373200000000004,0.527837,-2.57879,-0.283724,1.0
2453043.515079,1.0013,1.267,-3.23192,-0.283736,0.527825,-2.57883,-0.28372800000000004,1.0
2453043.5191490003,0.9986,1.26703,-3.23191,-0.28374,0.527814,-2.57887,-0.283733,1.0
2453043.523219,0.938,1.26707,-3.23191,-0.283744,0.527802,-2.57892,-0.283737,1.0
2453043.527298,0.9242,1.26711,-3.2319,-0.283749,0.527791,-2.57896,-0.283741,1.0
2453043.5354580004,0.8291,1.26718,-3.23188,-0.28375700000000004,0.527768,-2.57905,-0.28375,1.0
2453043.539528,0.8117,1.26721,-3.23187,-0.283761,0.527756,-2.5790900000000003,-0.283754,1.0
2453043.543597,0.7723,1.26725,-3.23186,-0.283766,0.527745,-2.57914,-0.283758,1.0
2453043.547677,0.7866,1.26729,-3.23185,-0.28377,0.527733,-2.57918,-0.283762,1.0
2453043.5517470003,0.8124,1.26732,-3.23184,-0.283774,0.527722,-2.57923,-0.283767,1.0
2453060.290528,0.9835,1.4140700000000002,-3.19297,-0.301032,0.513556,-2.7822,-0.301018,1.0
2453060.296957,0.9019,1.41413,-3.19296,-0.30103800000000003,0.513564,-2.78228,-0.301024,1.0
2453060.304307,0.815,1.41419,-3.19294,-0.301046,0.513573,-2.78238,-0.301032,1.0
2453060.310866,0.8009,1.41425,-3.19292,-0.301052,0.5135810000000001,-2.78247,-0.30103800000000003,1.0
2453060.318256,0.7748,1.41431,-3.1929,-0.30106,0.513591,-2.78257,-0.301046,1.0
2453060.325385,0.8135,1.41438,-3.19289,-0.30106700000000003,0.5136,-2.78266,-0.301053,1.0
2453060.332794,0.8871,1.41444,-3.19287,-0.30107399999999995,0.513609,-2.78276,-0.301061,1.0
2453060.339284,0.9871,1.4145,-3.19285,-0.301081,0.513618,-2.78284,-0.30106700000000003,1.0
2453060.346603,1.0804,1.41456,-3.19283,-0.301088,0.5136270000000001,-2.78294,-0.301075,1.0
2453060.353003,1.0724,1.41462,-3.19282,-0.301095,0.5136350000000001,-2.78302,-0.301081,1.0
2453060.360412,1.1683,1.41468,-3.1928,-0.301102,0.513645,-2.7831200000000003,-0.301089,1.0
2453060.366862,1.22,1.41474,-3.19278,-0.301109,0.513653,-2.78321,-0.301095,1.0
2453060.374201,1.2257,1.4148,-3.19276,-0.301116,0.513663,-2.7833,-0.301103,1.0
2453060.380721,1.2055,1.41486,-3.19275,-0.30112300000000003,0.513671,-2.7833900000000003,-0.301109,1.0
2453060.38806,1.1428,1.4149200000000002,-3.19273,-0.301131,0.51368,-2.78349,-0.301117,1.0
2453060.39462,1.1065,1.41498,-3.19271,-0.301137,0.5136890000000001,-2.78357,-0.30112300000000003,1.0
2453060.4020990003,1.0317,1.41504,-3.19269,-0.301145,0.513699,-2.78367,-0.301131,1.0
2453060.408599,0.9718,1.4151,-3.19268,-0.301151,0.513707,-2.78376,-0.301138,1.0
2453060.436956,0.8433,1.41535,-3.19261,-0.30118,0.513744,-2.7841400000000003,-0.301166,1.0
2453060.445106,0.8887,1.41542,-3.19258,-0.301188,0.5137550000000001,-2.78424,-0.301175,1.0
2453060.451525,0.9436,1.41547,-3.19257,-0.301195,0.513763,-2.78433,-0.301181,1.0
2453060.474084,1.1355,1.41567,-3.19251,-0.301218,0.513793,-2.78463,-0.301204,1.0
2454186.385488,1.24835,0.89136849,3.47869064,0.02024357,-0.10125808,3.37900806,0.02024472,1.0
2454186.389667,1.197667,0.89133188,3.47869495,0.02024841,-0.10128867,3.37894056,0.02024956,1.0
2454186.393813,1.067422,0.89129555,3.47869922,0.02025322,-0.10131902,3.37887358,0.02025437,1.0
2454186.397882,1.157541,0.8912599,3.47870342,0.02025794,-0.1013488,3.37880784,0.02025909,1.0
2454186.402013,1.149042,0.89122372,3.47870767,0.02026273,-0.10137902,3.37874112,0.02026388,1.0
2454186.406173,1.037376,0.89118727,3.47871196,0.02026755,-0.10140946,3.37867391,0.0202687,1.0
2454186.410311,1.025974,0.89115101,3.47871623,0.02027235,-0.10143973,3.37860706,0.0202735,1.0
2454186.414455,1.00632,0.89111471,3.4787205,0.02027716,-0.10147004,3.37854013,0.0202783,1.0
2454186.418586,0.9060167,0.89107852,3.47872475,0.02028195,-0.10150025,3.37847339,0.02028309,1.0
2454186.42648,0.8829502,0.89100936,3.47873289,0.0202911,-0.10155796,3.37834587,0.02029225,1.0
2454186.430629,0.8045188,0.8909729999999999,3.47873716,0.02029591,-0.10158829,3.37827884,0.02029706,1.0
2454186.434785,0.7418843,0.8909366,3.47874144,0.02030073,-0.10161865,3.37821172,0.02030188,1.0
2454186.4389110003,0.7330544,0.89090045,3.47874569,0.02030551,-0.1016488,3.37814506,0.02030666,1.0
2454186.443046,0.7357600999999999,0.89086421,3.47874995,0.02031031,-0.10167901,3.37807826,0.02031146,1.0
2454186.44717,0.7754186,0.89082809,3.4787542,0.02031509,-0.10170913,3.37801165,0.02031624,1.0
2454186.45129,0.8447655000000001,0.89079199,3.47875844,0.02031987,-0.10173922,3.37794509,0.02032102,1.0
2454186.455424,0.9460982,0.89075577,3.47876269,0.02032466,-0.1017694,3.37787832,0.02032581,1.0
2454186.46057,0.9382881,0.89071068,3.47876799,0.02033063,-0.10180698,3.37779519,0.02033178,1.0
2454186.464716,0.9619138,0.89067436,3.47877226,0.02033544,-0.10183724,3.37772821,0.02033658,1.0
2454186.468894,0.9574945,0.89063776,3.47877656,0.02034028,-0.10186773,3.37766073,0.02034143,1.0
2454186.472982,1.010965,0.89060194,3.47878077,0.02034502,-0.10189756,3.37759469,0.02034617,1.0
2454186.477115,1.046975,0.89056573,3.47878502,0.02034981,-0.10192771,3.37752793,0.02035096,1.0
2454186.481254,1.055689,0.89052947,3.47878928,0.02035461,-0.1019579,3.37746107,0.02035576,1.0
2454186.485332,1.149042,0.89049373,3.47879348,0.02035934,-0.10198764,3.37739519,0.02036049,1.0
2454186.489488,1.222183,0.89045733,3.47879775,0.02036416,-0.10201795,3.37732807,0.02036531,1.0
2454186.49498,1.1650280000000002,0.8904091999999999,3.4788034,0.02037053,-0.10205799,3.37723934,0.02037167,1.0
2454186.499105,1.265716,0.89037307,3.47880764,0.02037531,-0.10208805,3.37717272,0.02037646,1.0
2454186.504244,1.24835,0.89032804,3.47881293,0.02038127,-0.10212551,3.3770897000000004,0.02038242,1.0
2454186.508387,1.244905,0.89029173,3.47881719,0.02038607,-0.1021557,3.37702277,0.02038722,1.0
2454186.512546,1.180148,0.8902553,3.47882147,0.02039089,-0.10218599,3.3769556000000005,0.02039204,1.0
2454186.516676,1.172563,0.89021911,3.47882571,0.02039568,-0.10221608,3.37688888,0.02039683,1.0
2454186.520751,1.151161,0.89018341,3.4788299,0.02040041,-0.10224575,3.37682307,0.02040156,1.0
2454186.52491,1.074326,0.89014697,3.47883418,0.02040523,-0.10227604,3.37675588,0.02040638,1.0
2454186.529001,1.055689,0.89011112,3.47883839,0.02040997,-0.10230583,3.37668979,0.02041112,1.0
2454186.533144,0.9906862,0.89007483,3.47884264,0.02041478,-0.10233598,3.37662288,0.02041592,1.0
2454186.538275,0.9211624,0.89002987,3.47884792,0.02042073,-0.10237333,3.37653999,0.02042187,1.0
2454186.542415,0.841659,0.8899935999999999,3.47885217,0.02042553,-0.10240345,3.37647313,0.02042667,1.0
2454186.546529,0.7927499,0.88995755,3.4788564,0.0204303,-0.10243338,3.37640667,0.02043145,1.0
2454186.552718,0.734406,0.88990333,3.47886276,0.02043747,-0.10247839999999997,3.37630671,0.02043862,1.0
2454186.5568580003,0.7350827,0.88986705,3.47886701,0.02044227,-0.10250851,3.37623983,0.02044342,1.0
2454186.560998,0.7862057,0.88983077,3.47887126,0.02044707,-0.10253861,3.37617295,0.02044822,1.0
2454204.331292,1.06025,0.73328227,3.49359822,0.04102376,-0.18690378,3.09513936,0.04102482,1.0
2454204.338303,0.9894827,0.7332201999999999,3.49360263,0.04103187,-0.18691989,3.09503264,0.04103292,1.0
2454204.348387,0.9065845,0.73313091,3.49360897,0.04104352,-0.18694303,3.09487914,0.04104458,1.0
2454204.353689,0.8298665999999999,0.73308396,3.4936123,0.04104965,-0.18695518,3.09479843,0.04105071,1.0
2454204.360719,0.7234496,0.73302172,3.49361672,0.04105778,-0.18697129,3.09469143,0.04105883,1.0
2454204.365959,0.6928006999999999,0.73297532,3.49362001,0.04106383,-0.18698329,3.09461167,0.04106489,1.0
2454204.37123,0.6851857,0.73292865,3.49362332,0.04106993,-0.18699534,3.09453145,0.04107098,1.0
2454204.3765040003,0.7702085,0.73288195,3.49362663,0.04107602,-0.1870074,3.09445118,0.04107708,1.0
2454204.381805,0.8147199,0.73283501,3.49362996,0.04108215,-0.18701952,3.09437051,0.0410832,1.0
2454204.387072,0.9124484,0.73278837,3.49363326,0.04108824,-0.18703155,3.09429035,0.04108929,1.0
2454204.392339,1.008807,0.73274174,3.49363657,0.04109433,-0.18704357,3.09421021,0.04109538,1.0
2454204.39762,1.067108,0.73269498,3.49363988,0.04110043,-0.18705561,3.09412984,0.04110149,1.0
2454204.402926,1.118429,0.732648,3.49364321,0.04110656,-0.18706771,3.0940491000000003,0.04110762,1.0
2454204.40822,1.18962,0.73260112,3.49364653,0.04111268,-0.18707977,3.09396854,0.04111374,1.0
2454204.414006,1.245685,0.73254989,3.49365016,0.04111937,-0.18709294,3.09388051,0.04112042,1.0
2454204.419284,1.273528,0.73250315,3.49365347,0.04112547,-0.18710495,3.0938002,0.04112653,1.0
2454204.426343,1.298399,0.73244065,3.49365789,0.04113363,-0.187121,3.0936928,0.04113469,1.0
2454204.431643,1.286496,0.73239371,3.49366121,0.04113976,-0.18713304,3.09361216,0.04114081,1.0
2454204.436949,1.281765,0.73234674,3.49366453,0.04114589,-0.18714509,3.09353144,0.04114694,1.0
2454204.442277,1.23882,0.73229955,3.49366787,0.04115205,-0.18715718,3.09345038,0.0411531,1.0
2454204.4475490004,1.222949,0.73225287,3.49367117,0.04115814,-0.18716913,3.09337017,0.0411592,1.0
2454204.45283,1.080957,0.73220611,3.49367448,0.04116425,-0.1871811,3.09328985,0.0411653,1.0
2454204.4581330004,1.017205,0.73215915,3.4936778,0.04117038,-0.18719311,3.09320917,0.04117143,1.0
2454204.463426,0.9302687,0.73211228,3.49368111,0.0411765,-0.18720509,3.09312867,0.04117755,1.0
2454204.470788,0.8275768,0.7320471,3.49368572,0.041185,-0.18722174,3.09301669,0.04118606,1.0
2454204.476066,0.7859742,0.73200036,3.49368902,0.04119111,-0.18723367,3.09293641,0.04119216,1.0
2454204.481367,0.7903296999999999,0.73195341,3.49369234,0.04119723,-0.18724565,3.09285578,0.04119829,1.0
2454204.486625,0.7917869000000001,0.73190686,3.49369563,0.04120331,-0.18725751,3.09277582,0.04120436,1.0
2454204.4919,0.8207450999999999,0.73186014,3.49369892,0.04120941,-0.18726942,3.09269558,0.04121046,1.0
2454204.497185,0.7505995,0.73181335,3.49370223,0.04121552,-0.18728133,3.09261522,0.04121657,1.0
2454204.502457,0.8515463,0.73176666,3.49370552,0.04122161,-0.18729321,3.09253504,0.04122266,1.0
2454204.507765,0.9049161,0.73171966,3.49370884,0.04122775,-0.18730516,3.09245433,0.0412288,1.0
2454204.51306,0.9380118,0.73167277,3.49371215,0.04123387,-0.18731708,3.0923738,0.04123492,1.0
2454204.516555,0.9572122,0.73164182,3.49371433,0.04123791,-0.18732494,3.09232065,0.04123896,1.0
2454204.521896,1.0041719999999998,0.73159453,3.49371767,0.04124408,-0.18733694,3.09223945,0.04124513,1.0
2454204.527146,1.08895,0.73154804,3.49372095,0.04125015,-0.18734874,3.09215961,0.0412512,1.0
2454204.532402,1.128777,0.7315015,3.49372423,0.04125622,-0.18736054,3.09207971,0.04125728,1.0
2454204.539393,1.133988,0.73143958,3.49372859,0.0412643,-0.18737622,3.09197341,0.04126536,1.0
2454204.544637,1.177629,0.73139315,3.49373186,0.04127036,-0.18738798,3.09189369,0.04127142,1.0
2454204.549893,1.147647,0.73134661,3.49373514,0.04127644,-0.18739976,3.09181378,0.04127749,1.0
2454204.555703,1.190716,0.73129516,3.49373877,0.04128316,-0.18741277,3.09172546,0.04128421,1.0
2454204.561012,1.170061,0.73124814,3.49374208,0.04128929,-0.18742465,3.09164474,0.04129034,1.0
2454211.322883,0.759842,0.67126417,3.49743924,0.04909841,-0.196616,2.9912689,0.0490994,1.0
2454211.329278,0.8796771000000001,0.67120734,3.49744224,0.04910579,-0.19661919,2.99117645,0.04910678,1.0
2454211.334706,0.9425911,0.67115911,3.49744479,0.04911205,-0.19662189,2.991098,0.04911304,1.0
2454211.340042,1.027835,0.67111168,3.4974473,0.04911821,-0.19662454,2.99102087,0.0491192,1.0
2454211.345359,1.030678,0.67106444,3.49744979,0.04912434,-0.19662716,2.99094403,0.04912534,1.0
2454211.3506400003,1.138474,0.6710175,3.49745227,0.04913044,-0.19662977,2.9908677000000004,0.04913143,1.0
2454211.355904,1.187745,0.67097072,3.49745474,0.04913651,-0.19663236,2.99079163,0.04913751,1.0
2454211.361166,1.227788,0.67092396,3.49745721,0.04914258,-0.19663494,2.99071559,0.04914358,1.0
2454211.366421,1.233455,0.67087726,3.49745967,0.04914865,-0.19663751,2.99063965,0.04914964,1.0
2454211.371739,1.234592,0.67083,3.49746216,0.04915478,-0.19664011,2.99056282,0.04915578,1.0
2454211.377017,1.212057,0.6707831,3.49746463,0.04916087,-0.19664268,2.99048655,0.04916187,1.0
2454211.382296,1.2009450000000002,0.67073619,3.49746711,0.04916696,-0.19664524,2.99041029,0.04916796,1.0
2454211.387569,1.123889,0.67068932,3.49746958,0.04917305,-0.19664779,2.9903341,0.04917404,1.0
2454211.392851,1.077267,0.67064239,3.49747205,0.04917914,-0.19665034,2.9902578,0.04918014,1.0
2454211.39816,1.01935,0.6705952,3.49747453,0.04918527,-0.1966529,2.9901811,0.04918626,1.0
2454211.403442,0.9636589,0.67054826,3.49747701,0.04919136,-0.19665543,2.99010479,0.04919236,1.0
2454211.409649,0.8756354,0.6704931,3.49747991,0.04919853,-0.1966584,2.99001514,0.04919952,1.0
2454211.416016,0.8074643,0.67043651,3.49748289,0.04920587,-0.19666144,2.98992316,0.04920687,1.0
2454211.421749,0.7971193,0.67038557,3.49748557,0.04921249,-0.19666417,2.98984037,0.04921348,1.0
2454211.427027,0.7978538000000001,0.67033866,3.49748803,0.04921858,-0.19666667,2.98976413,0.04921957,1.0
2454211.432331,0.8308513000000001,0.67029153,3.49749051,0.0492247,-0.19666918,2.98968754,0.04922569,1.0
2454211.437586,0.8533424000000001,0.67024482,3.49749297,0.04923076,-0.19667166,2.98961165,0.04923175,1.0
2454211.442865,0.8902732,0.67019791,3.49749543,0.04923685,-0.19667414,2.98953542,0.04923785,1.0
2454211.448125,0.9601155,0.67015116,3.49749789,0.04924292,-0.19667661,2.98945946,0.04924391,1.0
2454211.453398,1.008146,0.67010431,3.49750035,0.04924901,-0.19667907,2.98938333,0.04925,1.0
2454211.458679,1.083237,0.67005737,3.49750281,0.0492551,-0.19668153,2.98930708,0.04925609,1.0
2454211.4639310003,1.118725,0.67001069,3.49750527,0.04926116,-0.19668398,2.98923124,0.04926215,1.0
2454211.469189,1.167141,0.66996397,3.49750772,0.04926723,-0.19668641,2.98915534,0.04926822,1.0
2454211.474441,1.2244,0.66991729,3.49751017,0.04927329,-0.19668884,2.98907951,0.04927428,1.0
2454211.479709,1.223272,0.66987048,3.49751262,0.04927936,-0.19669127,2.98900347,0.04928036,1.0
2454211.4849630003,1.192129,0.66982378,3.49751507,0.04928543,-0.19669369,2.98892762,0.04928642,1.0
2454211.490273,1.1812,0.66977659,3.49751755,0.04929155,-0.19669612,2.98885098,0.04929255,1.0
2454211.495519,1.147951,0.66972997,3.49751999,0.04929761,-0.19669852,2.98877525,0.0492986,1.0
2454211.500795,1.082239,0.66968307,3.49752245,0.0493037,-0.19670093,2.9886991000000003,0.04930469,1.0
2454211.511307,0.9707853,0.66958965,3.49752734,0.04931582,-0.1967057,2.98854739,0.04931682,1.0
2454211.522456,0.8015365,0.66949057,3.49753253,0.04932869,-0.19671073,2.9883865000000003,0.04932968,1.0
2454211.527773,0.7249753999999999,0.66944332,3.497535,0.04933482,-0.19671312,2.98830978,0.04933581,1.0
2454211.534845,0.6878968000000001,0.66938046,3.49753829,0.04934298,-0.19671628,2.98820773,0.04934397,1.0
2454211.543604,0.691072,0.66930262,3.49754236,0.04935309,-0.19672019,2.98808136,0.04935408,1.0
2454211.548885,0.7549589,0.66925568,3.49754481,0.04935918,-0.19672253,2.98800516,0.04936017,1.0
2454211.555896,0.8572812,0.66919337,3.49754807,0.04936727,-0.19672563,2.98790402,0.04936826,1.0
2454218.605274,0.7577176,0.60643955,3.50025237,0.05749202,-0.19382836,2.88957528,0.05749294,1.0
2454218.610946,0.8216888000000001,0.60638897,3.50025409,0.05749855,-0.19382133,2.88949905,0.05749947,1.0
2454218.616641,0.8845194,0.60633819,3.50025581,0.0575051,-0.19381426,2.88942254,0.05750602,1.0
2454218.6220110003,0.95391,0.60629031,3.50025743,0.05751129,-0.19380759,2.88935039,0.057512199999999986,1.0
2454218.626792,1.010898,0.60624767,3.50025888,0.05751679,-0.19380164,2.88928615,0.05751771,1.0
2454218.632938,1.089199,0.60619287,3.50026073,0.05752387,-0.19379399,2.88920359,0.05752478,1.0
2454218.638135,1.1585299999999998,0.60614653,3.5002623,0.05752985,-0.19378752,2.88913378,0.05753077,1.0
2454218.643622,1.186608,0.60609761,3.50026396,0.05753617,-0.19378067,2.88906008,0.05753709,1.0
2454218.649953,1.216487,0.60604115,3.50026587,0.05754346,-0.19377277,2.88897504,0.05754437,1.0
2454218.654989,1.199796,0.60599625,3.50026739,0.05754925,-0.19376647,2.88890742,0.05755017,1.0
2454218.661042,1.184424,0.60594227,3.50026921,0.05755622,-0.1937589,2.88882612,0.05755714,1.0
2454218.666216,1.139482,0.60589613,3.50027077,0.05756218,-0.19375242,2.88875664,0.0575631,1.0
2454218.6709740004,1.081203,0.60585371,3.5002722,0.05756766,-0.19374646,2.88869275,0.05756857,1.0
2454218.676703,1.0090370000000002,0.60580262,3.50027393,0.05757425,-0.19373927,2.88861582,0.05757517,1.0
2454218.6819700003,0.9408218,0.60575566,3.50027551,0.05758032,-0.19373265,2.88854512,0.05758123,1.0
2454218.687792,0.866777,0.60570374,3.50027726,0.05758702,-0.19372533,2.88846695,0.05758794,1.0
2454218.693846,0.7753671,0.60564976,3.50027908,0.05759399,-0.19371771,2.88838568,0.05759491,1.0
2454218.698742,0.715661,0.6056060999999999,3.50028055,0.05759963,-0.19371154,2.88831996,0.05760054,1.0
2454218.70505,0.6815651,0.60554984,3.50028245,0.05760689,-0.19370359,2.88823528,0.05760781,1.0
2454218.710039,0.6891399,0.60550536,3.50028395,0.05761263,-0.19369729,2.88816832,0.05761355,1.0
2454218.713384,0.7130293000000001,0.60547553,3.50028495,0.05761648,-0.19369306,2.88812343,0.0576174,1.0
2454218.718582,0.7577176,0.60542919,3.50028651,0.05762247,-0.19368649,2.88805367,0.05762338,1.0
2454218.724276,0.8292917999999999,0.60537841,3.50028822,0.05762902,-0.19367929,2.88797726,0.05762994,1.0
2454218.729346,0.9143392,0.60533319,3.50028974,0.05763486,-0.19367286,2.88790922,0.05763578,1.0
2454218.735782,1.005327,0.60527581,3.50029167,0.05764227,-0.1936647,2.88782287,0.05764319,1.0
2454218.740655,1.044979,0.60523235,3.50029313,0.05764788,-0.19365852,2.88775748,0.057648800000000014,1.0
2454218.746396,1.103335,0.60518116,3.50029485,0.05765449,-0.19365122,2.88768046,0.0576554,1.0
2454218.751848,1.166023,0.60513254,3.50029648,0.05766077,-0.19364429,2.88760732,0.05766168,1.0
2454218.757045,1.195384,0.60508619,3.50029803,0.05766675,-0.19363767,2.8875376,0.05766767,1.0
2454218.762601,1.208669,0.60503665,3.50029969,0.05767314,-0.19363059,2.88746308,0.05767406,1.0
2454218.768157,1.208669,0.6049871,3.50030135,0.05767954,-0.1936235,2.88738855,0.05768046,1.0
2454218.773713,1.197588,0.60493756,3.50030301,0.05768594,-0.19361641,2.88731404,0.05768685,1.0
2454218.779523,1.161736,0.60488575,3.50030475,0.05769263,-0.19360898,2.88723611,0.05769354,1.0
2454218.785161,1.123847,0.60483548,3.50030643,0.05769912,-0.19360177,2.88716051,0.05770003,1.0
2454218.790798,1.057566,0.60478521,3.50030811,0.05770561,-0.19359455,2.88708492,0.05770652,1.0
2454218.7964580003,0.9942767,0.60473474,3.5003098,0.05771212,-0.19358729,2.88700903,0.05771304,1.0
2454218.802072,0.9364993,0.60468467,3.50031148,0.05771859,-0.19358009,2.88693376,0.057719500000000014,1.0
2454218.80772,0.8699761999999999,0.6046343000000001,3.50031316,0.05772509,-0.19357283,2.88685803,0.057726,1.0
2454218.8127900003,0.8066913,0.60458909,3.50031467,0.05773092,-0.19356631,2.88679007,0.05773184,1.0
2454218.818392,0.7775125,0.60453913,3.50031634,0.05773737,-0.1935591,2.88671497,0.05773829,1.0
2454218.823868,0.7577176,0.60449031,3.50031797,0.05774368,-0.19355205,2.88664157,0.05774459,1.0
2454218.8292610003,0.7542361999999999,0.60444221,3.50031957,0.05774989,-0.19354509,2.88656928,0.05775080000000001,1.0
2454218.834818,0.7992955,0.60439266,3.50032122,0.05775628,-0.19353792,2.88649481,0.0577572,1.0
2454218.846762,0.9101385,0.60428614,3.50032477,0.05777003,-0.19352248,2.88633473,0.05777095,1.0
2454218.8508490003,0.9504025,0.6042496999999999,3.50032599,0.05777474,-0.19351719,2.88627998,0.05777565,1.0
2454218.856566,1.030641,0.60419871,3.50032769,0.05778132,-0.19350978,2.88620337,0.05778223,1.0
2454218.862285,1.099278,0.60414772,3.50032938,0.0577879,-0.19350236,2.88612675,0.05778882,1.0
2454218.86798,1.1585299999999998,0.60409693,3.50033107,0.05779446,-0.19349497,2.88605045,0.05779537,1.0
2454218.873675,1.197588,0.60404614,3.50033276,0.05780101,-0.19348757,2.88597416,0.05780193,1.0
2454218.878351,1.227743,0.60400444,3.50033415,0.0578064,-0.19348148,2.88591152,0.05780731,1.0
2454218.884277,1.235684,0.60395159,3.5003359,0.05781322,-0.19347377,2.88583213,0.05781414,1.0
2454218.889324,1.222102,0.60390659,3.5003374,0.05781903,-0.19346719,2.88576454,0.05781994,1.0
2454218.894544,1.193184,0.60386003,3.50033894,0.05782504,-0.19346038,2.88569462,0.05782595,1.0
2454218.900112,1.122812,0.60381038,3.50034059,0.05783145,-0.19345311,2.88562006,0.05783236,1.0
2454218.905668,1.04787,0.60376083,3.50034223,0.05783785,-0.19344585,2.88554565,0.05783876,1.0
2454218.911212,0.9970284,0.60371139,3.50034387,0.05784423,-0.1934386,2.8854714,0.05784514,1.0
2454218.91678,0.9143392,0.60366174,3.50034552,0.05785064,-0.19343131,2.88539686,0.05785155,1.0
2454225.2990880003,0.7659931,0.5466686,3.50176068,0.06518931,-0.18055119,2.80323455,0.06519015,1.0
2454225.305706,0.8006171,0.54660943,3.50176165,0.06519691,-0.18053339,2.80315304,0.06519775,1.0
2454225.312707,0.8746309999999999,0.54654682,3.50176269,0.06520495,-0.18051455,2.80306682,0.06520579,1.0
2454225.317513,0.9209259,0.54650385,3.5017634,0.06521047,-0.18050161,2.80300763,0.06521131,1.0
2454225.330826,1.072075,0.5463848000000001,3.50176535,0.06522576,-0.18046574,2.80284372,0.0652266,1.0
2454225.335649,1.131944,0.54634168,3.50176606,0.06523129999999999,-0.18045274,2.80278435,0.06523214,1.0
2454225.344724,1.218499,0.54626053,3.5017674,0.06524173,-0.18042826,2.80267264,0.06524256,1.0
2454225.350516,1.251482,0.54620874,3.50176825,0.06524838,-0.18041263,2.80260136,0.06524922,1.0
2454225.35533,1.2630629999999998,0.54616569,3.50176895,0.06525391,-0.18039963,2.8025421,0.06525474,1.0
2454225.360119,1.274749,0.54612286,3.50176965,0.06525941,-0.1803867,2.80248316,0.06526024,1.0
2454225.364901,1.237727,0.54608011,3.50177035,0.0652649,-0.18037378,2.80242433,0.06526574,1.0
2454225.3696580003,1.209553,0.54603757,3.50177105,0.06527036,-0.18036092,2.80236579,0.0652712,1.0
2454225.374429,1.159377,0.54599491,3.50177174,0.06527584,-0.18034802,2.8023071,0.06527668,1.0
2454225.386591,0.9995972,0.54588615,3.50177352,0.06528981,-0.18031511,2.80215746,0.06529065,1.0
2454225.396168,0.8746309999999999,0.54580051,3.50177491,0.06530081,-0.18028918,2.80203967,0.06530165,1.0
2454225.40637,0.7478678000000001,0.54570929,3.5017764,0.06531253,-0.18026153,2.8019142,0.06531336,1.0
2454225.411161,0.7335418,0.54566644,3.50177709,0.06531803,-0.18024854,2.80185528,0.06531886,1.0
2454225.41588,0.7294993000000001,0.54562424,3.50177778,0.06532345,-0.18023574,2.80179725,0.06532428,1.0
2454225.422255,0.7527052,0.54556724,3.5017787000000005,0.06533077,-0.18021844,2.80171887,0.06533161,1.0
2454225.427059,0.8080251,0.54552428,3.5017794,0.06533629,-0.18020539,2.80165981,0.06533712,1.0
2454225.433681,0.8974801,0.54546507,3.50178036,0.06534389,-0.18018741,2.8015784,0.06534473,1.0
2454225.4416650003,1.005136,0.54539367,3.50178151,0.06535306,-0.18016571,2.80148026,0.06535389999999999,1.0
2454225.448062,1.079008,0.54533647,3.50178243,0.06536041,-0.18014832,2.80140164,0.06536124,1.0
2454225.454417,1.134031,0.54527963,3.50178335,0.06536771,-0.18013103,2.80132353,0.06536854,1.0
2454225.459202,1.180932,0.54523685,3.50178404,0.06537319999999999,-0.18011801,2.80126474,0.06537404,1.0
2454225.464026,1.202887,0.54519371,3.50178473,0.06537874,-0.18010488,2.80120546,0.06537958,1.0
2454225.468828,1.211783,0.54515076,3.50178543,0.06538426,-0.1800918,2.80114645,0.06538509,1.0
2454225.476239,1.22525,0.5450845,3.50178649,0.06539277,-0.18007161,2.80105541,0.06539360000000001,1.0
2454225.481039,1.217376,0.54504157,3.50178718,0.06539828,-0.18005852,2.80099644,0.06539912,1.0
2454225.4858150003,1.187476,0.54499887,3.50178787,0.06540376,-0.1800455,2.80093778,0.0654046,1.0
2454225.492188,1.155114,0.54494187,3.50178878,0.06541108,-0.18002811,2.80085949,0.06541192,1.0
2454225.496991,1.117442,0.54489892,3.50178947,0.06541659999999999,-0.180015,2.8008005,0.06541744,1.0
2454225.501819,1.034248,0.54485575,3.50179016,0.06542214,-0.18000182,2.80074121,0.06542298,1.0
2454225.508284,0.9625539,0.54479793,3.50179108,0.06542957,-0.17998416,2.80066182,0.0654304,1.0
2454225.513059,0.8778591999999998,0.54475523,3.50179176,0.06543505,-0.17997111,2.80060318,0.06543589,1.0
2454225.523914,0.7737932,0.54465816,3.50179331,0.06544752,-0.17994144,2.80046991,0.06544835,1.0
2454225.528763,0.7471793000000001,0.5446148000000001,3.5017940000000003,0.06545309,-0.17992817,2.80041039,0.06545392,1.0
2454225.533563,0.7695288,0.54457187,3.50179469,0.0654586,-0.17991503,2.80035146,0.06545943,1.0
2454225.538365,0.7575736999999999,0.54452893,3.50179537,0.06546411,-0.17990189,2.80029252,0.06546495,1.0
2454225.543144,0.8177581,0.5444861999999999,3.50179605,0.0654696,-0.1798888,2.80023387,0.06547044,1.0
2454225.547975,0.8484473,0.54444299,3.50179674,0.06547515,-0.17987556,2.80017457,0.06547599,1.0
2454225.552778,0.8941798000000001,0.54440004,3.50179742,0.06548067,-0.1798624,2.80011563,0.06548150000000001,1.0
2454225.558121,0.9696716,0.54435226,3.50179818,0.06548680000000001,-0.17984775,2.80005007,0.06548764,1.0
2454225.562923,1.043818,0.54430932,3.50179886,0.06549232,-0.17983458,2.79999114,0.06549315,1.0
2454225.567769,1.088992,0.54426598,3.50179954,0.06549788,-0.17982128,2.79993168,0.06549872,1.0
2454261.617146,0.7531094,0.22001035,3.49162977,0.1065461,0.02252249,2.49583387,0.10654636,1.0
2454261.622621,0.7857023,0.21996088,3.49162587,0.10655227,0.02256388,2.4958113,0.10655253,1.0
2454261.628072,0.8418953000000001,0.21991163,3.491622,0.10655842,0.02260508,2.49578884,0.10655868,1.0
2454261.633153,0.8921915000000001,0.21986573,3.49161838,0.10656414,0.0226435,2.49576791,0.1065644,1.0
2454261.63872,0.9437524,0.21981543,3.49161442,0.10657042,0.02268558,2.49574499,0.10657068,1.0
2454261.643709,1.010318,0.21977035,3.49161088,0.10657604,0.0227233,2.49572446,0.1065763,1.0
2454261.649196,1.0716629999999998,0.21972079,3.49160697,0.10658223,0.02276478,2.49570188,0.10658249,1.0
2454261.654751,1.107792,0.2196706,3.49160302,0.10658849,0.02280678,2.49567903,0.10658875,1.0
2454261.660307,1.1525459999999998,0.2196204,3.49159906,0.10659475,0.02284879,2.49565619,0.10659501,1.0
2454261.665874,1.1980030000000002,0.2195701,3.4915951,0.10660103,0.02289089,2.4956333,0.10660129,1.0
2454261.671429,1.233838,0.21951991,3.49159114,0.10660729,0.0229329,2.49561048,0.10660755,1.0
2454261.676985,1.227039,0.21946971,3.49158719,0.10661355,0.02297491,2.49558766,0.10661381,1.0
2454261.682645,1.165354,0.21941858,3.49158315,0.10661993,0.02301771,2.49556442,0.10662019,1.0
2454261.688317,1.135685,0.21936734,3.49157911,0.10662632,0.0230606,2.49554114,0.10662658,1.0
2454261.693873,1.046304,0.21931714,3.49157515,0.10663259,0.02310262,2.49551834,0.10663284,1.0
2454261.699764,0.990052,0.21926391,3.49157095,0.10663923,0.02314718,2.49549418,0.10663948,1.0
2454261.704845,0.9171873,0.21921801,3.49156733,0.10664495,0.02318561,2.49547334,0.10664521,1.0
2454261.717576,0.7988368,0.21910298,3.49155825,0.1066593,0.02328191,2.49542117,0.10665956,1.0
2454261.721546,0.7642898,0.21906711,3.49155542,0.10666378,0.02331194,2.49540491,0.10666403,1.0
2454261.72687,0.7462048000000001,0.21901901,3.49155162,0.10666978,0.02335222,2.49538311,0.10667004,1.0
2454261.732427,0.7386829,0.21896881,3.49154766,0.10667604,0.02339425,2.49536037,0.1066763,1.0
2454261.737971,0.7579806,0.21891872,3.4915437000000007,0.10668229,0.0234362,2.49533768,0.10668255,1.0
2454261.743526,0.814438,0.21886853,3.49153974,0.10668855,0.02347822,2.49531496,0.10668881,1.0
2454261.749094,0.8742950999999999,0.21881822,3.49153576,0.10669483,0.02352035,2.49529219,0.10669508,1.0
2454261.754649,0.9551203,0.21876803,3.49153179,0.10670109,0.02356238,2.49526949,0.10670134,1.0
2454261.760193,1.010318,0.21871794,3.49152783,0.10670734,0.02360433,2.49524683,0.10670759,1.0
2454261.76576,1.056959,0.21866764,3.49152386,0.10671361,0.02364646,2.49522409,0.10671387,1.0
2454261.771316,1.102701,0.21861744,3.49151989,0.10671987,0.0236885,2.49520141,0.10672013,1.0
2454261.776872,1.1388280000000002,0.21856725,3.49151592,0.10672613,0.02373054,2.49517873,0.10672639,1.0
2454261.782428,1.163209,0.21851705,3.49151194,0.10673239999999998,0.02377259,2.49515606,0.10673265,1.0
2454261.7879830003,1.171812,0.21846686,3.49150797,0.10673866,0.02381463,2.4951334,0.10673891,1.0
2454261.793539,1.164282,0.21841666,3.491504,0.10674492,0.02385668,2.49511075,0.10674518,1.0
2454261.799095,1.139877,0.21836646,3.49150003,0.10675118,0.02389873,2.4950881000000003,0.10675144,1.0
2454261.80465,1.0895780000000002,0.21831627,3.49149605,0.10675744,0.02394078,2.49506547,0.1067577,1.0
2454261.810194,1.009388,0.21826618,3.49149209,0.10676369,0.02398275,2.49504288,0.10676395,1.0
2454261.81575,0.9621841,0.21821598,3.49148811,0.10676995,0.0240248,2.49502026,0.10677021,1.0
2454261.821306,0.907106,0.21816579,3.49148414,0.10677621,0.02406685,2.49499765,0.10677647,1.0
2454261.826862,0.8536072,0.21811559,3.49148016,0.10678247,0.02410892,2.49497504,0.10678273,1.0
2454261.832429,0.8047446,0.21806529,3.49147617,0.10678875,0.02415106,2.4949524,0.10678901,1.0
2454261.837984,0.7614793000000001,0.2180151,3.49147219,0.10679501,0.02419312,2.49492981,0.10679527,1.0
2454261.8435400003,0.7607782,0.2179649,3.49146821,0.10680127,0.02423518,2.49490723,0.10680153,1.0
2454261.871319,0.9612982,0.21771392,3.49144831,0.10683258,0.02444552,2.49479444,0.10683283,1.0
2454261.8768740003,1.014047,0.21766373,3.49144432,0.10683884,0.02448759,2.49477191,0.10683909,1.0
2454261.88243,1.068705,0.21761353,3.49144034,0.1068451,0.02452967,2.49474938,0.10684536,1.0
2454261.888448,1.111881,0.21755916,3.49143602,0.10685188,0.02457524,2.49472499,0.10685214,1.0
2454261.894421,1.148307,0.21750519,3.49143174,0.10685861,0.02462048,2.49470079,0.10685887,1.0
2454261.8993740003,1.220276,0.21746044,3.49142818,0.1068642,0.024658000000000003,2.49468073,0.10686445,1.0
2454261.905335,1.1664290000000002,0.21740658,3.4914239,0.10687091,0.02470315,2.49465659,0.10687117,1.0
2454261.910197,1.1525459999999998,0.21736266,3.49142041,0.10687639,0.02473997,2.49463692,0.10687665,1.0
2454261.915753,1.102701,0.21731246,3.49141643,0.10688265,0.02478206,2.49461444,0.10688291,1.0
2454261.921308,1.061837,0.21726227,3.49141244,0.10688891,0.02482414,2.49459197,0.10688917,1.0
2454261.926864,1.056959,0.21721207,3.49140845,0.10689518,0.02486623,2.49456951,0.10689543,1.0
2454261.932419,0.9560006,0.21716187,3.49140446,0.10690144,0.02490831,2.49454706,0.10690169,1.0
2454304.556978,1.174424,-0.16847173,3.43867856,0.15414817,0.33570595,2.55661314,0.15414776,1.0
2454304.559386,1.211783,-0.1684935,3.43867432,0.15415079,0.33571948,2.55662931,0.15415037,1.0
2454304.5633900003,1.225251,-0.16852969,3.43866726,0.15415514,0.33574198,2.55665619,0.15415473,1.0
2454304.568355,1.253791,-0.16857457,3.43865852,0.15416054,0.33576988,2.55668953,0.15416012,1.0
2454304.5879490003,1.215136,-0.1687517,3.43862401,0.15418185,0.33587993,2.55682117,0.15418143,1.0
2454304.592116,1.172262,-0.16878937,3.43861666,0.15418638,0.33590333,2.55684918,0.15418596,1.0
2454304.596283,1.113332,-0.16882704,3.43860932,0.15419091,0.33592672,2.55687719,0.15419049,1.0
2454304.600634,1.082991,-0.16886638,3.43860166,0.15419564,0.33595116,2.55690644,0.15419522,1.0
2454304.604812,1.03711,-0.16890415,3.43859429,0.15420018,0.33597461,2.55693453,0.15419976,1.0
2454304.608978,0.9858814,-0.16894181,3.43858695,0.15420471,0.33599799,2.55696255,0.15420429,1.0
2454304.613134,0.9320192,-0.16897937,3.43857963,0.15420923,0.33602131,2.5569905,0.15420881,1.0
2454304.619198,0.8547219000000001,-0.16903419,3.43856894,0.15421582,0.33605534,2.55703128,0.1542154,1.0
2454304.623364,0.8117548000000001,-0.16907186,3.4385616000000003,0.15422035,0.33607872,2.55705932,0.15421993,1.0
2454304.626813,0.7918170999999999,-0.16910304,3.43855552,0.1542241,0.33609807,2.55708253,0.15422368,1.0
2454304.63098,0.7889053,-0.1691407,3.43854817,0.15422863,0.33612144,2.55711057,0.15422821,1.0
2454304.635146,0.7787980999999999,-0.16917836,3.43854083,0.15423316,0.33614481,2.5571386,0.15423274,1.0
2454304.6393130003,0.7831138000000001,-0.16921603,3.43853348,0.15423769,0.33616818,2.55716665,0.15423727,1.0
2454304.64348,0.8298983,-0.1692537,3.43852614,0.15424222,0.33619154,2.55719471,0.15424179999999998,1.0
2454304.647645,0.877051,-0.16929136,3.43851879,0.15424675,0.33621490000000004,2.55722276,0.15424633,1.0
2454304.651812,0.9124832,-0.16932902,3.43851144,0.15425128,0.33623827,2.55725082,0.15425086,1.0
2454304.655979,0.9643279,-0.16936669,3.4385041,0.15425581,0.33626163,2.55727888,0.15425539,1.0
2454304.660145,0.9867904,-0.16940435,3.43849675,0.15426034,0.33628498,2.55730694,0.15425992,1.0
2454304.664845,1.069116,-0.16944683,3.43848846,0.15426544,0.33631132,2.5573386,0.15426503,1.0
2454304.668686,1.112308,-0.16948156,3.43848169,0.15426962,0.33633285,2.55736449,0.1542692,1.0
2454304.673397,1.154051,-0.16952415,3.43847338,0.15427474,0.33635925,2.55739624,0.15427432,1.0
2454304.677344,1.210668,-0.16955983,3.43846642,0.15427903,0.33638136,2.55742284,0.15427861,1.0
2454304.681279,1.215136,-0.1695954,3.43845948,0.15428331,0.33640341,2.55744936,0.15428289,1.0
2454304.685781,1.25726,-0.16963609,3.43845153,0.1542882,0.33642863,2.55747971,0.15428778,1.0
2454304.689739,1.252636,-0.16967187,3.43844455,0.15429251,0.3364508,2.5575064,0.15429209,1.0
2454304.69578,1.218498,-0.16972649,3.43843389,0.15429908,0.33648463,2.55754714,0.15429865,1.0
2454304.700294,1.199568,-0.16976729,3.43842593,0.15430398,0.33650991,2.55757759,0.15430356,1.0
2454304.704241,1.206216,-0.16980297,3.43841896,0.15430827,0.33653201,2.55760422,0.15430785,1.0
2454304.708349,1.152988,-0.1698401,3.43841171,0.15431274,0.33655501,2.55763193,0.15431232,1.0
2454304.713049,1.093012,-0.16988259,3.43840342,0.15431785,0.33658132,2.55766364,0.15431743,1.0
2454304.7187650003,1.026656,-0.16993427,3.43839333,0.15432406,0.33661332,2.55770223,0.15432364,1.0
2454304.723441,0.9598975,-0.16997653,3.43838508,0.15432914,0.33663949,2.55773379,0.15432872,1.0
2454304.727573,0.8884334,-0.17001389,3.43837778,0.15433364,0.33666261,2.55776169,0.15433322,1.0
2454304.731705,0.8398948,-0.17005124,3.43837049,0.15433813,0.33668573,2.55778958,0.15433771,1.0
2454304.735837,0.7506282,-0.17008859,3.4383632000000004,0.15434262,0.33670884,2.55781749,0.1543422,1.0
2454304.7399560004,0.7175049,-0.17012583,3.43835592,0.1543471,0.33673189,2.55784531,0.15434668,1.0
2454304.744088,0.7083124,-0.17016318,3.43834863,0.15435159,0.336755,2.55787322,0.15435117,1.0
2454304.748209,0.705058,-0.17020043,3.43834135,0.15435607,0.33677805,2.55790106,0.15435565,1.0
2454304.752341,0.7128938,-0.17023778,3.43833406,0.15436056,0.33680116,2.55792898,0.15436014,1.0
2454304.767386,0.8492291,-0.17037379,3.43830749,0.15437691,0.33688528,2.55803067,0.15437649,1.0
2454304.773393,0.9510968,-0.17042809,3.43829688,0.15438344,0.33691886,2.55807128,0.15438302,1.0
2454304.777733,1.025711,-0.17046732,3.43828921,0.15438816,0.33694311,2.55810063,0.15438774,1.0
2454359.385359,1.288712,-0.66037381,3.30447046,0.21182496,0.33672791,3.17399835,0.211823,1.0
2454359.391815,1.31509,-0.66043107,3.30445019,0.21183149,0.33668325,3.1740878,0.21182953,1.0
2454359.396394,1.289898,-0.66047167,3.30443581,0.21183613,0.33665157,3.17415124,0.21183417,1.0
2454359.403305,1.229576,-0.66053296,3.30441411,0.21184312,0.33660374,3.1742470000000003,0.21184116,1.0
2454359.406909,1.193866,-0.66056492,3.3044028,0.21184677,0.3365788,3.17429693,0.21184481,1.0
2454359.410501,1.168841,-0.66059677,3.30439152,0.2118504,0.33655393,3.17434669,0.21184844,1.0
2454359.414094,1.109062,-0.66062863,3.30438023,0.21185404,0.33652906,3.17439647,0.21185208,1.0
2454359.417686,1.090827,-0.66066049,3.30436895,0.21185767,0.33650418,3.17444625,0.21185571,1.0
2454359.420799,1.035037,-0.66068809,3.30435918,0.21186082,0.33648262,3.17448938,0.21185886,1.0
2454359.4243650003,0.9975984,-0.66071971,3.30434798,0.21186443,0.33645792,3.17453878,0.21186247,1.0
2454359.427957,0.9344493,-0.66075157,3.3043367,0.21186806,0.33643303,3.17458856,0.2118661,1.0
2454359.43155,0.887474,-0.66078343,3.30432541,0.2118717,0.33640814,3.17463834,0.21186974,1.0
2454359.435132,0.8506593000000001,-0.66081519,3.30431416,0.21187532,0.33638332,3.17468797,0.21187336,1.0
2454359.438726,0.8027044,-0.66084705,3.30430288,0.21187896,0.33635841,3.17473776,0.211877,1.0
2454359.442302,0.7708246999999999,-0.66087877,3.30429164,0.21188258,0.33633361,3.17478732,0.21188062,1.0
2454359.449026,0.7750961999999999,-0.66093839,3.30427052,0.21188938,0.336287,3.17488048,0.21188742,1.0
2454359.452622,0.7187131999999999,-0.66097028,3.30425923,0.21189302,0.33626206,3.1749303,0.21189106,1.0
2454359.456213,0.7574529000000001,-0.66100213,3.30424795,0.21189665,0.33623715,3.17498006,0.21189469,1.0
2454359.4598060003,0.7822680000000001,-0.66103399,3.30423666,0.21190029,0.33621223,3.17502984,0.21189833,1.0
2454359.463389,0.8206456,-0.66106575,3.30422541,0.21190391,0.33618737,3.17507949,0.21190195,1.0
2454359.466992,0.8290021000000001,-0.6610977,3.30421409,0.21190756,0.33616237,3.1751294,0.2119056,1.0
2454359.470583,0.8965110000000001,-0.66112955,3.3042028,0.21191119,0.33613744,3.17517917,0.21190923,1.0
2454359.474176,0.9509459,-0.66116141,3.30419152,0.21191483,0.33611251,3.17522895,0.21191287,1.0
2454359.477765,0.952699,-0.66119323,3.30418024,0.21191846,0.33608759,3.17527868,0.2119165,1.0
2454359.481356,1.009615,-0.66122508,3.30416896,0.21192209,0.33606266,3.17532844,0.21192013,1.0
2454359.484937,1.096871,-0.66125683,3.30415771,0.21192572,0.33603779,3.17537806,0.21192375,1.0
2454359.48852,1.110084,-0.6612886,3.30414645,0.21192934,0.33601291,3.1754277,0.21192738,1.0
2454359.49301,1.175319,-0.66132841,3.30413234,0.21193388,0.33598172,3.17548991,0.21193192,1.0
2454359.496592,1.204913,-0.66136018,3.30412108,0.21193751,0.33595683,3.17553955,0.21193554,1.0
2454359.500195,1.221675,-0.66139213,3.30410976,0.21194115,0.3359318,3.17558947,0.21193919,1.0
2454359.503777,1.264025,-0.66142389,3.30409851,0.21194478,0.33590691,3.1756391,0.21194281,1.0
2454359.507343,1.293467,-0.66145551,3.3040873,0.21194839,0.33588212,3.17568853,0.21194642,1.0
2454359.510926,1.23753,-0.66148728,3.30407604,0.21195201,0.33585721,3.17573817,0.21195005,1.0
2454359.514506,1.230709,-0.66151902,3.30406479,0.21195563,0.33583232,3.17578777,0.21195367,1.0
2454359.518095,1.228445,-0.66155085,3.30405351,0.21195926,0.33580737,3.1758375,0.2119573,1.0
2454359.520993,1.176402,-0.66157655,3.3040443999999995,0.21196219,0.33578721,3.17587767,0.21196023,1.0
2454359.524576,1.155994,-0.66160832,3.30403314,0.21196582,0.33576229,3.17592731,0.21196385,1.0
2454359.528179,1.091831,-0.66164026,3.30402181,0.21196946,0.33573723,3.17597723,0.21196750000000006,1.0
2454359.531761,1.034083,-0.66167202,3.30401056,0.21197309,0.33571231,3.17602686,0.21197112,1.0
2454359.535343,0.986633,-0.66170379,3.3039993,0.21197671,0.33568738,3.17607651,0.21197475,1.0
2454359.538926,0.9465764,-0.66173556,3.30398803,0.21198034,0.33566244,3.17612615,0.21197837,1.0
2454359.542509,0.8761039,-0.66176733,3.30397677,0.21198396,0.33563751,3.1761758,0.211982,1.0
2454359.546103,0.8459713,-0.66179919,3.30396547,0.21198760000000005,0.33561249,3.1762256,0.21198563,1.0
2454359.549695,0.7808285,-0.66183105,3.30395418,0.21199123,0.33558747,3.17627538,0.21198927,1.0
2454359.553279,0.7491273,-0.66186283,3.30394291,0.21199486,0.33556252,3.17632504,0.21199289,1.0
2454359.557407,0.6908052,-0.66189943,3.30392994,0.21199903,0.33553377,3.17638224,0.21199707,1.0
2454359.562957,0.6713602,-0.66194864,3.30391249,0.21200465,0.33549509999999994,3.17645915,0.21200268,1.0
2454359.568924,0.6908052,-0.66200155,3.30389373,0.21201068,0.33545353,3.17654183,0.21200872,1.0
