2444850.75821,1.03878,-2.611933,0.4899452,-0.0005881424,-1.658716,0.16023479999999998,-0.0006012067,1.0
2444850.77548,0.986558,-2.61198,0.4897668,-0.000573176,-1.658671,0.1603362,-0.0005862278,1.0
2444850.79864,0.969444,-2.612043,0.4895275,-0.0005531054,-1.65861,0.1604722,-0.0005661403,1.0
2444850.82135,1.11205,-2.612105,0.4892929,-0.0005334247,-1.658551,0.1606057,-0.0005464429,1.0
2444850.85013,0.997522,-2.6121830000000004,0.4889956,-0.0005084836,-1.6584759999999998,0.1607748,-0.0005214807,1.0
2444850.86304,0.8980959999999999,-2.612218,0.4888622,-0.0004972957,-1.6584419999999995,0.1608507,-0.0005102832,1.0
2444850.87387,0.890682,-2.612248,0.4887504,-0.0004879103,-1.6584139999999998,0.1609144,-0.0005008898000000001,1.0
2444850.8878900004,1.06886,-2.612286,0.4886055,-0.0004757604,-1.658378,0.1609969,-0.0004887295,1.0
2444850.9089200003,1.139,-2.612343,0.4883882000000001,-0.0004575356,-1.658324,0.1611206,-0.0004704891,1.0
2444850.91292,1.10592,-2.6123540000000003,0.4883469,-0.0004540692,-1.658313,0.1611442,-0.0004670196,1.0
2444850.92367,1.00768,-2.6123830000000003,0.4882358,-0.0004447531,-1.6582849999999998,0.16120739999999995,-0.0004576955000000001,1.0
2444850.93135,1.0198200000000002,-2.612404,0.4881565,-0.0004380976,-1.658266,0.1612526,-0.0004510342,1.0
2444850.94076,0.965879,-2.612429,0.4880593,-0.0004299427,-1.658241,0.16130799999999998,-0.0004428723,1.0
2444850.94477,0.927519,-2.6124400000000003,0.4880179,-0.0004264676,-1.6582310000000002,0.1613316,-0.0004393942,1.0
2444850.95861,0.936963,-2.612477,0.4878749,-0.0004144737,-1.658195,0.1614131,-0.0004273899,1.0
2444850.96269,0.935239,-2.612489,0.4878327,-0.000410938,-1.6581849999999998,0.1614372,-0.0004238511,1.0
2444855.69092,1.10525,-2.624843,0.4388983,0.003686431,-1.648673,0.1901554,0.003678453,1.0
2444855.69357,1.11754,-2.62485,0.4388708,0.003688727,-1.648669,0.1901719,0.003680752,1.0
2444855.70257,1.14357,-2.624873,0.4387775,0.003696525,-1.648656,0.1902281,0.003688562,1.0
2444855.72495,1.01079,-2.6249290000000003,0.4385455,0.003715917,-1.648624,0.1903678,0.003707983,1.0
2444855.74188,0.8950809999999999,-2.624972,0.43837,0.003730587,-1.648599,0.1904735,0.003722674,1.0
2444855.75603,0.940724,-2.625007,0.4382233,0.003742848,-1.648579,0.1905619,0.003734953,1.0
2444855.76609,1.01546,-2.625032,0.438119,0.003751565,-1.648565,0.1906247,0.003743683,1.0
2444855.78709,1.08909,-2.625085,0.4379013,0.003769761,-1.648535,0.1907559,0.003761906,1.0
2444855.80195,0.982341,-2.625122,0.4377473,0.003782637,-1.648514,0.1908487,0.003774801,1.0
2444855.81658,0.944196,-2.625159,0.4375956,0.003795314,-1.648493,0.1909402,0.003787496,1.0
2444855.82835,0.869085,-2.625189,0.4374736,0.003805512,-1.6484759999999998,0.1910137,0.00379771,1.0
2444855.83633,0.886875,-2.625209,0.4373908,0.003812427,-1.648465,0.1910636,0.003804635,1.0
2444856.70611,1.01628,-2.627376,0.4283709,0.004566051,-1.647329,0.1965235,0.004559397,1.0
2444856.70887,1.01535,-2.627383,0.4283423,0.004568442,-1.6473259999999998,0.1965409,0.004561792,1.0
2444856.7247,1.00141,-2.627422,0.4281781,0.004582157,-1.647307,0.1966407,0.004575529,1.0
2444856.74335,0.903262,-2.627468,0.4279846,0.004598316,-1.647285,0.1967582,0.004591712,1.0
2444856.79083,0.966081,-2.627585,0.4274920999999999,0.004639454,-1.647229,0.19705770000000006,0.004632913,1.0
2444856.80001,0.975919,-2.6276080000000004,0.4273969,0.004647407,-1.647218,0.1971156,0.0046408790000000005,1.0
2444856.82559,0.8794549999999999,-2.627671,0.4271315,0.00466957,-1.647188,0.197277,0.004663076,1.0
2444856.84798,1.10615,-2.627726,0.4268992,0.004688969,-1.6471619999999998,0.1974183,0.004682505,1.0
2444856.85482,1.13609,-2.627743,0.4268283,0.004694896,-1.647154,0.1974615,0.00468844,1.0
2444856.87958,1.02474,-2.6278040000000003,0.4265714,0.004716348,-1.647125,0.1976178,0.004709926,1.0
2444856.8933200003,0.959873,-2.627838,0.4264288,0.004728253,-1.647109,0.1977046,0.004721849,1.0
2444856.9146,0.943222,-2.627891,0.4262081,0.00474669,-1.647084,0.197839,0.004740314,1.0
2444856.93372,1.09702,-2.627938,0.4260097,0.004763255,-1.6470619999999998,0.1979597,0.004756906,1.0
2444856.94501,1.08097,-2.627966,0.4258926,0.004773037,-1.64705,0.198031,0.004766702,1.0
2444856.96148,0.979521,-2.628006,0.4257217,0.004787307,-1.647031,0.1981351,0.004780994,1.0
2444856.96705,0.971435,-2.62802,0.4256639,0.004792133,-1.6470240000000005,0.1981703,0.004785828,1.0
2444856.97356,0.943222,-2.6280360000000003,0.4255964,0.004797773,-1.6470169999999995,0.1982114,0.004791477,1.0
2444867.65919,0.948614,-2.651999,0.31438530000000003,0.01404883,-1.6489,0.26813259999999994,0.014052600000000002,1.0
2444867.67012,1.02021,-2.652021,0.3142712,0.01405828,-1.648916,0.26820570000000005,0.01406206,1.0
2444867.69345,1.0624,-2.652068,0.3140277,0.01407846,-1.6489509999999998,0.26836170000000004,0.01408224,1.0
2444867.71061,0.994236,-2.652103,0.3138486,0.0140933,-1.648977,0.2684764,0.01409708,1.0
2444867.72463,0.904252,-2.652131,0.3137023,0.01410542,-1.648998,0.2685701,0.01410921,1.0
2444867.73738,0.861965,-2.652157,0.3135692,0.01411645,-1.649018,0.2686553,0.01412024,1.0
2444867.7461,0.964472,-2.652175,0.31347820000000004,0.01412399,-1.649031,0.2687136,0.01412779,1.0
2444867.7650200003,1.1238,-2.652213,0.3132807,0.01414035,-1.6490599999999995,0.2688401,0.01414415,1.0
2444867.77368,1.11761,-2.65223,0.31319040000000004,0.01414784,-1.649073,0.268898,0.01415164,1.0
2444867.78986,1.01086,-2.652263,0.3130215,0.01416183,-1.649098,0.2690062,0.01416564,1.0
2444867.80002,1.01552,-2.652283,0.3129154000000001,0.01417062,-1.649114,0.2690741,0.01417443,1.0
2444867.81578,0.851706,-2.652315,0.3127509,0.01418425,-1.649138,0.2691795,0.01418806,1.0
2444867.82597,0.935599,-2.652336,0.3126446,0.01419306,-1.649154,0.2692476,0.01419688,1.0
2444867.83636,1.00807,-2.652357,0.3125361,0.01420205,-1.64917,0.2693171,0.01420586,1.0
2444867.84306,1.09217,-2.65237,0.3124662,0.01420784,-1.64918,0.2693619,0.01421166,1.0
2444867.8559,1.08916,-2.652396,0.3123322,0.01421894,-1.6492,0.2694477,0.01422277,1.0
2444867.86754,0.964472,-2.65242,0.3122107,0.01422901,-1.649218,0.2695256,0.01423283,1.0
2444867.87979,0.975191,-2.652444,0.3120828,0.014239600000000003,-1.6492369999999998,0.2696075,0.01424343,1.0
2444867.89043,0.922762,-2.652466,0.3119718,0.01424881,-1.649254,0.26967859999999994,0.01425263,1.0
2444867.90203,0.8595870000000001,-2.652489,0.3118507,0.01425884,-1.649272,0.2697562,0.01426267,1.0
2444867.90898,0.90592,-2.652503,0.3117781,0.01426485,-1.6492830000000005,0.2698027,0.01426868,1.0
2444867.9147,0.991493,-2.652514,0.3117184,0.01426979,-1.6492919999999998,0.2698409,0.01427363,1.0
2444867.92303,1.08116,-2.652531,0.3116315,0.014277,-1.649305,0.2698966,0.01428083,1.0
2444867.93271,1.11043,-2.652551,0.3115304,0.01428537,-1.64932,0.2699614,0.01428921,1.0
2444867.93856,1.08415,-2.652562,0.3114694000000001,0.01429043,-1.649329,0.27000050000000003,0.01429427,1.0
2444867.94286,1.03918,-2.652571,0.3114245,0.01429415,-1.649336,0.2700292,0.01429799,1.0
2444867.94694,1.03726,-2.652579,0.31138190000000004,0.01429767,-1.649343,0.27005650000000003,0.01430151,1.0
2444867.95029,1.02776,-2.652586,0.3113469,0.01430057,-1.649348,0.2700789,0.01430441,1.0
2444870.330848,1.10736,-2.657255,0.28648470000000004,0.01635855,-1.653817,0.286013,0.01636269,1.0
2444870.340514,1.1135,-2.657274,0.2863837,0.016366899999999997,-1.653838,0.2860777,0.01637105,1.0
2444870.356347,0.967141,-2.657304,0.2862183,0.01638059,-1.653873,0.2861837,0.01638473,1.0
2444870.364597,0.921913,-2.65732,0.2861321,0.01638772,-1.653891,0.286239,0.01639186,1.0
2444870.372138,0.8377020000000001,-2.657334,0.2860533,0.01639423,-1.6539080000000002,0.2862894,0.01639838,1.0
2444870.383222,0.889385,-2.657355,0.2859375,0.01640381,-1.653932,0.2863636,0.01640796,1.0
2444870.392972,0.919369,-2.6573740000000003,0.2858356,0.01641224,-1.6539529999999998,0.28642890000000004,0.01641639,1.0
2444870.406096,1.06338,-2.6573990000000003,0.2856984,0.01642358,-1.653982,0.2865168,0.01642773,1.0
2444870.417887,1.10634,-2.657421,0.2855752,0.01643377,-1.654008,0.2865957,0.01643792,1.0
2444870.426471,1.0306,-2.657438,0.2854855,0.01644119,-1.654027,0.2866532,0.01644534,1.0
2444870.470886,0.884484,-2.657523,0.28502140000000004,0.01647957,-1.654125,0.2869505,0.01648372,1.0
2444870.4832200003,0.943387,-2.657546,0.2848925,0.01649023,-1.654152,0.2870331,0.01649438,1.0
2444870.498636,1.11864,-2.657575,0.2847314,0.01650355,-1.654187,0.2871363,0.01650771,1.0
2444870.500053,1.1145200000000002,-2.657578,0.2847166,0.01650477,-1.65419,0.2871458,0.01650893,1.0
2444870.51001,1.08116,-2.657597,0.2846126,0.01651338,-1.6542119999999998,0.28721240000000003,0.01651754,1.0
2444870.517802,0.985122,-2.657612,0.2845311,0.01652011,-1.6542290000000002,0.2872646,0.01652427,1.0
2444870.532885,0.915988,-2.657641,0.2843735,0.01653315,-1.654263,0.2873656,0.01653731,1.0
2444871.454826,0.908479,-2.659379,0.2747372,0.01732973,-1.6564259999999995,0.29353490000000004,0.01733396,1.0
2444871.4627,0.920269,-2.659393,0.27465490000000004,0.01733654,-1.656446,0.29358759999999995,0.01734077,1.0
2444871.46445,0.961867,-2.659397,0.2746366,0.01733805,-1.65645,0.2935993,0.01734228,1.0
2444871.471325,0.939107,-2.659409,0.2745647,0.01734399,-1.656467,0.2936453,0.01734822,1.0
2444871.4807,1.0723,-2.659427,0.2744667,0.01735209,-1.6564900000000002,0.293708,0.01735632,1.0
2444871.509324,1.01558,-2.65948,0.2741675,0.01737682,-1.656561,0.2938995,0.01738105,1.0
2444871.515949,0.979749,-2.659493,0.2740982,0.01738254,-1.656577,0.29394380000000003,0.01738677,1.0
2444871.5160740004,1.02781,-2.659493,0.27409690000000003,0.01738265,-1.656578,0.2939446,0.01738688,1.0
2444871.520157,0.947796,-2.6595,0.2740542,0.01738617,-1.6565880000000002,0.2939719,0.01739041,1.0
2444871.527157,0.940838,-2.659513,0.273981,0.01739222,-1.656605,0.2940187,0.01739646,1.0
2444871.533532,0.8878,-2.659525,0.2739144,0.01739773,-1.656621,0.29406140000000003,0.01740197,1.0
2444871.5411150004,0.877233,-2.659539,0.27383509999999994,0.01740428,-1.65664,0.2941121,0.01740852,1.0
2444871.559823,1.08322,-2.659574,0.2736395,0.01742044,-1.656686,0.29423720000000003,0.01742468,1.0
2444871.564698,1.1374,-2.659583,0.2735885,0.01742465,-1.656699,0.2942698,0.01742889,1.0
2444871.575698,1.15962,-2.6596040000000003,0.27347350000000004,0.01743416,-1.656726,0.2943433,0.0174384,1.0
2444871.580614,1.10641,-2.659613,0.2734222,0.0174384,-1.656738,0.29437620000000003,0.01744264,1.0
2444871.6173630003,0.907643,-2.659681,0.2730379000000001,0.01747015,-1.65683,0.294622,0.01747439,1.0
2444871.627613,0.960981,-2.6597,0.2729308,0.017478999999999998,-1.656856,0.2946905,0.01748325,1.0
2444871.64053,1.06051,-2.659724,0.27279570000000003,0.01749016,-1.656888,0.2947769,0.01749441,1.0
2444871.667529,1.13636,-2.659775,0.2725135,0.01751348,-1.656956,0.2949574,0.01751773,1.0
2444871.672237,1.02781,-2.659783,0.27246420000000005,0.01751755,-1.656968,0.2949889,0.0175218,1.0
2444871.681779,0.994294,-2.659801,0.2723645,0.01752579,-1.6569919999999998,0.2950527,0.01753004,1.0
2444871.6851540003,0.946924,-2.659807,0.2723292,0.01752871,-1.657001,0.2950753,0.01753296,1.0
2444872.444637,0.8755370000000001,-2.661205,0.2643875,0.01818471,-1.658989,0.30015040000000004,0.01818904,1.0
2444872.45597,0.972466,-2.661226,0.26426890000000003,0.0181945,-1.6590200000000002,0.30022600000000005,0.01819883,1.0
2444872.468554,1.03723,-2.661249,0.2641373,0.01820537,-1.659054,0.3003101,0.0182097,1.0
2444872.4742610003,1.05554,-2.66126,0.2640776,0.01821029,-1.65907,0.3003482,0.01821463,1.0
2444872.494719,1.07121,-2.661297,0.26386370000000003,0.01822796,-1.659126,0.3004848,0.0182323,1.0
2444872.499261,1.12273,-2.661305,0.2638162,0.01823189,-1.659138,0.3005151,0.01823622,1.0
2444872.505303,1.07913,-2.661316,0.263753,0.0182371,-1.659155,0.30055540000000003,0.01824144,1.0
2444872.509969,1.0449,-2.661325,0.2637042,0.01824113,-1.6591669999999998,0.3005866,0.01824547,1.0
2444872.520677,0.859556,-2.661344,0.2635922,0.01825038,-1.659197,0.3006581,0.01825472,1.0
2444872.53626,0.8423149999999999,-2.661373,0.2634292,0.01826384,-1.659239,0.3007621,0.01826818,1.0
2444872.544135,0.926135,-2.661387,0.2633469,0.01827064,-1.659261,0.3008147,0.01827498,1.0
2444872.551177,1.03532,-2.6614,0.2632732,0.01827672,-1.65928,0.3008617,0.01828107,1.0
2444872.565259,1.1175700000000002,-2.661425,0.2631259,0.01828888,-1.6593189999999998,0.30095570000000005,0.01829323,1.0
2444872.572676,1.10732,-2.661439,0.2630484,0.01829529,-1.659339,0.30100520000000003,0.01829964,1.0
2444872.577051,1.0702200000000002,-2.661447,0.2630026,0.01829907,-1.6593509999999998,0.3010345,0.01830341,1.0
2444872.581676,1.03532,-2.661455,0.2629542,0.01830306,-1.6593639999999998,0.3010653,0.01830741,1.0
2444872.586342,1.02583,-2.661464,0.2629054,0.01830709,-1.659377,0.3010965,0.01831144,1.0
2444872.591342,1.04586,-2.661473,0.2628531,0.01831141,-1.659391,0.3011299000000001,0.01831576,1.0
2444872.596342,1.00525,-2.661482,0.2628008,0.01831573,-1.659404,0.3011632,0.01832008,1.0
2444872.602551,0.967998,-2.661493,0.2627359,0.01832109,-1.6594209999999998,0.3012047,0.01832544,1.0
2444872.607466,0.872317,-2.661502,0.2626845,0.01832533,-1.6594349999999998,0.3012375,0.01832969,1.0
2444872.612841,0.859556,-2.661512,0.2626283,0.01832997,-1.65945,0.3012734,0.01833433,1.0
2444872.617383,0.8643200000000001,-2.66152,0.2625808,0.018333900000000004,-1.659462,0.3013037,0.01833825,1.0
2444872.623341,0.886083,-2.661531,0.2625185,0.01833904,-1.659479,0.3013435,0.018343400000000003,1.0
2444872.630675,0.947708,-2.661544,0.26244179999999995,0.01834538,-1.659499,0.3013924000000001,0.01834973,1.0
2444872.635216,1.03151,-2.661553,0.2623943,0.0183493,-1.659512,0.30142270000000004,0.01835365,1.0
2444872.640675,1.01269,-2.661563,0.26233720000000005,0.01835401,-1.659527,0.3014592,0.01835837,1.0
2444872.655632,1.13625,-2.6615900000000003,0.26218070000000004,0.01836693,-1.659568,0.301559,0.01837129,1.0
2444872.660215,1.0921299999999998,-2.661598,0.2621328,0.01837089,-1.6595810000000002,0.3015896,0.01837525,1.0
2444978.717341,1.1852200000000002,-2.627682,-0.8385181999999999,0.1059202,-2.945826,0.0919583,0.1059582,1.0
2444978.72084,1.14657,-2.6276740000000003,-0.8385533000000002,0.1059229,-2.945876,0.09190355,0.1059609,1.0
2444978.7250900003,1.0819299999999998,-2.627664,-0.8385959000000001,0.1059261,-2.945936,0.09183706,0.1059642,1.0
2444978.736839,1.0023,-2.627636,-0.8387135,0.10593510000000002,-2.946102,0.09165321,0.1059732,1.0
2444978.7462130003,0.983105,-2.627614,-0.8388074000000001,0.1059423,-2.946235,0.0915065,0.1059803,1.0
2444978.757046,0.8794270000000001,-2.6275880000000003,-0.8389158999999999,0.1059506,-2.946388,0.09133694,0.1059886,1.0
2444978.76417,0.822242,-2.627571,-0.8389873,0.1059561,-2.946489,0.09122539999999997,0.1059941,1.0
2444978.771669,0.839073,-2.627553,-0.8390624,0.1059618,-2.946596,0.09110797,0.1059998,1.0
2444978.780711,0.931965,-2.627532,-0.8391529000000001,0.1059687,-2.946724,0.09096639,0.1060067,1.0
2444978.790752,0.986733,-2.627508,-0.8392535,0.10597639999999997,-2.946866,0.09080911,0.1060144,1.0
2444978.798126,1.10408,-2.6274900000000003,-0.8393273000000001,0.1059821,-2.94697,0.09069359,0.10602,1.0
2444978.8090830003,1.08493,-2.627464,-0.8394370999999999,0.1059905,-2.947125,0.09052192,0.10602839999999998,1.0
2444978.815208,1.00138,-2.6274490000000004,-0.8394984000000001,0.1059951,-2.947212,0.09042594,0.10603310000000002,1.0
2444978.821832,0.951042,-2.6274330000000004,-0.8395646999999999,0.1060002,-2.947306,0.09032213,0.1060382,1.0
2445288.782817,1.06184,-0.5463979999999999,-2.883373,0.23873000000000005,0.05130757,-2.09526,0.2387604,1.0
2445288.79261,1.05114,-0.5463057,-2.883394,0.2387303,0.05126285,-2.095179,0.2387607,1.0
2445288.798401,1.03863,-0.5462511,-2.883406,0.2387304,0.0512364,-2.095132,0.2387608,1.0
2445288.801776,1.02249,-0.5462191999999999,-2.883412,0.2387305,0.05122098,-2.095104,0.2387609,1.0
2445288.812819,1.00753,-0.5461151,-2.883435,0.2387308,0.05117051,-2.095012,0.2387612,1.0
2445288.8129020003,0.935104,-0.5461143,-2.883435,0.2387308,0.05117013,-2.095012,0.2387612,1.0
2445288.820736,0.8759100000000001,-0.5460404999999999,-2.883452,0.238731,0.05113431,-2.0949470000000003,0.2387614,1.0
2445288.829403,0.933383,-0.5459588000000001,-2.88347,0.2387312,0.05109468,-2.094875,0.2387616,1.0
2445288.83757,1.00753,-0.5458818,-2.883486,0.2387314,0.05105732,-2.094808,0.2387618,1.0
2445288.84607,1.10678,-0.5458016,-2.8835040000000003,0.2387317,0.05101842,-2.094738,0.2387621,1.0
2445288.852863,1.13569,-0.5457376,-2.883518,0.2387318,0.05098733,-2.094682,0.2387623,1.0
2445288.860863,1.11702,-0.5456622,-2.883534,0.23873200000000006,0.05095069,-2.094616,0.2387625,1.0
2445288.8719470003,0.99646,-0.5455576999999999,-2.883557,0.2387323,0.05089993,-2.0945240000000003,0.2387628,1.0
2445288.8795720004,0.955124,-0.5454858,-2.883573,0.2387325,0.05086498,-2.094461,0.238763,1.0
2445288.885697,0.937691,-0.545428,-2.883586,0.2387327,0.05083691,-2.094411,0.2387631,1.0
2445288.891698,0.926531,-0.5453714,-2.883598,0.2387328,0.0508094,-2.094361,0.2387633,1.0
2445288.897865,0.881576,-0.5453133000000001,-2.883611,0.238733,0.05078112,-2.09431,0.2387634,1.0
2445288.90774,0.8450059999999999,-0.5452201999999999,-2.8836310000000003,0.23873320000000006,0.05073582,-2.094229,0.2387637,1.0
2445288.915657,0.96485,-0.5451455,-2.883648,0.2387334,0.0506995,-2.094164,0.2387639,1.0
2445288.920074,1.02249,-0.5451039000000001,-2.883657,0.2387335,0.05067922,-2.094127,0.238764,1.0
2445288.93795,1.17723,-0.5449353,-2.883693,0.238734,0.05059715,-2.09398,0.2387645,1.0
2445384.837539,1.10758,0.3720484000000001,-2.926616,0.2286051,-0.4871123,-2.437635,0.2286231,1.0
2445384.845206,1.03747,0.3721215,-2.926607,0.2286033,-0.4871066,-2.437741,0.2286213,1.0
2445384.851538,1.01385,0.3721818,-2.9266,0.2286018,-0.4871019,-2.437829,0.2286199,1.0
2445384.85658,1.06163,0.3722298,-2.926594,0.2286006,-0.4870981,-2.437898,0.2286187,1.0
2445384.861996,1.06752,0.3722814,-2.926587,0.2285994,-0.4870941,-2.437974,0.2286174,1.0
2445384.872287,1.01292,0.3723794,-2.926575,0.228597,-0.4870864,-2.438116,0.228615,1.0
2445384.8784950003,0.8558049999999999,0.3724386,-2.926568,0.2285955,-0.4870817,-2.438202,0.22861350000000005,1.0
2445384.88412,0.8432860000000001,0.3724922,-2.926562,0.2285942,-0.4870775,-2.43828,0.22861220000000004,1.0
2445384.897119,0.999942,0.372616,-2.926546,0.2285912,-0.4870677,-2.43846,0.2286091,1.0
2445385.666892,0.936452,0.3799473,-2.925637,0.22841,-0.4864085999999999,-2.4491650000000003,0.2284271,1.0
2445385.673642,0.915979,0.3800116,-2.9256290000000003,0.2284084,-0.4864021,-2.449259,0.2284255,1.0
2445385.72643,1.13733,0.3805142,-2.925566,0.2283959,-0.4863512,-2.449995,0.228413,1.0
2445385.731637,1.18001,0.3805638,-2.92556,0.2283947,-0.4863461,-2.450068,0.2284117,1.0
2445385.740886,1.2644,0.3806519,-2.925549,0.22839250000000005,-0.4863371,-2.450197,0.2284095,1.0
2445385.749553,1.18219,0.3807344,-2.925539,0.2283904,-0.4863286,-2.450318,0.2284075,1.0
2445385.757135,0.887739,0.3808066,-2.92553,0.2283886,-0.4863212000000001,-2.4504240000000004,0.2284057,1.0
2445385.767759,0.759076,0.3809078,-2.925517,0.2283861,-0.4863108,-2.450572,0.22840320000000006,1.0
2445385.7797580003,0.741115,0.381022,-2.925502,0.2283833,-0.4862989,-2.45074,0.2284003,1.0
2445385.824505,0.968915,0.3814481,-2.925449,0.22837270000000004,-0.4862545999999999,-2.451364,0.2283897,1.0
2445385.82888,1.0268,0.3814897,-2.925444,0.2283717,-0.4862502,-2.451426,0.2283886,1.0
2445386.663607,0.977406,0.3894362,-2.924431,0.2281731,-0.4853245,-2.4631220000000003,0.2281891,1.0
2445386.763849,0.920609,0.3903903,-2.9243080000000004,0.2281492,-0.4852010000000001,-2.464532,0.228165,1.0
2445386.772348,0.8711139999999999,0.3904712,-2.924297,0.2281471,-0.4851905,-2.464651,0.2281629,1.0
2445386.777723,0.949894,0.3905223,-2.924291,0.2281458,-0.4851837000000001,-2.464727,0.2281616,1.0
2445386.7929720003,0.97202,0.3906674000000001,-2.924272,0.2281422,-0.4851647,-2.464941,0.228158,1.0
2445386.802804,1.04154,0.390761,-2.92426,0.2281398,-0.4851523,-2.46508,0.2281556,1.0
2445386.811553,1.1211799999999998,0.3908443,-2.924249,0.2281377,-0.4851413,-2.465203,0.2281535,1.0
2445386.820928,1.14624,0.3909335,-2.924238,0.2281355,-0.4851295,-2.465335,0.2281513,1.0
2445650.774065,0.996456,2.427744,-1.540148,0.08727478,3.070096,-0.7870738,0.08730578,1.0
2445650.783023,0.831109,2.427787,-1.54007,0.08726796,3.070019,-0.7868970999999999,0.08729897,1.0
2445650.792483,0.910454,2.427832,-1.539989,0.08726076,3.069937,-0.7867105,0.08729177,1.0
2445650.806442,1.04727,2.427899,-1.539868,0.08725013,3.069817,-0.7864352,0.08728116,1.0
2445650.81836,1.1675,2.427956,-1.539765,0.08724106,3.069715,-0.7862001999999999,0.08727209,1.0
2445650.829777,1.10779,2.42801,-1.539667,0.08723237,3.069616,-0.7859751,0.08726341,1.0
2445650.839195,0.939416,2.428055,-1.539586,0.08722519999999999,3.069535,-0.7857894,0.08725625,1.0
2445711.69162,0.966641,2.659828,-0.982628,0.03923792,2.301198,-0.06692918,0.03927147,1.0
2445711.700037,0.897977,2.659852,-0.9825471,0.03923111,2.301084,-0.06690171,0.03926464,1.0
2445711.709537,0.884026,2.659879,-0.9824558,0.03922341,2.300956,-0.06687072,0.03925694,1.0
2445711.714372,0.868691,2.659892,-0.9824094,0.03921949,2.300891,-0.06685497,0.03925302,1.0
2445711.719705,0.8767290000000001,2.659907,-0.9823581,0.03921517,2.300819,-0.06683759,0.03924869,1.0
2445711.730873,0.942031,2.659938,-0.9822508,0.03920612,2.300668,-0.06680123,0.03923964,1.0
2445711.738749,1.03864,2.65996,-0.9821752,0.03919974,2.300562,-0.0667756,0.03923325,1.0
2445711.747915,1.12737,2.659986,-0.9820871,0.03919232,2.300438,-0.06674580000000001,0.03922582,1.0
2445711.755541,1.13049,2.660007,-0.9820138,0.03918614,2.300335,-0.06672103,0.03921963,1.0
2445711.763709,1.07168,2.66003,-0.9819353,0.03917952,2.300225,-0.06669451,0.03921301,1.0
2445711.773001,1.06676,2.660056,-0.981846,0.03917199,2.3001,-0.06666436,0.03920548,1.0
2445711.77971,1.07465,2.660075,-0.9817816,0.03916656,2.300009,-0.06664261,0.03920004,1.0
2445711.787668,0.990068,2.660097,-0.9817051,0.03916011,2.299902,-0.06661683,0.03919358,1.0
2445711.80467,0.84036,2.660145,-0.9815417,0.03914634,2.299673,-0.0665618,0.03917979,1.0
2445711.811462,0.910469,2.660164,-0.9814764,0.03914083,2.2995810000000003,-0.06653983,0.03917429,1.0
2445711.81838,0.986428,2.660183,-0.9814099,0.03913523,2.299488,-0.06651748,0.03916868,1.0
2445711.8271310003,1.11088,2.660207,-0.9813258,0.03912814,2.29937,-0.06648922,0.03916158,1.0
2445711.834506,1.10781,2.660228,-0.981255,0.03912216,2.29927,-0.06646541,0.0391556,1.0
2445711.84084,1.0396,2.660246,-0.9811940999999998,0.03911703,2.299185,-0.06644498,0.03915046,1.0
2445711.848882,1.06872,2.660268,-0.9811168,0.03911052,2.299076,-0.06641906,0.03914394,1.0
2445714.671935,0.991076,2.668019,-0.9539358,0.0368213,2.261341,-0.05839336,0.03685224,1.0
2445714.681477,0.95787,2.668045,-0.9538438,0.03681355,2.261214,-0.05836983,0.03684449,1.0
2445714.688061,0.872784,2.668063,-0.9537803,0.03680821,2.261127,-0.05835362,0.03683914,1.0
2445714.695686,0.8760049999999999,2.668083,-0.9537067,0.03680202,2.261026,-0.05833485,0.03683294,1.0
2445714.704479,0.920676,2.668107,-0.9536219,0.03679488,2.26091,-0.05831323,0.03682579,1.0
2445714.783443,0.898063,2.66832,-0.9528602,0.03673079,2.259865,-0.05811997,0.03676163,1.0
2445714.7936110003,1.01323,2.668347,-0.9527621,0.03672254,2.25973,-0.05809521,0.03675337,1.0
2445714.804945,1.13477,2.668378,-0.9526527,0.03671334,2.25958,-0.05806763,0.03674416,1.0
2445714.812695,1.16763,2.668398,-0.9525779,0.03670705,2.259477,-0.05804880000000001,0.03673786,1.0
2445714.821071,1.12436,2.668421,-0.9524971,0.03670025,2.259367,-0.05802846,0.03673105,1.0
2445714.827654,1.0435299999999998,2.668439,-0.9524336,0.03669491,2.25928,-0.05801249,0.036725699999999986,1.0
2445715.66226,0.970029,2.670673,-0.9443772,0.03601732,2.248272,-0.05608009,0.03604731,1.0
2445715.670303,0.95408,2.670694,-0.9442995,0.03601079,2.248166,-0.05606236,0.03604077,1.0
2445715.6792200003,0.8895799999999999,2.670718,-0.9442134,0.03600355,2.248049,-0.05604273,0.03603352,1.0
2445715.687845,0.887125,2.670741,-0.9441301,0.03599654,2.247936,-0.05602375,0.0360265,1.0
2445715.70068,0.969136,2.670775,-0.9440061,0.03598612,2.247767,-0.05599555,0.03601607,1.0
2445715.709139,1.08939,2.6707970000000003,-0.9439244,0.03597925,2.247656,-0.05597698,0.03600919,1.0
2445715.725973,1.13864,2.670842,-0.9437618,0.03596558,2.247435,-0.055940099999999986,0.0359955,1.0
2445715.734391,1.04902,2.670865,-0.9436805,0.03595875,2.2473240000000003,-0.05592168,0.03598866,1.0
2445715.741266,1.0451700000000002,2.6708830000000003,-0.9436141,0.03595316,2.247234,-0.05590665,0.03598307,1.0
2445715.7476,1.06754,2.6709,-0.9435529,0.03594802,2.24715,-0.05589282,0.03597792,1.0
2445715.753892,1.02232,2.670916,-0.9434922,0.03594291,2.247068,-0.05587909,0.0359728,1.0
2445715.759851,0.949697,2.670932,-0.9434346,0.03593807,2.246989,-0.05586609,0.03596796,1.0
2445715.76531,0.896159,2.670947,-0.9433819,0.03593364,2.246918,-0.05585419,0.03596352,1.0
2445715.771102,0.8371149999999999,2.670962,-0.9433259,0.03592893,2.246842,-0.05584158,0.03595881,1.0
2445715.776894,0.8621540000000001,2.670978,-0.94327,0.03592423,2.2467650000000003,-0.05582897,0.0359541,1.0
2445715.783812,0.952324,2.670996,-0.9432032,0.03591861,2.246675,-0.05581393,0.03594848,1.0
2445715.789478,1.03654,2.671011,-0.9431484,0.03591401,2.2466,-0.05580162,0.03594387,1.0
2445715.795854,1.08639,2.671028,-0.9430868,0.03590883,2.246516,-0.05578777,0.03593869,1.0
2445715.806271,1.15129,2.671056,-0.9429862,0.03590037,2.24638,-0.05576517,0.03593022,1.0
2445715.81248,1.09341,2.671072,-0.9429261999999998,0.03589533,2.246298,-0.05575172,0.03592517,1.0
2445715.818564,1.05289,2.671088,-0.9428674,0.03589039,2.246218,-0.05573854,0.03592022,1.0
2445800.659545,0.938366,2.765888,-0.09167574,-0.03361003,1.828539,-0.4458097,-0.03362757,1.0
2445800.661586,0.925491,2.765887,-0.09165482,-0.03361169,1.82855,-0.4458217,-0.03362923,1.0
2445800.66592,0.903592,2.765885,-0.0916104,-0.03361522,1.828573,-0.4458473,-0.03363275,1.0
2445800.672419,0.8701059999999999,2.765882,-0.09154377,-0.0336205,1.828607,-0.4458857,-0.03363804,1.0
2445800.67496,0.858168,2.7658810000000003,-0.09151773,-0.03362257,1.828621,-0.4459005999999999,-0.03364011,1.0
2445800.67921,0.868505,2.765879,-0.09147417,-0.03362602,1.828644,-0.4459257,-0.03364357,1.0
2445800.682502,0.905258,2.765877,-0.09144043,-0.0336287,1.828661,-0.4459452,-0.03364625,1.0
2445800.68621,0.947922,2.765875,-0.09140242,-0.03363171,1.828681,-0.445967,-0.03364927,1.0
2445800.688335,0.964656,2.765874,-0.09138064,-0.03363344,1.828692,-0.4459795999999999,-0.033651,1.0
2445800.693418,1.02795,2.7658720000000003,-0.09132853,-0.03363757,1.82872,-0.4460096,-0.03365514,1.0
2445800.694251,1.02606,2.7658720000000003,-0.09131999,-0.03363825,1.828724,-0.4460145,-0.03365581,1.0
2445800.700543,1.08336,2.765869,-0.0912555,-0.03364337,1.828758,-0.4460516,-0.03366093,1.0
2445800.702918,1.13442,2.765867,-0.09123116,-0.0336453,1.82877,-0.4460656,-0.03366287,1.0
2445800.705876,1.12505,2.765866,-0.09120084,-0.0336477,1.828786,-0.4460831,-0.03366527,1.0
2445800.708209,1.1386,2.765865,-0.09117693,-0.033649599999999995,1.828798,-0.4460968,-0.03366717,1.0
2445800.711334,1.14386,2.765863,-0.0911449,-0.03365214,1.828815,-0.4461153000000001,-0.03366972,1.0
2445800.713668,1.1459700000000002,2.765862,-0.09112098,-0.03365403,1.828828,-0.446129,-0.03367162,1.0
2445800.717376,1.0744200000000002,2.76586,-0.09108297,-0.03365705,1.828847,-0.4461509,-0.03367463,1.0
2445800.7195,1.0461,2.765859,-0.09106119,-0.03365878,1.828859,-0.4461634,-0.03367636,1.0
2445800.723083,1.03746,2.765858,-0.09102447,-0.03366169,1.828878,-0.4461845999999999,-0.03367928,1.0
2445800.729208,1.02229,2.765855,-0.09096169,-0.03366667,1.828911,-0.4462207,-0.03368426,1.0
2445800.7367080003,1.02229,2.765851,-0.09088481,-0.03367277,1.828951,-0.4462649,-0.03369037,1.0
2445800.742083,1.01478,2.765849,-0.09082972,-0.03367713,1.828979,-0.4462965999999999,-0.03369474,1.0
2445800.747666,0.922088,2.765846,-0.09077249,-0.03368167,1.829009,-0.4463295,-0.03369928,1.0
2445800.753582,0.8550120000000001,2.765843,-0.09071185,-0.03368648,1.829041,-0.4463644000000001,-0.0337041,1.0
2445800.759749,0.8463940000000001,2.7658400000000003,-0.09064864,-0.0336915,1.829074,-0.4464007,-0.03370912,1.0
2445800.767416,0.904425,2.765836,-0.09057005,-0.03369773,1.829115,-0.4464459,-0.03371536,1.0
2445800.773581,0.976275,2.765834,-0.09050685,-0.03370274,1.829148,-0.4464822,-0.03372038,1.0
2445800.782248,1.0813700000000002,2.765829,-0.09041802,-0.03370979,1.829194,-0.4465333,-0.03372743,1.0
2445800.788331,1.12609,2.765826,-0.09035567,-0.03371473,1.829227,-0.4465691,-0.03373238,1.0
2445800.7944150004,1.1045200000000002,2.765823,-0.09029331,-0.03371968,1.82926,-0.4466049,-0.03373733,1.0
2445800.80308,1.02229,2.765819,-0.09020449,-0.03372672,1.829306,-0.4466560000000001,-0.03374438,1.0
2445800.808789,1.01198,2.765817,-0.09014597,-0.03373136,1.829337,-0.4466896,-0.03374903,1.0
2445800.814664,0.956693,2.765814,-0.09008575,-0.03373614,1.829368,-0.4467242,-0.03375381,1.0
2445800.820414,0.968216,2.765811,-0.09002681,-0.03374081,1.829399,-0.446758,-0.03375849,1.0
2446241.762488,0.933119,-0.5887064000000001,2.450177,-0.1872871,-0.5204297999999999,1.435964,-0.1873217,1.0
2446241.76578,0.916088,-0.5887424,2.450168,-0.1872859,-0.5204101999999999,1.435959,-0.1873205,1.0
2446241.77178,0.755678,-0.5888081000000001,2.450153,-0.18728370000000005,-0.5203746,1.435951,-0.1873183,1.0
2446241.773905,0.746684,-0.5888313000000001,2.450148,-0.1872829,-0.5203619,1.435948,-0.1873175,1.0
2446241.779821,0.719676,-0.5888960999999999,2.450133,-0.1872808,-0.5203268,1.435939,-0.1873153,1.0
2446241.787988,0.826299,-0.5889854999999999,2.450112,-0.1872778,-0.5202783,1.435927,-0.1873123,1.0
2446241.792738,0.960145,-0.5890375,2.4501,-0.187276,-0.5202501,1.435921,-0.1873106,1.0
2446241.794696,1.0017,-0.5890588999999999,2.450095,-0.1872753,-0.5202384,1.435918,-0.1873099,1.0
2446241.799571,1.0635,-0.5891123,2.450083,-0.1872735,-0.5202095,1.4359110000000002,-0.1873081,1.0
2446241.808239,1.11362,-0.5892071,2.4500610000000003,-0.1872704,-0.520158,1.435898,-0.1873049,1.0
2446241.812864,1.0963200000000002,-0.5892578,2.4500490000000004,-0.1872687,-0.5201305,1.435892,-0.1873032,1.0
2446241.8197810003,1.02976,-0.5893335,2.450031,-0.1872662,-0.5200895000000001,1.435882,-0.1873007,1.0
2446241.829489,0.916932,-0.5894397,2.450007,-0.1872626,-0.5200318,1.435868,-0.1872972,1.0
2446241.840656,0.921164,-0.589562,2.449978,-0.1872585,-0.5199655,1.435852,-0.1872931,1.0
2446241.845239,0.904351,-0.5896121,2.449967,-0.1872568,-0.5199383,1.435846,-0.1872914,1.0
2446241.851197,0.863648,-0.5896773,2.449951,-0.1872547,-0.5199029000000001,1.435837,-0.1872892,1.0
2446241.861073,0.862059,-0.5897854,2.449926,-0.1872511,-0.5198442,1.4358229999999998,-0.1872856,1.0
2446241.86649,0.943489,-0.5898446999999999,2.449912,-0.1872491,-0.5198121,1.435816,-0.1872836,1.0
2446241.873782,1.04409,-0.5899245,2.449894,-0.1872464,-0.5197687,1.435805,-0.1872809,1.0
2446241.878907,1.13956,-0.5899806,2.449881,-0.1872445,-0.5197383,1.435798,-0.1872791,1.0
2446241.883698,1.19877,-0.590033,2.449869,-0.1872428,-0.5197099000000001,1.435791,-0.1872773,1.0
2446241.8919900004,1.27273,-0.5901238,2.449848,-0.1872397,-0.5196606,1.4357799999999998,-0.1872743,1.0
2446241.894698,1.24605,-0.5901534,2.449841,-0.1872388,-0.5196445,1.435776,-0.1872733,1.0
2446241.89599,1.30238,-0.5901675999999999,2.449837,-0.1872383,-0.5196369000000001,1.435774,-0.1872728,1.0
2446241.9031990003,1.22219,-0.5902465,2.449819,-0.1872356,-0.5195941,1.435764,-0.18727020000000005,1.0
2445759.702472,1.12845,2.753388,-0.5088226,-5.199710999999999e-05,1.822227,-0.170369,-4.024413e-05,1.0
2445759.713888,1.0668,2.7534,-0.5087075,-6.138713000000001e-05,1.822169,-0.1704393,-4.963748e-05,1.0
2445759.722264,1.0103799999999998,2.753409,-0.5086229999999999,-6.827583000000001e-05,1.822127,-0.1704909,-5.652863e-05,1.0
2445759.7265560003,1.02538,2.753414,-0.5085798,-7.180614e-05,1.822105,-0.17051729999999998,-6.006020000000001e-05,1.0
2445759.730806,1.02067,2.753419,-0.5085369000000001,-7.53019e-05,1.822083,-0.1705435,-6.35572e-05,1.0
2445759.734973,1.00945,2.753423,-0.5084949000000001,-7.872939e-05,1.822062,-0.1705692,-6.698591999999999e-05,1.0
2445759.7394310003,0.979228,2.753428,-0.50845,-8.239622999999999e-05,1.822039,-0.1705966,-7.065408e-05,1.0
2445759.747639,0.902992,2.753437,-0.5083672,-8.914756999999999e-05,1.821998,-0.17064720000000005,-7.740784e-05,1.0
2445759.752348,0.866331,2.753442,-0.5083197,-9.302087e-05,1.821974,-0.17067620000000006,-8.128254e-05,1.0
2445759.756848,0.874347,2.753447,-0.5082744,-9.672226e-05,1.821951,-0.1707039,-8.498527e-05,1.0
2445759.761432,0.91978,2.753451,-0.5082281,-0.0001004919,1.821928,-0.1707322,-8.875629000000001e-05,1.0
2445759.7658490003,0.969358,2.7534560000000003,-0.5081836,-0.000104125,1.821905,-0.1707594,-9.239073e-05,1.0
2445759.773515,1.06386,2.753464,-0.5081063,-0.0001104306,1.821867,-0.1708066,-9.869854e-05,1.0
2445759.779265,1.10175,2.753471,-0.5080483,-0.0001151601,1.821837,-0.1708421,-0.0001034298,1.0
2445759.809183,0.978327,2.753503,-0.5077467000000001,-0.0001397678,1.821686,-0.1710265,-0.0001280465,1.0
2445759.816725,0.977426,2.753511,-0.5076707,-0.0001459713,1.821648,-0.171073,-0.0001342523,1.0
2445759.821141,0.958703,2.753516,-0.5076261,-0.0001496036,1.821625,-0.17110029999999998,-0.000137886,1.0
2445759.825683,0.91978,2.75352,-0.5075803,-0.0001533396,1.821602,-0.17112829999999998,-0.0001416233,1.0
2445759.830308,0.883251,2.753525,-0.5075337000000001,-0.0001571438,1.821579,-0.1711568,-0.0001454289,1.0
2445759.838434,0.895538,2.753534,-0.5074518,-0.0001638268,1.821538,-0.1712069,-0.0001521145,1.0
2445759.842934,0.935156,2.753539,-0.5074064,-0.0001675282,1.821515,-0.17123470000000002,-0.0001558172,1.0
2445759.847351,0.981034,2.753544,-0.5073619,-0.0001711614,1.821493,-0.1712619,-0.0001594517,1.0
2445759.858976,1.1048,2.753556,-0.5072446,-0.0001807233,1.821434,-0.17133370000000006,-0.0001690172,1.0
2445759.863559,1.13995,2.753561,-0.5071984,-0.0001844929,1.821411,-0.171362,-0.00017278830000000002,1.0
2445759.867892,1.14943,2.753566,-0.5071547000000001,-0.000188057,1.821389,-0.1713887,-0.0001763537,1.0
2445759.875643,1.10582,2.753574,-0.5070766,-0.0001944316,1.82135,-0.1714366,-0.0001827307,1.0
2445759.879977,1.03201,2.753579,-0.5070329,-0.0001979964,1.821328,-0.1714633,-0.0001862969,1.0
2445768.572678,0.973896,2.761474,-0.41914,-0.007346514,1.7870130000000002,-0.22819410000000004,-0.007342051,1.0
2445768.578553,0.961418,2.761478,-0.4190804,-0.0073513430000000015,1.7869959999999998,-0.2282342,-0.007346888,1.0
2445768.588845,0.8923030000000001,2.761486,-0.4189761,-0.007359804,1.7869669999999998,-0.2283043,-0.007355362,1.0
2445768.597013,0.867985,2.761492,-0.4188933,-0.007366518000000002,1.786944,-0.2283599,-0.007362085999999999,1.0
2445768.606263,0.90555,2.761499,-0.4187995,-0.007374121999999999,1.786917,-0.228423,-0.0073697009999999985,1.0
2445768.613596,0.989264,2.761505,-0.4187251,-0.00738015,1.7868970000000002,-0.228473,-0.0073757380000000015,1.0
2445768.621846,1.06786,2.761511,-0.4186415,-0.007386932,1.786873,-0.2285292,-0.00738253,1.0
2445768.6286790003,1.10691,2.761516,-0.4185722,-0.00739255,1.7868540000000002,-0.2285757,-0.007388156,1.0
2445768.636554,1.09172,2.7615220000000003,-0.4184924,-0.007399023,1.786832,-0.2286294,-0.0073946390000000015,1.0
2445768.644096,1.05904,2.761527,-0.4184159000000001,-0.007405223000000002,1.786811,-0.2286808,-0.007400849,1.0
2445768.6511790003,1.01417,2.761532,-0.4183441,-0.007411046,1.786791,-0.2287291,-0.00740668,1.0
2445768.659429,1.05223,2.761539,-0.4182605,-0.007417828,1.7867669999999998,-0.2287854,-0.007413472,1.0
2445768.666221,1.00858,2.761544,-0.4181916,-0.007423412,1.786748,-0.2288317,-0.007419064,1.0
2445768.675429,0.929207,2.76155,-0.4180983,-0.007430981,1.786722,-0.2288944,-0.007426645,1.0
2445768.683972,0.895597,2.761557,-0.4180117,-0.007438003,1.786698,-0.2289527,-0.007433677,1.0
2445768.69068,0.928351,2.761562,-0.4179437,-0.007443518,1.7866799999999998,-0.2289984,-0.0074392,1.0
2445768.696139,0.992002,2.761566,-0.4178883,-0.007448005,1.786664,-0.2290357,-0.007443694,1.0
2445768.70243,1.06491,2.76157,-0.4178246,-0.007453176999999998,1.786647,-0.2290786,-0.007448874,1.0
2445768.71043,1.0998,2.761576,-0.4177434,-0.007459754,1.7866240000000002,-0.2291331,-0.00745546,1.0
2445768.716347,1.14317,2.761581,-0.4176835,-0.007464618,1.7866080000000002,-0.2291735,-0.007460331,1.0
2445768.719639,1.07972,2.7615830000000003,-0.4176501,-0.007467324,1.786598,-0.2291959,-0.007463042,1.0
2445768.725597,1.06589,2.761588,-0.4175897,-0.007472222,1.786582,-0.2292366,-0.007467947,1.0
2445768.733764,0.990176,2.761594,-0.4175069,-0.007478935,1.786559,-0.2292923,-0.007474671,1.0
2445768.740889,0.978391,2.7615990000000004,-0.4174345999999999,-0.007484793000000002,1.786539,-0.2293409,-0.007480537,1.0
2445768.746889,0.97749,2.761603,-0.4173738,-0.007489725,1.7865220000000002,-0.2293818,-0.007485476,1.0
2445768.753847,0.918147,2.761609,-0.4173032999999999,-0.007495445,1.786503,-0.2294293,-0.007491205,1.0
2445768.764055,0.860028,2.761616,-0.4171998,-0.007503836,1.786474,-0.2294989,-0.007499609,1.0
2445768.767764,0.917302,2.761619,-0.4171622,-0.007506885,1.786464,-0.2295242,-0.0075026619999999985,1.0
2445768.776848,0.989264,2.761626,-0.4170701,-0.0075143519999999984,1.786439,-0.2295862,-0.00751014,1.0
2445768.784848,1.05709,2.761631,-0.4169890000000001,-0.007520929,1.786416,-0.2296408,-0.007516726,1.0
2445768.791306,1.11921,2.761636,-0.4169235,-0.007526237,1.786398,-0.2296848,-0.007522043000000002,1.0
2445768.794515,1.15269,2.761639,-0.4168909000000001,-0.007528875,1.786389,-0.2297067,-0.007524685,1.0
2445768.797931,1.13792,2.761641,-0.4168563,-0.007531683000000002,1.78638,-0.22973,-0.0075274969999999984,1.0
2445768.813056,1.03018,2.761652,-0.416703,-0.007544116999999999,1.7863380000000002,-0.2298333,-0.00753995,1.0
2445768.8193900003,1.01231,2.761657,-0.4166387,-0.007549324,1.78632,-0.2298765,-0.007545164,1.0
2445768.825765,1.01417,2.761662,-0.4165741,-0.0075545640000000015,1.786303,-0.22992,-0.0075504130000000015,1.0
2445768.832556,0.983813,2.761667,-0.4165053,-0.007560147,1.786284,-0.2299664,-0.007556003,1.0
2445768.842848,0.887386,2.761674,-0.4164009,-0.007568608,1.786255,-0.2300366,-0.007564476999999998,1.0
2445768.84989,0.8663879999999999,2.761679,-0.4163295,-0.007574396,1.7862360000000002,-0.23008470000000006,-0.007570274,1.0
2445768.853973,0.913088,2.761682,-0.4162881,-0.007577753,1.786225,-0.23011260000000006,-0.007573636,1.0
2445768.861515,0.957001,2.761688,-0.4162116,-0.007583953,1.786204,-0.2301641,-0.007579845,1.0
2445768.869599,1.04836,2.761694,-0.4161297000000001,-0.007590596999999998,1.7861810000000002,-0.2302192,-0.007586499,1.0
2447630.73631,1.11908,2.1144380000000003,1.546181,-0.15528920000000002,1.201036,1.131648,-0.1553038,1.0
2447630.740857,1.10271,2.114406,1.546218,-0.1552917,1.201035,1.131614,-0.15530629999999998,1.0
2447630.742441,1.06283,2.114395,1.546231,-0.1552926,1.201035,1.131602,-0.1553072,1.0
2447630.744886,1.03672,2.114378,1.546252,-0.15529400000000002,1.201034,1.131584,-0.1553086,1.0
2447630.749157,1.01593,2.114348,1.5462870000000002,-0.1552964,1.201034,1.131552,-0.15531099999999998,1.0
2447630.749386,1.01033,2.114347,1.546289,-0.1552965,1.201033,1.13155,-0.1553111,1.0
2447630.75294,1.03006,2.114322,1.546318,-0.15529849999999998,1.201033,1.131524,-0.1553131,1.0
2447630.7548490004,1.01406,2.1143080000000003,1.546334,-0.1552996,1.201033,1.131509,-0.1553141,1.0
2447630.757132,1.0225,2.114292,1.546353,-0.1553008,1.201032,1.131492,-0.1553154,1.0
2447630.761832,1.00291,2.114259,1.546392,-0.15530339999999998,1.201032,1.131457,-0.155318,1.0
2447630.762232,1.01499,2.114257,1.546395,-0.15530370000000002,1.201031,1.1314540000000002,-0.1553182,1.0
2447630.765766,0.985513,2.114232,1.546424,-0.15530560000000002,1.201031,1.131428,-0.15532020000000002,1.0
2447630.769528,0.946373,2.1142060000000003,1.546455,-0.15530770000000002,1.2010299999999998,1.1314,-0.1553223,1.0
2447630.773266,0.916352,2.114179,1.546486,-0.1553098,1.2010299999999998,1.131372,-0.1553244,1.0
2447630.776008,0.890558,2.11416,1.546509,-0.15531140000000002,1.201029,1.131352,-0.1553259,1.0
2447630.7772830003,0.882394,2.114151,1.54652,-0.1553121,1.201029,1.131342,-0.1553266,1.0
2447630.781437,0.868685,2.114122,1.546554,-0.1553144,1.201029,1.131311,-0.155329,1.0
2447630.785408,0.871891,2.114094,1.5465870000000002,-0.15531660000000005,1.201028,1.131282,-0.1553312,1.0
2447630.787558,0.887283,2.1140790000000003,1.546605,-0.15531779999999998,1.201028,1.131266,-0.15533239999999998,1.0
2447630.794029,0.958655,2.114034,1.546658,-0.1553214,1.201027,1.131217,-0.155336,1.0
2447630.794608,0.964856,2.11403,1.546663,-0.1553217,1.201027,1.131213,-0.15533629999999998,1.0
2447630.798404,1.03672,2.114004,1.546694,-0.1553239,1.201026,1.131185,-0.1553384,1.0
2447630.802146,1.05892,2.113977,1.546725,-0.1553259,1.201025,1.131157,-0.1553405,1.0
2447630.803901,1.08159,2.1139650000000003,1.54674,-0.1553269,1.201025,1.131144,-0.1553415,1.0
2447630.808034,1.09462,2.1139360000000003,1.546774,-0.1553292,1.201025,1.1311129999999998,-0.15534379999999998,1.0
2447630.812643,1.15362,2.113904,1.546812,-0.1553318,1.201024,1.1310790000000002,-0.1553464,1.0
2447630.817168,1.11908,2.113872,1.546849,-0.15533429999999998,1.201023,1.131045,-0.1553489,1.0
2447630.8215630003,1.08358,2.113841,1.546886,-0.1553368,1.201023,1.131012,-0.1553513,1.0
2447630.82713,1.01968,2.113802,1.546932,-0.15533989999999998,1.201022,1.130971,-0.15535439999999998,1.0
2447630.831588,1.01968,2.113771,1.546969,-0.1553424,1.201021,1.130938,-0.1553569,1.0
2447630.8416810003,0.970202,2.113701,1.547052,-0.155348,1.20102,1.130862,-0.1553626,1.0
2447630.845964,0.980985,2.113671,1.547087,-0.1553504,1.201019,1.130831,-0.1553649,1.0
2447630.851298,0.922279,2.113633,1.547132,-0.15535339999999995,1.201019,1.130791,-0.15536789999999998,1.0
2447630.855548,0.884835,2.113604,1.547167,-0.1553557,1.201018,1.130759,-0.1553703,1.0
2447630.859494,0.878339,2.113576,1.547199,-0.1553579,1.201017,1.13073,-0.1553725,1.0
2447630.863523,0.856766,2.113548,1.547233,-0.1553602,1.201017,1.1307,-0.1553747,1.0
2447630.867339,0.909625,2.113521,1.547264,-0.15536229999999998,1.201016,1.130671,-0.1553769,1.0
2447630.871277,0.932529,2.113493,1.547297,-0.1553645,1.201016,1.130642,-0.15537910000000002,1.0
2447630.874982,0.966635,2.113467,1.547327,-0.15536660000000002,1.201015,1.130615,-0.15538110000000002,1.0
2447630.878895,0.986421,2.11344,1.54736,-0.15536879999999995,1.201015,1.130585,-0.15538329999999995,1.0
2447630.882853,1.07069,2.113412,1.547392,-0.155371,1.201014,1.130556,-0.1553855,1.0
2447630.887178,1.08758,2.113382,1.547428,-0.1553734,1.201014,1.130524,-0.1553879,1.0
2447630.892282,1.1284,2.113346,1.54747,-0.15537620000000002,1.201013,1.130486,-0.1553908,1.0
2447630.897053,1.15256,2.113313,1.54751,-0.1553789,1.201013,1.13045,-0.1553934,1.0
2448152.58143,0.885007,-2.56434,0.6575245,-0.01443477,-1.563183,0.5706415,-0.01443265,1.0
2448152.585305,0.936153,-2.564353,0.6574850999999999,-0.01443142,-1.563191,0.5706683000000001,-0.01442929,1.0
2448152.592846,1.03884,-2.564378,0.6574085,-0.01442489,-1.563208,0.5707205,-0.01442276,1.0
2448152.597763,1.0898,-2.564395,0.6573585,-0.01442064,-1.563219,0.5707545,-0.01441851,1.0
2448152.601763,1.09887,-2.564409,0.6573178000000001,-0.01441718,-1.563227,0.5707821999999999,-0.01441504,1.0
2448152.611471,1.0828,-2.564442,0.6572191999999999,-0.01440879,-1.563249,0.5708494000000001,-0.01440664,1.0
2448152.615805,1.07584,-2.564457,0.6571751,-0.01440504,-1.563259,0.5708794,-0.01440289,1.0
2448152.620137,1.03406,-2.5644720000000003,0.6571311,-0.01440129,-1.563268,0.5709093000000001,-0.01439914,1.0
2448152.6500540003,0.891552,-2.5645740000000004,0.6568271,-0.01437542,-1.563334,0.5711164000000001,-0.01437324,1.0
2448152.654512,0.872864,-2.564589,0.6567816999999999,-0.01437157,-1.563344,0.5711472,-0.01436938,1.0
2448152.658511,0.905621,-2.564602,0.6567411,-0.01436811,-1.563353,0.5711748999999999,-0.01436592,1.0
2448152.666719,0.97218,-2.56463,0.6566576999999999,-0.01436101,-1.5633709999999998,0.5712316999999999,-0.01435881,1.0
2448152.671053,1.0021799999999998,-2.564645,0.6566135999999999,-0.01435726,-1.563381,0.5712617,-0.01435506,1.0
2448152.675136,1.05912,-2.564659,0.6565721,-0.01435373,-1.56339,0.57129,-0.01435153,1.0
2448152.684469,1.14326,-2.564691,0.6564773,-0.01434566,-1.563411,0.5713545,-0.01434345,1.0
2448152.6900110003,1.1496,-2.56471,0.6564209,-0.01434087,-1.563423,0.5713929,-0.01433865,1.0
2448152.693886,1.12654,-2.564723,0.6563816,-0.01433752,-1.563432,0.5714197,-0.0143353,1.0
2448152.706593,0.963267,-2.564766,0.6562524000000001,-0.01432653,-1.56346,0.5715077,-0.0143243,1.0
2448152.711135,0.973972,-2.564782,0.6562062,-0.0143226,-1.56347,0.5715391,-0.01432037,1.0
2448152.715843,0.967713,-2.564798,0.6561584,-0.01431853,-1.563481,0.5715717,-0.01431629,1.0
2448152.7251770003,0.924159,-2.56483,0.6560635,-0.01431046,-1.563502,0.5716363,-0.01430821,1.0
2448152.72976,0.8825649999999999,-2.564845,0.6560169,-0.0143065,-1.563512,0.5716680000000001,-0.01430424,1.0
2448152.734052,0.88013,-2.56486,0.6559733,-0.01430278,-1.563522,0.5716977,-0.01430053,1.0
2448152.742342,0.895667,-2.5648880000000003,0.655889,-0.01429562,-1.56354,0.5717551,-0.01429335,1.0
2448152.746926,0.935291,-2.5649040000000003,0.6558424,-0.01429165,-1.563551,0.5717868,-0.01428938,1.0
2448152.751176,1.00588,-2.564918,0.6557991999999999,-0.01428798,-1.56356,0.5718163,-0.0142857,1.0
2448152.760259,1.0888,-2.5649490000000004,0.6557069000000001,-0.01428012,-1.563581,0.5718791,-0.01427784,1.0
2448152.764259,1.11827,-2.564963,0.6556663,-0.01427666,-1.56359,0.5719068,-0.01427438,1.0
2453319.5127290003,0.866756,-2.493232,-1.249822,0.1381186,-1.829131,-0.5152646,0.13810899999999998,1.0
2453319.515879,0.8548629999999999,-2.49322,-1.249851,0.1381208,-1.82916,-0.5152581,0.13811120000000002,1.0
2453319.519004,0.8627729999999999,-2.493208,-1.249881,0.138123,-1.829189,-0.5152515999999999,0.1381133,1.0
2453319.522129,0.884498,-2.493196,-1.24991,0.1381251,-1.829217,-0.5152452000000001,0.1381155,1.0
2453319.526004,0.930458,-2.4931810000000003,-1.249947,0.13812779999999994,-1.829253,-0.5152372000000001,0.1381182,1.0
2453319.529142,0.98423,-2.493168,-1.249976,0.13813,-1.829282,-0.5152306999999999,0.1381204,1.0
2453319.532267,1.03919,-2.493156,-1.250006,0.1381322,-1.829311,-0.5152243,0.13812249999999998,1.0
2453319.535379,1.07126,-2.493144,-1.250035,0.1381343,-1.829339,-0.5152179,0.13812470000000002,1.0
2453319.539187,1.10432,-2.49313,-1.250071,0.13813699999999998,-1.829374,-0.5152101,0.13812739999999998,1.0
2453319.542313,1.12486,-2.493118,-1.2501,0.13813920000000002,-1.829403,-0.5152036,0.13812950000000002,1.0
2453319.545425,1.12589,-2.493106,-1.25013,0.13814129999999994,-1.829432,-0.5151972,0.1381317,1.0
2453319.54855,1.1405,-2.493094,-1.250159,0.1381435,-1.82946,-0.5151908,0.1381339,1.0
2453319.552917,1.11969,-2.493077,-1.2502,0.1381465,-1.8295,-0.5151818,0.13813689999999998,1.0
2453319.55605,1.10738,-2.493065,-1.25023,0.1381487,-1.829529,-0.5151754,0.1381391,1.0
2453319.559175,1.07919,-2.493053,-1.250259,0.1381509,-1.829558,-0.515169,0.1381412,1.0
2453319.562292,1.05559,-2.49304,-1.2502879999999998,0.138153,-1.829587,-0.5151626,0.1381434,1.0
2453319.565946,1.04495,-2.493026,-1.250323,0.13815560000000002,-1.82962,-0.5151551,0.1381459,1.0
2453319.569071,1.02872,-2.493014,-1.250352,0.13815770000000002,-1.829649,-0.5151487,0.1381481,1.0
2453319.572196,1.02872,-2.493002,-1.250382,0.1381599,-1.829678,-0.5151422999999999,0.1381503,1.0
2453319.575321,1.03157,-2.4929900000000003,-1.2504110000000002,0.1381621,-1.829706,-0.5151358,0.1381525,1.0
2453319.578979,1.01741,-2.492976,-1.250446,0.1381646,-1.82974,-0.5151284,0.138155,1.0
2453319.5821040003,1.00253,-2.492964,-1.250475,0.13816679999999998,-1.829769,-0.5151219,0.1381572,1.0
2453319.585217,0.9636,-2.492952,-1.250504,0.13816889999999998,-1.829797,-0.5151156,0.13815929999999998,1.0
2453319.588342,0.928745,-2.49294,-1.250534,0.1381711,-1.829826,-0.5151092,0.1381615,1.0
2453319.591987,0.883683,-2.492926,-1.250568,0.1381736,-1.82986,-0.5151017,0.138164,1.0
2453319.595104,0.8611850000000001,-2.492914,-1.250597,0.1381758,-1.829888,-0.5150952999999999,0.13816620000000002,1.0
2453319.598229,0.865958,-2.492902,-1.250627,0.138178,-1.829917,-0.5150889,0.1381684,1.0
2453319.601342,0.882057,-2.49289,-1.250656,0.13818010000000006,-1.829946,-0.5150826000000001,0.1381705,1.0
2453319.605079,0.912634,-2.492875,-1.250691,0.13818270000000002,-1.82998,-0.5150749,0.1381731,1.0
2453319.608192,0.939933,-2.4928630000000003,-1.250721,0.1381849,-1.830009,-0.5150686,0.1381753,1.0
2453319.611308,0.973412,-2.492851,-1.25075,0.13818699999999998,-1.830037,-0.5150622,0.1381775,1.0
2453319.6144330003,1.0043799999999998,-2.492839,-1.250779,0.1381892,-1.830066,-0.5150558,0.1381796,1.0
2453319.618054,1.03919,-2.492825,-1.250814,0.1381917,-1.830099,-0.5150484000000001,0.1381821,1.0
2453319.621179,1.08018,-2.492813,-1.250843,0.13819389999999998,-1.830128,-0.5150421,0.13818429999999998,1.0
2453319.624292,1.10534,-2.492801,-1.250872,0.1381961,-1.830157,-0.5150357,0.1381865,1.0
2453319.627417,1.12175,-2.492789,-1.250902,0.13819820000000002,-1.830186,-0.5150292999999999,0.1381886,1.0
2453319.631237,1.12901,-2.4927740000000003,-1.250938,0.1382009,-1.830221,-0.5150215,0.1381913,1.0
2453319.6343630003,1.11454,-2.492762,-1.250967,0.138203,-1.83025,-0.5150152,0.1381935,1.0
2453319.637487,1.09319,-2.49275,-1.250997,0.1382052,-1.830278,-0.5150087999999999,0.1381956,1.0
2453319.640612,1.06242,-2.492738,-1.251026,0.13820739999999998,-1.830307,-0.5150024000000001,0.13819779999999998,1.0
2453319.64435,1.02588,-2.492724,-1.251061,0.13821,-1.830342,-0.5149948000000001,0.1382004,1.0
2453319.6474880003,0.979708,-2.492711,-1.251091,0.1382122,-1.83037,-0.5149884,0.1382026,1.0
2453319.6506,0.961826,-2.492699,-1.25112,0.13821429999999998,-1.830399,-0.5149821,0.1382047,1.0
2453319.653725,0.953886,-2.492687,-1.251149,0.1382165,-1.830428,-0.5149758,0.1382069,1.0
2453319.657396,0.952131,-2.492673,-1.251184,0.138219,-1.830462,-0.5149683,0.1382095,1.0
2453319.6605080003,0.954765,-2.492661,-1.251213,0.13822120000000002,-1.83049,-0.514962,0.1382116,1.0
2453319.663633,0.942533,-2.492649,-1.251243,0.1382234,-1.830519,-0.5149556,0.1382138,1.0
2453319.666746,0.928745,-2.492637,-1.251272,0.1382255,-1.830548,-0.5149492999999999,0.138216,1.0
2453319.670217,0.909278,-2.492624,-1.251305,0.1382279,-1.83058,-0.5149422,0.1382184,1.0
2453319.6733330004,0.894328,-2.492612,-1.251334,0.13823010000000002,-1.830608,-0.5149359,0.1382205,1.0
2453319.676458,0.87397,-2.492599,-1.251363,0.13823229999999995,-1.830637,-0.5149296,0.1382227,1.0
2453319.679571,0.8572290000000001,-2.492587,-1.251393,0.1382344,-1.830666,-0.5149233,0.1382249,1.0
2453319.683087,0.8580190000000001,-2.4925740000000003,-1.251426,0.1382369,-1.830698,-0.5149161,0.1382273,1.0
2453319.686213,0.871559,-2.492562,-1.251455,0.138239,-1.830727,-0.5149098,0.1382295,1.0
2453319.689337,0.899284,-2.49255,-1.251485,0.1382412,-1.830756,-0.5149035,0.1382316,1.0
2453319.6924630003,0.943402,-2.492538,-1.251514,0.1382434,-1.830785,-0.5148971,0.1382338,1.0
2453319.696063,1.0108700000000002,-2.492524,-1.251548,0.13824589999999998,-1.830818,-0.5148898000000001,0.13823629999999998,1.0
2453319.699187,1.04978,-2.492512,-1.251577,0.138248,-1.830847,-0.5148835,0.1382385,1.0
2453319.7023130003,1.08717,-2.4925,-1.251607,0.13825020000000002,-1.830876,-0.5148772,0.13824070000000002,1.0
2453319.705438,1.10026,-2.492487,-1.251636,0.1382524,-1.830904,-0.5148709,0.1382428,1.0
2453319.708967,1.11763,-2.492474,-1.25167,0.13825479999999998,-1.830937,-0.5148636999999999,0.1382453,1.0
2453319.712092,1.12797,-2.492462,-1.251699,0.138257,-1.830966,-0.5148574,0.1382474,1.0
2453319.715208,1.1207200000000002,-2.49245,-1.2517280000000002,0.13825910000000002,-1.830994,-0.5148511,0.1382496,1.0
2453319.7183330003,1.11249,-2.492438,-1.251758,0.13826129999999998,-1.831023,-0.5148448,0.13825179999999998,1.0
2453256.409405,1.02756,-2.666113,-0.6267163,0.09092615,-1.690605,-0.8783991,0.09092574,1.0
2453256.409405,1.02756,-2.666113,-0.6267163,0.09092615,-1.690605,-0.8783991,0.09092574,1.0
2453256.410205,1.03421,-2.666112,-0.6267245,0.09092678,-1.6906009999999998,-0.878394,0.09092637,1.0
2453256.411035,1.03898,-2.666111,-0.626733,0.09092744,-1.690596,-0.8783888000000001,0.09092703,1.0
2453256.411835,1.02851,-2.666109,-0.6267411999999999,0.09092808,-1.690592,-0.8783837,0.09092767,1.0
2453256.412645,1.03994,-2.6661080000000004,-0.6267495,0.09092872,-1.6905869999999998,-0.8783785,0.09092831,1.0
2453256.413465,1.0370700000000002,-2.666107,-0.6267579000000001,0.09092938,-1.6905830000000002,-0.8783733,0.09092896,1.0
2453256.414275,1.04282,-2.666106,-0.6267661999999999,0.09093002,-1.690578,-0.8783681999999999,0.09092961,1.0
2453256.415095,1.03326,-2.6661040000000003,-0.6267746,0.09093067,-1.6905740000000002,-0.8783629999999999,0.09093026,1.0
2453256.415905,1.03136,-2.666103,-0.6267829,0.09093132,-1.6905689999999998,-0.8783578000000002,0.0909309,1.0
2453256.4167150003,1.03231,-2.666102,-0.6267911999999999,0.09093196,-1.690565,-0.8783527,0.09093155,1.0
2453256.417545,1.02946,-2.6661,-0.6267997,0.09093262,-1.6905599999999998,-0.8783474,0.09093221,1.0
2453256.418345,1.01627,-2.666099,-0.6268079000000001,0.09093326,-1.690555,-0.8783424000000001,0.09093284,1.0
2453256.419175,1.01814,-2.666098,-0.6268164,0.09093392,-1.690551,-0.8783370999999999,0.0909335,1.0
2453256.419985,1.00603,-2.666097,-0.6268246999999999,0.09093456,-1.690546,-0.8783318999999999,0.09093415,1.0
2453256.420795,0.996802,-2.666095,-0.626833,0.09093521,-1.6905419999999998,-0.8783268,0.09093479,1.0
2453256.4216150003,0.991309,-2.666094,-0.6268414000000001,0.09093586,-1.690537,-0.8783216,0.09093544,1.0
2453256.422425,0.987663,-2.666093,-0.6268497,0.0909365,-1.6905330000000005,-0.8783164000000001,0.09093609,1.0
2453256.423245,0.967852,-2.666091,-0.6268581,0.09093716,-1.6905279999999998,-0.8783112,0.09093674,1.0
2453256.424055,0.966961,-2.66609,-0.6268664,0.0909378,-1.690523,-0.8783061,0.09093738,1.0
2453256.424865,0.949312,-2.666089,-0.6268746999999999,0.09093845,-1.690519,-0.878301,0.09093803,1.0
2453256.425685,0.953694,-2.666088,-0.6268831,0.0909391,-1.690514,-0.8782957,0.09093868,1.0
2453256.4264950003,0.93715,-2.666086,-0.6268914000000001,0.09093974,-1.69051,-0.8782905999999999,0.09093932,1.0
2453256.427315,0.914974,-2.666085,-0.6268998,0.09094039,-1.690505,-0.8782853999999999,0.09093998,1.0
2453256.428125,0.8957959999999999,-2.666084,-0.6269081,0.09094104,-1.6905009999999998,-0.8782803,0.09094062,1.0
2453256.428935,0.904084,-2.666082,-0.6269164,0.09094168,-1.690496,-0.8782751,0.09094126,1.0
2453256.429765,0.8999299999999999,-2.666081,-0.6269249,0.09094234,-1.690492,-0.8782698,0.09094192,1.0
2453256.430575,0.8786360000000001,-2.66608,-0.6269332,0.09094299,-1.690487,-0.8782646999999999,0.09094257,1.0
2453256.431386,0.8673790000000001,-2.666079,-0.6269415,0.09094363,-1.690482,-0.8782595,0.09094321,1.0
2453256.432206,0.8610120000000001,-2.666077,-0.6269499,0.09094428,-1.690478,-0.8782542999999999,0.09094386,1.0
2453256.433026,0.854691,-2.666076,-0.6269583000000001,0.09094494,-1.690473,-0.8782491,0.09094452,1.0
2453256.433826,0.847635,-2.666075,-0.6269665,0.09094557,-1.6904689999999998,-0.8782440999999999,0.09094515,1.0
2453256.434646,0.847635,-2.666074,-0.6269749,0.09094623,-1.690464,-0.8782388000000001,0.0909458,1.0
2453256.436926,0.851548,-2.66607,-0.6269983,0.09094804,-1.690452,-0.8782244,0.09094762,1.0
2453256.4380860003,0.856267,-2.666068,-0.6270102,0.09094896,-1.690445,-0.878217,0.09094854,1.0
2453256.439236,0.8610120000000001,-2.666066,-0.6270220000000001,0.09094988,-1.690439,-0.8782097,0.09094945,1.0
2453256.440406,0.8705809999999999,-2.666064,-0.627034,0.09095081,-1.690432,-0.8782023000000001,0.09095038,1.0
2453256.441566,0.8867659999999999,-2.6660630000000003,-0.6270458000000001,0.09095173,-1.6904259999999998,-0.8781949,0.0909513,1.0
2453256.4427360003,0.8966209999999999,-2.666061,-0.6270578,0.09095266,-1.690419,-0.8781875,0.09095223,1.0
2453256.443916,0.90076,-2.666059,-0.6270699000000001,0.0909536,-1.6904119999999998,-0.87818,0.09095317,1.0
2453256.445066,0.916661,-2.666057,-0.6270817,0.09095452,-1.690406,-0.8781726999999999,0.09095409,1.0
2453256.446236,0.928558,-2.666055,-0.6270937,0.09095545,-1.6903990000000002,-0.8781652,0.09095502,1.0
2453256.447396,0.938013,-2.666053,-0.6271055999999999,0.09095637,-1.690393,-0.8781578999999999,0.09095594,1.0
2453256.4485560004,0.951939,-2.666052,-0.6271175,0.09095729,-1.690387,-0.8781505,0.09095686,1.0
2453256.449726,0.967852,-2.66605,-0.6271295,0.09095822,-1.69038,-0.8781431000000001,0.09095779,1.0
2453256.450886,0.977708,-2.666048,-0.6271413,0.09095914,-1.690373,-0.8781357,0.09095871,1.0
2453256.452056,0.992222,-2.666046,-0.6271533,0.09096008,-1.6903669999999995,-0.8781283000000001,0.09095964,1.0
2453256.453237,1.00048,-2.666044,-0.6271654000000001,0.09096101,-1.69036,-0.8781208,0.09096058,1.0
2453256.454377,1.00974,-2.666042,-0.6271770999999999,0.09096192,-1.690354,-0.8781135,0.09096149,1.0
2453256.455557,1.03041,-2.666041,-0.6271892,0.09096286,-1.690347,-0.8781059999999999,0.09096243,1.0
2453256.456707,1.03421,-2.666039,-0.627201,0.09096377,-1.690341,-0.8780986999999999,0.09096334,1.0
2453256.456707,1.03421,-2.666039,-0.627201,0.09096377,-1.690341,-0.8780986999999999,0.09096334,1.0
2453256.457877,1.05053,-2.666037,-0.627213,0.09096471,-1.690334,-0.8780913,0.09096427,1.0
2453256.459047,1.06221,-2.666035,-0.627225,0.09096564,-1.6903279999999998,-0.8780839,0.0909652,1.0
2453256.460207,1.07302,-2.666033,-0.6272368,0.09096656,-1.690321,-0.8780764999999999,0.09096612,1.0
2453256.461367,1.08795,-2.6660310000000003,-0.6272486999999999,0.09096748,-1.6903150000000002,-0.8780690999999999,0.09096704,1.0
2453256.462537,1.09499,-2.66603,-0.6272607,0.09096841,-1.690308,-0.8780617000000001,0.09096797,1.0
2453256.463697,1.1030799999999998,-2.666028,-0.6272726,0.09096933,-1.690302,-0.8780543,0.0909689,1.0
2453256.464877,1.11227,-2.666026,-0.6272847,0.09097027,-1.690295,-0.8780468000000001,0.09096983,1.0
2453256.466037,1.12774,-2.666024,-0.6272966,0.0909712,-1.690289,-0.8780395000000001,0.09097076,1.0
2453256.467197,1.11946,-2.6660220000000003,-0.6273085,0.09097212,-1.690282,-0.8780321,0.09097168,1.0
2453256.468377,1.13399,-2.66602,-0.6273206,0.09097306,-1.690276,-0.8780245999999999,0.09097262,1.0
2453256.469527,1.12566,-2.666019,-0.6273323000000001,0.09097397,-1.6902689999999998,-0.8780173000000001,0.09097353,1.0
2453256.470687,1.1267,-2.666017,-0.6273441999999999,0.0909749,-1.690263,-0.8780099,0.09097445,1.0
2453256.471857,1.12774,-2.666015,-0.6273562,0.09097583,-1.6902560000000002,-0.8780025,0.09097538,1.0
2453256.473017,1.11843,-2.666013,-0.6273681,0.09097675,-1.69025,-0.8779950999999999,0.09097631,1.0
2453256.4741970003,1.12049,-2.666011,-0.6273801999999999,0.09097769,-1.690243,-0.8779876,0.09097724,1.0
2453256.475358,1.10818,-2.666009,-0.6273920999999999,0.09097861,-1.690237,-0.8779802,0.09097817,1.0
2453256.476518,1.09903,-2.666008,-0.627404,0.09097953,-1.69023,-0.8779729,0.09097909,1.0
2453256.477678,1.09398,-2.6660060000000003,-0.6274159,0.09098046,-1.6902240000000002,-0.8779655000000001,0.09098001,1.0
2453256.478848,1.08195,-2.666004,-0.6274279,0.09098139,-1.690217,-0.8779581,0.09098094,1.0
2453256.480018,1.06515,-2.666002,-0.6274398,0.09098232,-1.690211,-0.8779505999999999,0.09098187,1.0
2453256.481178,1.05635,-2.6660000000000004,-0.6274517,0.09098324,-1.690204,-0.8779433000000001,0.09098279,1.0
2453256.482328,1.0476299999999998,-2.665998,-0.6274635000000001,0.09098415,-1.690198,-0.8779359,0.09098371,1.0
2453256.483498,1.03326,-2.665997,-0.6274755,0.09098509,-1.690191,-0.8779285,0.09098464,1.0
2453256.484668,1.01627,-2.665995,-0.6274875,0.09098602,-1.6901849999999998,-0.8779210999999999,0.09098557,1.0
2453256.485828,1.00233,-2.665993,-0.6274994,0.09098694,-1.690178,-0.8779136999999999,0.09098649,1.0
2453256.486998,0.984938,-2.665991,-0.6275114,0.09098787,-1.690172,-0.8779063,0.09098742,1.0
2453256.488158,0.973215,-2.665989,-0.6275232,0.09098879,-1.690165,-0.8778988999999999,0.09098834,1.0
2453256.489328,0.966071,-2.665987,-0.6275352,0.09098972,-1.690159,-0.8778915,0.09098927,1.0
2453256.4905080004,0.958096,-2.665986,-0.6275473000000001,0.09099066,-1.690152,-0.877884,0.09099021,1.0
2453256.491648,0.948438,-2.665984,-0.627559,0.09099157,-1.690146,-0.8778767,0.09099112,1.0
2453256.492828,0.953694,-2.665982,-0.6275710999999999,0.09099251,-1.6901389999999998,-0.8778691999999999,0.09099205,1.0
2453256.493998,0.974112,-2.66598,-0.6275831000000001,0.09099344,-1.690133,-0.8778618,0.09099298,1.0
2453256.495148,0.948438,-2.665978,-0.6275949000000001,0.09099435,-1.6901259999999998,-0.8778545,0.0909939,1.0
2453256.496328,0.954573,-2.665976,-0.627607,0.09099529,-1.69012,-0.8778469999999999,0.09099484,1.0
2453256.497489,0.952816,-2.665975,-0.6276188,0.09099621,-1.6901130000000002,-0.8778396,0.09099576,1.0
2453256.498639,0.950187,-2.665973,-0.6276305999999999,0.09099713,-1.690107,-0.8778323,0.09099667,1.0
2453256.499819,0.948438,-2.665971,-0.6276427,0.09099807,-1.6901,-0.8778248,0.09099761,1.0
2453256.500979,0.941475,-2.665969,-0.6276546,0.09099899,-1.6900939999999998,-0.8778174000000001,0.09099853,1.0
2453256.502139,0.940609,-2.665967,-0.6276665,0.09099991,-1.690087,-0.8778100000000001,0.09099945,1.0
2453256.503309,0.93715,-2.6659650000000004,-0.6276785,0.09100084,-1.6900810000000002,-0.8778026,0.09100038,1.0
2453256.504479,0.928558,-2.665964,-0.6276904999999999,0.09100177,-1.690074,-0.8777951999999999,0.09100131,1.0
2453256.505649,0.925996,-2.665962,-0.6277024999999999,0.0910027,-1.690068,-0.8777877000000001,0.09100224,1.0
2453256.5067990003,0.906586,-2.66596,-0.6277142,0.09100362,-1.690061,-0.8777804,0.09100316,1.0
2453256.507969,0.907421,-2.6659580000000003,-0.6277262,0.09100455,-1.690055,-0.8777729999999999,0.09100409,1.0
2453256.509129,0.907421,-2.665956,-0.6277381,0.09100547,-1.690049,-0.8777655999999999,0.09100501,1.0
2453256.510299,0.902421,-2.665954,-0.6277501,0.0910064,-1.6900419999999998,-0.8777582,0.09100594,1.0
2453256.511459,0.8867659999999999,-2.665952,-0.627762,0.09100733,-1.690036,-0.8777507999999999,0.09100686,1.0
2453256.512619,0.879446,-2.665951,-0.6277739,0.09100825,-1.690029,-0.8777434000000001,0.09100778,1.0
2453256.513799,0.8737940000000001,-2.6659490000000003,-0.627786,0.09100919,-1.690022,-0.8777359,0.09100872,1.0
2453256.513799,0.8737940000000001,-2.6659490000000003,-0.627786,0.09100919,-1.690022,-0.8777359,0.09100872,1.0
2453256.514959,0.864189,-2.665947,-0.6277979,0.09101011,-1.690016,-0.8777285,0.09100964,1.0
2453256.516119,0.8602190000000001,-2.665945,-0.6278097,0.09101103,-1.6900099999999998,-0.8777212,0.09101057,1.0
2453256.517289,0.8554780000000001,-2.665943,-0.6278216999999999,0.09101196,-1.690003,-0.8777136999999999,0.0910115,1.0
2453256.518459,0.8554780000000001,-2.665941,-0.6278336999999999,0.09101289,-1.6899970000000002,-0.8777063,0.09101243,1.0
2453256.51961,0.854691,-2.66594,-0.6278455,0.09101381,-1.68999,-0.877699,0.09101334,1.0
2453256.5208,0.8578450000000001,-2.665938,-0.6278577,0.09101475,-1.6899830000000002,-0.8776914000000001,0.09101429,1.0
2453256.5219400004,0.864986,-2.665936,-0.6278694,0.09101566,-1.689977,-0.8776841999999999,0.09101519,1.0
2453256.52311,0.862599,-2.665934,-0.6278814,0.09101659,-1.689971,-0.8776767,0.09101612,1.0
2453256.52428,0.8737940000000001,-2.665932,-0.6278934,0.09101752,-1.689964,-0.8776693000000001,0.09101705,1.0
2453256.52545,0.877827,-2.66593,-0.6279053000000001,0.09101845,-1.689958,-0.8776619000000001,0.09101798,1.0
2453256.52661,0.888401,-2.665929,-0.6279172,0.09101938,-1.6899509999999998,-0.8776545,0.0910189,1.0
2453256.52777,0.906586,-2.665927,-0.6279291,0.0910203,-1.689945,-0.8776470999999999,0.09101983,1.0
2453256.52894,0.914974,-2.665925,-0.6279411,0.09102123,-1.6899380000000002,-0.8776396999999999,0.09102076,1.0
2453256.53011,0.931127,-2.665923,-0.6279531,0.09102216,-1.689932,-0.8776322,0.09102169,1.0
2453256.53127,0.952816,-2.665921,-0.627965,0.09102308,-1.689925,-0.8776248,0.09102261,1.0
2453256.53243,0.967852,-2.665919,-0.6279769000000001,0.091024,-1.689919,-0.8776174999999999,0.09102353,1.0
2453256.5336,0.987663,-2.665918,-0.6279888000000001,0.09102494,-1.689912,-0.87761,0.09102446,1.0
2453256.53478,1.0116,-2.665916,-0.6280009,0.09102587,-1.689906,-0.8776025,0.0910254,1.0
2453256.53592,1.02284,-2.665914,-0.6280126,0.09102678,-1.6898990000000005,-0.8775953000000002,0.09102631,1.0
2453256.53709,1.04956,-2.665912,-0.6280246,0.09102771,-1.689893,-0.8775878,0.09102724,1.0
2453256.53825,1.06123,-2.66591,-0.6280365,0.09102863,-1.689886,-0.8775805,0.09102816,1.0
2453256.5394200003,1.07897,-2.6659080000000004,-0.6280485,0.09102956,-1.6898799999999998,-0.8775729999999999,0.09102909,1.0
2453256.5405900003,1.09297,-2.665907,-0.6280604999999999,0.0910305,-1.689873,-0.8775656,0.09103002,1.0
2453256.541761,1.1030799999999998,-2.665905,-0.6280725,0.09103143,-1.6898669999999998,-0.8775581,0.09103095,1.0
2453256.542911,1.11843,-2.665903,-0.6280842,0.09103234,-1.68986,-0.8775508,0.09103186,1.0
2453256.544071,1.12049,-2.665901,-0.6280960999999999,0.09103326,-1.6898540000000002,-0.8775434000000001,0.09103278,1.0
2453256.545241,1.13503,-2.665899,-0.6281081000000001,0.09103419,-1.689847,-0.8775360000000001,0.09103371,1.0
2453256.546401,1.14027,-2.665897,-0.62812,0.09103512,-1.689841,-0.8775286,0.09103464,1.0
2453256.547571,1.14871,-2.665896,-0.628132,0.09103605,-1.689834,-0.8775212,0.09103557,1.0
2453256.548741,1.14448,-2.665894,-0.6281439999999999,0.09103698,-1.689828,-0.8775136999999998,0.0910365,1.0
2453256.549891,1.13922,-2.665892,-0.6281558,0.09103789,-1.6898220000000002,-0.8775064,0.09103741,1.0
2453256.551061,1.14238,-2.66589,-0.6281677,0.09103882,-1.689815,-0.877499,0.09103834,1.0
2453256.5522310003,1.14976,-2.6658880000000003,-0.6281797,0.09103975,-1.689809,-0.8774915000000001,0.09103927,1.0
2453256.553401,1.1508200000000002,-2.665886,-0.6281916999999999,0.09104068,-1.689802,-0.8774841,0.0910402,1.0
2453256.554571,1.14765,-2.665884,-0.6282036999999999,0.09104161,-1.689796,-0.8774767,0.09104113,1.0
2453256.555711,1.14871,-2.665883,-0.6282154000000001,0.09104252,-1.689789,-0.8774694,0.09104204,1.0
2453256.5568810003,1.14132,-2.665881,-0.6282274,0.09104345,-1.6897830000000005,-0.8774620000000001,0.09104297,1.0
2453256.558061,1.13503,-2.665879,-0.6282395000000001,0.09104439,-1.689776,-0.8774545,0.0910439,1.0
2453256.559211,1.1174,-2.665877,-0.6282513000000001,0.0910453,-1.68977,-0.8774470999999999,0.09104482,1.0
2453256.560381,1.11534,-2.665875,-0.6282631999999999,0.09104624,-1.689763,-0.8774396999999999,0.09104575,1.0
2453256.561541,1.10207,-2.665873,-0.6282751,0.09104716,-1.689757,-0.8774323,0.09104667,1.0
2453256.562711,1.09701,-2.665872,-0.6282871,0.09104809,-1.68975,-0.8774249,0.0910476,1.0
2453256.563872,1.09096,-2.66587,-0.6282989999999999,0.09104901,-1.689744,-0.8774175,0.09104852,1.0
2453256.565042,1.07401,-2.665868,-0.628311,0.09104994,-1.6897369999999998,-0.8774101000000001,0.09104945,1.0
2453256.566212,1.03898,-2.665866,-0.628323,0.09105087,-1.689731,-0.8774026,0.09105038,1.0
2453256.5673720003,1.05247,-2.665864,-0.6283349,0.09105179,-1.6897240000000002,-0.8773951999999999,0.0910513,1.0
2453256.568532,1.04667,-2.665862,-0.6283466999999999,0.09105272,-1.689718,-0.8773879000000001,0.09105223,1.0
2453256.569702,1.0409,-2.665861,-0.6283586999999999,0.09105365,-1.689711,-0.8773804000000001,0.09105316,1.0
2453256.570862,1.03898,-2.665859,-0.6283706,0.09105457,-1.689705,-0.877373,0.09105408,1.0
2453256.5720220003,1.02662,-2.665857,-0.6283825,0.09105549,-1.689699,-0.8773656999999999,0.091055,1.0
2453256.573202,1.04186,-2.665855,-0.6283946,0.09105643,-1.6896919999999995,-0.8773581,0.09105594,1.0
2453256.574362,1.04282,-2.665853,-0.6284065,0.09105735,-1.689686,-0.8773508,0.09105686,1.0
2453256.575522,1.0486,-2.665851,-0.6284184,0.09105828,-1.6896790000000002,-0.8773434000000001,0.09105778,1.0
2453256.576702,1.0409,-2.66585,-0.6284305,0.09105921,-1.689673,-0.8773359000000001,0.09105872,1.0
2453256.577842,1.0409,-2.665848,-0.6284420999999999,0.09106012,-1.689666,-0.8773286,0.09105962,1.0
