2438025.028077,0.9881639,-0.4171963,-2.32721575,-0.41119782,-0.49934043,-1.34720572,-0.41110139,1.0
2438025.03941,0.9863453,-0.41706973,-2.32722607,-0.41122601,-0.49941135,-1.34723309,-0.41112959,1.0
2438025.06241,1.021478,-0.41681287,-2.32724701,-0.41128322,-0.49955525,-1.34728872,-0.41118681,1.0
2438025.07045,1.044309,-0.41672307,-2.32725432,-0.41130322,-0.49960555,-1.34730821,-0.41120681,1.0
2438025.074867,1.052032,-0.41667374,-2.32725834,-0.41131421,-0.49963319,-1.34731891,-0.4112178,1.0
2438025.07995,1.053002,-0.41661697,-2.32726296,-0.41132685,-0.49966498,-1.34733124,-0.41123044,1.0
2438025.083992,1.059812,-0.41657183,-2.32726663,-0.4113369000000001,-0.49969027,-1.34734105,-0.41124049,1.0
2438025.086534,1.046234,-0.41654344,-2.32726894,-0.41134323,-0.49970617,-1.34734722,-0.41124682,1.0
2438025.091659,1.0423870000000002,-0.4164862,-2.3272736000000003,-0.41135597,-0.49973823,-1.34735967,-0.41125956,1.0
2438025.0942,1.043348,-0.41645782,-2.32727591,-0.41136229,-0.49975412,-1.34736585,-0.41126588,1.0
2438025.097867,1.048163,-0.41641687,-2.32727924,-0.41137141,-0.49977706,-1.34737476,-0.411275,1.0
2438025.102992,1.025248,-0.41635963,-2.32728389,-0.41138416,-0.49980911,-1.34738722,-0.41128775,1.0
2438025.107366,1.046234,-0.41631077,-2.32728786,-0.41139504,-0.49983648,-1.34739786,-0.41129863,1.0
2438025.1114080003,1.024304,-0.41626563,-2.32729153,-0.41140509,-0.49986176,-1.3474077,-0.41130869,1.0
2438025.113574,1.003758,-0.41624144,-2.32729349,-0.41141048,-0.4998753,-1.34741297,-0.41131407,1.0
2438025.1194490003,1.039511,-0.41617582,-2.32729882,-0.41142509,-0.49991205,-1.34742728,-0.41132868,1.0
2438025.1238240004,0.9991461,-0.41612696,-2.32730279,-0.41143597,-0.49993941,-1.34743795,-0.41133957,1.0
2438025.127116,0.9899858,-0.41609019,-2.32730577,-0.41144415,-0.49996,-1.34744597,-0.41134775,1.0
2438025.131866,1.000067,-0.41603714,-2.32731008,-0.41145596,-0.4999897,-1.34745756,-0.41135957,1.0
2438025.136241,0.9710218,-0.41598828,-2.32731404,-0.41146684,-0.50001706,-1.34746823,-0.41137045,1.0
2438025.139532,0.9656705,-0.41595151,-2.32731702,-0.41147503,-0.50003765,-1.34747627,-0.41137863,1.0
2438025.144657,0.9746058,-0.41589427,-2.32732166,-0.41148777,-0.5000697000000001,-1.34748879,-0.41139138,1.0
2438025.149032,0.9746058,-0.41584541,-2.32732563,-0.41149865,-0.50009705,-1.34749947,-0.41140226,1.0
2438025.152698,0.9532987,-0.41580447,-2.32732894,-0.41150777,-0.50011998,-1.34750844,-0.41141137,1.0
2438025.154532,0.9559364,-0.41578398,-2.3273306,-0.41151233,-0.50013144,-1.34751292,-0.41141594,1.0
2438025.158198,0.9463003,-0.41574304,-2.32733392,-0.41152144,-0.50015437,-1.34752189,-0.41142505,1.0
2438025.162948,0.9550563,-0.41568999,-2.32733822,-0.41153325,-0.50018407,-1.34753351,-0.41143686,1.0
2438025.168032,0.9621195,-0.4156332,-2.32734282,-0.41154589,-0.50021585,-1.34754596,-0.41144951,1.0
2438025.172448,0.9647816,-0.41558388,-2.32734681,-0.41155687,-0.50024346,-1.34755677,-0.41146049,1.0
2438025.179364,0.9755038,-0.41550663,-2.32735307,-0.41157407,-0.50028671,-1.34757373,-0.41147769,1.0
2438025.1925310004,1.011181,-0.41535956,-2.32736496,-0.41160681,-0.50036903,-1.34760603,-0.41151043,1.0
2438025.1980310003,1.004683,-0.41529813,-2.32736993,-0.41162048,-0.50040341,-1.34761954,-0.4115241,1.0
2438025.204614,1.003758,-0.41522461,-2.32737587,-0.41163684,-0.50044456,-1.34763571,-0.41154047,1.0
2438025.215196,1.007463,-0.4151064,-2.32738542,-0.41166315,-0.50051072,-1.34766174,-0.41156678,1.0
2438025.219946,1.003758,-0.41505335,-2.32738971,-0.41167496,-0.50054041,-1.34767343,-0.41157859,1.0
2438025.225446,1.001911,-0.41499192,-2.32739467,-0.41168863,-0.50057478,-1.34768698,-0.41159226,1.0
2438025.231988,0.9872542,-0.41491885,-2.32740056,-0.4117049,-0.50061567,-1.3477031000000002,-0.41160853,1.0
2438025.238571,0.9881639,-0.41484532,-2.32740649,-0.41172126,-0.50065682,-1.34771933,-0.41162489,1.0
2438025.243695,0.9918111,-0.41478807,-2.32741111,-0.411734,-0.50068885,-1.34773198,-0.41163763,1.0
2438025.249195,0.9936398,-0.41472664,-2.32741606,-0.41174767,-0.50072322,-1.34774556,-0.41165131,1.0
2438025.253945,1.000988,-0.41467358,-2.32742034,-0.41175948,-0.50075291,-1.34775729,-0.41166311,1.0
2438025.260862,1.000988,-0.41459632,-2.32742656,-0.41177667,-0.50079613,-1.34777439,-0.41168031,1.0
2438025.266362,0.9836237,-0.41453489,-2.32743151,-0.41179034,-0.5008305000000001,-1.34778799,-0.41169398,1.0
2438025.271862,0.9954719,-0.41447346,-2.32743646,-0.41180401,-0.50086487,-1.3478016000000002,-0.41170765,1.0
2438025.276945,1.000988,-0.41441668,-2.32744103,-0.41181664,-0.50089663,-1.34781418,-0.41172029,1.0
2438025.285361,1.007463,-0.41432266,-2.32744859,-0.41183756,-0.50094922,-1.34783504,-0.41174121,1.0
2438025.294153,1.003758,-0.41422446,-2.32745649,-0.41185941,-0.50100416,-1.34785684,-0.41176306,1.0
2438025.301069,0.9836237,-0.4141472,-2.3274627,-0.4118766,-0.50104737,-1.34787401,-0.41178025,1.0
2438025.306569,0.9908981,-0.41408577,-2.32746764,-0.41189027,-0.50108173,-1.34788766,-0.41179392,1.0
2438025.310236,0.9827182,-0.41404481,-2.32747093,-0.41189938,-0.50110464,-1.34789678,-0.41180304,1.0
2438025.314985,0.9918111,-0.41399175,-2.32747519,-0.41191119,-0.50113431,-1.34790858,-0.41181484,1.0
2438025.319735,0.9728122,-0.41393869,-2.32747945,-0.41192299,-0.50116399,-1.3479204,-0.41182665,1.0
2438025.32486,0.9656705,-0.41388144,-2.32748405,-0.41193573,-0.501196,-1.34793315,-0.41183938,1.0
2438025.32886,0.9836237,-0.41383676,-2.32748764,-0.41194567,-0.50122099,-1.3479431,-0.41184932,1.0
2438025.335818,0.9737085,-0.41375904,-2.32749387,-0.41196295,-0.50126445,-1.34796043,-0.41186662,1.0
2438025.345318,0.992725,-0.41365292,-2.32750238,-0.41198656,-0.50132379,-1.34798412,-0.41189022,1.0
2438025.350442,1.008391,-0.41359567,-2.32750697,-0.4119993,-0.5013558,-1.3479968999999998,-0.41190296,1.0
2438025.354817,1.021478,-0.4135468,-2.32751089,-0.41201017,-0.50138313,-1.34800782,-0.41191383,1.0
2438025.364317,1.020537,-0.41344068,-2.32751939,-0.41203377,-0.50144246,-1.34803155,-0.41193744,1.0
2438028.973371,0.9645242,-0.37306838,-2.33042314,-0.42094315,-0.52370669,-1.3587056999999998,-0.42084806,1.0
2438028.97737,0.9627491,-0.37302357,-2.33042599,-0.42095296,-0.52373101,-1.35871936,-0.42085787,1.0
2438028.982495,0.9645242,-0.37296617,-2.33042965,-0.42096553,-0.52376218,-1.35873687,-0.42087044,1.0
2438028.986162,0.9574435,-0.37292509,-2.33043227,-0.42097452,-0.52378447,-1.3587493999999998,-0.42087943,1.0
2438028.990162,0.9556815,-0.37288029,-2.33043512,-0.42098433,-0.52380879,-1.35876308,-0.42088924,1.0
2438028.996412,0.9851744,-0.37281028,-2.33043958,-0.42099965,-0.52384679,-1.35878445,-0.42090457,1.0
2438028.9974950003,0.9725527,-0.37279815,-2.33044035,-0.42100231,-0.52385338,-1.35878815,-0.42090723,1.0
2438029.005536,0.9924604,-0.37270807,-2.33044609,-0.42102203,-0.52390227,-1.35881567,-0.42092695,1.0
2438029.006244,0.9860823,-0.37270014,-2.33044659,-0.42102377,-0.52390657,-1.3588181,-0.42092869,1.0
2438029.009202,0.9897218,-0.372667,-2.3304487000000003,-0.42103102,-0.52392455,-1.35882822,-0.42093594,1.0
2438029.020536,0.9988796,-0.37254005,-2.33045677,-0.42105881,-0.52399345,-1.35886704,-0.42096374,1.0
2438029.029661,1.007194,-0.37243783,-2.33046327,-0.42108118,-0.52404891,-1.35889832,-0.42098611,1.0
2438029.039868,1.011843,-0.37232349,-2.33047053,-0.42110621,-0.52411095,-1.35893333,-0.42101115,1.0
2438029.046826,0.9998001,-0.37224555,-2.33047547,-0.42112327,-0.52415323,-1.35895722,-0.42102821,1.0
2438029.059618,0.9725527,-0.37210226,-2.33048456,-0.42115463,-0.52423097,-1.35900115,-0.42105957,1.0
2438029.0969080003,0.99796,-0.37168452,-2.330511,-0.42124605,-0.52445752,-1.35912948,-0.42115101,1.0
2438029.099824,1.004415,-0.37165185,-2.33051307,-0.4212532,-0.52447523,-1.35913953,-0.42115816,1.0
2438029.103866,1.00349,-0.37160657,-2.33051593,-0.42126311,-0.52449978,-1.35915346,-0.42116807,1.0
2438029.108241,0.9915466,-0.37155756,-2.33051903,-0.42127383,-0.52452635,-1.35916855,-0.42117879,1.0
2438029.1111580003,0.9888106,-0.37152489,-2.33052109,-0.42128098,-0.52454407,-1.35917861,-0.42118594,1.0
2438029.114074,1.00349,-0.37149222,-2.33052315,-0.42128813,-0.52456178,-1.35918867,-0.42119309,1.0
2438029.118116,0.9860823,-0.37144694,-2.33052601,-0.42129803,-0.52458633,-1.35920262,-0.421203,1.0
2438029.122115,0.9869909,-0.37140213,-2.33052884,-0.42130784,-0.52461062,-1.35921642,-0.42121281,1.0
2438029.148448,0.9618628,-0.37110714,-2.33054744,-0.42137238,-0.52477051,-1.35930742,-0.42127736,1.0
2438029.1531970003,0.9725527,-0.37105393,-2.33055079,-0.42138402,-0.52479935,-1.35932385,-0.421289,1.0
2438029.1575720003,0.9869909,-0.37100492,-2.33055387,-0.42139474,-0.52482591,-1.35933899,-0.42129972,1.0
2438029.1619470003,1.002566,-0.37095591,-2.33055696,-0.42140546,-0.52485247,-1.35935413,-0.42131045,1.0
2438029.167072,1.009981,-0.3708985,-2.33056057,-0.42141802,-0.52488358,-1.35937188,-0.42132301,1.0
2438029.175114,1.009051,-0.37080841,-2.33056623,-0.42143773,-0.52493239,-1.35939974,-0.42134272,1.0
2438029.180946,1.023088,-0.37074306,-2.33057034,-0.42145202,-0.5249678000000001,-1.35941996,-0.42135701,1.0
2438029.184613,1.024975,-0.37070198,-2.33057292,-0.42146101,-0.52499005,-1.35943268,-0.421366,1.0
2438029.186821,1.034459,-0.37067724,-2.33057447,-0.42146642,-0.52500346,-1.35944034,-0.42137141,1.0
2438029.191196,1.036366,-0.37062823,-2.33057755,-0.42147714,-0.52503001,-1.35945551,-0.42138213,1.0
2438029.1941130003,1.033506,-0.37059555,-2.3305796,-0.42148429,-0.52504771,-1.35946563,-0.42138928,1.0
2438029.19778,1.043069,-0.37055447,-2.33058218,-0.42149327,-0.52506996,-1.35947836,-0.42139827,1.0
2438029.205446,1.038277,-0.37046859,-2.33058757,-0.42151206,-0.52511648,-1.35950498,-0.42141706,1.0
2438029.2094880003,1.04115,-0.37042331,-2.33059041,-0.42152196,-0.52514101,-1.35951902,-0.42142696,1.0
2438029.212779,1.0316040000000002,-0.37038643,-2.33059272,-0.42153003,-0.52516098,-1.35953046,-0.42143503,1.0
2438029.2156950003,1.029706,-0.37035376,-2.33059477,-0.42153717,-0.52517868,-1.35954059,-0.42144218,1.0
2438029.21932,1.029706,-0.37031315,-2.33059732,-0.42154605,-0.52520067,-1.3595532,-0.42145106,1.0
2438029.22482,1.020265,-0.37025153,-2.33060118,-0.42155953,-0.52523404,-1.35957232,-0.42146454,1.0
2438029.227737,1.016514,-0.37021886,-2.33060322,-0.42156668,-0.52525174,-1.35958247,-0.42147169,1.0
2438029.231404,1.025919,-0.37017777,-2.3306058,-0.42157566,-0.52527398,-1.35959523,-0.42148067,1.0
2438029.23507,0.9933748,-0.3701367,-2.33060837,-0.42158464,-0.52529622,-1.35960798,-0.42148965,1.0
2438029.238362,0.9860823,-0.37009982,-2.33061067,-0.42159271,-0.52531619,-1.35961944,-0.42149772,1.0
2438029.241653,0.9897218,-0.37006294,-2.33061298,-0.42160077,-0.52533616,-1.35963091,-0.42150579,1.0
2438029.246028,0.9752437,-0.37001393,-2.33061605,-0.42161149,-0.5253627,-1.35964614,-0.42151651,1.0
2438030.944094,1.0399,-0.3509784,-2.33173359,-0.4257584,-0.53557784,-1.36592408,-0.42566415,1.0
2438030.949134,1.0447,-0.35092185,-2.3317367,-0.42577067,-0.5356079,-1.3659438,-0.42567642,1.0
2438030.950718,1.038942,-0.35090409,-2.33173767,-0.42577453,-0.53561734,-1.36594999,-0.42568028,1.0
2438030.955551,1.037986,-0.35084988,-2.33174064,-0.42578629,-0.53564616,-1.3659689,-0.42569204,1.0
2438030.960426,1.036076,-0.35079520000000003,-2.33174364,-0.42579816,-0.53567522,-1.36598798,-0.42570391,1.0
2438030.969509,1.030366,-0.35069332,-2.33174922,-0.42582027,-0.53572937,-1.36602354,-0.42572603,1.0
2438030.992092,0.9903562,-0.35044001,-2.33176308,-0.42587524,-0.53586398,-1.36611206,-0.425781,1.0
2438030.998592,0.9821808,-0.3503671,-2.33176707,-0.42589106,-0.53590272,-1.36613756,-0.42579683,1.0
2438031.016966,0.9519003,-0.35016099,-2.33177832,-0.42593578,-0.53601221,-1.3662097,-0.42584155,1.0
2438031.023299,0.9501484,-0.35008996,-2.33178219,-0.42595119,-0.53604994,-1.36623458,-0.42585697,1.0
2438031.035215,0.9624795,-0.34995628,-2.33178948,-0.42598019,-0.53612093,-1.36628143,-0.42588597,1.0
2438031.043673,0.967813,-0.34986141,-2.33179464,-0.42600077,-0.53617131,-1.36631471,-0.42590656,1.0
2438031.067714,1.008768,-0.34959173,-2.33180931,-0.42605927,-0.53631449,-1.36640939,-0.42596507,1.0
2438031.07838,1.004133,-0.34947209,-2.3318158,-0.42608522,-0.536378,-1.36645144,-0.42599103,1.0
2438031.082839,1.002286,-0.34942207,-2.33181852,-0.42609607,-0.53640455,-1.36646902,-0.42600188,1.0
2438031.084796,0.996762,-0.3494001,-2.33181971,-0.42610083,-0.53641621,-1.36647675,-0.42600664,1.0
2438031.087921,1.000441,-0.34936505,-2.33182161,-0.42610844,-0.53643481,-1.36648908,-0.42601425,1.0
2438031.093504,0.9949275,-0.34930242,-2.331825,-0.42612202,-0.53646805,-1.36651111,-0.42602783,1.0
2438031.103796,0.9821808,-0.34918697,-2.33183126,-0.42614706,-0.53652932,-1.36655175,-0.42605288,1.0
2438031.105796,0.9839917,-0.34916454,-2.33183248,-0.42615192,-0.53654122,-1.36655966,-0.42605774,1.0
2438031.108088,0.9848984,-0.34913883,-2.33183387,-0.4261575,-0.53655486,-1.36656871,-0.42606332,1.0
2438031.1120450003,0.9876236,-0.34909443,-2.33183627,-0.42616713,-0.53657842,-1.36658435,-0.42607295,1.0
2438031.121503,0.9976804,-0.34898833,-2.33184201,-0.42619014,-0.53663471,-1.36662174,-0.42609596,1.0
2438031.124878,0.9930965,-0.34895047,-2.33184406,-0.42619835,-0.5366548000000001,-1.36663509,-0.42610418,1.0
2438031.199417,0.9812767,-0.34811427,-2.33188912,-0.42637966,-0.53709821,-1.36693063,-0.42628552,1.0
2438031.214459,1.00784,-0.34794553,-2.33189819,-0.42641624,-0.53718764,-1.36699043,-0.42632211,1.0
2438031.216834,1.008768,-0.34791888,-2.33189961,-0.42642201,-0.53720176,-1.36699988,-0.42632788,1.0
2438031.218792,1.01156,-0.34789692,-2.33190079,-0.42642677,-0.5372134,-1.36700767,-0.42633264,1.0
2438031.221334,1.020919,-0.3478684,-2.33190232,-0.42643295,-0.53722851,-1.36701779,-0.42633883,1.0
2453886.374918,1.113582,-0.09765697,2.6911206,0.60178395,-0.45711878,1.7431704,0.60179629,1.0
2453886.381527,1.128148,-0.09772165,2.69111863,0.6017967,-0.45707896,1.74312771,0.60180904,1.0
2453886.38934,1.129968,-0.09779812,2.69111631,0.60181178,-0.45703187,1.74307726,0.60182412,1.0
2453886.395069,1.119949,-0.09785419,2.69111461,0.60182283,-0.45699734,1.74304028,0.60183517,1.0
2453886.400845,1.1044200000000002,-0.09791072,2.69111289,0.60183397,-0.45696253,1.74300301,0.60184632,1.0
2453886.407211,1.088875,-0.09797303,2.6911110000000003,0.60184626,-0.45692415,1.74296193,0.6018585999999999,1.0
2453886.413936,1.080852,-0.09803885,2.69110899,0.60185923,-0.4568836,1.74291855,0.60187158,1.0
2453886.420776,1.0452549999999998,-0.09810579,2.69110695,0.60187242,-0.45684236,1.74287444,0.60188477,1.0
2453886.427571,1.011715,-0.09817229,2.69110493,0.60188553,-0.45680138,1.74283063,0.60189788,1.0
2453886.434318,0.9820514,-0.09823833,2.69110291,0.60189855,-0.45676069,1.74278714,0.6019109,1.0
2453886.440985,0.9658423,-0.09830358,2.69110092,0.60191141,-0.45672047,1.74274417,0.60192376,1.0
2453886.447757,0.9586635,-0.09836986,2.69109889,0.60192447,-0.45667962,1.74270054,0.60193683,1.0
2453886.4543540003,0.9556133,-0.09843442,2.69109692,0.60193719,-0.45663982,1.74265805,0.60194955,1.0
2453886.461669,0.9686842,-0.09850602,2.69109472,0.6019513000000001,-0.45659568,1.74261094,0.60196366,1.0
2453886.468336,0.9594497,-0.09857127,2.69109272,0.60196416,-0.45655545,1.74256802,0.60197652,1.0
2453886.474968,0.9587253,-0.09863618,2.69109073,0.60197695,-0.45651542,1.74252533,0.60198932,1.0
2453886.481612,0.950487,-0.0987012,2.69108874,0.60198977,-0.45647532,1.74248258,0.60200213,1.0
2453886.489379,0.9381541,-0.09877722,2.6910864,0.60200474,-0.45642844,1.74243261,0.60201711,1.0
2453886.495883,0.9545138,-0.09884087,2.69108444,0.60201729,-0.45638916,1.74239077,0.60202966,1.0
2453886.501497,0.9573224,-0.09889582,2.69108275,0.60202811,-0.45635527,1.74235468,0.60204048,1.0
2453886.507018,0.9648376,-0.09894985,2.69108108,0.60203876,-0.45632193,1.74231918,0.60205113,1.0
2453886.513812,0.9838892,-0.09901635,2.69107903,0.60205186,-0.45628089,1.74227551,0.60206424,1.0
2453886.520826,0.9920058,-0.09908499,2.69107692,0.60206539,-0.45623853,1.74223044,0.60207776,1.0
2453886.527482,1.010207,-0.09915014,2.69107491,0.60207822,-0.45619832,1.74218769,0.6020906,1.0
2453886.5371580003,1.011091,-0.09924484,2.69107198,0.60209688,-0.45613986,1.74212554,0.60210926,1.0
2453886.542911,1.017378,-0.09930114,2.69107024,0.60210797,-0.45610511,1.74208861,0.60212035,1.0
2453886.548837,1.017162,-0.09935914,2.69106844,0.60211939,-0.45606929,1.74205057,0.60213178,1.0
2453886.5543580004,1.005463,-0.09941317,2.69106676,0.60213004,-0.45603593,1.74201513,0.60214242,1.0
2453886.561569,0.993606,-0.09948375,2.69106458,0.60214394,-0.45599234,1.74196886,0.60215633,1.0
2453886.568757,0.9762076,-0.0995541,2.69106239,0.6021578000000001,-0.45594889,1.74192276,0.60217019,1.0
2453886.577738,0.9607053,-0.09964199,2.69105966,0.60217511,-0.45589459,1.74186515,0.60218751,1.0
2453886.584776,0.9385431,-0.09971087,2.69105752,0.60218868,-0.45585204,1.74182004,0.60220107,1.0
2453886.591558,0.9334911,-0.09977725,2.69105545,0.60220175,-0.45581102,1.74177657,0.60221415,1.0
2453886.596952,0.9233157,-0.09983004,2.69105381,0.60221215,-0.4557784000000001,1.741742,0.60222455,1.0
2453886.603156,0.9248051,-0.09989076,2.69105191,0.60222411,-0.45574088,1.74170226,0.60223651,1.0
2453886.60855,0.94062,-0.09994355,2.69105027,0.6022345,-0.45570825,1.74166771,0.60224691,1.0
2453886.616779,0.9455624,-0.10002409,2.69104775,0.60225037,-0.45565846,1.74161501,0.60226277,1.0
2453886.623354,0.9582663,-0.10008844,2.69104574,0.60226304,-0.45561869,1.74157292,0.60227544,1.0
2453886.629708,0.9740342,-0.10015062,2.6910438,0.60227528,-0.45558024,1.74153225,0.60228769,1.0
2453887.372005,0.9666843,-0.10741502,2.69080603,0.60370357,-0.45106055,1.73684606,0.60371624,1.0
2453887.378903,0.9815143,-0.10748252,2.69080372,0.60371682,-0.45101829,1.73680312,0.6037295,1.0
2453887.386971,0.974596,-0.10756147,2.69080102,0.60373232,-0.45096886,1.73675291,0.603745,1.0
2453887.392943,1.005802,-0.10761992,2.69079902,0.60374379,-0.45093227,1.73671575,0.60375647,1.0
2453887.398939,1.00471,-0.10767859,2.69079701,0.60375531,-0.45089552,1.73667845,0.60376799,1.0
2453887.406404,1.017524,-0.10775164,2.6907945,0.60376965,-0.45084977,1.73663202,0.60378233,1.0
2453887.413268,1.010529,-0.10781881,2.6907922,0.60378283,-0.4508077,1.73658934,0.60379552,1.0
2453887.419854,1.0268540000000002,-0.10788326,2.69078999,0.60379548,-0.45076733,1.73654841,0.60380817,1.0
2453887.426787,1.020866,-0.10795111,2.69078765,0.6038088,-0.45072482,1.73650532,0.60382149,1.0
2453887.433524,1.011516,-0.10801703,2.69078539,0.60382174,-0.45068352,1.73646347,0.60383443,1.0
2453887.439207,0.9974443,-0.10807264,2.69078347,0.60383265,-0.45064867,1.73642817,0.60384534,1.0
2453887.445769,0.9922764,-0.10813686,2.69078126,0.60384525,-0.45060842,1.73638742,0.60385795,1.0
2453887.452598,0.9976832,-0.10820368,2.69077896,0.60385837,-0.45056654,1.73634502,0.60387107,1.0
2453887.4592770003,0.9841576,-0.10826904,2.6907767,0.60387119,-0.45052558,1.73630357,0.60388389,1.0
2453887.466395,0.964612,-0.1083387,2.6907743,0.60388486,-0.45048191,1.7362593999999998,0.60389757,1.0
2453887.47327,0.9410065,-0.10840597,2.69077197,0.60389806,-0.45043973,1.73621675,0.60391077,1.0
2453887.480088,0.958819,-0.10847269,2.69076967,0.60391115,-0.4503979,1.73617447,0.60392386,1.0
2453887.488653,0.9407119,-0.10855651,2.69076677,0.6039276,-0.45034534,1.73612137,0.60394031,1.0
2453887.494336,0.9407812,-0.10861212,2.69076484,0.60393851,-0.45031046,1.73608614,0.60395122,1.0
2453887.499915,0.9439753,-0.10866671,2.69076295,0.60394922,-0.45027621,1.73605157,0.60396194,1.0
2453887.50539,0.9434364,-0.10872029,2.69076109,0.60395973,-0.45024261,1.73601765,0.60397245,1.0
2453887.512138,0.9536316,-0.10878632,2.6907588,0.60397269,-0.45020118,1.73597585,0.60398541,1.0
2453887.519071,0.974623,-0.10885417,2.69075644,0.6039859999999999,-0.45015862,1.73593292,0.60399872,1.0
2453887.528087,0.9828441,-0.10894239,2.69075338,0.6040033,-0.45010325,1.7358771000000002,0.60401603,1.0
2453887.53597,1.030075,-0.10901953,2.69075069,0.60401844,-0.45005484,1.73582832,0.60403117,1.0
2453887.5420810003,1.069864,-0.10907933,2.69074861,0.60403017,-0.45001731,1.7357904999999998,0.6040429,1.0
2453887.547729,1.083789,-0.1091346,2.69074669,0.60404101,-0.44998261,1.73575556,0.60405375,1.0
2453887.553887,1.10889,-0.10919486,2.69074459,0.60405283,-0.44994478,1.73571748,0.60406557,1.0
2453887.560751,1.121225,-0.10926203,2.69074224,0.604066,-0.44990262,1.73567505,0.60407875,1.0
2453887.568517,1.105016,-0.10933802,2.69073959,0.60408091,-0.44985489,1.73562703,0.60409366,1.0
2453887.577128,1.103775,-0.10942229,2.69073664,0.60409744,-0.44980197,1.73557382,0.60411019,1.0
2453887.584235,1.082233,-0.10949183,2.69073421,0.60411108,-0.4497583,1.73552992,0.60412383,1.0
2453887.591215,1.052167,-0.10956013,2.69073182,0.60412447,-0.4497154,1.73548682,0.60413723,1.0
2453887.596909,1.023766,-0.10961585,2.69072987,0.6041354,-0.44968039,1.73545166,0.60414816,1.0
2453887.60346,0.996884,-0.10967996,2.69072762,0.60414797,-0.44964011,1.73541122,0.60416073,1.0
2453887.610139,0.9775357,-0.10974531,2.69072533,0.60416079,-0.44959905,1.73537,0.60417355,1.0
2453887.617813,0.9597733,-0.10982041,2.69072269,0.60417551,-0.44955186,1.73532266,0.60418828,1.0
2453887.62441,0.9552755,-0.10988496,2.69072042,0.60418817,-0.44951129,1.73528197,0.60420094,1.0
2453887.630869,0.9585011999999998,-0.10994817,2.6907182,0.60420057,-0.44947156,1.73524214,0.60421334,1.0
2453890.365215,1.041952,-0.13669862,2.68963557,0.60941533,-0.43230624,1.71926383,0.60942956,1.0
2453890.372437,1.030841,-0.13676926,2.68963234,0.60942902,-0.43226003,1.71922397,0.60944325,1.0
2453890.380343,1.014415,-0.13684659,2.6896287999999995,0.60944401,-0.43220944,1.71918035,0.60945824,1.0
2453890.386454,0.9985638,-0.13690636,2.68962606,0.60945559,-0.43217033,1.71914665,0.60946983,1.0
2453890.392322,0.9878882,-0.13696375,2.68962342,0.60946671,-0.43213277,1.71911429,0.60948095,1.0
2453890.399799,0.9723795,-0.13703688,2.68962007,0.60948088,-0.4320849,1.71907307,0.60949513,1.0
2453890.406651,0.949878,-0.13710389,2.68961699,0.60949386,-0.43204103,1.71903531,0.60950812,1.0
2453890.4134110003,0.9360172,-0.13717001,2.68961395,0.60950668,-0.43199776,1.71899807,0.60952093,1.0
2453890.419927,0.925439,-0.13723374,2.68961102,0.60951902,-0.43195604,1.71896218,0.60953329,1.0
2453890.426872,0.9292226999999998,-0.13730167,2.6896079,0.60953218,-0.43191156,1.71892394,0.60954645,1.0
2453890.4325200003,0.9372422,-0.13735691,2.68960536,0.60954289,-0.43187539,1.71889285,0.60955716,1.0
2453890.440148,0.9243146,-0.13743151,2.68960192,0.60955734,-0.43182654,1.71885087,0.60957161,1.0
2453890.445426,0.9284528,-0.13748313,2.68959954,0.60956734,-0.43179273,1.71882183,0.60958162,1.0
2453890.451595,0.9380453,-0.13754347,2.68959676,0.60957903,-0.43175321,1.7187879,0.60959331,1.0
2453890.458378,0.9369314,-0.13760981,2.6895937,0.60959188,-0.43170976,1.7187506,0.60960617,1.0
2453890.46523,0.9879428,-0.13767683,2.68959061,0.60960486,-0.43166586,1.71871294,0.60961915,1.0
2453890.472012,1.022577,-0.13774316,2.68958755,0.60961771,-0.4316224,1.71867567,0.60963201,1.0
2453890.479536,1.064201,-0.13781675,2.68958415,0.60963197,-0.43157419,1.71863434,0.60964627,1.0
2453890.4861330003,1.084446,-0.13788127,2.68958117,0.60964446,-0.43153191,1.7185981,0.60965877,1.0
2453890.4915150004,1.098408,-0.13793391,2.68957873,0.60965466,-0.43149742,1.71856855,0.60966897,1.0
2453890.496909,1.1227,-0.13798666,2.68957629,0.60966488,-0.43146284,1.71853894,0.60967919,1.0
2453890.503738,1.126782,-0.13805345,2.6895732000000003,0.60967781,-0.43141908,1.71850147,0.60969213,1.0
2453890.510636,1.105615,-0.13812092,2.68957007,0.60969088,-0.43137485,1.71846363,0.6097052,1.0
2453890.517373,1.086075,-0.13818681,2.68956702,0.60970364,-0.43133166,1.71842667,0.60971796,1.0
2453890.526771,1.063653,-0.13827872,2.68956276,0.60972144,-0.4312714,1.71837515,0.60973577,1.0
2453890.537373,1.010406,-0.13838241,2.68955794,0.60974152,-0.43120341,1.71831704,0.60975586,1.0
2453890.5429990003,0.9990146,-0.13843744,2.68955539,0.60975218,-0.43116733,1.71828623,0.60976652,1.0
2453890.548728,0.9855617,-0.13849347,2.68955278,0.60976303,-0.43113059,1.71825485,0.60977737,1.0
2453890.555476,0.9822088,-0.13855947,2.68954972,0.60977581,-0.43108731,1.7182179,0.60979015,1.0
2453890.564064,0.9748545,-0.13864346,2.68954581,0.60979207,-0.43103221,1.71817089,0.60980642,1.0
2453890.570754,0.9735535,-0.13870889,2.68954276,0.60980474,-0.43098929,1.71813429,0.6098191,1.0
2453890.577421,0.9717707,-0.1387741,2.68953972,0.60981736,-0.43094651,1.71809781,0.60983173,1.0
2453890.5826990004,0.9738315,-0.13882572,2.68953732,0.60982736,-0.43091265,1.71806895,0.60984172,1.0
2453890.587977,0.9578022,-0.13887734,2.68953491,0.60983735,-0.43087878,1.71804009,0.60985172,1.0
2453890.594343,0.9551681,-0.1389396,2.68953201,0.60984941,-0.43083793,1.7180053,0.60986378,1.0
2453890.5994240004,0.9525238,-0.13898929,2.68952969,0.60985903,-0.43080531,1.71797753,0.6098734,1.0
2453890.607746,0.9508321,-0.13907068,2.68952589,0.60987479,-0.4307519,1.71793206,0.60988917,1.0
2453890.614575,0.976508,-0.13913747,2.68952277,0.60988771,-0.43070806,1.71789476,0.6099021,1.0
2453892.360477,0.9073326,-0.15620958,2.68866714,0.61318016,-0.4193774,1.70872458,0.61319567,1.0
2453892.360917,0.9231548,-0.15621388,2.68866691,0.61318099,-0.41937452,1.70872237,0.61319649,1.0
2453892.367329,0.9542507,-0.15627657,2.68866356,0.61319303,-0.41933247,1.70869003,0.61320854,1.0
2453892.367769,0.956292,-0.15628087,2.68866333,0.61319386,-0.41932959,1.70868781,0.61320937,1.0
2453892.375061,1.012508,-0.15635216,2.68865951,0.61320755,-0.41928176,1.70865105,0.61322307,1.0
2453892.380455,1.0215,-0.15640489,2.68865669,0.61321768,-0.41924639,1.70862387,0.6132331999999999,1.0
2453892.380895,1.055763,-0.15640919,2.68865646,0.61321851,-0.4192435000000001,1.70862166,0.61323403,1.0
2453892.385872,1.065149,-0.15645785,2.68865385,0.61322786,-0.41921085,1.70859658,0.61324338,1.0
2453892.386311,1.062983,-0.15646214,2.68865362,0.61322868,-0.41920796,1.70859436,0.61324421,1.0
2453892.3937770003,1.114198,-0.15653514,2.68864971,0.6132426999999999,-0.41915899,1.70855676,0.61325823,1.0
2453892.394205,1.099903,-0.15653932,2.68864948,0.61324351,-0.41915618,1.70855461,0.61325903,1.0
2453892.400641,1.134557,-0.15660224,2.68864611,0.61325559,-0.41911396,1.7085221999999998,0.61327113,1.0
2453892.401104,1.135666,-0.15660677,2.68864586,0.61325646,-0.41911092,1.70851987,0.613272,1.0
2453892.421752,1.089308,-0.15680863,2.68863502,0.61329524,-0.41897543,1.70841598,0.61331078,1.0
2453892.426706,1.116294,-0.15685706,2.68863242,0.61330454,-0.41894293,1.70839107,0.61332009,1.0
2453892.427146,1.124798,-0.15686136,2.68863219,0.61330537,-0.41894004,1.70838886,0.61332092,1.0
2453892.432829,1.099539,-0.15691692,2.6886292000000003,0.61331604,-0.41890274,1.70836029,0.61333159,1.0
2453892.433281,1.106742,-0.15692134,2.68862896,0.61331689,-0.41889978,1.70835802,0.61333244,1.0
2453892.446001,1.081918,-0.1570457,2.68862227,0.61334077,-0.41881628,1.70829411,0.61335633,1.0
2453892.459693,0.9789816,-0.15717956,2.68861506,0.61336648,-0.41872639,1.70822535,0.61338205,1.0
2453892.474393,0.9527929,-0.15732327,2.68860732,0.61339407,-0.41862988,1.70815158,0.61340965,1.0
2453892.515644,1.00125,-0.15772655,2.68858553,0.61347151,-0.41835894,1.70794486,0.61348712,1.0
2453892.516107,1.00341,-0.15773107,2.68858529,0.61347238,-0.4183559,1.70794254,0.61348798,1.0
2453892.523445,1.024761,-0.15780281,2.6885814,0.61348615,-0.41830769,1.70790581,0.61350176,1.0
2453892.523874,1.024327,-0.157807,2.68858118,0.61348696,-0.41830488,1.70790366,0.61350257,1.0
2453892.52899,1.057135,-0.15785702,2.68857847,0.61349656,-0.41827127,1.70787807,0.61351217,1.0
2453892.529441,1.052297,-0.15786143,2.68857823,0.6134974,-0.4182683,1.70787581,0.61351302,1.0
2453892.5409,1.087573,-0.15797345,2.68857216,0.61351891,-0.41819301,1.70781849,0.61353453,1.0
2453892.547636,1.102479,-0.15803931,2.68856859,0.61353155,-0.41814874,1.70778482,0.61354718,1.0
2453892.5547080003,1.094809,-0.15810844,2.68856484,0.61354482,-0.41810226,1.70774947,0.61356045,1.0
2453892.555148,1.092684,-0.15811274,2.68856461,0.61354565,-0.41809937,1.70774727,0.61356128,1.0
2453892.562359,1.092865,-0.15818324,2.68856078,0.61355918,-0.41805197,1.70771124,0.61357482,1.0
2453892.56281,1.090251,-0.15818765,2.68856054,0.61356003,-0.418049,1.70770899,0.61357566,1.0
2453892.568875,1.077493,-0.15824694,2.68855732,0.61357141,-0.41800914,1.7076787,0.61358705,1.0
2453892.569315,1.081072,-0.15825124,2.68855709,0.61357223,-0.41800624,1.7076765,0.61358788,1.0
2453892.57582,1.053772,-0.15831483,2.68855363,0.61358444,-0.41796349,1.70764403,0.61360008,1.0
2453892.576271,1.050477,-0.15831924,2.68855339,0.61358529,-0.41796052,1.70764177,0.61360093,1.0
2453892.581433,1.028742,-0.15836971,2.68855065,0.61359497,-0.41792658,1.707616,0.61361062,1.0
2453892.581862,1.025252,-0.1583739,2.68855042,0.61359578,-0.41792377,1.70761387,0.61361143,1.0
2453892.5875330004,1.00268,-0.15842934,2.68854741,0.61360642,-0.41788648,1.70758557,0.61362207,1.0
2453892.587984,0.9959706,-0.15843375,2.68854717,0.61360727,-0.41788351,1.70758331,0.61362292,1.0
2453892.593448,0.9730485,-0.15848717,2.68854426,0.61361752,-0.41784759,1.70755606,0.61363317,1.0
2453892.593887,0.9739452,-0.15849146,2.68854403,0.61361834,-0.4178447,1.70755387,0.613634,1.0
2453892.600844,0.9391404,-0.15855947,2.68854033,0.61363139,-0.41779896,1.70751918,0.61364705,1.0
2453892.601295,0.9403781,-0.15856388,2.68854009,0.61363224,-0.41779599,1.70751693,0.6136479,1.0
2453892.607522,0.9167998,-0.15862475,2.68853678,0.61364392,-0.41775504,1.70748588,0.61365959,1.0
2453892.60795,0.9130583,-0.15862894,2.68853655,0.61364473,-0.41775222,1.70748375,0.61366039,1.0
2453892.6142470003,0.9213455,-0.15869049999999998,2.68853319,0.61365654,-0.41771081,1.70745237,0.61367221,1.0
2453892.614687,0.912764,-0.1586948,2.68853296,0.61365737,-0.41770792,1.70745018,0.61367304,1.0
2453892.620937,0.9153654,-0.1587559,2.68852963,0.61366909,-0.41766681,1.70741904,0.61368477,1.0
2453892.621296,0.9269035,-0.15875941,2.68852944,0.61366977,-0.41766445,1.70741725,0.61368544,1.0
2453892.627951,0.9272109,-0.15882447,2.68852589,0.61368225,-0.41762068,1.70738411,0.61369793,1.0
2453892.628287,0.9327699,-0.15882775,2.68852571,0.61368288,-0.41761847,1.70738244,0.61369856,1.0
2453892.63493,0.9456328000000002,-0.15889269,2.68852217,0.61369534,-0.41757477,1.70734936,0.61371103,1.0
2453902.346202,0.9680977,-0.25370301,2.68156611,0.63150336,-0.35086733,1.6704321,0.63152064,1.0
2453902.351815,0.9542083,-0.25375773,2.68156107,0.63151342,-0.35082751,1.67041743,0.63153069,1.0
2453902.357174,0.9794882,-0.25380997,2.68155625,0.63152302,-0.35078951,1.67040343,0.63154029,1.0
2453902.363413,0.9616194,-0.25387078,2.68155064,0.63153419,-0.35074525,1.67038714,0.63155146,1.0
2453902.3698360003,0.9825331,-0.25393339,2.68154486,0.63154569,-0.35069969,1.67037038,0.63156296,1.0
2453902.375462,0.9930502,-0.25398823,2.6815398,0.63155577,-0.35065979,1.67035571,0.63157303,1.0
2453902.381075,1.004614,-0.25404295,2.68153475,0.63156582,-0.35061996,1.67034108,0.63158308,1.0
2453902.3866310003,1.014386,-0.2540971,2.68152975,0.63157577,-0.35058056,1.67032661,0.63159303,1.0
2453902.392186,1.013377,-0.25415125,2.68152475,0.63158572,-0.35054114,1.67031214,0.63160298,1.0
2453902.397777,1.017558,-0.25420575,2.68151971,0.63159573,-0.35050148,1.6702976000000005,0.63161298,1.0
2453902.403182,1.035598,-0.25425844,2.68151484,0.63160541,-0.35046314,1.67028354,0.63162266,1.0
2453902.408159,1.017999,-0.25430695,2.68151036,0.63161432,-0.35042782,1.6702706000000005,0.63163157,1.0
2453902.412997,1.015274,-0.25435411,2.681506,0.63162299,-0.3503935,1.67025803,0.63164023,1.0
2453902.418171,1.001519,-0.25440454,2.68150134,0.63163225,-0.35035679,1.67024459,0.63164949,1.0
2453902.422627,1.0004309999999998,-0.25444798,2.68149732,0.63164023,-0.35032517,1.67023302,0.63165747,1.0
2453902.427384,0.9907662,-0.25449435,2.68149303,0.63164875,-0.35029142,1.67022068,0.63166598,1.0
2453902.431886,0.9678659,-0.25453823,2.68148897,0.63165681,-0.35025948,1.670209,0.63167404,1.0
2453902.436516,0.9583656,-0.25458336,2.68148479,0.6316651,-0.35022662,1.6701970000000002,0.63168233,1.0
2453902.440822,0.9367317,-0.25462533,2.68148091,0.63167281,-0.35019608,1.67018584,0.63169004,1.0
2453902.446018,0.9149623,-0.25467598,2.68147622,0.63168211,-0.3501592,1.67017238,0.63169934,1.0
2453902.45022,0.8988582,-0.25471694,2.68147243,0.63168963,-0.35012939,1.6701615,0.63170686,1.0
2453902.453704,0.8909538,-0.2547509,2.68146928,0.63169587,-0.35010466,1.67015248,0.63171309,1.0
2453902.456956,0.8890275,-0.2547826,2.68146635,0.63170169,-0.35008159,1.67014407,0.63171891,1.0
2453902.46022,0.8834688,-0.25481441,2.6814634,0.63170754,-0.35005842,1.67013562,0.63172476,1.0
2453902.4636,0.8783815,-0.25484736,2.68146035,0.63171359,-0.35003444,1.67012688,0.6317308,1.0
2453902.4669790003,0.8852363000000001,-0.25488029,2.6814572999999995,0.63171964,-0.35001045,1.67011815,0.63173685,1.0
2453902.470544,0.8855216999999999,-0.25491504,2.68145408,0.63172602,-0.34998516,1.67010894,0.63174323,1.0
2453902.474167,0.8842584000000001,-0.25495036,2.6814508,0.6317325,-0.34995944,1.67009958,0.63174972,1.0
2453902.4778130003,0.8781065,-0.2549859,2.68144751,0.63173903,-0.34993357,1.67009016,0.63175624,1.0
2453902.4813200003,0.8802523999999999,-0.25502008,2.68144434,0.63174531,-0.34990868,1.67008111,0.63176252,1.0
2453902.48463,0.8802360999999999,-0.25505234,2.68144135,0.63175123,-0.34988519,1.67007257,0.63176844,1.0
2453902.490313,0.8847391,-0.25510774,2.68143621,0.63176141,-0.34984485,1.67005791,0.63177861,1.0
2453902.4935080004,0.8965266,-0.25513888,2.68143332,0.63176712,-0.34982218,1.67004967,0.63178433,1.0
2453902.496691,0.8975841999999998,-0.25516991,2.68143044,0.63177282,-0.34979959,1.67004147,0.63179002,1.0
2453902.499005,0.913228,-0.25519246,2.68142835,0.63177696,-0.34978316,1.6700355,0.63179416,1.0
2453902.5012970003,0.9126478,-0.2552148,2.68142628,0.63178107,-0.34976689,1.6700296,0.63179827,1.0
2453902.503519,0.9238707,-0.25523646,2.68142427,0.63178504,-0.34975112,1.67002387,0.63180224,1.0
2453902.505556,0.9430858,-0.25525632,2.68142242,0.63178869,-0.34973666,1.67001863,0.63180589,1.0
2453902.507952,0.9623991,-0.25527967,2.68142026,0.63179298,-0.34971966,1.67001246,0.63181017,1.0
2453902.5102790003,0.9740813,-0.25530235,2.68141815,0.63179714,-0.34970315,1.67000647,0.63181434,1.0
2453902.512478,0.9901915,-0.25532379,2.68141616,0.63180108,-0.34968754,1.67000081,0.63181827,1.0
2453902.514677,1.01237,-0.25534522,2.68141417,0.63180501,-0.34967193,1.66999515,0.6318222,1.0
2453902.51823,1.037517,-0.25537985,2.68141095,0.63181137,-0.34964670000000003,1.66998601,0.63182856,1.0
2453902.521818,1.060072,-0.25541482,2.68140771,0.63181779,-0.34962123,1.66997679,0.63183498,1.0
2453902.525395,1.073612,-0.25544969,2.68140447,0.63182419,-0.34959585,1.66996759,0.63184138,1.0
2453902.529712,1.102806,-0.25549177,2.68140056,0.63183192,-0.3495652,1.6699564999999998,0.6318491,1.0
2453902.534214,1.129378,-0.25553565,2.68139648,0.63183998,-0.34953324,1.66994494,0.63185716,1.0
2453902.537652,1.152527,-0.25556916,2.68139337,0.63184613,-0.34950884,1.66993611,0.63186331,1.0
2453902.541136,1.163556,-0.25560312,2.68139021,0.63185236,-0.3494841,1.66992717,0.63186954,1.0
2453902.544666,1.153504,-0.25563753,2.68138701,0.63185868,-0.34945904,1.66991811,0.63187586,1.0
2453902.5479180003,1.1581780000000002,-0.25566922,2.68138407,0.6318645,-0.34943596,1.66990977,0.63188168,1.0
2453902.550939,1.150555,-0.25569867,2.68138133,0.63186991,-0.34941451,1.66990202,0.63188708,1.0
2453902.553243,1.152039,-0.25572113,2.68137924,0.63187403,-0.34939816,1.66989612,0.6318912,1.0
2453902.555523,1.145954,-0.25574335,2.68137717,0.63187811,-0.34938197,1.66989028,0.63189528,1.0
2453902.558578,1.13527,-0.25577313,2.6813744,0.63188358,-0.34936028,1.66988245,0.63190075,1.0
2453902.560847,1.126967,-0.25579524,2.68137235,0.63188764,-0.34934418,1.66987664,0.6319048,1.0
2453902.563081,1.122606,-0.25581702,2.68137032,0.63189163,-0.34932831,1.66987091,0.6319088,1.0
2453902.565627,1.112191,-0.25584183,2.68136801,0.63189619,-0.34931024,1.66986439,0.63191335,1.0
2453902.569701,1.088577,-0.25588154,2.68136432,0.63190348,-0.34928131,1.66985397,0.63192064,1.0
2453902.573312,1.07686,-0.25591674,2.68136104,0.63190994,-0.34925567,1.66984472,0.6319271,1.0
2453902.576634,1.054997,-0.25594912,2.68135803,0.63191588,-0.34923209,1.66983623,0.63193304,1.0
2453902.579852,1.034464,-0.25598048,2.68135511,0.63192164,-0.34920924,1.669828,0.6319388000000001,1.0
2453902.58344,1.049627,-0.25601546,2.68135185,0.63192806,-0.34918376,1.66981883,0.63194522,1.0
2453902.586854,1.022575,-0.25604873,2.68134875,0.63193417,-0.34915952,1.6698101000000003,0.63195132,1.0
2453902.59028,0.9811043,-0.25608213,2.68134564,0.6319403,-0.34913520000000003,1.66980135,0.63195745,1.0
2453902.593671,1.018102,-0.25611518,2.68134256,0.63194636,-0.34911112,1.66979269,0.63196352,1.0
2453902.597526,1.019491,-0.25615275,2.68133906,0.63195326,-0.34908374,1.66978285,0.63197041,1.0
2453902.604285,0.9846348,-0.25621863,2.68133292,0.63196535,-0.34903575,1.66976561,0.6319825,1.0
2454382.643699,1.042613,-2.48084412,-0.78936784,0.33463146,-1.51749343,-0.52476586,0.33462867,1.0
2454382.658569,1.067882,-2.48079093,-0.78950897,0.33459012,-1.51751221,-0.52466125,0.33458732,1.0
2454382.665617,1.085734,-2.48076572,-0.78957586,0.33457052,-1.51752113,-0.52461167,0.33456772,1.0
2454382.674785,1.054201,-2.48073293,-0.78966285,0.33454503,-1.51753275,-0.52454719,0.33454223,1.0
2454382.683947,1.044535,-2.48070014,-0.7897498000000001,0.33451955,-1.51754438,-0.52448276,0.33451675,1.0
2454382.700158,0.9793174,-2.48064213,-0.78990365,0.33447447,-1.51756502,-0.52436876,0.33447167,1.0
2454382.707208,0.9820266,-2.4806169,-0.78997055,0.33445487,-1.51757402,-0.52431919,0.33445207,1.0
2454382.712142,0.9757161,-2.48059924,-0.79001738,0.33444115,-1.51758032,-0.52428449,0.33443835,1.0
2454382.718492,0.9552643,-2.48057651,-0.79007764,0.33442349,-1.51758844,-0.52423985,0.33442069,1.0
2454382.726252,0.9300862,-2.48054873,-0.79015128,0.33440191,-1.51759838,-0.5241853,0.33439911,1.0
2454382.734007,0.919863,-2.48052097,-0.79022487,0.33438034,-1.51760832,-0.52413078,0.33437754,1.0
2454382.741062,0.94129,-2.48049571,-0.79029182,0.33436072,-1.51761738,-0.52408119,0.33435792,1.0
2454382.7481110003,0.9658801,-2.48047047,-0.79035871,0.33434112,-1.51762644,-0.52403164,0.33433831,1.0
2454382.754458,1.000284,-2.48044774,-0.79041894,0.33432346,-1.51763462,-0.52398703,0.33432066,1.0
2454382.757981,0.9721276,-2.48043512,-0.79045237,0.33431367,-1.51763916,-0.52396228,0.33431086,1.0
2454382.763623,0.9874688,-2.48041492,-0.79050591,0.33429797,-1.51764644,-0.52392263,0.33429517,1.0
2454382.76856,1.000284,-2.48039724,-0.79055275,0.33428424,-1.51765281,-0.52388793,0.33428144,1.0
2454382.772796,1.006754,-2.48038207,-0.79059294,0.33427247,-1.51765828,-0.52385817,0.33426966,1.0
2454382.77703,1.012333,-2.4803669,-0.79063312,0.33426069,-1.51766376,-0.52382842,0.33425789,1.0
2454382.781257,0.984744,-2.48035176,-0.79067323,0.33424893,-1.51766923,-0.52379872,0.33424613,1.0
2454382.786194,0.9956886,-2.48033408,-0.79072007,0.3342352,-1.51767563,-0.52376403,0.3342324,1.0
2454382.794654,0.9902008,-2.48030377,-0.79080035,0.33421167,-1.5176866000000002,-0.52370459,0.33420887,1.0
2454382.79818,0.9676616,-2.48029113,-0.79083381,0.33420186,-1.51769118,-0.52367982,0.33419906,1.0
2454382.803115,0.9605576,-2.48027345,-0.79088063,0.33418814,-1.51769759,-0.52364515,0.33418533,1.0
2454382.808754,0.9491245,-2.48025325,-0.79093414,0.33417245,-1.51770493,-0.52360554,0.33416965,1.0
2454382.811576,0.9579068,-2.48024314,-0.79096092,0.3341646,-1.5177086000000002,-0.52358572,0.3341618,1.0
2454382.822156,0.9369646,-2.48020522,-0.7910613000000001,0.33413518,-1.5177223999999998,-0.52351141,0.33413237,1.0
2454382.829911,0.9605576,-2.48017743,-0.79113489,0.33411361,-1.51773252,-0.52345694,0.3341108,1.0
2454382.837665,0.9335195,-2.48014964,-0.79120846,0.33409204,-1.51774266,-0.52340249,0.33408923,1.0
2454382.84401,0.9757161,-2.48012689,-0.79126866,0.33407439,-1.51775097,-0.52335793,0.33407158,1.0
2454382.84824,0.9596728,-2.48011173,-0.7913088,0.33406262,-1.51775652,-0.52332823,0.33405982,1.0
2454382.8517650003,0.9685528,-2.48009909,-0.79134224,0.33405282,-1.51776114,-0.52330347,0.33405001,1.0
2454382.854584,0.9775149,-2.48008898,-0.79136899,0.33404497,-1.51776484,-0.52328368,0.33404217,1.0
2454382.863747,0.9838373,-2.48005613,-0.79145593,0.33401949,-1.51777688,-0.52321935,0.33401668,1.0
2454382.8672720003,0.9811226,-2.48004349,-0.79148937,0.33400968,-1.51778152,-0.5231946,0.33400687,1.0
2454382.874325,0.9775149,-2.4800182,-0.79155629,0.33399006,-1.51779081,-0.52314508,0.33398725,1.0
2454382.877852,0.9902008,-2.48000555,-0.79158975,0.33398025,-1.51779546,-0.52312032,0.33397744,1.0
2454382.886552,0.9784153,-2.47997436,-0.79167228,0.33395605,-1.51780694,-0.52305926,0.33395324,1.0
2454382.889371,0.9775149,-2.47996425,-0.79169903,0.33394821,-1.51781066,-0.52303947,0.3339454,1.0
2454382.892191,0.9579068,-2.47995413,-0.79172578,0.33394036,-1.51781439,-0.52301968,0.33393756,1.0
2454382.896422,0.9721276,-2.47993896,-0.79176593,0.33392859,-1.51781999,-0.52298998,0.33392579,1.0
2454382.907717,1.017943,-2.47989844,-0.79187309,0.33389717,-1.51783495,-0.52291071,0.33389436,1.0
2454382.910535,1.025471,-2.47988833,-0.79189982,0.33388933,-1.51783868,-0.52289094,0.33388652,1.0
2454382.914767,1.041654,-2.47987315,-0.79193997,0.33387756,-1.5178443,-0.52286124,0.33387475,1.0
2454382.918997,1.040695,-2.47985798,-0.7919801,0.33386579,-1.51784992,-0.52283155,0.33386298,1.0
2454382.922524,1.054201,-2.47984532,-0.79201356,0.33385598,-1.51785461,-0.52280681,0.33385317,1.0
2454382.926047,1.072812,-2.47983268,-0.79204699,0.33384618,-1.51785929,-0.52278209,0.33384337,1.0
2454382.932392,1.048391,-2.47980991,-0.79210718,0.33382852,-1.51786774,-0.52273757,0.33382572,1.0
2454382.935917,1.086734,-2.47979727,-0.79214062,0.33381872,-1.51787243,-0.52271283,0.33381591,1.0
2454382.938739,1.083735,-2.47978714,-0.7921674,0.33381086,-1.5178762,-0.52269304,0.33380806,1.0
2454382.943675,1.067882,-2.47976942,-0.79221422,0.33379713,-1.51788278,-0.52265841,0.33379432,1.0
2454382.947202,1.084734,-2.47975677,-0.79224768,0.33378732,-1.51788749,-0.52263366,0.33378451,1.0
2454382.950724,1.077764,-2.47974413,-0.7922811,0.33377752,-1.5178922,-0.52260896,0.33377471,1.0
2454382.959178,1.065917,-2.47971378,-0.7923613,0.333754,-1.5179035,-0.52254965,0.33375119,1.0
2454843.727389,1.1197469999999998,1.69983056,-1.49550155,-0.66947143,1.33114696,-0.58375156,-0.66947319,1.0
2454843.732301,1.123881,1.69986949,-1.49545959,-0.66947029,1.33110616,-0.5837416,-0.66947204,1.0
2454843.738605,1.147943,1.69991945,-1.49540574,-0.66946882,1.3310538,-0.58372884,-0.66947057,1.0
2454843.744909,1.152179,1.6999694,-1.4953518999999995,-0.66946735,1.33100146,-0.58371608,-0.6694690999999999,1.0
2454843.752001,1.153242,1.7000256,-1.49529132,-0.6694656999999999,1.33094256,-0.58370174,-0.66946745,1.0
2454843.760669,1.095268,1.70009429,-1.49521727,-0.66946367,1.33087059,-0.58368423,-0.66946542,1.0
2454843.765398,1.074287,1.70013176,-1.49517688,-0.66946257,1.33083133,-0.58367469,-0.66946432,1.0
2454843.770914,1.030671,1.70017546,-1.49512975,-0.66946128,1.33078553,-0.58366357,-0.66946303,1.0
2454843.775642,1.022163,1.70021293,-1.49508936,-0.66946017,1.33074628,-0.58365404,-0.66946192,1.0
2454843.7803700003,1.006283,1.70025039,-1.49504897,-0.66945907,1.33070702,-0.58364451,-0.66946082,1.0
2454843.785101,0.9689921,1.70028787,-1.49500855,-0.66945796,1.33066776,-0.58363499,-0.66945971,1.0
2454843.789829,0.9399835,1.70032533,-1.49496816,-0.66945686,1.33062851,-0.58362547,-0.66945861,1.0
2454843.795345,0.9348033,1.70036903,-1.49492103,-0.66945557,1.33058272,-0.58361438,-0.66945731,1.0
2454843.8000740004,0.9313657,1.7004065,-1.49488062,-0.66945446,1.33054347,-0.58360488,-0.66945621,1.0
2454843.804803,0.926233,1.70044397,-1.49484022,-0.66945335,1.33050421,-0.58359538,-0.6694551,1.0
2454843.809534,0.9093274,1.70048144,-1.4947998,-0.66945224,1.33046496,-0.58358589,-0.66945399,1.0
2454843.814262,0.9177412,1.7005188999999998,-1.4947594,-0.66945114,1.33042572,-0.5835764,-0.66945288,1.0
2454843.818992,0.9202805,1.70055637,-1.49471899,-0.66945003,1.33038646,-0.58356692,-0.66945177,1.0
2454843.824771,0.9093274,1.70060215,-1.49466961,-0.66944867,1.3303385,-0.58355534,-0.66945042,1.0
2454843.830484,0.9287958,1.7006473999999998,-1.4946208,-0.66944733,1.3302911,-0.58354391,-0.66944908,1.0
2454843.8359990004,0.9348033,1.70069108,-1.49457367,-0.66944604,1.33024534,-0.58353287,-0.66944779,1.0
2454843.841515,0.9707787,1.70073478,-1.49452653,-0.66944475,1.33019957,-0.58352184,-0.66944649,1.0
2454843.846244,0.9797612,1.70077224,-1.49448612,-0.66944364,1.33016034,-0.58351239,-0.66944538,1.0
2454843.852551,0.9815676,1.70082218,-1.49443223,-0.66944216,1.33010802,-0.5834998,-0.6694439,1.0
2454843.858855,0.9888268,1.70087212,-1.49437835,-0.66944067,1.33005572,-0.58348723,-0.66944242,1.0
2454843.863584,1.002583,1.70090957,-1.49433794,-0.66943956,1.33001649,-0.5834778,-0.66944131,1.0
2454843.868313,1.005357,1.70094703,-1.49429752,-0.66943845,1.32997726,-0.58346837,-0.66944019,1.0
2454843.87383,1.022163,1.70099072,-1.49425037,-0.66943715,1.3299315,-0.58345739,-0.6694389000000001,1.0
2454843.879348,1.010928,1.70103442,-1.49420322,-0.66943586,1.32988574,-0.58344641,-0.6694376,1.0
2454843.8848650004,1.013725,1.70107811,-1.49415606,-0.66943456,1.32983998,-0.58343544,-0.6694363,1.0
2454843.889593,1.00166,1.70111555,-1.49411565,-0.66943344,1.32980076,-0.58342604,-0.66943519,1.0
2454843.894326,0.987007,1.70115303,-1.4940752,-0.66943233,1.32976151,-0.58341664,-0.66943407,1.0
2454843.899845,0.9663184,1.70119673,-1.49402803,-0.66943103,1.32971575,-0.58340569,-0.66943277,1.0
2454843.90458,0.955697,1.70123423,-1.49398756,-0.66942991,1.32967649,-0.5833963000000001,-0.66943166,1.0
2454843.90931,0.9194334,1.70127168,-1.49394713,-0.6694288,1.32963726,-0.58338692,-0.66943054,1.0
2454843.914831,0.9001610999999999,1.7013154,-1.49389993,-0.6694275,1.32959149,-0.58337599,-0.66942924,1.0
2454843.919563,0.8668027,1.70135286,-1.49385949,-0.66942638,1.32955226,-0.58336662,-0.66942812,1.0
2454843.925084,0.8408533000000001,1.70139658,-1.4938123,-0.66942508,1.32950648,-0.5833557,-0.66942682,1.0
2454843.929813,0.8096926999999999,1.70143402,-1.49377187,-0.66942396,1.32946728,-0.58334635,-0.6694257,1.0
2454843.934545,0.8362194,1.70147149,-1.49373142,-0.66942285,1.32942805,-0.583337,-0.66942459,1.0
2454843.939275,0.8509817,1.70150894,-1.49369098,-0.66942173,1.32938884,-0.58332766,-0.66942347,1.0
2454843.944004,0.8652075,1.70154637,-1.49365056,-0.66942061,1.32934965,-0.58331832,-0.66942235,1.0
2454843.948733,0.8935528,1.70158381,-1.49361013,-0.6694195,1.32931045,-0.583309,-0.66942123,1.0
2454843.954256,0.9287958,1.70162753,-1.49356292,-0.66941819,1.32926467,-0.58329811,-0.66941993,1.0
2454843.958989,0.9521826,1.7016650000000002,-1.49352245,-0.66941707,1.32922544,-0.58328879,-0.66941881,1.0
2454843.96451,0.9672088,1.7017087,-1.49347526,-0.66941577,1.32917969,-0.58327792,-0.6694175,1.0
2454843.970033,0.989738,1.70175243,-1.49342804,-0.66941446,1.32913392,-0.58326705,-0.6694161999999999,1.0
2454843.976352,0.9979763,1.70180245,-1.49337401,-0.66941296,1.32908155,-0.58325463,-0.6694147,1.0
2454843.981871,1.00721,1.70184614,-1.49332682,-0.66941166,1.32903582,-0.58324379,-0.66941339,1.0
2454843.987394,1.023105,1.70188985,-1.4932796,-0.66941035,1.32899006,-0.58323295,-0.66941208,1.0
2454843.992139,1.052738,1.7019273999999998,-1.49323903,-0.66940922,1.32895075,-0.58322364,-0.66941096,1.0
2454843.997668,1.07231,1.70197117,-1.49319175,-0.66940791,1.32890494,-0.58321281,-0.66940965,1.0
2454844.003202,1.09931,1.70201497,-1.49314443,-0.6694066,1.32885909,-0.58320196,-0.66940834,1.0
2454844.008735,1.116658,1.70205876,-1.49309712,-0.66940529,1.32881325,-0.58319113,-0.66940702,1.0
2454844.016636,1.130109,1.70212129,-1.49302956,-0.66940341,1.32874781,-0.58317568,-0.66940515,1.0
2454844.021379,1.154304,1.70215883,-1.492989,-0.66940229,1.32870852,-0.58316641,-0.66940402,1.0
2454844.02612,1.153242,1.70219635,-1.49294846,-0.66940116,1.32866925,-0.58315715,-0.6694029,1.0
2454844.0316540003,1.160701,1.70224014,-1.49290114,-0.66939985,1.32862342,-0.58314635,-0.66940158,1.0
2454844.036387,1.152179,1.70227759,-1.49286066,-0.66939872,1.32858422,-0.58313712,-0.66940046,1.0
2454844.041121,1.153242,1.70231505,-1.49282018,-0.6693975999999999,1.32854501,-0.58312789,-0.66939933,1.0
2454844.046641,1.147943,1.70235874,-1.49277297,-0.66939629,1.3284993,-0.58311714,-0.66939802,1.0
2454847.727489,0.9462007,1.73122432,-1.46106856,-0.66841918,1.29858731,-0.57762268,-0.66842068,1.0
2454847.736225,0.8741445,1.7312922,-1.46099279,-0.66841662,1.29851777,-0.57761358,-0.66841812,1.0
2454847.743373,0.8417503000000001,1.73134775,-1.46093078,-0.66841452,1.29846087,-0.57760614,-0.66841602,1.0
2454847.748139,0.8317315999999999,1.73138478,-1.46088944,-0.66841312,1.29842293,-0.5776011999999999,-0.66841463,1.0
2454847.752904,0.8425259,1.73142181,-1.4608481000000002,-0.66841173,1.29838501,-0.57759625,-0.66841323,1.0
2454847.756877,0.8701283000000001,1.73145267,-1.46081364,-0.66841056,1.29835339,-0.57759214,-0.66841206,1.0
2454847.760849,0.8765632,1.73148353,-1.46077918,-0.66840939,1.29832178,-0.57758803,-0.66841089,1.0
2454847.76482,0.8912164,1.73151439,-1.46074473,-0.66840823,1.29829018,-0.57758392,-0.66840973,1.0
2454847.768793,0.9161853,1.73154526,-1.46071026,-0.66840706,1.29825857,-0.57757981,-0.66840856,1.0
2454847.772764,0.9462007,1.73157611,-1.46067581,-0.66840589,1.29822697,-0.57757571,-0.66840739,1.0
2454847.776736,0.9488187,1.73160697,-1.46064135,-0.66840473,1.29819536,-0.57757162,-0.66840623,1.0
2454847.780712,0.9637918,1.73163785,-1.46060686,-0.66840356,1.29816374,-0.57756752,-0.66840506,1.0
2454847.784684,0.9871502,1.73166871,-1.4605723999999998,-0.66840239,1.29813214,-0.57756343,-0.66840389,1.0
2454847.788656,0.9990409,1.73169957,-1.46053794,-0.66840122,1.29810054,-0.57755935,-0.66840272,1.0
2454847.792627,1.012939,1.73173042,-1.46050348,-0.66840006,1.29806894,-0.57755527,-0.66840155,1.0
2454847.796599,1.005503,1.73176128,-1.46046902,-0.66839889,1.29803735,-0.57755119,-0.66840039,1.0
2454847.80057,1.011075,1.73179212,-1.46043456,-0.66839772,1.29800576,-0.57754712,-0.66839922,1.0
2454847.804544,1.011075,1.73182299,-1.46040009,-0.66839655,1.29797416,-0.57754305,-0.66839805,1.0
2454847.808516,1.033673,1.73185384,-1.46036562,-0.66839538,1.29794257,-0.57753898,-0.66839688,1.0
2454847.813283,1.094418,1.73189087,-1.46032426,-0.66839398,1.29790465,-0.57753411,-0.66839548,1.0
2454847.818049,1.093411,1.73192789,-1.4602829,-0.66839257,1.29786675,-0.57752924,-0.66839407,1.0
2454847.8220220003,1.1055620000000002,1.73195875,-1.46024843,-0.6683914000000001,1.29783515,-0.57752518,-0.6683929,1.0
2454847.825994,1.113738,1.73198961,-1.46021396,-0.66839023,1.29780357,-0.57752113,-0.66839173,1.0
2454847.82997,1.129232,1.73202048,-1.46017947,-0.66838906,1.29777196,-0.57751709,-0.66839056,1.0
2454847.83397,1.12508,1.73205155,-1.46014476,-0.66838788,1.29774015,-0.57751302,-0.66838938,1.0
2454847.837942,1.149167,1.7320824,-1.46011029,-0.66838671,1.29770857,-0.57750898,-0.66838821,1.0
2454847.841914,1.1566,1.73211325,-1.46007582,-0.66838554,1.29767699,-0.57750494,-0.66838704,1.0
2454847.845887,1.1608690000000002,1.73214411,-1.46004134,-0.66838437,1.29764541,-0.57750091,-0.66838587,1.0
2454847.84986,1.165154,1.73217496,-1.46000686,-0.6683832,1.29761382,-0.57749688,-0.66838469,1.0
2454847.853832,1.168378,1.7322058,-1.4599723999999998,-0.66838203,1.29758225,-0.57749286,-0.66838352,1.0
2454847.85781,1.173771,1.7322367,-1.45993787,-0.66838085,1.29755063,-0.57748884,-0.66838235,1.0
2454847.861782,1.157666,1.73226755,-1.4599034,-0.66837968,1.29751906,-0.57748482,-0.66838118,1.0
2454847.865755,1.137583,1.7322984,-1.45986892,-0.66837851,1.29748748,-0.57748081,-0.66838,1.0
2454847.869727,1.124044,1.73232925,-1.45983445,-0.66837734,1.29745591,-0.5774768,-0.66837883,1.0
2454847.8737,1.104545,1.7323601000000002,-1.45979996,-0.66837616,1.29742434,-0.5774728,-0.66837766,1.0
2454847.877673,1.079402,1.73239094,-1.45976549,-0.66837499,1.29739277,-0.5774688,-0.66837648,1.0
2454847.8824400003,1.043238,1.73242796,-1.45972411,-0.66837358,1.29735489,-0.577464,-0.66837508,1.0
2454847.886411,1.016678,1.73245879,-1.45968965,-0.66837241,1.29732333,-0.57746001,-0.6683739000000001,1.0
2454847.890385,1.006429,1.73248965,-1.45965515,-0.66837124,1.29729176,-0.57745602,-0.66837273,1.0
2454847.8943580003,0.9917068,1.7325205,-1.45962067,-0.66837006,1.29726019,-0.57745204,-0.66837155,1.0
2454847.899126,0.9575981,1.73255752,-1.45957928,-0.66836865,1.29722231,-0.57744726,-0.66837014,1.0
2454847.903102,0.9427213,1.73258839,-1.45954478,-0.66836748,1.29719073,-0.57744328,-0.66836897,1.0
2454847.907073,0.9366627,1.73261922,-1.45951031,-0.6683663000000001,1.29715918,-0.57743931,-0.66836779,1.0
2454847.973022,1.002728,1.73313116,-1.4589378,-0.66834676,1.2966355,-0.57737393,-0.66834825,1.0
2454847.977787,1.02137,1.73316814,-1.45889643,-0.66834535,1.29659768,-0.57736925,-0.66834683,1.0
2454847.98176,1.023253,1.73319897,-1.45886193,-0.66834417,1.29656615,-0.57736535,-0.66834565,1.0
2454847.985732,1.02703,1.7332298,-1.45882745,-0.66834299,1.29653462,-0.57736145,-0.66834447,1.0
2454847.989705,1.028924,1.73326064,-1.45879295,-0.66834181,1.29650309,-0.57735756,-0.66834329,1.0
2454847.993678,1.028924,1.73329147,-1.45875845,-0.66834063,1.29647156,-0.57735367,-0.66834211,1.0
2454847.997652,1.019491,1.73332231,-1.45872394,-0.66833945,1.29644003,-0.57734978,-0.66834093,1.0
2454848.0024180003,1.004577,1.73335929,-1.45868257,-0.66833803,1.29640222,-0.57734513,-0.66833952,1.0
2454848.006392,0.9889704,1.73339013,-1.45864806,-0.66833685,1.29637068,-0.57734125,-0.66833833,1.0
2454848.010369,0.9771995,1.73342099,-1.45861352,-0.66833567,1.29633913,-0.57733737,-0.66833715,1.0
2454848.014346,0.9593636,1.73345186,-1.45857899,-0.66833448,1.29630758,-0.5773335,-0.66833597,1.0
2454848.0183200003,0.9435899,1.73348269,-1.45854448,-0.6683333,1.29627605,-0.57732963,-0.66833479,1.0
2454848.022293,0.9349388,1.73351352,-1.45850998,-0.66833212,1.29624453,-0.57732577,-0.6683336,1.0
2454848.026269,0.9111361,1.73354437,-1.45847546,-0.66833094,1.2962129999999998,-0.57732191,-0.66833242,1.0
2454848.030241,0.8814208,1.73357519,-1.45844096,-0.66832975,1.29618149,-0.57731806,-0.66833124,1.0
2454848.035011,0.8448571,1.7336122,-1.45839954,-0.66832833,1.29614365,-0.57731343,-0.66832982,1.0
2454848.039779,0.8188101999999999,1.7336492,-1.45835813,-0.66832691,1.29610584,-0.57730882,-0.6683284,1.0
2454848.045341,0.830201,1.73369235,-1.45830982,-0.66832526,1.29606172,-0.57730344,-0.66832674,1.0
2454848.049316,0.8542466000000001,1.73372319,-1.45827531,-0.66832407,1.29603021,-0.5772996,-0.66832556,1.0
2454848.054086,0.8863049999999999,1.73376019,-1.45823388,-0.66832265,1.29599238,-0.577295,-0.66832413,1.0
2454866.656627,1.126151,1.87117891,-1.29123163,-0.66019625,1.17006613,-0.59824729,-0.66019649,1.0
2454866.66393,1.094451,1.87123008,-1.29116403,-0.66019205,1.17002694,-0.59826952,-0.66019229,1.0
2454866.673459,1.054865,1.87129684,-1.29107581,-0.66018657,1.16997581,-0.59829854,-0.66018681,1.0
2454866.682286,0.9926514,1.87135869,-1.29099408,-0.6601815,1.16992847,-0.59832543,-0.66018174,1.0
2454866.689435,0.9541061,1.87140878,-1.29092789,-0.66017739,1.16989013,-0.59834722,-0.66017763,1.0
2454866.6965880003,0.9392834,1.87145889,-1.29086167,-0.66017327,1.16985178,-0.59836904,-0.66017351,1.0
2454866.703739,0.9418823,1.87150899,-1.29079545,-0.66016916,1.16981345,-0.59839086,-0.66016939,1.0
2454866.710887,0.9392834,1.87155906,-1.29072927,-0.66016504,1.16977514,-0.59841268,-0.66016528,1.0
2454866.718188,0.9453588,1.8716102,-1.29066168,-0.66016084,1.16973603,-0.59843497,-0.66016108,1.0
2454866.725337,0.934107,1.87166027,-1.29059548,-0.66015672,1.16969774,-0.59845681,-0.66015696,1.0
2454866.733277,0.9384187,1.87171589,-1.29052196,-0.66015215,1.16965522,-0.59848108,-0.66015239,1.0
2454866.740426,0.9532278,1.87176596,-1.29045576,-0.66014803,1.16961695,-0.59850294,-0.66014827,1.0
2454866.747576,0.9763301,1.87181603,-1.29038955,-0.66014391,1.16957868,-0.59852481,-0.66014415,1.0
2454866.756314,0.9808366,1.87187723,-1.29030863,-0.66013888,1.16953192,-0.59855155,-0.66013911,1.0
2454866.7634650003,1.008316,1.87192731,-1.2902424,-0.66013476,1.16949367,-0.59857345,-0.66013499,1.0
2454866.770616,1.031802,1.87197738,-1.29017619,-0.66013064,1.16945543,-0.59859536,-0.66013087,1.0
2454866.777767,1.034658,1.87202745,-1.29010996,-0.66012651,1.16941719,-0.59861727,-0.66012675,1.0
2454866.784917,1.026116,1.87207752,-1.29004374,-0.66012239,1.16937897,-0.59863919,-0.66012262,1.0
2454866.792067,1.032753,1.87212758,-1.28997752,-0.66011827,1.16934075,-0.59866113,-0.6601185,1.0
2454866.79922,0.9999919,1.87217766,-1.28991127,-0.66011414,1.16930253,-0.59868308,-0.66011437,1.0
2454866.806372,0.9853639,1.87222773,-1.28984503,-0.66011001,1.16926432,-0.59870503,-0.66011025,1.0
2454866.8135220003,0.9593931999999998,1.87227779,-1.28977881,-0.66010589,1.16922614,-0.59872699,-0.66010612,1.0
2454866.821467,0.9011491,1.8723334,-1.28970523,-0.6601013000000001,1.16918372,-0.5987514,-0.66010153,1.0
2454866.8286180003,0.8701549999999999,1.87238346,-1.28963899,-0.66009718,1.16914554,-0.59877339,-0.66009741,1.0
2454866.835771,0.864563,1.87243353,-1.28957274,-0.66009305,1.16910737,-0.59879539,-0.66009328,1.0
2454866.842922,0.8879667,1.87248359,-1.2895065,-0.66008892,1.16906921,-0.59881739,-0.66008914,1.0
2454866.850076,0.9028106,1.87253366,-1.28944023,-0.66008478,1.16903105,-0.59883941,-0.66008501,1.0
2454866.857232,0.9289593,1.87258375,-1.28937394,-0.66008065,1.16899289,-0.59886144,-0.66008088,1.0
2454866.8643830004,0.9629343,1.8726338,-1.28930769,-0.66007652,1.16895476,-0.59888348,-0.66007675,1.0
2454866.871534,0.9853639,1.87268384,-1.28924145,-0.66007239,1.16891664,-0.59890552,-0.66007261,1.0
2454866.878686,0.9835505,1.87273389,-1.2891752,-0.66006825,1.16887853,-0.59892756,-0.66006848,1.0
2454866.88584,0.9853639,1.87278395,-1.28910892,-0.66006412,1.16884041,-0.59894963,-0.66006434,1.0
2454866.8929990004,1.0251709999999998,1.87283404,-1.2890426,-0.66005998,1.16880227,-0.59897173,-0.6600602,1.0
2454866.9001470003,1.084418,1.87288406,-1.28897638,-0.66005584,1.16876421,-0.59899379,-0.66005607,1.0
2454866.9072990003,1.104578,1.8729341,-1.28891011,-0.66005171,1.16872613,-0.59901588,-0.66005193,1.0
2454866.9144490003,1.109677,1.87298413,-1.28884387,-0.66004757,1.16868807,-0.59903798,-0.66004779,1.0
2454866.921603,1.13135,1.87303418,-1.28877759,-0.66004343,1.16864999,-0.59906009,-0.66004365,1.0
2454866.92876,1.171647,1.87308425,-1.28871128,-0.66003929,1.16861192,-0.59908222,-0.66003951,1.0
2454866.935914,1.180311,1.87313429,-1.288645,-0.66003515,1.16857386,-0.59910436,-0.66003537,1.0
2454866.943072,1.171647,1.87318437,-1.28857867,-0.660031,1.1685358,-0.59912651,-0.66003122,1.0
2454866.950224,1.164117,1.8732344,-1.2885124,-0.66002686,1.16849777,-0.59914866,-0.66002708,1.0
2454866.958184,1.13135,1.87329008,-1.28843864,-0.66002225,1.16845546,-0.59917332,-0.66002247,1.0
2454866.965342,1.086417,1.87334014,-1.28837231,-0.6600180999999999,1.16841742,-0.59919551,-0.66001833,1.0
2454866.9724990004,1.044232,1.8733902,-1.28830599,-0.66001396,1.16837939,-0.5992177,-0.66001418,1.0
2454866.979652,1.022343,1.87344023,-1.2882397,-0.66000981,1.1683414,-0.59923989,-0.66001003,1.0
2454866.986811,0.9629343,1.87349029,-1.28817337,-0.66000566,1.16830339,-0.5992621,-0.66000588,1.0
2454866.993971,0.9514734,1.87354036,-1.28810701,-0.66000151,1.16826537,-0.59928433,-0.66000173,1.0
2454867.001126,0.9315296,1.8735904,-1.28804071,-0.65999736,1.1682274,-0.59930655,-0.65999758,1.0
2454867.010666,0.934107,1.87365711,-1.28795229,-0.65999183,1.16817677,-0.5993361999999999,-0.65999205,1.0
2454867.017819,0.9272496,1.87370713,-1.287886,-0.65998768,1.16813883,-0.59935844,-0.6599879,1.0
2454867.024971,0.9204425,1.87375713,-1.28781971,-0.65998353,1.16810089,-0.59938068,-0.65998375,1.0
2454867.0322020003,0.9532278,1.87380769,-1.28775269,-0.65997934,1.16806255,-0.59940318,-0.65997955,1.0
2454867.042526,0.9736361,1.87387986,-1.28765701,-0.65997335,1.16800783,-0.59943532,-0.65997356,1.0
2457764.28276,1.091813,0.74553135,-2.15869259,-0.61868876,0.40120882,-1.23752947,-0.61871942,1.0
2457764.28875,1.047489,0.74559565,-2.15866683,-0.61869627,0.40117495,-1.23754018,-0.61872692,1.0
2457764.29481,1.069918,0.74566069,-2.15864077,-0.61870386,0.40114069,-1.23755103,-0.61873452,1.0
2457764.30165,1.055244,0.7457341,-2.15861135,-0.61871244,0.40110202,-1.23756329,-0.61874309,1.0
2457764.30805,1.051365,0.7458028,-2.15858382,-0.61872045,0.40106585,-1.23757476,-0.61875111,1.0
2457764.31404,1.022716,0.74586709,-2.15855806,-0.61872796,0.40103199,-1.23758551,-0.61875861,1.0
2457764.32033,1.004053,0.74593459,-2.158531,-0.61873584,0.40099644,-1.23759681,-0.61876649,1.0
2457764.32648,0.973998,0.7460005999999999,-2.15850454,-0.61874354,0.40096169,-1.23760787,-0.61877419,1.0
2457764.3324700003,0.9632957,0.74606489,-2.15847877,-0.61875105,0.40092784,-1.23761865,-0.6187816999999999,1.0
2457764.33855,0.9659642,0.74613014,-2.15845261,-0.61875866,0.40089349,-1.23762959,-0.61878931,1.0
2457764.34472,0.957993,0.74619636,-2.15842606,-0.61876639,0.40085863,-1.23764071,-0.61879704,1.0
2457764.37635,0.8965404,0.74653582,-2.15828993,-0.6188060000000001,0.40068,-1.23769785,-0.61883665,1.0
2457764.38295,0.9483558,0.74660665,-2.15826152,-0.61881426,0.40064273,-1.23770981,-0.61884491,1.0
2457764.38914,0.9668804,0.74667307,-2.15823488,-0.61882201,0.40060779,-1.23772102,-0.61885266,1.0
2457764.396,0.9884949,0.74674669,-2.15820534,-0.6188306,0.40056907,-1.23773347,-0.61886124,1.0
2457764.40239,0.996726,0.74681527,-2.15817783,-0.61883859,0.400533,-1.23774507,-0.61886924,1.0
2457764.40911,1.000409,0.74688738,-2.15814889,-0.618847,0.40049508,-1.23775728,-0.61887765,1.0
2457764.41544,0.9985711,0.74695531,-2.15812163,-0.61885493,0.40045936,-1.2377688,-0.61888557,1.0
2457764.421789,1.020894,0.74702345,-2.15809429,-0.61886287,0.40042353,-1.23778035,-0.61889352,1.0
2457764.428169,1.018081,0.74709191,-2.15806681,-0.61887086,0.40038753,-1.23779198,-0.6189015,1.0
2457764.434889,1.0013459999999998,0.74716403,-2.15803786,-0.61887926,0.40034962,-1.23780423,-0.61890991,1.0
2457764.441399,0.9803599,0.74723388,-2.15800982,-0.61888741,0.4003129,-1.23781611,-0.61891806,1.0
2457764.448639,0.9302232,0.74731157,-2.15797863,-0.61889647,0.40027207,-1.23782933,-0.61892711,1.0
2457764.473309,0.9098995,0.74757629,-2.15787234,-0.61892732,0.40013297,-1.23787448,-0.61895797,1.0
2457764.480299,0.9397125,0.7476513000000001,-2.15784221,-0.61893607,0.40009357,-1.2378873,-0.61896671,1.0
2457764.487379,0.937987,0.74772726,-2.1578117000000003,-0.61894492,0.40005366,-1.2379003,-0.61897557,1.0
2457764.494169,0.9840082,0.74780012,-2.15778244,-0.61895341,0.40001539,-1.23791278,-0.61898406,1.0
2457764.500919,0.9785884,0.74787255,-2.15775334,-0.61896185,0.39997736,-1.23792519,-0.6189925000000001,1.0
2457764.507219,0.9986237,0.74794014,-2.15772618,-0.61896973,0.39994186,-1.23793678,-0.61900037,1.0
2457764.513699,0.9912963,0.74800967,-2.15769825,-0.61897783,0.39990535,-1.23794872,-0.61900847,1.0
2457764.520089,1.003241,0.74807823,-2.1576707,-0.61898581,0.39986935,-1.2379605,-0.61901646,1.0
2457764.526639,1.00417,0.74814851,-2.15764246,-0.6189939999999999,0.39983246,-1.23797258,-0.61902465,1.0
2457764.533019,1.031357,0.74821696,-2.15761495,-0.61900198,0.39979652,-1.23798436,-0.61903262,1.0
2457764.539439,1.05733,0.74828584,-2.15758726,-0.6190100000000001,0.39976037,-1.23799623,-0.61904064,1.0
2457764.546199,1.048606,0.74835837,-2.15755811,-0.61901845,0.3997223,-1.23800873,-0.61904909,1.0
2457764.552499,1.065158,0.74842596,-2.15753094,-0.61902632,0.39968683,-1.23802039,-0.61905696,1.0
2457764.558649,1.076999,0.74849194,-2.15750441,-0.619034,0.39965221,-1.23803179,-0.61906465,1.0
2457764.564709,1.107177,0.74855696,-2.15747827,-0.61904158,0.3996181,-1.23804302,-0.61907222,1.0
2457764.571339,1.070086,0.74862809,-2.15744967,-0.61904986,0.39958078,-1.23805532,-0.6190805,1.0
2457764.577729,1.081983,0.74869665,-2.1574221,-0.61905784,0.39954481,-1.23806719,-0.61908849,1.0
2457764.583759,1.056385,0.74876134,-2.15739609,-0.61906537,0.39951088,-1.2380784,-0.61909602,1.0
2457764.589819,1.090997,0.74882635,-2.15736994,-0.61907294,0.39947678,-1.23808967,-0.61910359,1.0
2457764.595859,1.076032,0.74889115,-2.15734388,-0.61908049,0.3994428,-1.23810091,-0.61911113,1.0
2457764.601959,1.05932,0.74895659,-2.15731755,-0.6190880999999999,0.39940848,-1.23811227,-0.61911875,1.0
2457764.608329,1.069125,0.74902493,-2.15729006,-0.61909606,0.39937265,-1.23812415,-0.61912671,1.0
2457764.614439,1.01632,0.74909048,-2.15726369,-0.61910369,0.39933828,-1.23813555,-0.61913433,1.0
2457764.620489,0.993189,0.74915538,-2.15723758,-0.61911124,0.39930425,-1.23814685,-0.61914189,1.0
2457764.626519,0.9904528,0.74922007,-2.15721155,-0.61911877,0.39927034,-1.23815811,-0.61914942,1.0
2457764.632609,0.9493698,0.7492854,-2.15718526,-0.61912638,0.3992361,-1.2381695,-0.61915702,1.0
2457764.638639,0.9599242,0.74935008,-2.15715923,-0.6191339,0.39920219,-1.23818079,-0.61916455,1.0
2457764.645119,0.9670276,0.7494196,-2.15713125,-0.61914199,0.39916576,-1.23819292,-0.61917264,1.0
2457764.651819,0.9476343,0.74949147,-2.15710233,-0.61915036,0.3991281,-1.23820548,-0.6191810000000001,1.0
2457764.658059,0.9269202,0.74955841,-2.15707538,-0.61915814,0.39909303,-1.23821719,-0.61918879,1.0
2457764.664239,0.9150483,0.7496246999999999,-2.1570487000000003,-0.61916586,0.3990583,-1.23822879,-0.6191965,1.0
2457764.670589,0.9346431,0.74969282,-2.15702127,-0.61917378,0.39902261,-1.23824072,-0.61920443,1.0
2457764.676779,0.933787,0.74975921,-2.15699454,-0.61918151,0.39898783,-1.23825236,-0.61921215,1.0
2457764.682869,0.9841227,0.74982454,-2.15696823,-0.6191890999999999,0.39895361,-1.23826383,-0.61921975,1.0
2457764.689079,0.9932333,0.74989115,-2.15694141,-0.61919685,0.39891873,-1.23827552,-0.6192274999999999,1.0
2457764.695119,1.044847,0.74995594,-2.15691532,-0.61920439,0.3988848,-1.2382869,-0.61923503,1.0
2457764.701319,1.046778,0.75002244,-2.15688853,-0.61921212,0.39884998,-1.2382986,-0.61924277,1.0
2457764.707439,1.053553,0.75008809,-2.15686209,-0.61921976,0.39881561,-1.23831015,-0.6192504,1.0
2458715.532641,0.9184,-2.39896,1.15172,0.736938,-1.55515,0.593059,0.7369760000000001,1.0
2458715.546806,0.9727,-2.39902,1.15159,0.7369220000000001,-1.55508,0.593133,0.7369600000000001,1.0
2458715.553041,0.9742,-2.3990400000000003,1.15154,0.736915,-1.55505,0.593166,0.736953,1.0
2458715.558876,0.9983,-2.39907,1.15149,0.736909,-1.55502,0.593197,0.736947,1.0
2458715.563889,1.0029,-2.39909,1.15144,0.736903,-1.555,0.593223,0.736941,1.0
2458715.569262,1.0198,-2.39911,1.15139,0.736897,-1.55497,0.593252,0.736935,1.0
2458715.573823,1.02,-2.39913,1.15135,0.736892,-1.55494,0.593276,0.73693,1.0
2458715.579053,1.0251,-2.39915,1.1513,0.7368859999999999,-1.55492,0.593303,0.736925,1.0
2458715.58423,1.0258,-2.39917,1.15126,0.736881,-1.55489,0.593331,0.736919,1.0
2458715.589434,1.0364,-2.39919,1.15121,0.736875,-1.55487,0.5933579999999999,0.736913,1.0
2458715.594833,1.0346,-2.39922,1.15116,0.736869,-1.55484,0.593387,0.736907,1.0
2458715.600061,1.0278,-2.3992400000000003,1.15111,0.736863,-1.55481,0.593414,0.736901,1.0
2458715.60544,1.0104,-2.39926,1.15107,0.736857,-1.5547799999999998,0.593443,0.736895,1.0
2458715.61058,0.9845,-2.39928,1.1510200000000002,0.736851,-1.55476,0.5934699999999999,0.7368899999999999,1.0
2458715.616264,0.951,-2.3993,1.15097,0.736845,-1.55473,0.5935,0.736883,1.0
2458715.621851,0.9213,-2.39933,1.1509200000000002,0.736839,-1.5547,0.593529,0.736877,1.0
2458715.627271,0.882,-2.39935,1.15087,0.736833,-1.55467,0.593558,0.736871,1.0
2458715.632761,0.8575,-2.39937,1.1508200000000002,0.736827,-1.55465,0.593587,0.736865,1.0
2458715.637836,0.8623,-2.3993900000000004,1.15077,0.736821,-1.55462,0.5936140000000001,0.736859,1.0
2458715.643553,0.8741,-2.39942,1.15072,0.736815,-1.55459,0.593644,0.736853,1.0
2458715.649285,0.8932,-2.39944,1.15067,0.736809,-1.55456,0.5936739999999999,0.736847,1.0
2458715.654872,0.9272,-2.39946,1.15062,0.7368020000000001,-1.55453,0.593704,0.7368399999999999,1.0
2458715.6602310003,0.9597,-2.39949,1.15057,0.736796,-1.55451,0.5937319999999999,0.736835,1.0
2458715.665882,0.995,-2.39951,1.15052,0.73679,-1.55448,0.593762,0.7368279999999999,1.0
2458715.671457,1.0138,-2.39953,1.15047,0.736784,-1.55445,0.593791,0.736822,1.0
2458715.67671,1.0358,-2.39955,1.15042,0.7367779999999999,-1.55442,0.593819,0.736816,1.0
2458715.682317,1.0394,-2.39958,1.15037,0.736772,-1.5544,0.593849,0.7368100000000001,1.0
2458715.687843,1.0346,-2.3996,1.15032,0.736766,-1.55437,0.593878,0.736804,1.0
2458715.693338,1.0307,-2.39962,1.15027,0.7367600000000001,-1.55434,0.593907,0.736798,1.0
2458715.6989080003,1.0413,-2.39965,1.15022,0.736754,-1.55431,0.5939369999999999,0.736792,1.0
2458715.704613,1.0533,-2.39967,1.15017,0.736747,-1.55428,0.593967,0.736785,1.0
2458715.709961,1.0743,-2.39969,1.15012,0.736741,-1.55426,0.5939949999999999,0.736779,1.0
2458715.715549,1.0954,-2.39971,1.15007,0.736735,-1.55423,0.594025,0.736773,1.0
2458715.720312,1.112,-2.39973,1.15003,0.73673,-1.5542,0.59405,0.736768,1.0
2458715.725943,1.1305,-2.39976,1.14998,0.7367239999999999,-1.55418,0.59408,0.736762,1.0
2458715.732299,1.136,-2.39978,1.14992,0.736717,-1.55414,0.594113,0.736755,1.0
2458715.7376650004,1.1434,-2.39981,1.1498700000000002,0.736711,-1.5541200000000002,0.5941420000000001,0.736749,1.0
2458715.743391,1.1302,-2.39983,1.14982,0.736704,-1.55409,0.594172,0.736742,1.0
2458715.751248,1.1169,-2.39986,1.14975,0.736696,-1.55405,0.594214,0.736734,1.0
2458715.756898,1.1,-2.39989,1.1497,0.736689,-1.5540200000000002,0.594244,0.736727,1.0
2458715.762827,1.082,-2.39991,1.14965,0.736683,-1.55399,0.594275,0.736721,1.0
2458715.768487,1.0529,-2.39993,1.1496,0.736676,-1.55396,0.594305,0.736714,1.0
2458715.774023,1.0321,-2.39996,1.14955,0.7366699999999999,-1.55393,0.594334,0.736708,1.0
2458715.7797060004,1.0122,-2.39998,1.1495,0.736664,-1.5539,0.5943649999999999,0.7367020000000001,1.0
2458715.785643,0.9992,-2.4,1.14944,0.736657,-1.55387,0.594396,0.736695,1.0
2458715.791323,0.9766,-2.40003,1.14939,0.7366510000000001,-1.55385,0.594426,0.736689,1.0
2458715.796851,0.9623,-2.40005,1.14934,0.736645,-1.55382,0.5944550000000001,0.736683,1.0
2458715.802545,0.9437,-2.40007,1.14929,0.736639,-1.55379,0.594486,0.736677,1.0
2458715.808179,0.9355,-2.4001,1.14924,0.736632,-1.55376,0.5945159999999999,0.7366699999999999,1.0
2458715.813903,0.9291,-2.4001200000000003,1.14919,0.736626,-1.5537299999999998,0.594546,0.736664,1.0
2458715.819519,0.9201,-2.40014,1.14914,0.7366199999999999,-1.5537,0.594576,0.736658,1.0
2458715.825244,0.9124,-2.40017,1.14909,0.736613,-1.55368,0.5946060000000001,0.7366510000000001,1.0
2458715.8309790003,0.9106,-2.4001900000000003,1.14903,0.736607,-1.55365,0.594637,0.736645,1.0
2458715.836679,0.926,-2.40022,1.14898,0.7366010000000001,-1.55362,0.5946670000000001,0.736639,1.0
2458715.842326,0.9509,-2.40024,1.14893,0.736595,-1.55359,0.594697,0.736632,1.0
2458715.847988,0.9606,-2.40026,1.14888,0.736588,-1.55356,0.594727,0.736626,1.0
2458715.853577,0.9763,-2.40029,1.14883,0.736582,-1.55353,0.594757,0.7366199999999999,1.0
2458715.85902,0.9868,-2.40031,1.14878,0.736576,-1.55351,0.5947859999999999,0.736614,1.0
2458715.864709,0.996,-2.40033,1.14873,0.73657,-1.55348,0.594816,0.736608,1.0
2458715.870283,1.0021,-2.40035,1.14868,0.736563,-1.55345,0.594845,0.7366010000000001,1.0
2458715.875945,1.0206,-2.40038,1.1486299999999998,0.736557,-1.55342,0.5948760000000001,0.736595,1.0
2458715.881626,1.033,-2.4004,1.14858,0.7365510000000001,-1.55339,0.594906,0.736589,1.0
2458715.887385,1.035,-2.40042,1.1485299999999998,0.736544,-1.55336,0.594936,0.736582,1.0
2458715.89312,1.0242,-2.40045,1.14847,0.736538,-1.55334,0.594967,0.736576,1.0
2458715.898764,1.0076,-2.40047,1.14842,0.736532,-1.55331,0.594997,0.73657,1.0
2458715.904349,0.9816,-2.40049,1.14837,0.736526,-1.55328,0.5950270000000001,0.736564,1.0
2458715.910007,0.9572,-2.40052,1.14832,0.7365189999999999,-1.55325,0.595057,0.736557,1.0
