2444940.657768,0.906936,-1.25138249,-1.94873227,0.97743635,-0.91650079,-1.02150554,0.977491,1.0
2444940.666226,0.9119618,-1.25130426,-1.94879478,0.97743978,-0.9165618,-1.02151917,0.97749443,1.0
2444940.672393,0.9435755,-1.25124721,-1.94884035,0.97744227,-0.91660629,-1.02152911,0.97749693,1.0
2444940.67906,0.9523062,-1.25118555,-1.94888962,0.97744497,-0.91665438,-1.02153987,0.97749963,1.0
2444940.688893,0.9871353,-1.25109459,-1.94896229,0.97744895,-0.91672533,-1.02155576,0.97750361,1.0
2444940.707975,1.070475,-1.25091806,-1.94910329,0.97745666,-0.91686303,-1.02158667,0.97751133,1.0
2444940.716934,1.100466,-1.25083519,-1.94916949,0.97746028,-0.91692768,-1.02160121,0.97751495,1.0
2444940.722559,1.114748,-1.25078315,-1.94921105,0.97746256,-0.91696828,-1.02161035,0.97751723,1.0
2444940.728641,1.08837,-1.25072688,-1.94925599,0.97746501,-0.91701219,-1.02162025,0.97751968,1.0
2444940.738349,1.073437,-1.25063707,-1.94932771,0.97746893,-0.91708227,-1.02163606,0.9775236,1.0
2444940.749141,0.9844114,-1.25053723,-1.94940744,0.97747328,-0.91716018,-1.02165366,0.97752796,1.0
2444940.765682,0.861344,-1.25038418,-1.94952963,0.97747995,-0.91727963,-1.0216807,0.97753464,1.0
2444940.775182,0.8621376000000001,-1.25029629,-1.9495998,0.97748378,-0.91734823,-1.02169626,0.97753847,1.0
2444940.790598,0.932345,-1.25015365,-1.94971367,0.97748999,-0.91745958,-1.02172155,0.97754468,1.0
2444940.801806,1.019475,-1.25004994,-1.94979645,0.9774945,-0.91754055,-1.02173998,0.97754919,1.0
2444940.817389,1.073437,-1.24990575,-1.94991154,0.97750077,-0.91765313,-1.02176565,0.97755547,1.0
2444940.832888,1.145979,-1.24976233,-1.950026,0.977507,-0.91776513,-1.02179125,0.9775617,1.0
2444940.847305,1.027015,-1.24962891,-1.95013245,0.97751279,-0.91786933,-1.02181511,0.9775675,1.0
2444940.8667200003,0.9444449,-1.24944924,-1.95027581,0.97752059,-0.91800968,-1.02184733,0.97757529,1.0
2444946.68986,1.08836,-1.19517005,-1.99265185,0.97954902,-0.96128723,-1.0358278,0.97960497,1.0
2444946.72412,1.037462,-1.19484845,-1.9928975,0.97955914,-0.96154786,-1.03593582,0.97961509,1.0
2444946.74396,0.932336,-1.19466219,-1.99303973,0.97956498,-0.96169882,-1.03599852,0.97962094,1.0
2444946.75548,0.8977852,-1.19455404,-1.99312231,0.97956838,-0.96178648,-1.03603497,0.97962434,1.0
2444946.77662,0.9944259,-1.19435557,-1.99327384,0.9795746,-0.96194737,-1.03610195,0.97963056,1.0
2444946.79703,1.053834,-1.19416394,-1.99342012,0.97958059,-0.96210272,-1.03616672,0.97963656,1.0
2444946.80967,1.055777,-1.19404526,-1.99351071,0.9795843,-0.96219894,-1.03620689,0.97964027,1.0
2444946.82389,1.090366,-1.19391174,-1.99361261,0.97958847,-0.96230719,-1.03625213,0.97964444,1.0
2444946.83975,1.005477,-1.19376281,-1.99372625,0.97959312,-0.96242795,-1.03630265,0.97964909,1.0
2444946.84986,0.9263442,-1.19366788,-1.99379869,0.97959608,-0.96250493,-1.03633489,0.97965206,1.0
2444946.86224,0.8589591000000001,-1.19355162,-1.99388738,0.9795997,-0.9625992,-1.03637441,0.97965568,1.0
2444946.87887,0.8822110000000001,-1.19339546,-1.99400652,0.97960456,-0.96272585,-1.03642755,0.97966054,1.0
2444946.88823,0.97179,-1.19330755,-1.99407357,0.9796073,-0.96279714,-1.03645749,0.97966328,1.0
2444946.89305,0.991682,-1.19326229,-1.9941081000000005,0.9796087,-0.96283385,-1.03647292,0.97966469,1.0
2444946.8962,1.027951,-1.19323271,-1.99413066,0.97960962,-0.96285784,-1.036483,0.97966561,1.0
2444946.8993,1.020405,-1.19320359,-1.99415287,0.97961053,-0.96288145,-1.03649293,0.97966651,1.0
2444946.9024400003,1.071451,-1.1931741000000002,-1.99417536,0.97961144,-0.96290537,-1.03650299,0.97966743,1.0
2444946.91764,1.093383,-1.19303135,-1.99428423,0.97961588,-0.96302116,-1.03655172,0.97967186,1.0
2445416.63184,1.090827,3.00631091,-1.67877215,-0.1217816,2.01039819,-1.71645252,-0.12178688,1.0
2445416.633923,1.1070209999999998,3.0063218,-1.67875934,-0.12178865,2.01040985,-1.71647565,-0.12179393,1.0
2445416.638423,1.1213879999999998,3.00634532,-1.67873166,-0.1218039,2.01043504,-1.71652562,-0.12180918,1.0
2445416.643923,1.128641,3.00637406,-1.67869783,-0.12182253,2.01046584,-1.7165867,-0.12182781,1.0
2445416.657839,1.140134,3.0064467999999995,-1.67861222,-0.12186967,2.01054381,-1.71674124,-0.12187497,1.0
2445416.664546,1.101935,3.00648186,-1.67857095,-0.12189239,2.01058141,-1.71681572,-0.12189769,1.0
2445416.690628,0.8728826999999999,3.00661817,-1.67841049,-0.12198074,2.01072774,-1.71710535,-0.12198607,1.0
2445416.696836,0.8483126,3.00665061,-1.6783723000000002,-0.12200176,2.01076259,-1.71717428,-0.1220071,1.0
2445416.702753,0.8168755,3.00668153,-1.6783359,-0.1220218,2.01079582,-1.71723998,-0.12202715,1.0
2445416.70821,0.8451930000000001,3.00671005,-1.67830232,-0.12204029,2.01082648,-1.71730058,-0.12204564,1.0
2445416.714043,0.8545863000000001,3.00674053,-1.67826644,-0.12206005,2.01085925,-1.71736534,-0.1220654,1.0
2445416.720251,0.9207801,3.00677297,-1.67822824,-0.12208108,2.01089415,-1.71743428,-0.12208644,1.0
2445416.732001,0.9930152,3.00683436,-1.67815595,-0.12212088,2.01096022,-1.71756473,-0.12212625,1.0
2445416.73975,1.140134,3.00687485,-1.67810827,-0.12214713,2.01100382,-1.71765078,-0.1221525,1.0
2445416.746166,1.200483,3.00690837,-1.6780688,-0.12216886,2.01103993,-1.71772201,-0.12217424,1.0
2445416.753165,1.207135,3.00694494,-1.67802573,-0.12219257,2.01107934,-1.71779972,-0.12219796,1.0
2445416.76354,1.259377,3.00699914,-1.6779619,-0.12222771,2.01113777,-1.7179148999999998,-0.12223311,1.0
2445416.7709560003,1.212707,3.00703788,-1.67791626,-0.12225283,2.01117956,-1.71799724,-0.12225823,1.0
2445416.777914,1.120356,3.00707423,-1.67787345,-0.1222764,2.01121878,-1.71807449,-0.12228181,1.0
2445416.798621,0.8351334999999999,3.0071824,-1.67774603,-0.12234654,2.01133558,-1.71830438,-0.12235197,1.0
2445416.805287,0.7779575,3.00721722,-1.67770501,-0.12236911,2.01137321,-1.71837837,-0.12237455,1.0
2445416.811203,0.7436283,3.00724813,-1.6776686,-0.12238916,2.01140661,-1.71844406,-0.12239460000000002,1.0
2445416.816828,0.8229168,3.0072775000000003,-1.67763399,-0.12240821,2.01143838,-1.7185065,-0.12241366,1.0
2445416.822578,0.8436376,3.00730754,-1.67759861,-0.12242768,2.01147086,-1.71857032,-0.12243314,1.0
2445416.829035,0.8833969000000002,3.00734126,-1.67755887,-0.12244956,2.01150735,-1.71864201,-0.12245502,1.0
2445416.834202,0.9775881,3.00736825,-1.67752707,-0.12246706,2.01153656,-1.71869936,-0.12247252,1.0
2445416.844743,1.066979,3.0074233,-1.6774622,-0.12250276,2.01159617,-1.71881637,-0.12250824,1.0
2445416.847868,1.066979,3.00743962,-1.67744297,-0.12251335,2.01161384,-1.71885106,-0.12251882,1.0
2445800.6844,0.8899573000000001,3.43615714,1.07693103,-1.18808508,2.49894059,0.72240756,-1.18810597,1.0
2445800.691691,0.9023378,3.4361369,1.07698254,-1.18809834,2.4989627,0.72234128,-1.18811923,1.0
2445800.691816,0.9023378,3.43613655,1.07698343,-1.18809857,2.49896307,0.72234014,-1.18811946,1.0
2445800.697191,0.9115261999999998,3.43612163,1.0770214,-1.18810835,2.49897938,0.72229128,-1.18812924,1.0
2445800.699275,0.9293283,3.43611584,1.07703612,-1.18811214,2.4989857000000004,0.72227234,-1.18813303,1.0
2445800.702483,0.9225058,3.43610694,1.07705879,-1.18811797,2.49899544,0.72224318,-1.18813887,1.0
2445800.708108,0.9740228,3.43609132,1.07709853,-1.1881282,2.49901251,0.72219205,-1.1881491000000002,1.0
2445800.714108,0.9758187,3.43607466,1.07714091,-1.18813911,2.49903074,0.72213752,-1.18816002,1.0
2445800.720358,1.042723,3.43605731,1.07718507,-1.18815048,2.49904973,0.72208072,-1.18817139,1.0
2445800.7333580004,1.107055,3.43602121,1.07727691,-1.18817411,2.49908927,0.72196259,-1.18819504,1.0
2445800.7388580004,1.07095,3.43600594,1.07731576,-1.18818412,2.49910601,0.72191262,-1.18820504,1.0
2445800.7444,1.084849,3.43599055,1.07735492,-1.18819419,2.49912289,0.72186227,-1.18821512,1.0
2445800.750691,1.061131,3.43597308,1.07739936,-1.18820563,2.49914205,0.72180511,-1.18822657,1.0
2445800.7704,0.9677633,3.43591835,1.07753859,-1.18824147,2.49920217,0.72162609,-1.18826242,1.0
2445800.7854,0.8649064000000001,3.43587668,1.07764456,-1.18826874,2.49924798,0.72148986,-1.1882897,1.0
2445800.799941,0.8506857,3.43583629,1.07774728,-1.18829517,2.49929246,0.72135782,-1.18831615,1.0
2445800.805775,0.9148905,3.43582008,1.07778849,-1.18830578,2.49931031,0.72130485,-1.18832676,1.0
2445800.811441,0.9740228,3.43580434,1.07782851,-1.18831608,2.49932766,0.72125341,-1.18833706,1.0
2445800.817315,1.01244,3.43578802,1.07787002,-1.18832676,2.49934566,0.72120007,-1.18834774,1.0
2445800.82419,1.064067,3.43576892,1.07791858,-1.18833925,2.49936674,0.72113766,-1.18836025,1.0
2445800.837065,1.097916,3.43573314,1.07800953,-1.18836266,2.49940624,0.7210208,-1.18838366,1.0
2445800.844732,1.118328,3.43571184,1.07806369,-1.18837659,2.49942978,0.72095122,-1.1883976,1.0
2445800.850149,1.114216,3.43569679,1.07810195,-1.18838644,2.49944643,0.72090206,-1.18840745,1.0
2445800.8553150003,1.121422,3.43568243,1.07813845,-1.18839583,2.49946231,0.72085518,-1.18841685,1.0
2445800.859649,1.114216,3.43567039,1.07816906,-1.1884037,2.49947563,0.72081585,-1.18842473,1.0
2445800.86494,1.08785,3.43565568,1.07820644,-1.18841332,2.49949191,0.72076784,-1.18843435,1.0
2445800.870232,1.067012,3.43564097,1.07824382,-1.18842294,2.4995082,0.72071983,-1.18844397,1.0
2445800.875857,1.041764,3.43562534,1.07828355,-1.18843316,2.49952552,0.72066879,-1.1884542,1.0
2445800.881565,0.9884828,3.43560948,1.07832387,-1.18844354,2.4995431,0.72061701,-1.18846458,1.0
2445800.887774,0.9387914,3.43559222,1.07836773,-1.18845482,2.49956223,0.72056069,-1.18847587,1.0
2445800.89519,0.8866845999999999,3.4355716,1.07842011,-1.1884683,2.4995851000000004,0.72049342,-1.18848935,1.0
2446243.688813,0.9768604,0.6834574000000001,3.07987188,-1.23964193,0.78419405,2.06829319,-1.23969019,1.0
2446243.694105,1.007007,0.68341137,3.07987552,-1.23963233,0.78423712,2.06830552,-1.23968059,1.0
2446243.701355,1.032363,0.68334829,3.0798805,-1.23961919,0.78429612,2.06832241,-1.23966745,1.0
2446243.707022,1.058358,0.68329899,3.07988439,-1.23960891,0.78434223,2.06833563,-1.23965717,1.0
2446243.712812,1.07605,0.68324861,3.07988836,-1.23959841,0.78438936,2.06834914,-1.23964667,1.0
2446243.720729,1.09102,0.68317974,3.07989379,-1.23958405,0.78445378,2.06836763,-1.23963231,1.0
2446243.725646,1.072093,0.68313696,3.07989717,-1.23957514,0.78449379,2.06837912,-1.23962339,1.0
2446243.733187,1.0457610000000002,0.68307136,3.07990234,-1.23956146,0.78455515,2.06839675,-1.23960972,1.0
2446243.740396,1.017261,0.68300864,3.07990728,-1.23954839,0.78461381,2.06841362,-1.23959664,1.0
2446243.747437,0.9397937,0.68294739,3.07991211,-1.23953562,0.7846711,2.06843011,-1.23958387,1.0
2446243.752812,0.9033011,0.68290062,3.07991579,-1.23952587,0.78471483,2.06844271,-1.23957412,1.0
2446243.775686,0.8508099,0.68270161,3.07993147,-1.23948438,0.78490093,2.06849641,-1.23953263,1.0
2446243.78677,0.9337541,0.68260518,3.07993906,-1.23946427,0.7849911,2.06852248,-1.23951252,1.0
2446243.796478,1.001457,0.68252072,3.0799457,-1.23944666,0.78507008,2.06854534,-1.23949491,1.0
2446243.807102,1.047689,0.68242829,3.07995297,-1.23942739,0.7851564999999999,2.06857039,-1.23947563,1.0
2446243.812185,1.07605,0.68238406,3.07995645,-1.23941817,0.78519785,2.06858238,-1.23946641,1.0
2446243.81881,1.086007,0.68232642,3.07996098,-1.23940615,0.78525174,2.06859802,-1.23945439,1.0
2446243.82381,1.090015,0.68228292,3.0799644,-1.23939707,0.78529241,2.06860984,-1.23944532,1.0
2446243.832727,1.0940379999999998,0.68220534,3.07997049,-1.2393809,0.78536493,2.06863092,-1.23942914,1.0
2446243.842685,1.066185,0.68211871,3.0799773,-1.23936283,0.78544592,2.06865449,-1.23941107,1.0
2446243.850602,1.012587,0.68204983,3.07998271,-1.23934846,0.78551031,2.06867324,-1.2393967,1.0
2446243.865101,0.9083067,0.68192367,3.07999261,-1.23932215,0.78562823,2.06870764,-1.23937039,1.0
2446243.870684,0.8933724000000001,0.6818751000000001,3.07999642,-1.23931202,0.78567364,2.0687209,-1.23936025,1.0
2446243.876351,0.886814,0.68182579,3.08000029,-1.23930173,0.78571972,2.06873436,-1.23934997,1.0
2446243.881893,0.8958443000000001,0.68177757,3.08000407,-1.23929167,0.78576479,2.06874754,-1.23933991,1.0
2446243.892226,0.9372006,0.68168767,3.08001112,-1.23927292,0.78584881,2.06877213,-1.23932116,1.0
2447162.611847,0.8763101999999999,0.98758485,-2.67132428,0.7013663,0.79861049,-1.7063609,0.70140575,1.0
2447162.639765,0.8330247,0.98786356,-2.67130704,0.70129446,0.79841002,-1.70643788,0.70133391,1.0
2447162.652765,0.9635138,0.98799334,-2.67129901,0.70126101,0.79831669,-1.70647381,0.70130045,1.0
2447162.662932,1.015449,0.98809484,-2.67129272,0.70123484,0.7982437,-1.70650193,0.70127428,1.0
2447162.671265,1.05842,0.98817803,-2.67128756,0.7012134,0.79818388,-1.70652501,0.70125284,1.0
2447162.678973,1.091083,0.98825497,-2.67128279,0.70119356,0.79812855,-1.70654636,0.701233,1.0
2447162.68714,1.111368,0.9883365,-2.67127773,0.70117254,0.79806992,-1.70656901,0.70121198,1.0
2447162.694723,1.092088,0.9884122,-2.67127303,0.70115303,0.7980155,-1.70659006,0.70119246,1.0
2447162.702182,1.082076,0.98848666,-2.67126841,0.70113383,0.79796196,-1.70661077,0.70117326,1.0
2447162.709723,1.060371,0.98856194,-2.67126374,0.70111442,0.79790784,-1.70663173,0.70115385,1.0
2447162.716515,1.017321,0.98862974,-2.67125952,0.70109694,0.7978590999999999,-1.70665062,0.70113637,1.0
2447162.722557,0.9355303,0.98869005,-2.67125578,0.70108138,0.79781574,-1.70666744,0.70112081,1.0
2447162.728598,0.888501,0.98875035,-2.67125203,0.70106583,0.79777239,-1.70668426,0.70110526,1.0
2447162.734307,0.8430588,0.98880734,-2.67124848,0.70105114,0.79773142,-1.70670017,0.70109057,1.0
2447162.73939,0.8485119000000001,0.98885808,-2.67124533,0.70103805,0.79769495,-1.70671434,0.70107748,1.0
2447162.753141,0.8730876000000001,0.98899533,-2.67123678,0.70100266,0.7975963,-1.7067526999999998,0.70104208,1.0
2447162.767141,0.9868651,0.98913508,-2.67122808,0.70096662,0.79749586,-1.70679181,0.70100604,1.0
2447162.772224,1.089075,0.98918582,-2.67122492,0.70095353,0.79745939,-1.70680603,0.70099295,1.0
2447162.775849,1.106262,0.989222,-2.67122266,0.7009441999999999,0.79743339,-1.70681617,0.70098362,1.0
2447162.7838080004,1.0810799999999998,0.98930144,-2.67121771,0.70092371,0.79737629,-1.70683845,0.70096313,1.0
2447162.7929740003,1.158398,0.98939294,-2.671212,0.70090011,0.79731055,-1.70686413,0.70093953,1.0
2447162.809599,1.077105,0.98955888,-2.67120165,0.70085731,0.79719131,-1.70691076,0.70089672,1.0
2447162.818599,1.046786,0.98964871,-2.67119604,0.70083414,0.79712676,-1.70693604,0.70087355,1.0
2447162.824766,0.9546802,0.98971026,-2.67119219,0.70081826,0.79708254,-1.70695337,0.70085767,1.0
2447162.8348080004,0.9100346,0.98981049,-2.67118593,0.7007924,0.79701053,-1.70698161,0.70083181,1.0
2447164.56536,1.027102,1.00706533,-2.6700592,0.69632419,0.78467868,-1.71225285,0.69636323,1.0
2447164.57211,0.9656362,1.00713256,-2.67005462,0.69630671,0.78463091,-1.71227498,0.69634576,1.0
2447164.58261,0.8480343000000001,1.00723713,-2.67004749,0.69627953,0.7845565999999999,-1.71230942,0.69631857,1.0
2447164.595985,0.8855506999999999,1.00737034,-2.67003841,0.6962449,0.78446195,-1.71235334,0.69628394,1.0
2447164.608235,0.9790693,1.00749234,-2.67003009,0.69621318,0.78437527,-1.7123936000000002,0.69625222,1.0
2447164.616986,1.037561,1.00757948,-2.67002415,0.69619053,0.78431337,-1.71242239,0.69622956,1.0
2447164.626486,1.082464,1.00767409,-2.67001769,0.69616593,0.78424616,-1.71245367,0.69620496,1.0
2447164.632778,1.099546,1.00773675,-2.67001341,0.69614964,0.78420165,-1.71247439,0.69618867,1.0
2447164.640861,1.097523,1.00781725,-2.67000791,0.69612871,0.78414447,-1.71250104,0.69616774,1.0
2447164.645236,1.125158,1.00786082,-2.67000494,0.69611738,0.78411352,-1.71251546,0.69615641,1.0
2447164.651861,1.14081,1.0079268,-2.67000043,0.69610022,0.78406667,-1.71253732,0.69613925,1.0
2447164.65782,1.116898,1.00798614,-2.66999637,0.69608479,0.78402452,-1.71255699,0.69612382,1.0
2447164.673111,1.07254,1.00813842,-2.66998595,0.6960451999999999,0.78391638,-1.71260751,0.69608422,1.0
2447164.678111,1.008355,1.00818821,-2.66998254,0.69603225,0.78388103,-1.71262404,0.69607127,1.0
2447164.687278,0.9247267,1.0082795,-2.6699763,0.69600851,0.78381621,-1.71265437,0.69604753,1.0
2447164.694986,0.8750107,1.00835625,-2.66997104,0.69598854,0.78376171,-1.71267989,0.69602756,1.0
2447164.713361,0.9070128,1.00853923,-2.6699585,0.69594096,0.7836318,-1.71274079,0.69597997,1.0
2447164.744278,1.137663,1.0088471,-2.66993738,0.69586088,0.78341327,-1.71284346,0.69589989,1.0
2447164.750153,1.16309,1.0089056,-2.66993336,0.69584566,0.78337175,-1.71286299,0.69588467,1.0
2447164.765278,1.112791,1.0090562,-2.66992302,0.69580648,0.78326486,-1.71291334,0.69584548,1.0
2447164.772528,1.064666,1.00912839,-2.66991805,0.6957876999999999,0.78321364,-1.71293749,0.6958267,1.0
2447164.779236,1.021442,1.00919519,-2.66991346,0.69577032,0.78316624,-1.71295985,0.69580932,1.0
2447164.782611,1.029944,1.00922879,-2.66991115,0.69576158,0.78314239,-1.7129711,0.69580058,1.0
2447164.789361,0.9471385,1.009296,-2.66990653,0.69574409,0.78309471,-1.71299362,0.69578309,1.0
2447164.793653,0.9179383,1.00933874,-2.66990359,0.69573297,0.78306438,-1.71300795,0.69577197,1.0
2447164.797236,0.9103608,1.00937441,-2.66990113,0.69572369,0.78303907,-1.71301991,0.69576269,1.0
2447164.80307,0.8896381999999999,1.0094325000000002,-2.66989713,0.69570858,0.78299786,-1.71303939,0.69574757,1.0
2447164.80682,0.8822943999999999,1.00946984,-2.66989456,0.69569886,0.78297137,-1.71305192,0.69573786,1.0
2447164.812528,0.8904581,1.00952667,-2.66989065,0.69568407,0.78293105,-1.713071,0.69572307,1.0
2447164.81582,0.8937444999999999,1.00955945,-2.66988839,0.69567554,0.7829078,-1.71308201,0.69571454,1.0
2447164.82157,0.9264317,1.0096167,-2.66988445,0.69566065,0.78286719,-1.71310124,0.69569964,1.0
2447164.825237,0.9611994,1.0096532,-2.66988193,0.69565115,0.78284129,-1.7131134999999995,0.69569014,1.0
2447164.831154,0.9972716,1.00971212,-2.66987787,0.69563582,0.78279951,-1.71313331,0.69567481,1.0
2447164.834904,1.020501,1.00974945,-2.6698753,0.6956260999999999,0.78277302,-1.71314587,0.69566509,1.0
2447164.837987,1.040431,1.00978015,-2.66987318,0.69561811,0.78275125,-1.71315619,0.6956571,1.0
2448452.572222,0.8922694999999999,-1.0987695,2.67836909,-0.67691776,-0.71426636,1.73742815,-0.67695203,1.0
2448452.594838,0.9308853,-1.09895498,2.67825922,-0.67683554,-0.714098,1.73746409,-0.67686981,1.0
2448452.598935,0.9828702,-1.09898858,2.67823931,-0.67682065,-0.71406751,1.73747061,-0.67685492,1.0
2448452.603044,0.9919645,-1.09902228,2.67821935,-0.67680571,-0.71403692,1.73747716,-0.67683998,1.0
2448452.621574,1.089673,-1.09917425,2.67812931,-0.67673835,-0.71389903,1.73750673,-0.67677261,1.0
2448452.623055,1.085666,-1.09918639,2.67812212,-0.67673297,-0.71388801,1.73750909,-0.67676723,1.0
2448452.624271,1.089673,-1.09919636,2.67811621,-0.67672855,-0.71387897,1.73751104,-0.67676281,1.0
2448452.625532,1.101783,-1.09920671,2.67811008,-0.67672396,-0.71386958,1.73751305,-0.67675822,1.0
2448452.629028,1.098743,-1.09923538,2.67809309,-0.67671125,-0.71384357,1.73751864,-0.67674551,1.0
2448452.630637,1.094703,-1.09924857,2.67808527,-0.6767054,-0.7138316,1.73752122,-0.67673966,1.0
2448452.6320720003,1.091682,-1.09926034,2.6780783,-0.67670019,-0.71382093,1.73752351,-0.67673444,1.0
2448452.6397450003,1.097732,-1.09932326,2.67804101,-0.67667229,-0.71376385,1.7375358,-0.67670655,1.0
2448452.641007,1.097732,-1.09933361,2.67803488,-0.6766677,-0.71375446,1.73753782,-0.67670196,1.0
2448452.642326,1.093695,-1.09934443,2.67802847,-0.67666291,-0.71374465,1.73753994,-0.67669716,1.0
2448452.654826,1.111978,-1.09944694,2.67796772,-0.67661746,-0.71365167,1.73755999,-0.67665172,1.0
2448452.657014,1.054135,-1.09946488,2.67795708,-0.67660951,-0.7136354,1.7375634999999998,-0.67664376,1.0
2448452.664016,0.9810614,-1.0995223,2.67792305,-0.67658405,-0.71358333,1.73757475,-0.6766183000000001,1.0
2448452.666065,0.9613821,-1.0995391,2.67791309,-0.6765766,-0.71356809,1.73757805,-0.67661085,1.0
2448452.669363,0.9283165,-1.09956615,2.67789706,-0.67656461,-0.71354356,1.73758336,-0.67659886,1.0
2448452.679537,0.8474148000000001,-1.09964958,2.67784761,-0.67652762,-0.71346791,1.73759974,-0.67656187,1.0
2448452.686204,0.8243204,-1.09970425,2.6778152000000004,-0.67650338,-0.71341835,1.73761049,-0.67653762,1.0
2448452.690359,0.8250799999999999,-1.09973832,2.677795,-0.67648827,-0.71338746,1.73761719,-0.67652252,1.0
2448452.693345,0.8435214,-1.09976281,2.67778049,-0.67647741,-0.71336526,1.73762201,-0.67651166,1.0
2448452.697662,0.8784078000000002,-1.09979821,2.6777595,-0.67646172,-0.71333317,1.73762899,-0.67649596,1.0
2448452.704988,0.9587297,-1.09985828,2.67772388,-0.67643508,-0.71327872,1.73764083,-0.67646932,1.0
2448452.709873,0.9947091,-1.09989834,2.67770013,-0.67641732,-0.71324241,1.73764873,-0.67645156,1.0
2448452.713426,1.017879,-1.09992747,2.67768286,-0.6764044,-0.713216,1.73765449,-0.67643864,1.0
2448452.716794,1.043509,-1.09995509,2.67766648,-0.67639215,-0.71319097,1.73765994,-0.67642639,1.0
2448452.722326,1.064869,-1.10000045,2.67763959,-0.67637204,-0.71314986,1.73766891,-0.67640627,1.0
2448452.72625,1.079683,-1.10003262,2.67762051,-0.67635777,-0.71312071,1.73767527,-0.676392,1.0
2448452.730243,1.08867,-1.10006536,2.67760109,-0.67634325,-0.71309104,1.73768175,-0.67637748,1.0
2448452.7379630003,1.103815,-1.10012867,2.67756355,-0.67631518,-0.71303368,1.73769429,-0.67634941,1.0
2448452.742859,1.107889,-1.10016881,2.67753974,-0.67629737,-0.71299731,1.73770225,-0.6763316,1.0
2448452.745949,1.114028,-1.10019415,2.67752472,-0.67628614,-0.71297435,1.73770728,-0.67632037,1.0
2448452.749942,1.104832,-1.10022689,2.6775053,-0.67627162,-0.71294469,1.73771378,-0.67630585,1.0
2448452.753773,1.102798,-1.1002583,2.67748667,-0.67625769,-0.71291623,1.73772002,-0.67629191,1.0
2448452.75743,1.08867,-1.10028828,2.67746888,-0.67624439,-0.71288907,1.73772598,-0.67627861,1.0
2448452.761678,1.073733,-1.10032311,2.67744822,-0.67622894,-0.71285752,1.7377328999999997,-0.67626317,1.0
2448452.765544,1.056078,-1.10035481,2.67742942,-0.67621488,-0.71282881,1.73773921,-0.67624911,1.0
2448452.769572,1.033942,-1.10038784,2.67740983,-0.67620023,-0.71279889,1.73774578,-0.67623446,1.0
2448452.777361,0.9756545,-1.1004517,2.67737195,-0.67617191,-0.71274105,1.73775851,-0.67620613,1.0
2448452.781296,0.9438351,-1.10048396,2.67735281,-0.6761576,-0.71271183,1.73776494,-0.67619182,1.0
2448452.78456,0.9130534,-1.10051073,2.67733693,-0.67614573,-0.7126876,1.73777028,-0.67617995,1.0
2448452.787836,0.9030174,-1.10053759,2.677321,-0.67613382,-0.71266327,1.73777564,-0.67616803,1.0
2448452.7925,0.8703544,-1.10057583,2.67729831,-0.67611685,-0.71262865,1.73778328,-0.67615107,1.0
2448452.7960880003,0.8599954,-1.10060524,2.67728086,-0.67610381,-0.71260201,1.73778916,-0.67613802,1.0
2448452.799641,0.8655578000000002,-1.10063437,2.67726357,-0.67609088,-0.71257563,1.73779498,-0.6761251,1.0
2448452.802546,0.8655578000000002,-1.10065819,2.67724944,-0.67608032,-0.71255407,1.73779974,-0.67611453,1.0
2448452.806632,0.8751776,-1.10069169,2.67722956,-0.67606546,-0.71252374,1.73780645,-0.67609967,1.0
2448452.814375,0.9438351,-1.10075517,2.67719189,-0.6760373000000001,-0.71246627,1.73781916,-0.67607151,1.0
2448452.817789,0.9693847,-1.10078316,2.67717528,-0.67602488,-0.71244093,1.73782478,-0.67605909,1.0
2448452.821354,0.9455752,-1.10081239,2.67715794,-0.67601192,-0.71241447,1.73783064,-0.67604613,1.0
2448452.824259,0.9729624,-1.10083621,2.67714381,-0.67600135,-0.71239291,1.73783542,-0.67603556,1.0
2448452.8273380003,0.9983807,-1.10086145,2.67712883,-0.67599015,-0.71237006,1.73784048,-0.67602436,1.0
2448452.831378,1.016942,-1.10089457,2.67710917,-0.67597546,-0.71234008,1.73784714,-0.67600967,1.0
2448452.834815,1.052195,-1.10092275,2.67709245,-0.67596296,-0.71231458,1.7378528000000002,-0.67599717,1.0
2452934.12617,1.0752,-1.5956290000000002,-1.671443,0.962028,-0.7147680000000001,-1.207719,0.962028,1.0
2452934.13039,1.08116,-1.595594,-1.67148,0.962032,-0.714769,-1.207692,0.962033,1.0
2452934.1345900004,1.06534,-1.59556,-1.671516,0.962037,-0.71477,-1.2076639999999998,0.962037,1.0
2452934.13883,1.05655,-1.595525,-1.671552,0.962041,-0.71477,-1.2076360000000002,0.962042,1.0
2452934.14306,1.03822,-1.595491,-1.671588,0.962046,-0.714771,-1.207609,0.962046,1.0
2452934.14728,1.04205,-1.595456,-1.671625,0.96205,-0.7147720000000001,-1.207581,0.962051,1.0
2452934.1515,1.00621,-1.595422,-1.671661,0.962055,-0.7147720000000001,-1.207553,0.962055,1.0
2452934.15571,0.978791,-1.595388,-1.6716970000000002,0.962059,-0.714773,-1.207526,0.96206,1.0
2452934.15997,0.952993,-1.595353,-1.671734,0.962064,-0.714773,-1.207498,0.962064,1.0
2452934.16419,0.915988,-1.5953190000000002,-1.67177,0.962068,-0.714774,-1.20747,0.962069,1.0
2452934.16926,0.910102,-1.595277,-1.671814,0.962074,-0.714775,-1.207437,0.962074,1.0
2452934.1734700003,0.8918459999999999,-1.595243,-1.67185,0.962078,-0.714775,-1.207409,0.962079,1.0
2452934.17765,0.8804200000000001,-1.595209,-1.671886,0.962083,-0.714776,-1.207382,0.962083,1.0
2452934.18191,0.869941,-1.595174,-1.671923,0.962087,-0.714777,-1.207354,0.962088,1.0
2452934.18612,0.8951379999999999,-1.59514,-1.671959,0.962092,-0.714777,-1.207326,0.962092,1.0
2452934.19034,0.91094,-1.595105,-1.671995,0.962096,-0.714778,-1.207299,0.962097,1.0
2452934.19456,0.940784,-1.595071,-1.672031,0.962101,-0.7147789999999999,-1.207271,0.962101,1.0
2452934.19878,0.965361,-1.595037,-1.672068,0.962105,-0.7147789999999999,-1.207243,0.962106,1.0
2452934.20299,0.984215,-1.595002,-1.672104,0.96211,-0.71478,-1.207216,0.96211,1.0
2452934.20722,1.01552,-1.594968,-1.6721400000000002,0.962114,-0.714781,-1.207188,0.962115,1.0
2452934.21143,1.03727,-1.594933,-1.672176,0.962119,-0.714781,-1.2071610000000002,0.962119,1.0
2452934.21564,1.06143,-1.594899,-1.6722130000000002,0.962123,-0.7147819999999999,-1.207133,0.962124,1.0
2452934.21987,1.06928,-1.594865,-1.672249,0.962128,-0.714783,-1.207105,0.962128,1.0
2452934.22407,1.09519,-1.59483,-1.6722849999999998,0.962132,-0.714784,-1.207078,0.962133,1.0
2452934.22829,1.1196700000000002,-1.594796,-1.672321,0.962137,-0.714784,-1.20705,0.962137,1.0
2452934.23247,1.11453,-1.594762,-1.672357,0.962141,-0.714785,-1.207023,0.962142,1.0
2452934.23672,1.11453,-1.594727,-1.672394,0.962146,-0.7147859999999999,-1.206995,0.962146,1.0
2452934.24093,1.10838,-1.594693,-1.67243,0.96215,-0.7147859999999999,-1.206967,0.962151,1.0
2452934.24511,1.09519,-1.594659,-1.672466,0.962155,-0.714787,-1.20694,0.962155,1.0
2452934.2497900003,1.08116,-1.5946209999999998,-1.672506,0.96216,-0.714788,-1.206909,0.96216,1.0
2452934.254,1.04494,-1.594586,-1.6725419999999998,0.962164,-0.714789,-1.206882,0.962165,1.0
2452934.25821,1.0306,-1.594552,-1.672579,0.962169,-0.714789,-1.206854,0.962169,1.0
2452934.26243,0.997907,-1.594518,-1.6726150000000002,0.962173,-0.7147899999999999,-1.206827,0.962174,1.0
2452934.26664,0.956511,-1.594483,-1.672651,0.962178,-0.714791,-1.206799,0.962178,1.0
2452934.27085,0.928731,-1.594449,-1.6726869999999998,0.962182,-0.714792,-1.206772,0.962183,1.0
2452934.27508,0.900098,-1.594414,-1.672724,0.962187,-0.714792,-1.206744,0.962187,1.0
2452934.2793,0.870743,-1.59438,-1.6727599999999998,0.962191,-0.714793,-1.206716,0.962192,1.0
2452934.28351,0.8556370000000001,-1.5943459999999998,-1.672796,0.962196,-0.7147939999999999,-1.206689,0.962196,1.0
2452934.28773,0.8603790000000001,-1.594311,-1.672832,0.9622,-0.714795,-1.206661,0.962201,1.0
2452934.2919400004,0.861965,-1.594277,-1.672868,0.962204,-0.714795,-1.206634,0.962205,1.0
2452934.29615,0.877182,-1.594243,-1.672905,0.962209,-0.714796,-1.2066059999999998,0.96221,1.0
2452934.3003700003,0.906755,-1.594208,-1.672941,0.962213,-0.714797,-1.206579,0.962214,1.0
2452934.3045900003,0.923613,-1.594174,-1.672977,0.962218,-0.7147979999999999,-1.206551,0.962219,1.0
2452934.3088,0.952116,-1.594139,-1.673013,0.962222,-0.7147979999999999,-1.206523,0.962223,1.0
2452934.31304,0.980595,-1.594105,-1.67305,0.962227,-0.714799,-1.206496,0.962228,1.0
2452934.31725,1.00714,-1.59407,-1.673086,0.962231,-0.7148,-1.206468,0.962232,1.0
2452934.32146,1.0174,-1.594036,-1.6731220000000002,0.962236,-0.714801,-1.206441,0.962236,1.0
2452934.32568,1.04494,-1.594002,-1.673158,0.96224,-0.714802,-1.206413,0.962241,1.0
2452934.32991,1.07125,-1.593967,-1.673195,0.962245,-0.714802,-1.206385,0.962245,1.0
2452934.33415,1.08016,-1.593933,-1.673231,0.962249,-0.714803,-1.206358,0.96225,1.0
2452934.33837,1.08515,-1.593898,-1.673268,0.962254,-0.714804,-1.20633,0.962254,1.0
2452934.3426,1.08216,-1.593864,-1.673304,0.962258,-0.714805,-1.206302,0.962259,1.0
2452934.34682,1.06829,-1.5938290000000002,-1.67334,0.962263,-0.714806,-1.206275,0.962263,1.0
2452934.35105,1.07125,-1.593795,-1.6733759999999998,0.962267,-0.714807,-1.2062469999999998,0.962268,1.0
2452934.35525,1.05947,-1.59376,-1.673413,0.962272,-0.714807,-1.20622,0.962272,1.0
2452934.35947,1.0536299999999998,-1.593726,-1.6734490000000002,0.962276,-0.714808,-1.206192,0.962277,1.0
2452936.10536,1.02808,-1.579437,-1.688403,0.964107,-0.715508,-1.194955,0.964107,1.0
2452936.10957,1.02713,-1.579402,-1.688439,0.964111,-0.7155100000000001,-1.194929,0.964112,1.0
2452936.11377,0.995466,-1.579368,-1.688475,0.964116,-0.7155130000000001,-1.194902,0.964116,1.0
2452936.11799,0.978198,-1.579333,-1.688511,0.96412,-0.715515,-1.194875,0.964121,1.0
2452936.1222200003,0.953293,-1.579298,-1.688547,0.964124,-0.715518,-1.194849,0.964125,1.0
2452936.1264400003,0.917121,-1.579264,-1.6885830000000002,0.964129,-0.7155199999999999,-1.1948219999999998,0.964129,1.0
2452936.13073,0.915433,-1.579228,-1.68862,0.964133,-0.7155229999999999,-1.194795,0.964134,1.0
2452936.13495,0.902873,-1.579194,-1.6886560000000002,0.964137,-0.715525,-1.194768,0.964138,1.0
2452936.13918,0.8855780000000001,-1.579159,-1.688692,0.964142,-0.7155279999999999,-1.194741,0.964142,1.0
2452936.14341,0.888028,-1.579124,-1.6887279999999998,0.964146,-0.715531,-1.1947139999999998,0.964147,1.0
2452936.14764,0.899553,-1.57909,-1.688764,0.964151,-0.715533,-1.194688,0.964151,1.0
2452936.15185,0.927314,-1.579055,-1.6888,0.964155,-0.715536,-1.194661,0.964155,1.0
2452936.15608,0.968337,-1.57902,-1.688836,0.964159,-0.715538,-1.194634,0.96416,1.0
2452936.16029,0.99455,-1.578986,-1.6888720000000002,0.964164,-0.715541,-1.194608,0.964164,1.0
2452936.1645,1.02336,-1.578951,-1.688908,0.964168,-0.715544,-1.194581,0.964169,1.0
2452936.16957,1.0568799999999998,-1.578909,-1.688952,0.964173,-0.715547,-1.194549,0.964174,1.0
2452936.17463,1.07455,-1.578868,-1.688995,0.964178,-0.71555,-1.194517,0.964179,1.0
2452936.17885,1.10161,-1.578833,-1.6890310000000002,0.964183,-0.7155520000000001,-1.19449,0.964183,1.0
2452936.18309,1.1159,-1.578798,-1.689067,0.964187,-0.715555,-1.1944629999999998,0.964188,1.0
2452936.18727,1.12002,-1.5787639999999998,-1.6891029999999998,0.964191,-0.715558,-1.194437,0.964192,1.0
2452936.1915,1.14295,-1.578729,-1.689139,0.964196,-0.7155600000000001,-1.19441,0.964196,1.0
2452936.1957400003,1.13143,-1.5786950000000002,-1.689175,0.9642,-0.7155630000000001,-1.194383,0.964201,1.0
2452936.19995,1.1262299999999998,-1.57866,-1.689211,0.964204,-0.715566,-1.194357,0.964205,1.0
2452936.20418,1.11282,-1.578625,-1.6892470000000002,0.964209,-0.715568,-1.19433,0.964209,1.0
2452936.2083900003,1.09756,-1.578591,-1.689283,0.964213,-0.715571,-1.194303,0.964214,1.0
2452936.2126,1.0815,-1.5785559999999998,-1.6893189999999998,0.964218,-0.7155729999999999,-1.194277,0.964218,1.0
2452936.21682,1.04334,-1.5785209999999998,-1.689355,0.964222,-0.715576,-1.19425,0.964222,1.0
2452936.22104,1.02053,-1.578487,-1.689391,0.964226,-0.715579,-1.194223,0.964227,1.0
2452936.22525,0.978198,-1.578452,-1.689427,0.964231,-0.715581,-1.194197,0.964231,1.0
2452936.22948,0.960343,-1.578417,-1.6894630000000002,0.964235,-0.715584,-1.1941700000000002,0.964236,1.0
2452936.23369,0.922203,-1.578383,-1.689499,0.964239,-0.715587,-1.194143,0.96424,1.0
2452936.23786,0.897897,-1.578349,-1.689534,0.964244,-0.715589,-1.194117,0.964244,1.0
2452936.24212,0.867814,-1.578314,-1.689571,0.964248,-0.715592,-1.19409,0.964249,1.0
2452936.24634,0.8726229999999999,-1.578279,-1.689607,0.964252,-0.715595,-1.194063,0.964253,1.0
2452936.25054,0.8750370000000001,-1.578244,-1.689643,0.964257,-0.715597,-1.194037,0.964257,1.0
2452936.2552,0.898725,-1.578206,-1.689682,0.964261,-0.7156,-1.194007,0.964262,1.0
2452936.25942,0.924755,-1.578171,-1.689718,0.964266,-0.715603,-1.193981,0.964266,1.0
2452936.26363,0.937619,-1.578137,-1.689754,0.96427,-0.7156060000000001,-1.1939540000000002,0.964271,1.0
2452936.26782,0.978198,-1.578102,-1.68979,0.964274,-0.715608,-1.193927,0.964275,1.0
2452936.27207,1.00283,-1.578068,-1.6898259999999998,0.964279,-0.715611,-1.193901,0.964279,1.0
2452936.2763,1.02619,-1.578033,-1.689862,0.964283,-0.7156140000000001,-1.193874,0.964284,1.0
2452936.2809,1.04334,-1.577995,-1.689902,0.964288,-0.7156170000000001,-1.193845,0.964288,1.0
2452936.2851400003,1.06274,-1.57796,-1.6899380000000002,0.964292,-0.71562,-1.193818,0.964293,1.0
2452936.28936,1.08349,-1.577926,-1.689974,0.964297,-0.715622,-1.193791,0.964297,1.0
2452936.29358,1.09251,-1.577891,-1.6900099999999998,0.964301,-0.715625,-1.193765,0.964302,1.0
2452936.29779,1.10669,-1.577856,-1.690046,0.964305,-0.7156279999999999,-1.193738,0.964306,1.0
2452936.30328,1.09251,-1.577811,-1.690093,0.964311,-0.715631,-1.193704,0.964311,1.0
2452936.30749,1.09453,-1.577777,-1.690129,0.964315,-0.715634,-1.193677,0.964316,1.0
2452936.31171,1.09655,-1.577742,-1.690165,0.96432,-0.715637,-1.19365,0.96432,1.0
2452936.31598,1.07158,-1.577707,-1.6902009999999998,0.964324,-0.715639,-1.193623,0.964325,1.0
2452936.32063,1.05009,-1.577669,-1.690241,0.964329,-0.715643,-1.193594,0.964329,1.0
2452936.32486,1.02713,-1.577634,-1.690277,0.964333,-0.715645,-1.193567,0.964334,1.0
2452936.32909,1.0177200000000002,-1.577599,-1.6903130000000002,0.964337,-0.715648,-1.193541,0.964338,1.0
2452936.33331,0.987249,-1.577564,-1.690349,0.964342,-0.715651,-1.193514,0.964342,1.0
2452936.33753,0.965665,-1.57753,-1.6903849999999998,0.964346,-0.715654,-1.1934870000000002,0.964347,1.0
2452936.34176,0.929879,-1.577495,-1.690421,0.964351,-0.7156560000000001,-1.193461,0.964351,1.0
2452936.34598,0.921354,-1.57746,-1.690457,0.964355,-0.715659,-1.193434,0.964355,1.0
2452936.35022,0.902042,-1.577425,-1.690493,0.964359,-0.715662,-1.193407,0.96436,1.0
2452936.35443,0.8888459999999999,-1.577391,-1.6905290000000002,0.964364,-0.715665,-1.193381,0.964364,1.0
2452936.35863,0.886394,-1.577356,-1.690565,0.964368,-0.715667,-1.193354,0.964368,1.0
2452942.09186,1.06175,-1.529758,-1.7389419999999998,0.969964,-0.723147,-1.159265,0.969964,1.0
2452942.09607,1.0520200000000002,-1.529723,-1.738977,0.969967,-0.723155,-1.159242,0.969968,1.0
2452942.10029,1.0121,-1.529687,-1.739012,0.969971,-0.723164,-1.159218,0.969972,1.0
2452942.10452,0.97101,-1.529652,-1.739048,0.969975,-0.723172,-1.159195,0.969976,1.0
2452942.10873,0.950657,-1.529617,-1.7390830000000002,0.969979,-0.72318,-1.159171,0.96998,1.0
2452942.11297,0.929017,-1.529581,-1.739118,0.969983,-0.723188,-1.159148,0.969984,1.0
2452942.1172,0.901205,-1.5295450000000002,-1.739153,0.969987,-0.723196,-1.159124,0.969988,1.0
2452942.12142,0.877453,-1.52951,-1.739189,0.969991,-0.723205,-1.159101,0.969991,1.0
2452942.12563,0.88966,-1.529475,-1.739224,0.969995,-0.723213,-1.159077,0.969995,1.0
2452942.12988,0.8904790000000001,-1.529439,-1.739259,0.969999,-0.723221,-1.159054,0.969999,1.0
2452942.13452,0.923047,-1.5294,-1.739298,0.970003,-0.72323,-1.1590280000000002,0.970004,1.0
2452942.13876,0.940208,-1.529365,-1.7393330000000002,0.970007,-0.723238,-1.159004,0.970008,1.0
2452942.14298,1.00098,-1.5293290000000002,-1.739368,0.970011,-0.723246,-1.158981,0.970011,1.0
2452942.15186,1.0083799999999998,-1.529255,-1.739443,0.970019,-0.723264,-1.158932,0.97002,1.0
2452942.15608,1.03854,-1.529219,-1.739478,0.970023,-0.723272,-1.158908,0.970023,1.0
2452942.16029,1.06371,-1.529184,-1.739513,0.970027,-0.72328,-1.158885,0.970027,1.0
2452942.16452,1.08549,-1.529149,-1.739548,0.970031,-0.723288,-1.158861,0.970031,1.0
2452942.16875,1.08349,-1.529113,-1.739583,0.970035,-0.7232970000000001,-1.1588379999999998,0.970035,1.0
2452942.17295,1.10465,-1.5290780000000002,-1.7396189999999998,0.970038,-0.723305,-1.158815,0.970039,1.0
2452942.17722,1.09654,-1.529042,-1.739654,0.970042,-0.723313,-1.158791,0.970043,1.0
2452942.18145,1.09553,-1.529007,-1.739689,0.970046,-0.723322,-1.158767,0.970047,1.0
2452942.18569,1.08849,-1.528971,-1.739725,0.97005,-0.72333,-1.158744,0.970051,1.0
2452942.18988,1.08649,-1.528936,-1.7397599999999998,0.970054,-0.723338,-1.158721,0.970055,1.0
2452942.19407,1.0805,-1.528901,-1.739795,0.970058,-0.723346,-1.158697,0.970059,1.0
2452942.19829,1.06371,-1.528865,-1.73983,0.970062,-0.7233539999999999,-1.158674,0.970062,1.0
2452942.2025,1.03663,-1.52883,-1.7398650000000002,0.970066,-0.723363,-1.158651,0.970066,1.0
2452942.2066900004,1.02429,-1.528795,-1.7399,0.97007,-0.723371,-1.158628,0.97007,1.0
2452942.2109,1.00745,-1.52876,-1.7399349999999998,0.970073,-0.723379,-1.1586040000000002,0.970074,1.0
2452942.21511,0.983612,-1.528724,-1.73997,0.970077,-0.723387,-1.158581,0.970078,1.0
2452942.2193400003,0.942809,-1.528689,-1.7400060000000002,0.970081,-0.723396,-1.158557,0.970082,1.0
2452942.22356,0.95241,-1.528653,-1.740041,0.970085,-0.723404,-1.158534,0.970086,1.0
2452942.22774,0.902867,-1.528618,-1.7400759999999995,0.970089,-0.7234119999999999,-1.158511,0.97009,1.0
2452942.23201,0.899547,-1.528582,-1.740111,0.970093,-0.723421,-1.158487,0.970094,1.0
2452942.23623,0.904532,-1.528547,-1.740146,0.970097,-0.723429,-1.158464,0.970097,1.0
2452942.24045,0.908707,-1.528512,-1.740182,0.970101,-0.723437,-1.15844,0.970101,1.0
2452942.2447,0.931588,-1.528476,-1.740217,0.970105,-0.723446,-1.158417,0.970105,1.0
2452942.24892,0.957688,-1.528441,-1.740252,0.970108,-0.723454,-1.158393,0.970109,1.0
2452942.25314,0.989063,-1.528405,-1.740287,0.970112,-0.7234619999999999,-1.15837,0.970113,1.0
2452942.25738,1.0149,-1.52837,-1.740323,0.970116,-0.723471,-1.158347,0.970117,1.0
2452942.2616,1.02997,-1.528334,-1.740358,0.97012,-0.723479,-1.158323,0.970121,1.0
2452942.26583,1.0568799999999998,-1.528299,-1.740393,0.970124,-0.723487,-1.1583,0.970125,1.0
2452942.27003,1.07553,-1.5282639999999998,-1.740428,0.970128,-0.723495,-1.158277,0.970129,1.0
2452942.2743,1.08649,-1.528228,-1.740464,0.970132,-0.723504,-1.158253,0.970132,1.0
2452942.27852,1.1016,-1.528192,-1.7404990000000002,0.970136,-0.723512,-1.15823,0.970136,1.0
2452942.28275,1.1251799999999998,-1.528157,-1.740534,0.97014,-0.723521,-1.1582059999999998,0.97014,1.0
2452942.28693,1.1356,-1.528122,-1.7405689999999998,0.970143,-0.723529,-1.158183,0.970144,1.0
2452942.2912,1.12105,-1.528086,-1.740605,0.970147,-0.723537,-1.15816,0.970148,1.0
2452942.29543,1.12726,-1.52805,-1.7406400000000002,0.970151,-0.723546,-1.158136,0.970152,1.0
2452942.29967,1.11077,-1.528015,-1.740675,0.970155,-0.723554,-1.158113,0.970156,1.0
2452942.30389,1.0945200000000002,-1.5279790000000002,-1.740711,0.970159,-0.723562,-1.158089,0.97016,1.0
2452942.30808,1.07553,-1.527944,-1.740746,0.970163,-0.723571,-1.158066,0.970164,1.0
2452942.31236,1.04526,-1.527908,-1.740781,0.970167,-0.723579,-1.158042,0.970167,1.0
2452942.31659,1.0121,-1.527873,-1.7408169999999998,0.970171,-0.723588,-1.158019,0.970171,1.0
2452942.32078,0.979093,-1.527838,-1.740851,0.970175,-0.723596,-1.1579959999999998,0.970175,1.0
2452942.32505,0.943678,-1.527802,-1.740887,0.970179,-0.723604,-1.157972,0.970179,1.0
2452942.32928,0.9205,-1.527766,-1.740922,0.970182,-0.7236130000000001,-1.157949,0.970183,1.0
2452942.33351,0.89459,-1.527731,-1.7409580000000002,0.970186,-0.723621,-1.157926,0.970187,1.0
2452942.33769,0.8758379999999999,-1.527696,-1.740992,0.97019,-0.723629,-1.157902,0.970191,1.0
2452942.34196,0.871814,-1.52766,-1.7410279999999998,0.970194,-0.723638,-1.157879,0.970195,1.0
2452942.34619,0.881503,-1.527624,-1.741063,0.970198,-0.723646,-1.157855,0.970199,1.0
2452942.3503900003,0.910382,-1.527589,-1.741098,0.970202,-0.723655,-1.157832,0.970202,1.0
2452942.3546,0.927308,-1.527554,-1.7411330000000005,0.970206,-0.7236630000000001,-1.157809,0.970206,1.0
2452942.35881,0.947161,-1.527519,-1.741169,0.97021,-0.723671,-1.157786,0.97021,1.0
2452970.9219400003,1.08939,-1.2769,-1.965613,0.989104,-0.855225,-1.073476,0.989105,1.0
2452970.92611,1.07941,-1.2768620000000002,-1.965644,0.989106,-0.855253,-1.073477,0.989106,1.0
2452970.93028,1.06362,-1.276823,-1.965674,0.989107,-0.855281,-1.073477,0.989108,1.0
2452970.93444,1.05484,-1.276785,-1.965705,0.989109,-0.855309,-1.073477,0.98911,1.0
2452970.93861,1.01668,-1.276747,-1.965736,0.989111,-0.8553370000000001,-1.0734780000000002,0.989111,1.0
2452970.94278,0.998125,-1.276709,-1.965766,0.989112,-0.8553649999999999,-1.0734780000000002,0.989113,1.0
2452970.94694,0.97361,-1.276671,-1.965797,0.989114,-0.8553930000000001,-1.0734780000000002,0.989115,1.0
2452970.95111,0.962022,-1.276633,-1.965828,0.989116,-0.8554209999999999,-1.073479,0.989117,1.0
2452970.95528,0.947949,-1.276595,-1.965858,0.989117,-0.855449,-1.073479,0.989118,1.0
2452970.9594400004,0.918724,-1.276557,-1.965889,0.989119,-0.855477,-1.073479,0.98912,1.0
2452970.96361,0.8986379999999999,-1.276519,-1.96592,0.989121,-0.855505,-1.07348,0.989122,1.0
2452970.96778,0.8903989999999999,-1.276481,-1.96595,0.989122,-0.855533,-1.07348,0.989123,1.0
2452970.97194,0.892863,-1.276443,-1.965981,0.989124,-0.855561,-1.073481,0.989125,1.0
2452970.97611,0.912819,-1.276405,-1.966012,0.989126,-0.8555889999999999,-1.073481,0.989127,1.0
2452970.98028,0.947076,-1.276367,-1.966042,0.989127,-0.855617,-1.073481,0.989128,1.0
2452970.9844400003,0.95672,-1.276329,-1.966073,0.989129,-0.8556440000000001,-1.073482,0.98913,1.0
2452970.98861,0.979907,-1.276291,-1.966104,0.989131,-0.855672,-1.073482,0.989132,1.0
2452970.99278,0.996288,-1.276253,-1.966134,0.989133,-0.8557,-1.073483,0.989133,1.0
2452970.99694,1.00736,-1.276215,-1.966165,0.989134,-0.855728,-1.073483,0.989135,1.0
2452971.00111,1.03273,-1.276177,-1.966196,0.989136,-0.855756,-1.073483,0.989137,1.0
2452971.00528,1.05289,-1.276139,-1.966227,0.989138,-0.855784,-1.073484,0.989138,1.0
2452971.01361,1.06656,-1.276063,-1.966288,0.989141,-0.8558399999999999,-1.073485,0.989142,1.0
2452971.01778,1.09644,-1.276025,-1.966319,0.989143,-0.8558680000000001,-1.073485,0.989143,1.0
2452971.0219400004,1.08539,-1.275987,-1.966349,0.989144,-0.8558959999999999,-1.073485,0.989145,1.0
2452971.02611,1.06264,-1.275949,-1.96638,0.989146,-0.855924,-1.0734860000000002,0.989147,1.0
2452971.03028,1.0994700000000002,-1.27591,-1.966411,0.989148,-0.855952,-1.0734860000000002,0.989149,1.0
2452971.03444,1.07841,-1.275872,-1.966441,0.989149,-0.85598,-1.073487,0.98915,1.0
2452971.03861,1.07247,-1.275834,-1.966472,0.989151,-0.856008,-1.073487,0.989152,1.0
2452971.04278,1.04806,-1.275796,-1.966503,0.989153,-0.856036,-1.073488,0.989154,1.0
2452971.0469400003,1.04709,-1.275758,-1.966533,0.989154,-0.8560639999999999,-1.073488,0.989155,1.0
2452971.05111,1.00551,-1.27572,-1.966564,0.989156,-0.856092,-1.073488,0.989157,1.0
2452971.05528,0.976304,-1.275682,-1.966595,0.989158,-0.8561200000000001,-1.073489,0.989159,1.0
2452971.06569,0.917033,-1.275587,-1.966671,0.989162,-0.85619,-1.07349,0.989163,1.0
2452971.06986,0.8895799999999999,-1.275549,-1.966702,0.989164,-0.856218,-1.073491,0.989164,1.0
2452971.07403,0.873343,-1.275511,-1.966733,0.989165,-0.856246,-1.073491,0.989166,1.0
2452971.08236,0.843305,-1.275435,-1.966794,0.989169,-0.856302,-1.073492,0.98917,1.0
2452971.08653,0.894509,-1.275397,-1.966825,0.98917,-0.8563299999999999,-1.073492,0.989171,1.0
2452971.09069,0.901125,-1.275359,-1.966855,0.989172,-0.856358,-1.073493,0.989173,1.0
2452971.09486,0.915345,-1.275321,-1.966886,0.989174,-0.8563860000000001,-1.073493,0.989175,1.0
2452971.09903,0.944463,-1.275283,-1.966917,0.989175,-0.8564139999999999,-1.073494,0.989176,1.0
2452971.10278,0.965572,-1.275248,-1.966944,0.989177,-0.85644,-1.073494,0.989178,1.0
2452971.1069400003,0.986245,-1.27521,-1.966975,0.989179,-0.856468,-1.073495,0.989179,1.0
2452971.11111,1.01668,-1.275172,-1.967005,0.98918,-0.8564959999999999,-1.073495,0.989181,1.0
2452971.11528,1.0242,-1.275134,-1.967036,0.989182,-0.856524,-1.073496,0.989183,1.0
2452971.11943,1.07148,-1.275096,-1.967067,0.989184,-0.8565520000000001,-1.073496,0.989184,1.0
2452971.1236,1.07544,-1.275058,-1.967097,0.989185,-0.8565799999999999,-1.073497,0.989186,1.0
2452971.12777,1.08839,-1.27502,-1.967128,0.989187,-0.856608,-1.073497,0.989188,1.0
2452971.13193,1.09644,-1.274982,-1.967159,0.989189,-0.8566360000000001,-1.073498,0.989189,1.0
2452971.1361,1.07841,-1.274944,-1.967189,0.98919,-0.856664,-1.073499,0.989191,1.0
2452971.14027,1.07247,-1.274906,-1.96722,0.989192,-0.856692,-1.073499,0.989193,1.0
2452971.14443,1.04806,-1.274868,-1.967251,0.989194,-0.85672,-1.0735,0.989194,1.0
2452971.1486,1.05873,-1.27483,-1.967281,0.989195,-0.856748,-1.0735,0.989196,1.0
2452971.15277,1.0394,-1.274792,-1.967312,0.989197,-0.856776,-1.073501,0.989198,1.0
2452971.15693,1.04132,-1.2747540000000002,-1.967343,0.989199,-0.8568040000000001,-1.073501,0.989199,1.0
2452971.1611,1.00551,-1.274716,-1.967373,0.9892,-0.8568319999999999,-1.073502,0.989201,1.0
2452971.16527,0.98443,-1.274677,-1.967404,0.989202,-0.8568600000000001,-1.073502,0.989203,1.0
2455628.312717,0.9327,3.54881,-0.614169,-0.6353840000000001,2.58286,-0.386629,-0.6353439999999999,1.0
2455628.316747,0.9921,3.54882,-0.614139,-0.635396,2.58285,-0.386667,-0.635356,1.0
2455628.320767,1.0087,3.54883,-0.614109,-0.635408,2.58284,-0.386705,-0.635368,1.0
2455628.326737,1.064,3.54884,-0.614065,-0.635426,2.58282,-0.386761,-0.635386,1.0
2455628.332777,1.0798,3.54885,-0.61402,-0.635444,2.58281,-0.386818,-0.635404,1.0
2455628.337077,1.1009,3.54886,-0.613988,-0.6354569999999999,2.5828,-0.386858,-0.635417,1.0
2455628.345127,1.107,3.5488699999999995,-0.613929,-0.6354810000000001,2.58278,-0.386934,-0.635441,1.0
2455628.353247,1.0958,3.5488800000000005,-0.6138680000000001,-0.635506,2.58276,-0.38701,-0.635465,1.0
2455628.357277,1.0838,3.54889,-0.613839,-0.635518,2.58275,-0.387048,-0.6354770000000001,1.0
2455628.361297,1.0938,3.5489,-0.613809,-0.63553,2.5827400000000003,-0.387086,-0.6354890000000001,1.0
2455628.365327,1.0788,3.54891,-0.613779,-0.635542,2.58273,-0.387124,-0.635502,1.0
2455628.369347,1.0408,3.54891,-0.613749,-0.635554,2.58272,-0.387162,-0.635514,1.0
2455628.373377,0.9976,3.54892,-0.613719,-0.635566,2.58271,-0.3872,-0.635526,1.0
2455628.377407,0.9509,3.5489300000000004,-0.613689,-0.635578,2.5827,-0.387238,-0.635538,1.0
2455628.3814270003,0.9344,3.5489300000000004,-0.61366,-0.63559,2.58269,-0.387275,-0.63555,1.0
2455628.385457,0.9106,3.54894,-0.61363,-0.635602,2.58268,-0.387313,-0.635562,1.0
2455628.389477,0.8609,3.54895,-0.6136,-0.635614,2.58267,-0.387351,-0.635574,1.0
2455628.393507,0.8101,3.54896,-0.61357,-0.635627,2.58266,-0.387389,-0.635586,1.0
2455628.397527,0.7909,3.54896,-0.61354,-0.6356390000000001,2.58265,-0.387427,-0.635598,1.0
2455628.401557,0.7924,3.54897,-0.61351,-0.6356510000000001,2.58264,-0.387465,-0.63561,1.0
2455628.405887,0.8071,3.54898,-0.613478,-0.635664,2.58263,-0.387506,-0.6356229999999999,1.0
2455628.409907,0.8561,3.54898,-0.613448,-0.635676,2.58262,-0.387543,-0.6356350000000001,1.0
2455628.414107,0.899,3.5489900000000003,-0.613417,-0.635688,2.58261,-0.387583,-0.635648,1.0
2455628.418127,0.9301,3.549,-0.613387,-0.6357,2.5826,-0.387621,-0.63566,1.0
2455628.422157,0.9794,3.54901,-0.613358,-0.6357119999999999,2.58259,-0.387659,-0.635672,1.0
2455628.426177,1.0031,3.54901,-0.613328,-0.635725,2.58258,-0.387697,-0.635684,1.0
2455628.430207,1.0246,3.54902,-0.613298,-0.635737,2.58257,-0.387735,-0.635696,1.0
2455628.434227,1.0709,3.54903,-0.613268,-0.635749,2.58256,-0.387772,-0.6357079999999999,1.0
2455628.438257,1.0768,3.54904,-0.6132380000000001,-0.635761,2.58255,-0.38781,-0.63572,1.0
2455628.445617,1.0878,3.54905,-0.6131840000000001,-0.635783,2.58253,-0.38788,-0.635742,1.0
2455628.449647,1.106,3.54906,-0.613154,-0.635795,2.58252,-0.387918,-0.635754,1.0
2455628.453667,1.1111,3.54906,-0.613124,-0.635807,2.58251,-0.387955,-0.6357659999999999,1.0
2455628.458417,1.1317,3.5490699999999995,-0.613089,-0.635821,2.5825,-0.388,-0.635781,1.0
2455628.462437,1.1328,3.5490800000000005,-0.613059,-0.635833,2.58249,-0.388038,-0.635793,1.0
2455628.466467,1.1349,3.54909,-0.613029,-0.635845,2.58248,-0.388076,-0.6358050000000001,1.0
2455628.470497,1.1183,3.54909,-0.612999,-0.635857,2.5824700000000003,-0.388114,-0.635817,1.0
2455628.476527,1.0999,3.5491,-0.612955,-0.635876,2.58246,-0.388171,-0.635835,1.0
2455628.480557,1.0758,3.54911,-0.612925,-0.635888,2.58245,-0.388209,-0.635847,1.0
2455628.486597,1.0436,3.54912,-0.61288,-0.6359060000000001,2.58243,-0.388265,-0.635865,1.0
2455628.490617,1.0124,3.5491300000000003,-0.61285,-0.635918,2.58242,-0.388303,-0.635877,1.0
2455628.494647,0.9379,3.54914,-0.61282,-0.63593,2.58242,-0.388341,-0.635889,1.0
2455628.504717,0.8697,3.54915,-0.612746,-0.6359600000000001,2.58239,-0.388436,-0.6359199999999999,1.0
2455628.509467,0.8609,3.54916,-0.6127100000000001,-0.6359739999999999,2.58238,-0.388481,-0.635934,1.0
2455628.515507,0.8785,3.54917,-0.6126659999999999,-0.635993,2.58237,-0.388538,-0.6359520000000001,1.0
2455628.519537,0.894,3.54918,-0.612636,-0.636005,2.58236,-0.388576,-0.6359640000000001,1.0
2455628.523557,0.925,3.5491900000000003,-0.6126060000000001,-0.636017,2.58235,-0.388614,-0.635976,1.0
2455628.5308970003,0.9903,3.5492,-0.6125520000000001,-0.636039,2.58233,-0.388683,-0.635998,1.0
2455628.534927,1.0199,3.54921,-0.612522,-0.636051,2.58232,-0.388721,-0.6360100000000001,1.0
2455628.538947,1.0408,3.54921,-0.612492,-0.636063,2.58231,-0.388759,-0.636022,1.0
2455628.542977,1.0739,3.54922,-0.612462,-0.636075,2.5823,-0.388796,-0.636034,1.0
2455628.546997,1.0928,3.54923,-0.612432,-0.636087,2.58229,-0.388834,-0.636046,1.0
2455644.318797,1.0175,3.57456,-0.495088,-0.6829109999999999,2.57893,-0.541887,-0.68286,1.0
2455644.322817,1.0194,3.57456,-0.495058,-0.682923,2.57894,-0.541926,-0.682872,1.0
2455644.326827,1.048,3.57457,-0.495028,-0.6829350000000001,2.57894,-0.5419649999999999,-0.682883,1.0
2455644.330837,1.0412,3.57457,-0.494999,-0.682947,2.57895,-0.5420050000000001,-0.682895,1.0
2455644.334847,1.0655,3.57458,-0.494969,-0.682958,2.57896,-0.542044,-0.6829069999999999,1.0
2455644.338867,1.0863,3.57459,-0.494939,-0.68297,2.57897,-0.542083,-0.6829189999999999,1.0
2455644.342877,1.1044,3.57459,-0.494909,-0.682982,2.57898,-0.542122,-0.68293,1.0
2455644.346887,1.1095,3.5746,-0.494879,-0.682994,2.57898,-0.542162,-0.682942,1.0
2455644.350897,1.1167,3.5746,-0.494849,-0.683006,2.57899,-0.542201,-0.682954,1.0
2455644.354916,1.1364,3.57461,-0.494819,-0.683017,2.579,-0.5422399999999999,-0.682966,1.0
2455644.360936,1.0974,3.57462,-0.494774,-0.6830350000000001,2.57901,-0.542299,-0.682983,1.0
2455644.364946,1.1024,3.57462,-0.494744,-0.6830470000000001,2.57902,-0.542338,-0.682995,1.0
2455644.368956,1.0843,3.5746300000000004,-0.494714,-0.683059,2.57903,-0.542377,-0.6830069999999999,1.0
2455644.372976,1.0674,3.57464,-0.494684,-0.68307,2.57904,-0.542417,-0.6830189999999999,1.0
2455644.376986,1.0336,3.57464,-0.494654,-0.683082,2.57904,-0.542456,-0.683031,1.0
2455644.380996,0.9925,3.57465,-0.494624,-0.683094,2.57905,-0.542495,-0.683042,1.0
2455644.3850060003,0.9584,3.57465,-0.494594,-0.683106,2.57906,-0.542534,-0.683054,1.0
2455644.389026,0.8977,3.57466,-0.4945640000000001,-0.683118,2.57907,-0.542574,-0.683066,1.0
2455644.393035,0.8765,3.57466,-0.494534,-0.683129,2.57908,-0.542613,-0.683078,1.0
2455644.397045,0.8534,3.57467,-0.494504,-0.683141,2.57908,-0.542652,-0.68309,1.0
2455644.401055,0.8401,3.5746800000000003,-0.494474,-0.683153,2.5790900000000003,-0.542691,-0.6831010000000001,1.0
2455644.405075,0.8401,3.5746800000000003,-0.494444,-0.6831649999999999,2.5791,-0.5427310000000001,-0.683113,1.0
2455644.409085,0.8518,3.5746900000000004,-0.494414,-0.683176,2.57911,-0.54277,-0.683125,1.0
2455644.413095,0.8677,3.5746900000000004,-0.494384,-0.683188,2.57911,-0.542809,-0.683137,1.0
2455644.417115,0.8953,3.5747,-0.494354,-0.6832,2.57912,-0.542848,-0.683148,1.0
2455644.421125,0.961,3.5747,-0.494324,-0.683212,2.57913,-0.542888,-0.68316,1.0
2455644.425135,1.0008,3.57471,-0.494295,-0.6832239999999999,2.57914,-0.542927,-0.683172,1.0
2455644.429144,1.0345,3.57472,-0.494265,-0.683235,2.57915,-0.542966,-0.683184,1.0
2455644.433164,1.0441,3.57472,-0.494235,-0.683247,2.57915,-0.5430050000000001,-0.683196,1.0
2455644.4371740003,1.0684,3.57473,-0.494205,-0.6832590000000001,2.57916,-0.543045,-0.683207,1.0
2455644.441184,1.0943,3.57473,-0.494175,-0.683271,2.57917,-0.543084,-0.6832189999999999,1.0
2455644.445204,1.1055,3.5747400000000003,-0.494145,-0.683283,2.57918,-0.5431229999999999,-0.683231,1.0
2455644.449214,1.1291,3.5747400000000003,-0.494115,-0.683294,2.57919,-0.543162,-0.683243,1.0
2455644.453224,1.1291,3.57475,-0.4940850000000001,-0.6833060000000001,2.57919,-0.5432020000000001,-0.6832550000000001,1.0
2455644.457244,1.1188,3.57476,-0.494055,-0.683318,2.5792,-0.543241,-0.683266,1.0
2455644.463264,1.1312,3.57476,-0.4940100000000001,-0.6833359999999999,2.57921,-0.5433,-0.683284,1.0
2455644.467274,1.1375,3.57477,-0.49398,-0.683347,2.5792200000000003,-0.543339,-0.683296,1.0
2455644.471283,1.126,3.5747800000000005,-0.49395,-0.683359,2.57923,-0.543378,-0.683308,1.0
2455644.475293,1.0923,3.5747800000000005,-0.49392,-0.683371,2.57924,-0.543417,-0.683319,1.0
2455644.479313,1.0393,3.57479,-0.49389,-0.683383,2.57925,-0.543457,-0.683331,1.0
2455644.483323,1.0307,3.57479,-0.49386,-0.683394,2.57925,-0.543496,-0.683343,1.0
2455644.489343,0.9366,3.5748,-0.493815,-0.683412,2.57927,-0.543555,-0.683361,1.0
2455644.493353,0.9254,3.57481,-0.493785,-0.683424,2.57928,-0.5435939999999999,-0.683372,1.0
2455644.497373,0.8805,3.57481,-0.493755,-0.6834359999999999,2.57928,-0.543633,-0.683384,1.0
2455644.501383,0.8332,3.57482,-0.493725,-0.683447,2.5792900000000003,-0.543673,-0.683396,1.0
2455644.505392,0.812,3.5748300000000004,-0.493695,-0.683459,2.5793,-0.543712,-0.683408,1.0
2455644.509412,0.7957,3.5748300000000004,-0.493665,-0.683471,2.57931,-0.543751,-0.68342,1.0
2455644.515432,0.821,3.57484,-0.49362,-0.683489,2.57932,-0.54381,-0.683437,1.0
2455644.519442,0.8661,3.57485,-0.49359,-0.683501,2.57933,-0.543849,-0.683449,1.0
2455644.523452,0.9052,3.57485,-0.493561,-0.683512,2.57934,-0.543888,-0.683461,1.0
2455644.527472,0.9444,3.57486,-0.4935310000000001,-0.683524,2.57934,-0.543928,-0.683473,1.0
2455644.531482,0.961,3.57486,-0.493501,-0.6835359999999999,2.57935,-0.543967,-0.683484,1.0
2455644.535492,0.9944,3.57487,-0.493471,-0.6835479999999999,2.57936,-0.544006,-0.683496,1.0
2455644.539512,1.0307,3.57487,-0.493441,-0.683559,2.57937,-0.544045,-0.683508,1.0
2455644.545531,1.0616,3.5748800000000003,-0.493396,-0.683577,2.57938,-0.544104,-0.683526,1.0
