2444849.750949,1.024127,-2.81207268,1.1933009,-0.10231413,-1.8644021,0.8473110999999999,-0.10233054,1.0
2444849.753699,0.9825507,-2.81208281,1.19327543,-0.10231416,-1.86439677,0.84732991,-0.10233056,1.0
2444849.757615,0.9971406,-2.81209722,1.19323918,-0.10231419,-1.86438918,0.84735669,-0.10233059,1.0
2444849.761949,1.020371,-2.81211317,1.19319905,-0.10231423,-1.86438079,0.84738634,-0.10233062,1.0
2444849.768657,1.0185,-2.81213786,1.19313693,-0.10231428,-1.8643678,0.84743222,-0.10233067,1.0
2444849.771199,0.9953179,-2.81214722,1.1931134,-0.10231431,-1.86436289,0.84744961,-0.10233069,1.0
2444849.777449,0.9934914,-2.81217022,1.19305553,-0.10231436,-1.8643508,0.84749237,-0.10233074,1.0
2444849.779907,1.011964,-2.81217926,1.19303277,-0.10231438,-1.86434605,0.84750919,-0.10233076,1.0
2444849.7970740004,0.9203901,-2.81224244,1.19287381,-0.10231453,-1.86431292,0.84762665,-0.10233089,1.0
2444849.7996150004,1.013848,-2.81225179,1.19285028,-0.10231455,-1.86430803,0.84764404,-0.10233091,1.0
2444849.811782,1.022299,-2.81229655,1.19273761,-0.10231465,-1.8642846,0.84772732,-0.102331,1.0
2453314.6764040003,0.8932051999999999,-2.18782424,-2.1423811,-0.0426139,-1.46311461,-1.46586969,-0.04261131,1.0
2453314.678024,0.88095,-2.18781326,-2.14239289,-0.04261341,-1.46312311,-1.46586121,-0.04261082,1.0
2453314.679668,0.8817617,-2.18780213,-2.14240485,-0.04261292,-1.46313173,-1.4658526,-0.04261032,1.0
2453314.681288,0.8899206000000001,-2.18779115,-2.14241663,-0.04261243,-1.46314023,-1.46584411,-0.04260983,1.0
2453314.682897,0.8833875,-2.18778025,-2.14242834,-0.04261194,-1.46314868,-1.46583568,-0.04260935,1.0
2453314.684518,0.896502,-2.18776927,-2.14244013,-0.04261145,-1.46315718,-1.46582719,-0.04260886,1.0
2453314.686184,0.8785192,-2.18775799,-2.14245225,-0.04261095,-1.46316593,-1.46581847,-0.04260835,1.0
2453314.687793,0.8736778000000001,-2.18774709,-2.14246395,-0.04261046,-1.46317437,-1.46581005,-0.04260787,1.0
2453314.689413,0.8973280999999999,-2.18773612,-2.14247573,-0.04260997,-1.46318288,-1.46580156,-0.04260738,1.0
2453314.691057,0.8785192,-2.18772498,-2.14248769,-0.04260947,-1.4631915,-1.46579296,-0.04260688,1.0
2453314.692666,0.8915614,-2.18771408,-2.1424994,-0.04260899,-1.46319995,-1.46578453,-0.04260639,1.0
2453314.694309,0.8956767,-2.18770295,-2.14251135,-0.04260849,-1.46320858,-1.46577593,-0.0426059,1.0
2453314.695906,0.8874651,-2.18769213,-2.14252296,-0.04260801,-1.46321696,-1.46576757,-0.04260541,1.0
2453314.703175,0.8940283000000001,-2.18764289,-2.14257584,-0.04260581,-1.46325513,-1.46572952,-0.04260322,1.0
2453314.704795,0.9023007,-2.18763191,-2.14258762,-0.04260532,-1.46326364,-1.46572105,-0.04260273,1.0
2453314.75674,1.049425,-2.18727999,-2.14296543,-0.04258962,-1.46353672,-1.46544946,-0.04258702,1.0
2453314.758418,1.0523280000000002,-2.18726862,-2.14297763,-0.04258911,-1.46354555,-1.46544069,-0.04258651,1.0
2453314.765096,1.06992,-2.18722337,-2.1430262000000004,-0.04258709,-1.46358069,-1.46540582,-0.04258449,1.0
2453314.7667400003,1.05816,-2.18721223,-2.14303815,-0.04258659,-1.46358935,-1.46539723,-0.04258399,1.0
2453314.772434,1.074858,-2.18717365,-2.14307956,-0.04258487,-1.46361933,-1.4653675,-0.04258227,1.0
2453314.774101,1.075849,-2.18716235,-2.14309168,-0.04258437,-1.4636281,-1.4653588,-0.04258177,1.0
2453314.775779,1.060111,-2.18715098,-2.14310389,-0.04258386,-1.46363694,-1.46535004,-0.04258126,1.0
2453314.777434,1.051359,-2.18713977,-2.14311592,-0.04258336,-1.46364565,-1.4653413999999998,-0.04258076,1.0
2453314.779078,1.059135,-2.18712863,-2.14312788,-0.04258286,-1.46365431,-1.46533282,-0.04258026,1.0
2453314.780721,1.0610879999999998,-2.1871175,-2.14313982,-0.04258237,-1.46366297,-1.46532425,-0.04257977,1.0
2453314.7823880003,1.066968,-2.1871062,-2.14315195,-0.04258186,-1.46367175,-1.46531555,-0.04257926,1.0
2453314.784031,1.047493,-2.18709507,-2.14316389,-0.04258137,-1.4636804,-1.46530697,-0.04257877,1.0
2453314.785698,1.067951,-2.18708377,-2.14317602,-0.04258086,-1.46368918,-1.46529827,-0.04257826,1.0
2453314.78733,1.062065,-2.18707271,-2.14318788,-0.04258037,-1.46369778,-1.46528976,-0.04257777,1.0
2453314.788985,1.046529,-2.1870615,-2.14319992,-0.04257987,-1.4637065,-1.46528112,-0.04257727,1.0
2453314.790652,1.0407620000000002,-2.1870502,-2.14321204,-0.04257936,-1.46371528,-1.46527242,-0.04257676,1.0
2453314.792307,1.036934,-2.18703899,-2.14322408,-0.04257886,-1.463724,-1.46526379,-0.04257626,1.0
2453314.793985,1.047493,-2.18702762,-2.14323628,-0.04257836,-1.46373284,-1.46525504,-0.04257575,1.0
2453314.79564,1.0532979999999998,-2.1870164,-2.14324831,-0.04257786,-1.46374157,-1.4652464,-0.04257525,1.0
2453314.797261,1.035026,-2.18700542,-2.1432601000000004,-0.04257737,-1.46375011,-1.46523795,-0.04257476,1.0
2453314.798893,1.035026,-2.18699436,-2.14327197,-0.04257687,-1.46375871,-1.46522943,-0.04257427,1.0
2453314.800548,1.028374,-2.18698314,-2.143284,-0.04257637,-1.46376743,-1.4652208,-0.04257377,1.0
2453314.802226,1.03598,-2.18697177,-2.1432962000000004,-0.04257586,-1.46377628,-1.46521205,-0.04257326,1.0
2453314.8038810003,1.021766,-2.18696055,-2.14330824,-0.04257536,-1.463785,-1.46520342,-0.04257276,1.0
2453314.805548,1.021766,-2.18694926,-2.14332036,-0.04257486,-1.46379379,-1.46519473,-0.04257226,1.0
2453314.807203,1.0096040000000002,-2.18693804,-2.1433324,-0.04257436,-1.46380251,-1.4651861000000002,-0.04257176,1.0
2453314.808858,0.9957522,-2.18692683,-2.14334443,-0.04257386,-1.46381124,-1.46517747,-0.04257126,1.0
2453314.810536,1.004966,-2.18691546,-2.14335663,-0.04257335,-1.46382009,-1.46516872,-0.04257075,1.0
2453314.812203,1.0096040000000002,-2.18690416,-2.14336875,-0.04257285,-1.46382888,-1.46516003,-0.04257025,1.0
2453314.813904,0.9920904,-2.18689263,-2.14338112,-0.04257233,-1.46383785,-1.46515116,-0.04256973,1.0
2453314.815582,1.002193,-2.18688126,-2.14339332,-0.04257183,-1.4638467,-1.46514241,-0.04256922,1.0
2453314.817272,0.9848073,-2.18686981,-2.14340561,-0.04257132,-1.46385561,-1.4651336,-0.04256871,1.0
2453314.819089,0.9775777,-2.18685749,-2.14341882,-0.04257077,-1.46386519,-1.46512413,-0.04256816,1.0
2453314.820744,0.986623,-2.18684628,-2.14343086,-0.04257027,-1.46387392,-1.46511551,-0.04256766,1.0
2453314.822446,0.9829949,-2.18683474,-2.14344323,-0.04256975,-1.4638829,-1.46510664,-0.04256715,1.0
2453314.824112,0.9668324,-2.18682345,-2.14345535,-0.04256925,-1.46389169,-1.46509796,-0.04256664,1.0
2453314.8257560004,0.9623903,-2.18681231,-2.1434673,-0.04256875,-1.46390036,-1.46508939,-0.04256615,1.0
2453314.827376,0.9606190999999998,-2.18680133,-2.14347908,-0.04256826,-1.46390891,-1.46508095,-0.04256566,1.0
2453314.829031,0.9659425,-2.18679012,-2.14349111,-0.04256776,-1.46391764,-1.46507232,-0.04256516,1.0
2453314.830744,0.9553253,-2.18677851,-2.14350357,-0.04256724,-1.46392668,-1.4650633999999998,-0.04256464,1.0
2453314.832411,0.9535671,-2.18676721,-2.14351569,-0.04256674,-1.46393548,-1.46505471,-0.04256413,1.0
2453314.834043,0.9518121,-2.18675615,-2.14352755,-0.04256624,-1.46394409,-1.46504621,-0.04256364,1.0
2453314.835733,0.9430859,-2.18674469,-2.14353984,-0.04256573,-1.46395301,-1.46503741,-0.04256313,1.0
2453314.837446,0.9588512,-2.18673308,-2.1435523,-0.04256522,-1.46396205,-1.46502849,-0.04256261,1.0
2453314.839147,0.9361626,-2.18672156,-2.14356466,-0.0425647,-1.46397103,-1.46501963,-0.0425621,1.0
2453314.840791,0.9500604,-2.18671041,-2.14357662,-0.0425642,-1.46397971,-1.46501106,-0.0425616,1.0
2453314.8424110003,0.9344397,-2.18669943,-2.1435884,-0.04256371,-1.46398826,-1.46500263,-0.04256111,1.0
2453314.844054,0.947439,-2.1866883,-2.14360034,-0.04256322,-1.46399693,-1.46499407,-0.04256061,1.0
2453314.84571,0.9396179,-2.18667707,-2.14361238,-0.04256272,-1.46400567,-1.46498545,-0.04256011,1.0
2453314.847353,0.9483121,-2.18666594,-2.14362433,-0.04256222,-1.46401435,-1.46497689,-0.04255961,1.0
2453314.84902,0.9456954,-2.18665464,-2.14363645,-0.04256172,-1.46402315,-1.46496821,-0.04255911,1.0
2453314.850652,0.9344397,-2.18664358,-2.14364831,-0.04256122,-1.46403177,-1.46495972,-0.04255862,1.0
2453314.852307,0.93272,-2.18663236,-2.14366035,-0.04256072,-1.46404051,-1.4649511,-0.04255812,1.0
2453314.854089,0.9353007,-2.18662028,-2.1436733,-0.04256018,-1.46404992,-1.46494182,-0.04255758,1.0
2453314.855733,0.9335794,-2.18660914,-2.14368525,-0.04255969,-1.4640586000000002,-1.46493326,-0.04255708,1.0
2453314.857423,0.9465668,-2.18659769,-2.14369754,-0.04255918,-1.46406753,-1.46492447,-0.04255657,1.0
2453314.859054,0.9641648000000002,-2.18658663,-2.1437094,-0.04255868,-1.46407614,-1.46491598,-0.04255608,1.0
2453314.860698,0.9500604,-2.18657549,-2.14372135,-0.04255818,-1.46408483,-1.46490742,-0.04255558,1.0
2453314.862388,0.950936,-2.18656404,-2.14373364,-0.04255767,-1.46409376,-1.46489863,-0.04255507,1.0
2453314.864031,0.9465668,-2.1865529,-2.14374558,-0.04255718,-1.46410244,-1.46489008,-0.04255457,1.0
2453314.865686,0.9606190999999998,-2.18654168,-2.14375762,-0.04255668,-1.46411118,-1.46488146,-0.04255407,1.0
2453314.867318,0.9562055,-2.18653062,-2.14376948,-0.04255618,-1.46411981,-1.46487297,-0.04255358,1.0
2453314.8692860003,0.9695076,-2.18651728,-2.14378379,-0.04255559,-1.4641302,-1.46486273,-0.04255298,1.0
2453314.870987,0.9597349,-2.18650575,-2.14379615,-0.04255507,-1.46413919,-1.46485388,-0.04255247,1.0
2453314.872666,0.9766776,-2.18649437,-2.14380836,-0.04255457,-1.46414807,-1.46484515,-0.04255196,1.0
2453314.874344,0.9712953,-2.186483,-2.14382056,-0.04255406,-1.46415694,-1.46483642,-0.04255145,1.0
2453314.8760450003,0.9884421999999998,-2.18647147,-2.14383293,-0.04255354,-1.46416593,-1.46482757,-0.04255094,1.0
2453314.8777,0.9920904,-2.18646025,-2.14384496,-0.04255304,-1.46417467,-1.46481896,-0.04255044,1.0
2453314.879402,0.9957522,-2.18644871,-2.14385733,-0.04255253,-1.46418367,-1.46481011,-0.04254992,1.0
2453314.881068,0.9948354,-2.18643742,-2.14386944,-0.04255203,-1.46419248,-1.46480145,-0.04254942,1.0
2453314.882723,1.008675,-2.1864262,-2.14388147,-0.04255153,-1.46420123,-1.46479284,-0.04254892,1.0
2453314.884344,0.9975881,-2.18641521,-2.14389326,-0.04255103,-1.4642098,-1.46478441,-0.04254843,1.0
2453314.885999,1.003116,-2.18640399,-2.14390529,-0.04255053,-1.46421855,-1.4647758,-0.04254793,1.0
2453314.887677,0.9884421999999998,-2.18639262,-2.14391749,-0.04255003,-1.46422742,-1.46476708,-0.04254742,1.0
2453314.8893790003,1.02365,-2.18638108,-2.14392986,-0.04254951,-1.46423642,-1.46475823,-0.0425469,1.0
2453314.891138,1.036934,-2.18636916,-2.14394265,-0.04254898,-1.46424573,-1.46474908,-0.04254637,1.0
2453314.892897,1.034073,-2.18635724,-2.14395544,-0.04254845,-1.46425503,-1.46473994,-0.04254584,1.0
2453314.894575,1.033121,-2.18634586,-2.14396763,-0.04254794,-1.4642639,-1.46473122,-0.04254533,1.0
2453314.8962540003,1.049425,-2.18633448,-2.14397984,-0.04254743,-1.46427279,-1.46472249,-0.04254482,1.0
2453314.897897,1.043641,-2.18632334,-2.14399178,-0.04254694,-1.46428148,-1.46471395,-0.04254433,1.0
2453314.899541,1.0562120000000002,-2.1863122,-2.14400374,-0.04254644,-1.46429017,-1.4647054,-0.04254383,1.0
2453314.901265,1.046529,-2.18630051,-2.14401627,-0.04254592,-1.46429929,-1.46469644,-0.04254331,1.0
2453314.902886,1.059135,-2.18628952,-2.14402805,-0.04254543,-1.46430787,-1.46468802,-0.04254282,1.0
2453314.904494,1.067951,-2.18627862,-2.14403974,-0.04254494,-1.46431638,-1.46467966,-0.04254233,1.0
2453314.906311,1.070906,-2.18626631,-2.14405295,-0.04254439,-1.46432599,-1.46467022,-0.04254178,1.0
2453314.908013,1.077832,-2.18625477,-2.14406532,-0.04254388,-1.464335,-1.46466138,-0.04254127,1.0
2453314.9096790003,1.06992,-2.18624347,-2.14407743,-0.04254337,-1.46434382,-1.46465272,-0.04254076,1.0
2453314.911323,1.067951,-2.18623233,-2.14408938,-0.04254288,-1.46435252,-1.46464418,-0.04254027,1.0
2453314.912978,1.07684,-2.18622111,-2.14410141,-0.04254238,-1.46436128,-1.46463559,-0.04253977,1.0
2453314.914622,1.06992,-2.18620997,-2.14411336,-0.04254188,-1.46436998,-1.46462705,-0.04253927,1.0
2453314.916416,1.09686,-2.1861978,-2.1441264,-0.04254134,-1.46437948,-1.46461773,-0.04253873,1.0
2453314.918071,1.080815,-2.18618658,-2.14413843,-0.04254084,-1.46438824,-1.46460913,-0.04253823,1.0
2453314.919761,1.087806,-2.18617513,-2.14415072,-0.04254032,-1.46439718,-1.46460035,-0.04253771,1.0
2453314.921462,1.087806,-2.1861636000000004,-2.14416308,-0.04253981,-1.46440619,-1.46459152,-0.0425372,1.0
2453314.923152,1.0728799999999998,-2.18615214,-2.14417537,-0.0425393,-1.46441514,-1.46458274,-0.04253669,1.0
2453314.924934,1.083805,-2.18614006,-2.14418832,-0.04253876,-1.46442457,-1.46457349,-0.04253615,1.0
2453314.926601,1.088808,-2.18612876,-2.14420044,-0.04253826,-1.4644334,-1.46456483,-0.04253565,1.0
2453314.928256,1.087806,-2.18611754,-2.14421247,-0.04253776,-1.46444217,-1.46455624,-0.04253514,1.0
2453314.929946,1.077832,-2.18610608,-2.14422475,-0.04253724,-1.46445112,-1.46454747,-0.04253463,1.0
2453314.931682,1.071893,-2.18609431,-2.14423737,-0.04253672,-1.46446031,-1.46453845,-0.04253411,1.0
2453314.933406,1.0978709999999998,-2.18608262,-2.1442499,-0.0425362,-1.46446944,-1.4645295,-0.04253359,1.0
2453314.9351080004,1.081811,-2.18607108,-2.14426227,-0.04253568,-1.46447846,-1.46452067,-0.04253307,1.0
2453314.936751,1.091821,-2.18605994,-2.14427422,-0.04253519,-1.46448716,-1.46451214,-0.04253258,1.0
2453316.750416,1.05137,-2.17372721,-2.15742045,-0.04198588,-1.47441508,-1.45540582,-0.04198314,1.0
2453316.75309,1.049435,-2.17370898,-2.15743978,-0.04198507,-1.47443019,-1.45539286,-0.04198233,1.0
2453316.759039,1.040772,-2.1736684,-2.15748278,-0.04198326,-1.4744638,-1.45536401,-0.04198053,1.0
2453316.760706,1.03123,-2.17365703,-2.15749483,-0.04198276,-1.47447322,-1.45535593,-0.04198002,1.0
2453316.767071,1.021776,-2.17361362,-2.15754084,-0.04198083,-1.47450919,-1.45532508,-0.04197809,1.0
2453316.768738,1.013341,-2.17360225,-2.15755289,-0.04198032,-1.47451861,-1.455317,-0.04197758,1.0
2453316.770405,1.008685,-2.17359088,-2.15756493,-0.04197982,-1.47452803,-1.45530892,-0.04197708,1.0
2453316.772071,0.9948454,-2.17357952,-2.15757698,-0.04197931,-1.47453745,-1.45530085,-0.04197657,1.0
2453316.773761,1.00128,-2.17356799,-2.15758919,-0.0419788,-1.4745469999999998,-1.45529266,-0.04197606,1.0
2453316.775463,0.9994374,-2.17355638,-2.15760149,-0.04197828,-1.47455662,-1.45528442,-0.04197554,1.0
2453316.7770950003,0.9857246,-2.17354525,-2.15761329,-0.04197779,-1.47456585,-1.45527651,-0.04197505,1.0
2453316.778784,0.9802921999999998,-2.17353373,-2.1576255,-0.04197727,-1.4745754,-1.45526833,-0.04197454,1.0
2453316.780474,0.9902745,-2.1735222000000003,-2.15763771,-0.04197676,-1.47458495,-1.45526014,-0.04197402,1.0
2453316.782118,0.9893629,-2.17351099,-2.15764959,-0.04197626,-1.47459425,-1.45525218,-0.04197352,1.0
2453316.78375,0.9793899,-2.17349986,-2.15766139,-0.04197577,-1.47460347,-1.45524428,-0.04197303,1.0
2453316.785428,0.9668422,-2.17348841,-2.15767352,-0.04197526,-1.47461296,-1.45523615,-0.04197252,1.0
2453316.7871290003,0.9784882,-2.17347681,-2.15768581,-0.04197474,-1.47462258,-1.45522791,-0.041972,1.0
2453316.788784,0.9722,-2.17346552,-2.15769777,-0.04197424,-1.47463194,-1.4552199,-0.0419715,1.0
2453316.7904740004,0.9624,-2.17345399,-2.15770999,-0.04197373,-1.4746415000000002,-1.45521171,-0.04197099,1.0
2453316.792129,0.9544552,-2.17344271,-2.15772195,-0.04197323,-1.47465086,-1.4552037,-0.04197049,1.0
2453316.793807,0.9588608,-2.17343126,-2.15773407,-0.04197272,-1.47466035,-1.45519558,-0.04196998,1.0
2453316.795439,0.9509454,-2.17342013,-2.15774587,-0.04197222,-1.47466959,-1.45518768,-0.04196948,1.0
2453316.797083,0.9483215,-2.17340891,-2.15775775,-0.04197172,-1.47467889,-1.45517972,-0.04196898,1.0
2453316.798715,0.9526986,-2.17339778,-2.15776955,-0.04197123,-1.47468812,-1.45517182,-0.04196849,1.0
2453316.800428,0.9509454,-2.1733861,-2.15778193,-0.04197071,-1.47469781,-1.45516353,-0.04196797,1.0
2453316.802118,0.9335886999999998,-2.17337457,-2.15779414,-0.0419702,-1.47470737,-1.45515535,-0.04196746,1.0
2453316.8037610003,0.936172,-2.17336336,-2.15780601,-0.041969699999999985,-1.47471667,-1.4551473999999998,-0.04196696,1.0
2453316.805405,0.9327292,-2.17335215,-2.15781789,-0.0419692,-1.47472597,-1.45513944,-0.04196646,1.0
2453316.80706,0.9396273,-2.17334086,-2.15782986,-0.0419687,-1.47473534,-1.45513143,-0.04196596,1.0
2453316.8087150003,0.9284437,-2.17332957,-2.15784182,-0.0419682,-1.47474471,-1.45512343,-0.04196546,1.0
2453316.810358,0.9318706,-2.17331836,-2.15785369,-0.0419677,-1.474754,-1.45511548,-0.04196496,1.0
2453316.81206,0.9284437,-2.17330675,-2.15786599,-0.04196718,-1.47476364,-1.45510724,-0.04196444,1.0
2453316.813761,0.9335886999999998,-2.17329515,-2.15787828,-0.04196667,-1.47477327,-1.45509901,-0.04196393,1.0
2453316.815486,0.9465762,-2.17328338,-2.15789075,-0.04196614,-1.47478303,-1.45509067,-0.041963400000000005,1.0
2453316.817152,0.9301555,-2.17327201,-2.15790279,-0.04196564,-1.47479246,-1.45508261,-0.0419629,1.0
2453316.818854,0.93531,-2.1732604,-2.15791509,-0.04196512,-1.4748021,-1.45507438,-0.04196238,1.0
2453316.820544,0.9448341999999998,-2.17324888,-2.1579273,-0.04196461,-1.47481167,-1.45506621,-0.04196187,1.0
2453316.822245,0.9518217,-2.17323727,-2.15793959,-0.04196409,-1.4748213,-1.45505798,-0.04196135,1.0
2453316.8239,0.9535767,-2.17322598,-2.15795156,-0.04196359,-1.47483067,-1.45504998,-0.04196085,1.0
2453316.825544,0.936172,-2.17321477,-2.15796344,-0.04196309,-1.47483998,-1.45504203,-0.04196035,1.0
2453316.82721,0.9491954,-2.1732034,-2.15797548,-0.04196259,-1.47484941,-1.45503397,-0.04195985,1.0
2453316.828854,0.9500699,-2.17319219,-2.15798736,-0.04196209,-1.47485872,-1.45502603,-0.04195935,1.0
2453316.830532,0.9668422,-2.17318074,-2.15799948,-0.04196158,-1.47486822,-1.45501791,-0.04195884,1.0
2453316.832245,0.9570963,-2.17316905,-2.15801186,-0.04196106,-1.47487793,-1.45500963,-0.04195832,1.0
2453316.833912,0.9677331,-2.17315768,-2.15802391,-0.04196055,-1.47488737,-1.45500157,-0.04195781,1.0
2453316.835567,0.9766875,-2.17314639,-2.15803587,-0.04196005,-1.47489674,-1.45499358,-0.04195731,1.0
2453316.837222,0.9766875,-2.1731351,-2.15804783,-0.04195955,-1.47490612,-1.45498558,-0.04195681,1.0
2453316.838981,0.9784882,-2.1731231,-2.15806054,-0.04195902,-1.47491608,-1.45497708,-0.04195627,1.0
2453316.840671,0.9875421,-2.17311157,-2.15807275,-0.0419585,-1.47492566,-1.45496891,-0.04195576,1.0
2453316.842361,0.9848171999999998,-2.17310004,-2.15808496,-0.04195799,-1.47493523,-1.45496074,-0.04195525,1.0
2453316.844027,0.9921004,-2.17308867,-2.158097,-0.04195749,-1.47494467,-1.45495269,-0.04195474,1.0
2453316.845682,0.9848171999999998,-2.17307738,-2.15810896,-0.04195698,-1.47495405,-1.4549447,-0.04195424,1.0
2453316.847349,0.9994374,-2.17306601,-2.15812101,-0.04195648,-1.4749635,-1.45493664,-0.04195374,1.0
2453316.849039,1.012408,-2.17305448,-2.15813322,-0.04195597,-1.47497307,-1.45492848,-0.04195322,1.0
2453316.850717,1.016145,-2.17304303,-2.15814534,-0.04195546,-1.47498258,-1.45492037,-0.04195271,1.0
2453316.852349,1.005902,-2.1730319,-2.15815714,-0.04195496,-1.47499183,-1.45491249,-0.04195222,1.0
2453316.85405,1.0246030000000002,-2.17302029,-2.15816943,-0.04195445,-1.47500148,-1.45490428,-0.0419517,1.0
2453316.855694,1.0246030000000002,-2.17300908,-2.15818131,-0.04195395,-1.47501079,-1.45489634,-0.0419512,1.0
2453316.857592,1.013341,-2.17299613,-2.15819502,-0.04195337,-1.47502155,-1.45488717,-0.04195063,1.0
2453316.859236,1.036945,-2.17298491,-2.1582069,-0.04195287,-1.47503087,-1.45487923,-0.04195013,1.0
2453316.860914,1.0379,-2.17297346,-2.15821903,-0.04195236,-1.47504039,-1.45487113,-0.04194962,1.0
2453316.862615,1.042691,-2.17296186,-2.15823132,-0.04195185,-1.47505003,-1.45486292,-0.0419491,1.0
2453316.864282,1.042691,-2.17295049,-2.15824336,-0.04195134,-1.47505948,-1.45485487,-0.0419486,1.0
2453316.865937,1.055251,-2.17293919,-2.15825532,-0.04195084,-1.47506887,-1.45484688,-0.0419481,1.0
2453316.867604,1.056223,-2.17292782,-2.15826737,-0.04195033,-1.47507832,-1.45483883,-0.04194759,1.0
2453316.86927,1.044613,-2.17291645,-2.1582794,-0.04194983,-1.47508777,-1.45483079,-0.04194708,1.0
2453316.870937,1.063055,-2.17290508,-2.15829145,-0.04194932,-1.47509722,-1.45482274,-0.04194658,1.0
2453316.872615,1.07388,-2.17289363,-2.15830357,-0.04194881,-1.47510674,-1.45481465,-0.04194607,1.0
2453316.874282,1.065996,-2.17288226,-2.15831562,-0.04194831,-1.47511619,-1.4548066000000002,-0.04194556,1.0
2453316.8759830003,1.056223,-2.17287065,-2.15832791,-0.04194779,-1.47512584,-1.45479839,-0.04194505,1.0
2453316.877685,1.080825,-2.17285904,-2.15834021,-0.04194728,-1.47513549,-1.45479018,-0.04194453,1.0
2453316.879375,1.0798299999999998,-2.17284751,-2.15835242,-0.04194676,-1.47514508,-1.45478203,-0.04194402,1.0
2453316.881007,1.0699299999999998,-2.17283637,-2.15836421,-0.04194627,-1.47515434,-1.45477415,-0.04194352,1.0
2453316.88265,1.062076,-2.17282516,-2.15837608,-0.04194577,-1.47516366,-1.45476623,-0.04194303,1.0
2453316.884351,1.065015,-2.17281356,-2.15838837,-0.04194525,-1.47517331,-1.45475802,-0.04194251,1.0
2453316.886157,1.084815,-2.17280123,-2.15840142,-0.04194471,-1.47518356,-1.45474931,-0.04194196,1.0
2453316.887882,1.074869,-2.17278946,-2.15841388,-0.04194418,-1.47519335,-1.45474099,-0.04194144,1.0
2453316.889594,1.084815,-2.17277778,-2.15842625,-0.04194366,-1.47520306,-1.45473273,-0.04194092,1.0
2453316.8913310003,1.07586,-2.17276593,-2.1584388,-0.04194314,-1.47521292,-1.45472435,-0.04194039,1.0
2453316.893055,1.083816,-2.17275417,-2.15845126,-0.04194261,-1.4752227,-1.45471604,-0.04193987,1.0
2453316.894733,1.097882,-2.17274272,-2.15846338,-0.04194211,-1.47523223,-1.45470795,-0.04193936,1.0
2453342.576854,1.042731,-1.99033904,-2.33650293,-0.03401941,-1.6723259,-1.40349603,-0.03401548,1.0
2453342.578497,1.056264,-1.99032693,-2.33651383,-0.03401889,-1.672341,-1.40349791,-0.03401497,1.0
2453342.585402,1.06702,-1.99027602,-2.33655963,-0.03401673,-1.67240448,-1.40350584,-0.0340128,1.0
2453342.587041,1.034123,-1.99026393,-2.3365705,-0.03401621,-1.67241955,-1.40350772,-0.03401229,1.0
2453342.588669,1.057237,-1.99025193,-2.3365813,-0.0340157,-1.67243451,-1.40350959,-0.03401178,1.0
2453342.60123,1.03127,-1.99015932,-2.3366646,-0.03401177,-1.67254999,-1.40352404,-0.03400784,1.0
2453342.602891,1.035077,-1.99014707,-2.33667562,-0.03401125,-1.67256527,-1.40352595,-0.03400732,1.0
2453342.609828,1.016184,-1.99009592,-2.33672162,-0.03400907,-1.67262905,-1.40353396,-0.03400515,1.0
2453342.611464,1.002241,-1.99008386,-2.33673247,-0.03400856,-1.67264409,-1.40353584,-0.03400464,1.0
2453342.613114,1.029372,-1.99007169,-2.33674341,-0.03400804,-1.67265926,-1.40353775,-0.03400412,1.0
2453342.620066,1.004089,-1.99002043,-2.33678951,-0.03400586,-1.67272318,-1.40354579,-0.03400194,1.0
2453342.621716,0.9785263,-1.99000827,-2.33680045,-0.03400535,-1.67273835,-1.4035476999999998,-0.03400142,1.0
2453342.623341,0.9921388,-1.98999629,-2.33681123,-0.03400484,-1.6727533,-1.40354958,-0.03400091,1.0
2453342.630274,0.9624371,-1.98994516,-2.33685721,-0.03400267,-1.67281706,-1.40355762,-0.03399874,1.0
2453342.652323,0.9225127,-1.98978257,-2.33700342,-0.03399576,-1.67301984,-1.40358325,-0.03399183,1.0
2453342.653967,0.9284799,-1.98977045,-2.33701432,-0.03399524,-1.67303496,-1.40358517,-0.03399131,1.0
2453342.655639,0.9327654,-1.98975812,-2.3370254,-0.03399472,-1.67305034,-1.40358712,-0.03399079,1.0
2453342.662716,0.9259177,-1.98970593,-2.33707232,-0.0339925,-1.67311544,-1.40359538,-0.03398857,1.0
2453342.664395,0.9242137,-1.98969355,-2.33708346,-0.03399197,-1.67313088,-1.40359734,-0.03398805,1.0
2453342.6660470003,0.9015139,-1.98968137,-2.33709441,-0.03399145,-1.67314608,-1.40359928,-0.03398753,1.0
2453342.673194,0.9597815,-1.98962866,-2.3371418,-0.03398921,-1.67321183,-1.40360764,-0.03398529,1.0
2453342.674889,0.9208151,-1.98961616,-2.33715304,-0.03398868,-1.67322742,-1.40360963,-0.03398476,1.0
2453342.676539,0.9466129,-1.98960399,-2.33716398,-0.03398817,-1.6732426,-1.40361156,-0.03398424,1.0
2453342.6836220003,0.9422636,-1.98955176,-2.33721094,-0.03398595,-1.67330777,-1.40361987,-0.03398202,1.0
2453342.6852740003,0.9492322,-1.98953957,-2.33722189,-0.03398543,-1.67332296,-1.40362181,-0.0339815,1.0
2453342.686936,0.9668796,-1.98952732,-2.33723291,-0.03398491,-1.67333825,-1.40362376,-0.03398098,1.0
2453342.694095,0.9821378,-1.98947451,-2.33728037,-0.03398266,-1.67340413,-1.40363218,-0.03397874,1.0
2453342.695783,1.008724,-1.98946207,-2.33729156,-0.03398214,-1.67341966,-1.40363416,-0.03397821,1.0
2453342.697471,0.9884904,-1.98944962,-2.33730275,-0.03398161,-1.67343519,-1.40363615,-0.03397768,1.0
2453342.704727,0.9866712,-1.98939611,-2.33735086,-0.03397933,-1.67350196,-1.4036447,-0.0339754,1.0
2453342.706491,1.019935,-1.9893831,-2.33736255,-0.03397878,-1.67351819,-1.40364678,-0.03397485,1.0
2453342.708171,1.006868,-1.98937071,-2.33737369,-0.03397825,-1.67353365,-1.40364877,-0.03397433,1.0
2453342.715289,1.038897,-1.9893182,-2.33742088,-0.03397602,-1.67359916,-1.40365718,-0.03397209,1.0
2453342.716944,1.038897,-1.989306,-2.33743185,-0.0339755,-1.67361439,-1.40365913,-0.03397158,1.0
2453342.718595,1.05238,-1.98929382,-2.33744279,-0.03397499,-1.67362958,-1.40366109,-0.03397106,1.0
2453342.725776,1.049476,-1.98924086,-2.33749039,-0.03397273,-1.67369567,-1.40366959,-0.03396881,1.0
2453342.727444,1.060163,-1.98922856,-2.33750145,-0.03397221,-1.67371102,-1.40367157,-0.03396828,1.0
2453342.729127,1.045617,-1.98921614,-2.33751261,-0.03397168,-1.67372651,-1.40367356,-0.03396776,1.0
2453342.736488,1.0948950000000002,-1.98916184,-2.33756141,-0.03396938,-1.67379427,-1.4036823,-0.03396545,1.0
2453342.738153,1.074911,-1.98914956,-2.33757244,-0.03396886,-1.67380959,-1.40368428,-0.03396493,1.0
2453342.739803,1.066037,-1.98913739,-2.33758338,-0.03396834,-1.67382478,-1.40368624,-0.03396441,1.0
2453342.746942,1.059186,-1.98908474,-2.3376307,-0.0339661,-1.67389049,-1.40369473,-0.03396217,1.0
2453342.748631,1.0465799999999998,-1.98907228,-2.33764189,-0.03396557,-1.67390604,-1.40369675,-0.03396164,1.0
2453342.750297,1.073921,-1.98905999,-2.33765293,-0.03396505,-1.67392137,-1.40369873,-0.03396112,1.0
2453342.757756,1.043692,-1.98900497,-2.33770238,-0.03396271,-1.67399004,-1.40370763,-0.03395878,1.0
2453342.7594560003,1.0630959999999998,-1.98899243,-2.33771365,-0.03396218,-1.67400569,-1.40370966,-0.03395825,1.0
2453342.761178,1.053349,-1.98897973,-2.33772506,-0.03396164,-1.67402155,-1.40371171,-0.03395771,1.0
2453342.7684560004,1.05238,-1.98892604,-2.3377733,-0.03395936,-1.67408855,-1.40372041,-0.03395543,1.0
2453342.770112,1.010584,-1.98891383,-2.33778427,-0.03395884,-1.6741038,-1.40372239,-0.03395491,1.0
2453342.771815,1.038897,-1.98890127,-2.33779556,-0.033958300000000004,-1.67411947,-1.40372443,-0.03395438,1.0
2453342.779125,1.008724,-1.98884734,-2.337844,-0.03395601,-1.67418678,-1.40373319,-0.03395208,1.0
2453342.780828,0.9866712,-1.98883477,-2.3378553,-0.03395548,-1.67420247,-1.40373523,-0.03395155,1.0
2453342.782497,0.9659897,-1.98882246,-2.33786636,-0.03395496,-1.67421783,-1.40373724,-0.03395103,1.0
2453342.789938,0.9405296,-1.98876757,-2.33791567,-0.03395262,-1.67428635,-1.40374617,-0.03394869,1.0
2453342.791641,0.9483583,-1.98875501,-2.33792696,-0.03395209,-1.67430203,-1.40374822,-0.03394816,1.0
2453342.7934580003,0.9379341999999998,-1.98874161,-2.337939,-0.03395152,-1.67431876,-1.40375041,-0.03394759,1.0
2453342.800787,0.9098554,-1.98868754,-2.33798757,-0.03394922,-1.67438625,-1.40375923,-0.03394529,1.0
2453342.8024790003,0.9174289,-1.98867505,-2.33799879,-0.03394869,-1.67440185,-1.40376127,-0.03394476,1.0
2453342.804171,0.8990264000000001,-1.98866257,-2.33801,-0.03394816,-1.67441743,-1.40376331,-0.03394423,1.0
2453357.633408,1.03583,-1.87707278,-2.43361905,-0.02926421,-1.81664977,-1.4515162,-0.0292599,1.0
2453357.635772,1.04253,-1.87705465,-2.43363386,-0.02926346,-1.81667289,-1.45152867,-0.02925915,1.0
2453357.648213,1.03774,-1.87695923,-2.43371181,-0.029259500000000008,-1.81679459,-1.4515943,-0.02925519,1.0
2453357.650578,1.027279,-1.87694109,-2.43372663,-0.02925875,-1.81681772,-1.45160678,-0.02925444,1.0
2453357.6630720003,0.997444,-1.87684525,-2.43380491,-0.02925477,-1.81693994,-1.45167275,-0.02925046,1.0
2453357.66548,0.9919472,-1.87682678,-2.43382,-0.02925401,-1.8169635,-1.45168547,-0.0292497,1.0
2453357.678118,0.9604805,-1.87672984,-2.43389917,-0.02924998,-1.81708712,-1.45175225,-0.02924568,1.0
2453357.68049,0.9631381,-1.87671164,-2.43391403,-0.02924923,-1.81711033,-1.45176478,-0.02924492,1.0
2453357.693188,0.9172518,-1.87661423,-2.43399358,-0.02924519,-1.81723454,-1.45183193,-0.02924088,1.0
2453357.695612,0.9055002,-1.87659564,-2.43400876,-0.02924442,-1.81725825,-1.45184476,-0.02924011,1.0
2453357.708425,0.8922540000000001,-1.87649734,-2.43408902,-0.02924034,-1.81738359,-1.45191257,-0.02923603,1.0
2453357.710876,0.8922540000000001,-1.87647854,-2.43410438,-0.02923956,-1.81740756,-1.45192554,-0.02923525,1.0
2453357.744857,0.9747394,-1.87621785,-2.43431721,-0.02922875,-1.81773997,-1.45210563,-0.02922444,1.0
2453357.747273,0.9551874,-1.87619931,-2.43433234,-0.02922798,-1.8177636,-1.45211845,-0.02922367,1.0
2453357.760216,1.002048,-1.87610001,-2.4344134,-0.02922386,-1.81789021,-1.45218713,-0.02921955,1.0
2453357.762712,1.025389,-1.87608086,-2.43442903,-0.02922306,-1.81791462,-1.45220038,-0.02921876,1.0
2453357.775979,1.077677,-1.87597906,-2.43451212,-0.02921884,-1.8180444,-1.45227085,-0.02921453,1.0
2453357.778382,1.054116,-1.87596063,-2.43452716,-0.02921808,-1.81806791,-1.45228362,-0.02921377,1.0
2453357.791488,1.053146,-1.87586006,-2.43460924,-0.02921391,-1.81819611,-1.45235328,-0.0292096,1.0
2453357.793997,1.058982,-1.87584081,-2.43462495,-0.02921311,-1.81822065,-1.45236663,-0.0292088,1.0
2453357.807421,1.055088,-1.87573781,-2.434709,-0.02920884,-1.81835197,-1.45243804,-0.02920453,1.0
2453357.809979,1.032972,-1.87571818,-2.43472502,-0.02920802,-1.81837699,-1.45245166,-0.02920371,1.0
2453357.823341,1.025389,-1.87561564,-2.43480868,-0.02920377,-1.81850769,-1.4525228,-0.02919946,1.0
2453357.825803,1.021618,-1.87559675,-2.43482409,-0.02920299,-1.81853178,-1.45253592,-0.02919868,1.0
2453358.605811,1.024743,-1.86960538,-2.43970016,-0.02895466,-1.82616091,-1.45677638,-0.02895034,1.0
2453358.608193,1.0313709999999998,-1.86958707,-2.43971503,-0.02895391,-1.82618421,-1.45678959,-0.02894958,1.0
2453358.6155310003,1.028526,-1.86953065,-2.43976082,-0.02895157,-1.82625596,-1.45683029,-0.02894725,1.0
2453358.6179110003,1.029473,-1.86951236,-2.43977568,-0.02895081,-1.82627924,-1.4568435,-0.02894649,1.0
2453358.625225,1.020035,-1.86945611,-2.43982133,-0.02894848,-1.82635077,-1.4568841,-0.02894416,1.0
2453358.627598,1.053453,-1.86943787,-2.43983614,-0.02894773,-1.82637397,-1.45689727,-0.0289434,1.0
2453358.634952,1.025688,-1.86938132,-2.43988204,-0.02894538,-1.82644589,-1.45693811,-0.02894106,1.0
2453358.637327,1.006967,-1.86936306,-2.43989686,-0.02894463,-1.82646911,-1.4569513,-0.02894031,1.0
2453358.644694,0.9876775,-1.86930642,-2.43994283,-0.02894228,-1.82654115,-1.45699223,-0.02893796,1.0
2453358.647074,0.9885876,-1.86928812,-2.43995768,-0.02894152,-1.82656442,-1.45700545,-0.0289372,1.0
2453358.654476,0.974126,-1.8692312,-2.44000388,-0.02893917,-1.82663681,-1.4570466,-0.02893484,1.0
2453358.656835,0.9687577,-1.86921306,-2.4400186,-0.02893841,-1.82665988,-1.45705971,-0.02893409,1.0
2453358.66422,0.9354383,-1.86915627,-2.44006468,-0.02893606,-1.82673209,-1.45710078,-0.02893174,1.0
2453358.666617,0.9251564,-1.86913783,-2.44007964,-0.0289353,-1.82675554,-1.45711412,-0.02893098,1.0
2453375.253231,0.9349613,-1.73904007,-2.54011634,-0.02361481,-1.98408667,-1.58782907,-0.0235998,1.0
2453375.256331,0.9178964,-1.7390153000000002,-2.54013438,-0.02361381,-1.9841144,-1.5878606000000002,-0.0235988,1.0
2453375.259471,0.9453524,-1.7389902,-2.54015265,-0.0236128,-1.98414249,-1.58789253,-0.02359779,1.0
2453375.262771,0.9514667,-1.73896382,-2.54017186,-0.02361173,-1.98417202,-1.5879261,-0.02359672,1.0
2453375.26591,0.9763233,-1.73893872,-2.54019013,-0.02361072,-1.98420011,-1.58795805,-0.02359571,1.0
2453375.26908,0.9835439,-1.73891338,-2.54020858,-0.0236097,-1.98422846,-1.5879903,-0.02359469,1.0
2453375.27226,0.9682639,-1.73888797,-2.54022708,-0.02360867,-1.98425691,-1.58802266,-0.02359366,1.0
2453375.27622,0.9700489,-1.73885631,-2.54025012,-0.02360739,-1.98429233,-1.58806295,-0.02359238,1.0
2453375.279359,0.9990646,-1.73883121,-2.54026839,-0.02360638,-1.98432042,-1.58809491,-0.02359137,1.0
2453375.282699,0.9763233,-1.73880452,-2.54028783,-0.0236053,-1.98435029,-1.5881288999999998,-0.02359029,1.0
2453375.2858490003,1.01203,-1.73877934,-2.54030616,-0.02360428,-1.98437847,-1.58816097,-0.02358927,1.0
2453375.288999,1.0129629999999998,-1.73875416,-2.54032448,-0.02360326,-1.98440664,-1.58819303,-0.02358826,1.0
2453375.292138,1.014831,-1.73872906,-2.54034275,-0.02360225,-1.98443472,-1.588225,-0.02358724,1.0
2453375.295278,1.011099,-1.73870396,-2.54036102,-0.02360124,-1.9844628,-1.58825697,-0.02358623,1.0
2453375.299438,1.0242209999999998,-1.7386707,-2.54038523,-0.02359989,-1.9845,-1.58829933,-0.02358489,1.0
2453375.302578,1.014831,-1.7386456,-2.5404035,-0.02359888,-1.98452808,-1.5883313,-0.02358387,1.0
2453375.305717,1.017639,-1.7386205,-2.54042177,-0.02359787,-1.98455616,-1.58836328,-0.02358286,1.0
2453375.308857,1.014831,-1.7385953999999997,-2.54044003,-0.02359685,-1.98458424,-1.58839526,-0.02358184,1.0
2453375.312047,1.019515,-1.7385699,-2.54045859,-0.02359582,-1.98461276,-1.58842775,-0.02358082,1.0
2453375.315187,1.025165,-1.7385448,-2.54047686,-0.02359481,-1.98464084,-1.58845974,-0.0235798,1.0
2453375.318336,1.025165,-1.73851962,-2.54049519,-0.02359379,-1.984669,-1.58849183,-0.02357878,1.0
2453375.322276,1.021395,-1.73848812,-2.54051811,-0.02359252,-1.98470423,-1.58853197,-0.02357751,1.0
2453375.325446,1.033698,-1.73846278,-2.54053655,-0.02359149,-1.98473257,-1.58856427,-0.02357649,1.0
2453375.328586,1.015766,-1.73843768,-2.54055482,-0.02359048,-1.98476064,-1.58859627,-0.02357548,1.0
2453375.331725,0.9826382,-1.73841258,-2.54057308,-0.02358947,-1.98478871,-1.58862827,-0.02357446,1.0
2453375.334855,0.9808298,-1.73838755,-2.54059129,-0.02358846,-1.98481669,-1.58866017,-0.02357345,1.0
2453375.337995,0.9745264,-1.73836245,-2.54060956,-0.02358744,-1.98484476,-1.58869218,-0.02357244,1.0
2453375.341155,0.9638152,-1.73833719,-2.54062794,-0.02358642,-1.98487301,-1.58872439,-0.02357142,1.0
2453375.345164,0.9332407,-1.73830513,-2.54065127,-0.02358513,-1.98490885,-1.58876527,-0.02357012,1.0
2453375.348304,0.947095,-1.73828003,-2.54066953,-0.02358411,-1.98493692,-1.58879728,-0.02356911,1.0
2453375.351434,0.9392769,-1.738255,-2.54068774,-0.0235831,-1.98496489,-1.5888292,-0.0235681,1.0
2453375.354614,0.9514667,-1.73822958,-2.54070624,-0.02358208,-1.98499332,-1.58886163,-0.02356707,1.0
2453375.357753,0.9497156,-1.73820448,-2.5407245,-0.02358106,-1.98502138,-1.58889365,-0.02356606,1.0
2453375.3608830003,0.9341006,-1.73817945,-2.54074271,-0.02358005,-1.98504935,-1.58892557,-0.02356505,1.0
2453375.364023,0.9128377,-1.73815435,-2.54076097,-0.02357904,-1.98507741,-1.5889576,-0.02356403,1.0
2453375.367993,0.9238334,-1.73812261,-2.54078406,-0.02357775,-1.98511289,-1.5889981000000002,-0.02356275,1.0
2453375.3711220003,0.9187421,-1.73809759,-2.54080227,-0.02357674,-1.98514086,-1.58903003,-0.02356174,1.0
2453375.374252,0.9238334,-1.73807256,-2.54082047,-0.02357573,-1.98516883,-1.58906196,-0.02356073,1.0
2453375.377392,0.9246849,-1.73804746,-2.54083874,-0.02357472,-1.98519689,-1.589094,-0.02355972,1.0
2453375.380532,0.9246849,-1.73802235,-2.540857,-0.02357371,-1.98522494,-1.58912604,-0.0235587,1.0
2453375.383691,0.9238334,-1.73799709,-2.54087538,-0.02357268,-1.98525318,-1.58915829,-0.02355768,1.0
2453375.386821,0.9153635,-1.73797206,-2.54089358,-0.02357167,-1.98528114,-1.58919024,-0.02355667,1.0
2453375.390761,0.9306655,-1.73794056,-2.5409165,-0.0235704,-1.98531634,-1.58923045,-0.0235554,1.0
2453375.393931,0.9375484,-1.73791522,-2.54093493,-0.02356938,-1.98534466,-1.58926281,-0.02355438,1.0
2453375.39712,0.9427437,-1.73788971,-2.54095349,-0.02356835,-1.98537316,-1.58929538,-0.02355335,1.0
2453375.40022,0.9718374,-1.73786492,-2.54097151,-0.02356735,-1.98540085,-1.58932703,-0.02355235,1.0
2453375.40336,0.9682639,-1.73783982,-2.54098977,-0.02356633,-1.9854289,-1.58935909,-0.02355133,1.0
2453375.40667,0.9655922,-1.73781335,-2.54100902,-0.02356526,-1.98545847,-1.58939289,-0.02355026,1.0
2453375.409889,0.9754246,-1.73778761,-2.54102775,-0.02356422,-1.98548723,-1.58942577,-0.02354922,1.0
2453375.413939,1.030846,-1.73775522,-2.5410513,-0.02356292,-1.98552341,-1.58946714,-0.02354792,1.0
2453375.417259,1.028949,-1.73772868,-2.54107061,-0.02356184,-1.98555306,-1.58950105,-0.02354684,1.0
2453375.420478,1.033698,-1.73770293,-2.54108933,-0.0235608,-1.98558182,-1.58953394,-0.0235458,1.0
2453375.423618,1.030846,-1.73767782,-2.54110759,-0.02355979,-1.98560986,-1.58956602,-0.02354479,1.0
2453375.426748,1.063638,-1.7376528000000002,-2.54112579,-0.02355878,-1.98563782,-1.589598,-0.02354378,1.0
2453375.429888,1.0607030000000002,-1.73762769,-2.54114405,-0.02355777,-1.98566586,-1.58963008,-0.02354277,1.0
2453375.433058,1.057776,-1.73760234,-2.54116248,-0.02355674,-1.98569417,-1.58966247,-0.02354174,1.0
2453375.436977,1.091424,-1.737571,-2.54118528,-0.02355548,-1.98572917,-1.58970253,-0.02354048,1.0
2453375.440267,1.094444,-1.73754469,-2.54120441,-0.02355441,-1.98575855,-1.58973616,-0.02353942,1.0
2453375.443477,1.08641,-1.73751902,-2.54122307,-0.02355338,-1.98578721,-1.58976897,-0.02353838,1.0
2453375.4466560003,1.0675629999999998,-1.73749359,-2.54124156,-0.02355235,-1.9858156,-1.58980148,-0.02353735,1.0
2453375.449846,1.087411,-1.73746809,-2.54126011,-0.02355132,-1.98584409,-1.58983409,-0.02353632,1.0
2453375.452926,1.0994959999999998,-1.73744346,-2.54127802,-0.02355033,-1.98587159,-1.58986558,-0.02353533,1.0
2453375.456066,1.108648,-1.73741835,-2.54129627,-0.02354931,-1.98589962,-1.58989768,-0.02353431,1.0
2453375.459985,1.087411,-1.7373869999999998,-2.54131907,-0.02354805,-1.98593462,-1.58993777,-0.02353305,1.0
2453375.463125,1.1096700000000002,-1.73736189,-2.54133732,-0.02354703,-1.98596265,-1.58996988,-0.02353203,1.0
2453375.466285,1.1240709999999998,-1.73733662,-2.54135569,-0.02354601,-1.98599086,-1.5900021999999998,-0.02353101,1.0
2453375.472584,1.137611,-1.73728624,-2.54139232,-0.02354398,-1.98604709,-1.59006664,-0.02352898,1.0
2453375.475764,1.100509,-1.73726081,-2.54141081,-0.02354295,-1.98607548,-1.59009917,-0.02352795,1.0
2453375.479094,1.0994959999999998,-1.73723418,-2.54143017,-0.02354187,-1.9861052,-1.59013324,-0.02352688,1.0
2453375.482994,1.076449,-1.7372029999999998,-2.54145284,-0.02354061,-1.98614001,-1.59017315,-0.02352562,1.0
2453375.486083,1.098484,-1.73717829,-2.5414708,-0.02353962,-1.98616759,-1.59020477,-0.02352462,1.0
2453375.4893630003,1.070517,-1.73715206,-2.54148987,-0.02353856,-1.98619686,-1.59023833,-0.02352356,1.0
2453375.492673,1.046149,-1.73712558,-2.54150911,-0.02353749,-1.9862264,-1.59027221,-0.02352249,1.0
2453375.4959830004,1.026109,-1.73709911,-2.54152836,-0.02353642,-1.98625594,-1.59030609,-0.02352142,1.0
2453375.499282,1.041343,-1.73707272,-2.54154754,-0.02353535,-1.98628539,-1.59033987,-0.02352036,1.0
2453375.502592,0.9853571,-1.73704625,-2.54156678,-0.02353428,-1.98631493,-1.59037375,-0.02351929,1.0
2453375.506752,0.9926443,-1.73701298,-2.54159096,-0.02353294,-1.98635205,-1.59041635,-0.02351795,1.0
2453375.510042,0.9999853,-1.73698667,-2.54161009,-0.02353188,-1.98638141,-1.59045003,-0.02351688,1.0
2453375.513331,0.9263896,-1.73696036,-2.54162921,-0.02353082,-1.98641076,-1.59048372,-0.02351582,1.0
2453375.516631,0.9145209,-1.73693397,-2.54164839,-0.02352975,-1.9864402,-1.59051752,-0.02351476,1.0
2453375.5198810003,0.9567396,-1.73690798,-2.54166728,-0.0235287,-1.9864692,-1.5905508,-0.02351371,1.0
2453375.521071,0.9094812,-1.73689846,-2.5416742,-0.02352832,-1.98647982,-1.59056299,-0.02351332,1.0
2453375.522251,0.9094812,-1.73688902,-2.54168106,-0.02352794,-1.98649034,-1.59057508,-0.02351294,1.0
2453375.523461,0.9427437,-1.73687934,-2.54168809,-0.02352754,-1.98650114,-1.59058747,-0.02351255,1.0
2453378.360229,1.004444,-1.7141186999999998,-2.55807447,-0.02261028,-2.01140938,-1.62073063,-0.02259549,1.0
2453378.368129,1.018417,-1.71405513,-2.55811981,-0.02260773,-2.01147756,-1.62081758,-0.02259293,1.0
2453378.376038,1.039264,-1.71399147,-2.55816521,-0.02260517,-2.01154582,-1.62090465,-0.02259037,1.0
2453378.384527,1.037351,-1.71392314,-2.55821393,-0.02260242,-2.01161908,-1.62099812,-0.02258762,1.0
2453378.392437,1.053721,-1.71385948,-2.55825932,-0.02259986,-2.01168733,-1.62108523,-0.02258506,1.0
2453378.400336,1.066414,-1.7137958999999998,-2.55830466,-0.0225973,-2.01175548,-1.62117224,-0.02258251,1.0
2453378.408846,1.04695,-1.7137273999999998,-2.55835349,-0.02259455,-2.01182889,-1.62126598,-0.02257975,1.0
2453378.416765,1.030685,-1.71366366,-2.55839893,-0.02259198,-2.0118972,-1.62135325,-0.02257719,1.0
2453378.424644,0.9952353,-1.71360023,-2.55844415,-0.02258943,-2.01196517,-1.62144009,-0.02257464,1.0
2453378.433114,1.025005,-1.71353206,-2.55849274,-0.02258669,-2.01203821,-1.62153345,-0.0225719,1.0
2453378.441033,0.9897504,-1.71346831,-2.55853818,-0.02258413,-2.0121065,-1.62162077,-0.02256933,1.0
2453378.448952,0.953072,-1.71340456,-2.55858362,-0.02258156,-2.01217478,-1.62170811,-0.02256677,1.0
2453378.457512,0.9434649,-1.71333566,-2.55863273,-0.02257879,-2.01224858,-1.62180251,-0.022564,1.0
2453378.465421,0.902663,-1.71327199,-2.55867811,-0.02257623,-2.01231676,-1.62188977,-0.02256144,1.0
2453378.47335,0.8935641,-1.71320815,-2.5587236,-0.02257367,-2.01238511,-1.62197727,-0.02255888,1.0
2453379.331903,1.011981,-1.70629017,-2.56363945,-0.02229565,-2.01974404,-1.63154941,-0.02228093,1.0
2453379.338742,1.0326959999999998,-1.70623501,-2.56367853,-0.02229343,-2.01980233,-1.63162645,-0.02227871,1.0
2453379.345592,1.048993,-1.70617976,-2.56371767,-0.02229122,-2.01986069,-1.63170361,-0.02227649,1.0
2453379.353061,1.020405,-1.70611952,-2.56376035,-0.0222888,-2.01992434,-1.63178777,-0.02227407,1.0
2453379.35991,1.086357,-1.70606427,-2.56379949,-0.02228658,-2.01998269,-1.63186496,-0.02227186,1.0
2453379.3667200003,1.052865,-1.70600935,-2.5638384,-0.02228437,-2.0200407,-1.63194171,-0.02226965,1.0
2453379.381059,1.064566,-1.7058936999999998,-2.56392033,-0.02227973,-2.02016284,-1.63210336,-0.02226501,1.0
2453379.387878,1.086357,-1.70583869,-2.56395929,-0.02227752,-2.02022092,-1.63218026,-0.0222628,1.0
2453379.402137,1.091371,-1.70572367,-2.56404075,-0.0222729,-2.02034234,-1.63234109,-0.02225818,1.0
2453379.423245,1.070465,-1.7055534,-2.56416133,-0.02226606,-2.02052204,-1.63257928,-0.02225134,1.0
2453379.430065,1.011981,-1.70549839,-2.56420028,-0.02226385,-2.02058009,-1.63265626,-0.02224914,1.0
2453379.437514,0.9426979,-1.7054383000000002,-2.56424283,-0.02226144,-2.02064349,-1.63274036,-0.02224672,1.0
2453379.4443240003,0.9323363,-1.70538337,-2.56428173,-0.02225923,-2.02070144,-1.63281725,-0.02224452,1.0
2453379.451163,0.9195442,-1.70532819,-2.56432079,-0.02225702,-2.02075964,-1.63289449,-0.0222423,1.0
2453379.458593,0.8613360000000001,-1.70526826,-2.56436322,-0.02225461,-2.02082285,-1.6329784,-0.0222399,1.0
2453379.4722720003,0.8822110000000001,-1.7051579,-2.56444134,-0.02225018,-2.02093922,-1.63313295,-0.02223547,1.0
2453379.479641,0.8838378,-1.70509845,-2.56448343,-0.02224779,-2.02100191,-1.63321623,-0.02223308,1.0
2453380.229071,1.074113,-1.69904743,-2.56875594,-0.02200495,-2.02734349,-1.64176005,-0.0219903,1.0
2453380.235911,1.068194,-1.69899217,-2.56879486,-0.02200273,-2.02740106,-1.6418387,-0.02198808,1.0
2453380.24338,1.02294,-1.69893181,-2.56883737,-0.02200031,-2.02746393,-1.64192461,-0.02198566,1.0
2453380.2502200003,1.0033450000000002,-1.69887654,-2.56887629,-0.0219981,-2.02752148,-1.64200329,-0.02198345,1.0
2453380.2570490004,1.005195,-1.69882135,-2.56891515,-0.02199588,-2.02757895,-1.64208186,-0.02198123,1.0
2453380.264509,0.9914027,-1.69876107,-2.5689576,-0.02199347,-2.02764171,-1.6421677,-0.02197882,1.0
2453380.271318,0.9476545,-1.69870604,-2.56899635,-0.02199126,-2.02769899,-1.64224606,-0.02197661,1.0
2453380.278138,0.9511523,-1.69865093,-2.56903515,-0.02198905,-2.02775635,-1.64232456,-0.0219744,1.0
2453380.285567,0.9372385,-1.69859089,-2.56907742,-0.02198664,-2.02781883,-1.64241009,-0.02197199,1.0
2453380.292396,0.9476545,-1.6985357,-2.56911628,-0.02198443,-2.02787626,-1.64248872,-0.02196978,1.0
2453380.299236,0.99049,-1.69848043,-2.56915519,-0.02198221,-2.02793377,-1.64256748,-0.02196757,1.0
2453380.306635,0.9679438,-1.69842063,-2.56919728,-0.02197981,-2.02799599,-1.64265271,-0.02196517,1.0
2453380.313455,1.010765,-1.69836552,-2.56923608,-0.0219776,-2.02805332,-1.64273126,-0.02196296,1.0
2453380.320264,1.013562,-1.69831048,-2.56927482,-0.021975400000000003,-2.02811056,-1.64280972,-0.02196075,1.0
2453380.327694,1.042918,-1.69825044,-2.56931708,-0.02197299,-2.028173,-1.64289533,-0.02195835,1.0
2453380.334513,1.054509,-1.69819532,-2.56935587,-0.02197078,-2.02823032,-1.64297392,-0.02195614,1.0
2453380.341333,1.0830540000000002,-1.69814021,-2.56939466,-0.02196857,-2.02828762,-1.64305253,-0.02195393,1.0
2453380.348792,1.080066,-1.69807992,-2.56943709,-0.02196615,-2.0283503,-1.64313852,-0.02195151,1.0
2453380.355621,1.125771,-1.69802472,-2.56947594,-0.02196394,-2.02840768,-1.64321727,-0.0219493,1.0
2453380.362441,1.086051,-1.6979696,-2.56951472,-0.02196173,-2.02846497,-1.64329592,-0.02194709,1.0
2453380.36989,1.082057,-1.69790939,-2.56955709,-0.02195931,-2.02852755,-1.64338184,-0.02194467,1.0
2453380.37674,1.107261,-1.69785402,-2.56959605,-0.02195709,-2.02858508,-1.64346085,-0.02194245,1.0
2453380.383549,1.091064,-1.69779898,-2.56963477,-0.02195489,-2.02864227,-1.64353942,-0.02194025,1.0
2453380.390999,1.053538,-1.69773877,-2.56967714,-0.02195247,-2.02870482,-1.64362539,-0.02193783,1.0
2453380.397828,1.045803,-1.69768356,-2.56971598,-0.02195026,-2.02876217,-1.64370421,-0.02193562,1.0
2453380.404657,1.042918,-1.69762836,-2.56975481,-0.02194804,-2.02881951,-1.64378304,-0.02193341,1.0
2453380.412007,0.9850314,-1.69756895,-2.5697966,-0.02194566,-2.02888121,-1.6438679,-0.02193103,1.0
2453380.418836,0.9697284,-1.69751374,-2.56983544,-0.02194345,-2.02893854,-1.64394676,-0.02192881,1.0
2453380.425636,0.9467822,-1.69745878,-2.5698741000000003,-0.02194125,-2.02899561,-1.64402528,-0.02192661,1.0
2453380.433065,0.9192849,-1.69739872,-2.56991634,-0.02193884,-2.02905796,-1.6441111000000002,-0.0219242,1.0
2453380.439885,0.9091803,-1.69734359,-2.56995511,-0.02193663,-2.02911518,-1.64418988,-0.02192199,1.0
2453380.4467240004,0.9142186,-1.6972883,-2.569994,-0.02193441,-2.02917257,-1.64426891,-0.02191978,1.0
2453380.454184,0.8714654000000001,-1.697228,-2.57003641,-0.02193199,-2.02923516,-1.64435511,-0.02191736,1.0
2453380.461003,0.887667,-1.69717287,-2.57007518,-0.02192978,-2.02929237,-1.64443393,-0.02191515,1.0
2453380.467822,0.9100182,-1.69711774,-2.57011395,-0.02192757,-2.02934957,-1.64451276,-0.02191294,1.0
2453380.475282,0.9201319,-1.69705743,-2.57015635,-0.02192515,-2.02941214,-1.64459901,-0.02191052,1.0
2453380.482101,0.9398318,-1.6970023,-2.57019512,-0.02192294,-2.02946933,-1.64467787,-0.02190831,1.0
2454615.972765,0.9248642,0.06655807,3.12459428,-0.03619586,-0.30753784,2.18246672,-0.03619255,1.0
2454615.973495,0.9071477,0.06655095,3.1245942,-0.03619608,-0.30753348,2.18246196,-0.03619277,1.0
2454615.974215,0.9104958,0.06654394,3.12459411,-0.0361963,-0.30752919,2.18245725,-0.03619299,1.0
2454616.007217,1.018774,0.06622227,3.12459027,-0.03620638,-0.30733239,2.18224193,-0.03620306,1.0
2454616.007947,1.017836,0.06621516,3.12459019,-0.0362066,-0.30732803,2.18223717,-0.03620329,1.0
2454616.008657,0.953406,0.06620824,3.1245901000000003,-0.03620682,-0.3073238,2.18223254,-0.0362035,1.0
2454616.041578,1.030097,0.06588735,3.12458624,-0.03621687,-0.30712735,2.18201801,-0.03621355,1.0
2454616.042298,1.003871,0.06588033,3.12458615,-0.03621709,-0.30712305,2.18201332,-0.03621377,1.0
2454616.043028,1.029148,0.06587322,3.12458607,-0.03621731,-0.30711869,2.18200857,-0.03621399,1.0
2454616.0759900003,1.020653,0.06555194,3.12458216,-0.03622737,-0.30692189,2.18179405,-0.03622406,1.0
2454616.07671,1.019713,0.06554492,3.12458208,-0.03622759,-0.30691759,2.18178936,-0.03622428,1.0
2454616.0776,1.028201,0.06553625,3.12458197,-0.03622786,-0.30691227,2.18178358,-0.03622455,1.0
2454616.109741,1.001101,0.06522296,3.12457813,-0.03623767,-0.30672025,2.18157465,-0.03623436,1.0
2454616.110781,1.002947,0.06521283,3.12457801,-0.03623799,-0.30671403,2.1815679,-0.03623468,1.0
2454616.111511,0.9937519,0.06520571,3.12457792,-0.03623821,-0.30670967,2.18156315,-0.0362349,1.0
2454616.1356220003,0.9928369,0.0649707,3.12457502,-0.03624557,-0.30656554,2.1814066000000003,-0.03624226,1.0
2454616.136332,0.9882753,0.06496378,3.12457493,-0.03624579,-0.3065613,2.18140199,-0.03624247,1.0
2454616.137662,0.9622279,0.06495081,3.12457477,-0.03624619,-0.30655335,2.18139336,-0.03624288,1.0
2454616.1658240003,1.0415450000000002,0.06467632,3.12457136,-0.03625479,-0.30638493,2.1812107000000003,-0.03625148,1.0
2454616.166864,1.038671,0.06466619,3.12457123,-0.0362551,-0.30637871,2.18120395,-0.03625179,1.0
2454616.167594,1.036759,0.06465907,3.12457114,-0.03625533,-0.30637434,2.18119922,-0.03625202,1.0
2454616.179814,1.030097,0.06453996,3.12456965,-0.03625906,-0.30630123,2.18112002,-0.03625575,1.0
2454616.180534,1.031996,0.06453294,3.12456957,-0.03625928,-0.30629692,2.18111535,-0.03625597,1.0
2454616.182534,1.026308,0.06451344,3.12456932,-0.03625989,-0.30628495,2.18110239,-0.03625658,1.0
2454616.194465,1.012227,0.06439716,3.12456786,-0.03626353,-0.30621356,2.18102511,-0.03626022,1.0
2454616.195185,1.018774,0.06439014,3.12456777,-0.03626375,-0.30620925,2.18102045,-0.03626044,1.0
2454616.1966150003,1.002947,0.0643762,3.1245676,-0.03626418,-0.30620069,2.18101119,-0.03626087,1.0
2454616.209075,0.9810201,0.06425474,3.12456607,-0.03626799,-0.3061261,2.18093052,-0.03626468,1.0
2454616.210125,0.9783132,0.06424451,3.12456594,-0.03626831,-0.30611982,2.18092372,-0.036265,1.0
2454616.210855,0.9756139,0.06423739,3.12456585,-0.03626853,-0.30611545,2.18091899,-0.03626522,1.0
2454616.223346,1.0550620000000002,0.06411565,3.12456431,-0.03627234,-0.30604066,2.18083817,-0.03626903,1.0
2454616.224236,1.025364,0.06410697,3.1245642000000005,-0.03627261,-0.30603533,2.18083241,-0.0362693,1.0
2454616.224956,1.062865,0.06409995,3.12456411,-0.03627283,-0.30603102,2.18082776,-0.03626952,1.0
2454616.237617,1.007576,0.06397655,3.12456255,-0.0362767,-0.30595520000000004,2.18074587,-0.03627339,1.0
2454616.238347,1.037715,0.06396943,3.12456246,-0.03627692,-0.30595083,2.18074115,-0.03627361,1.0
2454616.239077,1.02442,0.06396232,3.12456237,-0.03627714,-0.30594645,2.18073643,-0.03627383,1.0
2454616.251647,0.9873655,0.06383979,3.12456081,-0.03628098,-0.30587115,2.18065518,-0.03627767,1.0
2454616.252377,0.9684516,0.06383267,3.12456072,-0.036281199999999986,-0.30586678,2.18065046,-0.03627789,1.0
2454616.253217,0.9774126,0.06382449,3.12456061,-0.03628146,-0.30586175,2.18064503,-0.03627815,1.0
2454616.266298,0.9657795,0.06369699,3.12455898,-0.03628545,-0.30578337,2.18056052,-0.03628214,1.0
2454616.267018,0.9595728,0.06368997,3.12455889,-0.03628567,-0.30577906,2.18055587,-0.03628236,1.0
2454616.267738,0.9702374,0.06368295,3.1245588,-0.03628589,-0.30577474,2.18055122,-0.03628258,1.0
2454616.279968,1.009434,0.06356374,3.12455728,-0.03628962,-0.30570144,2.18047224,-0.03628631,1.0
2454616.280688,0.9928369,0.06355672,3.12455719,-0.03628984,-0.30569713,2.18046759,-0.03628653,1.0
2454616.282078,0.9965014,0.06354317,3.12455701,-0.03629027,-0.3056888,2.18045862,-0.03628695,1.0
2454616.294259,0.9955841,0.06342444,3.12455549,-0.03629398,-0.30561578,2.18038001,-0.03629067,1.0
2454616.294979,0.9891860999999998,0.06341743,3.12455539,-0.036294199999999985,-0.30561146,2.18037536,-0.03629089,1.0
2454616.295709,0.9992588,0.06341031,3.1245553,-0.03629442,-0.30560708,2.18037065,-0.03629111,1.0
2454616.308039,0.9965014,0.06329012,3.12455375,-0.03629819,-0.30553315,2.18029111,-0.03629488,1.0
2454616.31007,0.9992588,0.06327033,3.1245535,-0.03629881,-0.30552097,2.18027802,-0.0362955,1.0
