2434036.5914060003,1.0646,0.56226419,-2.35178079,-0.09509093,0.00148605,-1.54267223,-0.09499549,1.0
2434036.594573,1.103536,0.56229992,-2.3517787999999995,-0.095084,0.00147613,-1.54270147,-0.09498855,1.0
2434036.601114,1.163018,0.56237372,-2.3517747000000004,-0.09506967,0.00145565,-1.54276187,-0.09497423,1.0
2434036.602947,1.1791969999999998,0.5623944000000001,-2.35177354,-0.09506565,0.00144991,-1.5427788,-0.09497022,1.0
2434036.6063220003,1.18464,0.56243247,-2.35177143,-0.09505826,0.00143935,-1.54280996,-0.09496283,1.0
2434036.612655,1.23023,0.56250392,-2.35176745,-0.09504439,0.00141954,-1.54286845,-0.09494897,1.0
2434036.614489,1.23023,0.56252461,-2.3517662999999995,-0.09504037,0.0014138,-1.54288539,-0.09494495,1.0
2434036.617655,1.241613,0.56256032,-2.35176431,-0.09503344,0.0014039000000000002,-1.54291463,-0.09493802,1.0
2434036.6242380003,1.211118,0.5626346,-2.35176017,-0.09501901,0.00138331,-1.54297546,-0.09492361,1.0
2434036.626696,1.202227,0.56266233,-2.35175862,-0.09501363,0.00137563,-1.54299816,-0.09491823,1.0
2434036.629904,1.181371,0.56269852,-2.3517566000000003,-0.0950066,0.0013655999999999998,-1.5430278,-0.09491121,1.0
2434036.638028,1.093419,0.56279017,-2.35175149,-0.0949888,0.00134021,-1.54310288,-0.09489342,1.0
2434036.64007,1.065581,0.56281321,-2.3517502,-0.09498433,0.00133383,-1.54312175,-0.09488895,1.0
2434036.642778,1.048061,0.56284376,-2.3517485,-0.0949784,0.00132538,-1.54314678,-0.09488302,1.0
2434036.650028,0.9629115,0.56292554,-2.35174393,-0.09496252,0.00130274,-1.54321379,-0.09486715,1.0
2434036.651862,0.9427279,0.56294623,-2.35174277,-0.0949585,0.00129701,-1.54323074,-0.09486313,1.0
2434036.655695,0.9111429,0.56298947,-2.35174036,-0.0949501,0.00128505,-1.54326617,-0.09485474,1.0
2434036.660694,0.8621571,0.56304587,-2.35173721,-0.09493915,0.00126944,-1.5433124,-0.0948438,1.0
2434036.663861,0.8487631,0.5630816,-2.35173521,-0.09493221,0.00125956,-1.54334168,-0.09483686,1.0
2434036.665902,0.8302069999999999,0.56310462,-2.35173392,-0.09492774,0.0012532,-1.54336055,-0.09483239,1.0
2434036.671986,0.7957678,0.56317325,-2.35173008,-0.09491442,0.00123422,-1.54341682,-0.09481908,1.0
2434036.674027,0.8023916,0.56319628,-2.35172879,-0.09490994,0.00122785,-1.54343569,-0.09481461,1.0
2434036.676068,0.7877462,0.56321931,-2.3517275,-0.09490547,0.00122149,-1.54345458,-0.09481014,1.0
2434036.683568,0.8218384,0.56330391,-2.35172277,-0.09488904,0.00119811,-1.54352395,-0.09479372,1.0
2434036.685568,0.8371175999999999,0.56332647,-2.3517215,-0.09488466,0.00119188,-1.54354245,-0.09478934,1.0
2434036.688526,0.8355768,0.56335984,-2.35171963,-0.09487818,0.00118266,-1.54356981,-0.09478286,1.0
2434036.695109,0.8725423000000001,0.56343411,-2.35171547,-0.09486376,0.00116215,-1.54363073,-0.09476845,1.0
2434036.697817,0.8895828000000001,0.56346466,-2.35171376,-0.09485783,0.00115371,-1.54365579,-0.09476252,1.0
2434036.699609,0.9044539,0.56348487,-2.35171263,-0.0948539,0.00114813,-1.54367237,-0.0947586,1.0
2434036.707317,0.9629115,0.56357182,-2.35170775,-0.09483701,0.00112414,-1.5437437,-0.09474172,1.0
2434036.709817,0.9871574,0.56360002,-2.35170617,-0.09483154,0.00111635,-1.54376684,-0.09473625,1.0
2434036.711859,0.9862486,0.56362305,-2.35170487,-0.09482706,0.00111,-1.54378574,-0.09473178,1.0
2434036.718191,1.0470959999999998,0.56369449,-2.35170086,-0.09481319,0.00109029,-1.54384436,-0.09471791,1.0
2434036.719566,1.052898,0.56371,-2.35169999,-0.09481018,0.00108602,-1.54385709,-0.0947149,1.0
2434036.7224830003,1.069514,0.5637429,-2.35169814,-0.09480379,0.00107694,-1.54388409,-0.09470852,1.0
2434036.728858,1.103536,0.56381481,-2.3516941000000005,-0.09478982,0.00105712,-1.54394312,-0.09469456,1.0
2434036.731108,1.1168280000000002,0.56384019,-2.35169267,-0.09478489,0.00105012,-1.54396395,-0.09468963,1.0
2434036.733815,1.130281,0.56387073,-2.35169096,-0.09477896,0.0010417,-1.54398903,-0.0946837,1.0
2434036.740148,1.133409,0.56394217,-2.35168694,-0.09476509,0.00102202,-1.54404768,-0.09466984,1.0
2434036.742648,1.142843,0.56397037,-2.35168535,-0.09475961,0.00101425,-1.54407083,-0.09466437,1.0
2434036.744482,1.149176,0.56399105,-2.35168419,-0.09475559,0.00100856,-1.54408782,-0.09466035,1.0
2434036.751689,1.142843,0.56407236,-2.35167961,-0.0947398,0.00098617,-1.54415459,-0.09464457,1.0
2434036.753731,1.14495,0.56409539,-2.35167832,-0.09473533,0.00097983,-1.54417351,-0.0946401,1.0
2434036.756022,1.137592,0.56412123,-2.35167686,-0.09473031,0.00097271,-1.54419473,-0.09463508,1.0
2434036.762356,1.1127209999999998,0.56419268,-2.35167283,-0.09471643,0.00095305,-1.54425342,-0.09462121,1.0
2434036.764147,1.099478,0.56421288,-2.3516717000000003,-0.09471251,0.00094749,-1.54427002,-0.09461729,1.0
2434036.7671060003,1.085391,0.56424625,-2.35166981,-0.09470603,0.00093831,-1.54429744,-0.09461081,1.0
2434036.775021,1.025148,0.56433554,-2.35166478,-0.09468869,0.00091375,-1.5443708,-0.09459348,1.0
2434036.777521,1.004585,0.56436374,-2.35166319,-0.09468321,0.000906,-1.54439398,-0.09458801,1.0
2434036.779771,0.9835272,0.56438912,-2.35166176,-0.09467828,0.00089902,-1.54441483,-0.09458308,1.0
2434036.779771,0.9817173,0.56438912,-2.35166176,-0.09467828,0.00089902,-1.54441483,-0.09458308,1.0
2434036.786355,0.9145058,0.56446338,-2.35165757,-0.09466386,0.00087861,-1.54447587,-0.09456867,1.0
2434036.788605,0.8953367,0.56448876,-2.35165613,-0.09465893,0.00087163,-1.54449673,-0.09456374,1.0
2434036.790645,0.8757626000000001,0.56451178,-2.35165483,-0.09465445,0.00086531,-1.54451565,-0.09455927,1.0
2434036.7983540003,0.8256319999999999,0.56459873,-2.35164992,-0.09463757,0.00084142,-1.54458713,-0.09454239,1.0
2434036.800604,0.8180622,0.5646241,-2.35164849,-0.09463264,0.00083445,-1.544608,-0.09453747,1.0
2434036.803354,0.8038711,0.56465512,-2.35164673,-0.09462661,0.00082593,-1.5446335,-0.09453145,1.0
2434036.809894,0.7877462,0.5647289000000001,-2.35164256,-0.09461228,0.00080568,-1.54469417,-0.09451712,1.0
2434036.811478,0.7935723000000001,0.56474676,-2.35164155,-0.09460881,0.00080077,-1.54470886,-0.09451366,1.0
2434036.814436,0.7935723000000001,0.56478012,-2.35163966,-0.09460233,0.00079162,-1.5447363,-0.09450718,1.0
2434036.823478,0.8806158000000002,0.56488211,-2.35163389,-0.09458252,0.00076363,-1.54482019,-0.09448738,1.0
2434036.825519,0.8945125,0.56490513,-2.35163259,-0.09457805,0.00075732,-1.54483913,-0.09448291,1.0
2434036.828477,0.9178812,0.5649385,-2.3516307,-0.09457157,0.00074817,-1.54486658,-0.09447643,1.0
2434036.835477,0.9898889,0.56501745,-2.35162622,-0.09455623,0.00072652,-1.54493155,-0.09446111,1.0
2434036.838893,1.011082,0.56505598,-2.35162404,-0.09454875,0.00071596,-1.54496325,-0.09445363,1.0
2434036.840935,1.034633,0.56507901,-2.35162273,-0.09454427,0.00070965,-1.5449822,-0.09444916,1.0
2434036.843643,1.059708,0.56510955,-2.351621,-0.09453834,0.00070128,-1.54500734,-0.09444323,1.0
2435465.535225,0.7853876999999999,-1.04024311,-1.90508362,-0.36012207,-1.07531146,-0.92215542,-0.36000833,1.0
2435465.546349,0.8984296999999999,-1.04012875,-1.90516196,-0.36010711,-1.0753915,-0.92224132,-0.35999338,1.0
2435465.55139,0.9706981,-1.04007693,-1.90519746,-0.36010033,-1.07542777,-0.92228025,-0.3599866,1.0
2435465.5567240003,1.030586,-1.0400221,-1.90523502,-0.36009316,-1.07546614,-0.92232145,-0.35997943,1.0
2435465.560765,1.0881379999999998,-1.03998056,-1.90526347,-0.36008773,-1.07549521,-0.92235267,-0.359974,1.0
2435465.566306,1.1489049999999998,-1.03992359,-1.90530249,-0.36008028,-1.07553508,-0.9223955,-0.35996655,1.0
2435465.572889,1.189828,-1.03985592,-1.90534884,-0.36007143,-1.07558244,-0.92244637,-0.35995770000000005,1.0
2435465.5771810003,1.225418,-1.03981179,-1.90537905,-0.36006566,-1.07561331,-0.92247955,-0.35995193,1.0
2435465.582222,1.244756,-1.03975996,-1.90541455,-0.36005888,-1.07564958,-0.92251853,-0.35994515,1.0
2435465.588513,1.250501,-1.03969529,-1.90545883,-0.36005042,-1.07569483,-0.92256718,-0.35993669,1.0
2435465.594097,1.240178,-1.03963788,-1.90549814,-0.36004291,-1.07573499,-0.92261036,-0.35992918,1.0
2435465.598887,1.196421,-1.03958862,-1.90553187,-0.36003646,-1.07576945,-0.92264742,-0.35992274,1.0
2435465.603679,1.155271,-1.03953936,-1.9055656000000003,-0.36003002,-1.07580392,-0.9226845,-0.3599163,1.0
2435465.609721,1.085136,-1.03947724,-1.90560812,-0.36002189,-1.07584737,-0.92273125,-0.35990817,1.0
2435465.616553,0.9805824,-1.03940699,-1.90565621,-0.3600127,-1.07589651,-0.92278413,-0.35989898,1.0
2435465.621845,0.9151327,-1.03935258,-1.90569346,-0.36000558,-1.07593457,-0.9228251,-0.35989187,1.0
2435465.629678,0.8659325000000001,-1.03927204,-1.90574858,-0.35999505,-1.0759909,-0.92288575,-0.35988133,1.0
2435465.63851,0.7731861999999999,-1.03918122,-1.90581074,-0.35998317,-1.07605442,-0.92295416,-0.35986945,1.0
2435465.644594,0.7774707,-1.03911866,-1.90585355,-0.35997498,-1.07609817,-0.92300129,-0.35986127,1.0
2435465.650134,0.7882866,-1.03906169,-1.90589254,-0.35996753,-1.07613801,-0.92304422,-0.35985382,1.0
2435465.655926,0.8148622,-1.03900213,-1.90593329,-0.35995973,-1.07617966,-0.92308911,-0.35984603,1.0
2435465.660509,0.8392359,-1.03895501,-1.90596554,-0.35995357,-1.07621261,-0.92312463,-0.35983986,1.0
2435465.665051,0.8595754999999999,-1.03890831,-1.90599749,-0.35994746,-1.07624526,-0.92315984,-0.35983375,1.0
2435465.670592,0.9042406,-1.03885132,-1.90603648,-0.35994,-1.07628511,-0.92320281,-0.35982629,1.0
2435465.675133,0.951227,-1.03880462,-1.90606843,-0.35993389,-1.07631776,-0.92323803,-0.35982019,1.0
2435465.680425,0.992394,-1.0387502,-1.90610566,-0.35992677,-1.0763558000000002,-0.92327907,-0.35981307,1.0
2435465.688507,1.056535,-1.03866708,-1.90616252,-0.35991589,-1.07641391,-0.92334178,-0.35980219,1.0
2435465.692049,1.082141,-1.03863066,-1.90618743,-0.35991112,-1.07643937,-0.92336926,-0.35979742,1.0
2435465.697091,1.113484,-1.03857881,-1.9062229,-0.35990434,-1.07647562,-0.92340839,-0.35979064,1.0
2435465.703423,1.156336,-1.03851368,-1.90626744,-0.35989581,-1.07652114,-0.92345754,-0.35978212,1.0
2435465.7092150003,1.161674,-1.03845412,-1.90630818,-0.35988802,-1.07656277,-0.9235025,-0.35977432,1.0
2435465.714006,1.158468,-1.03840485,-1.90634187,-0.35988157,-1.07659721,-0.9235397,-0.35976788,1.0
2435465.7193400003,1.151023,-1.03834999,-1.90637938,-0.35987439,-1.07663555,-0.92358113,-0.3597607,1.0
2435465.72488,1.1310559999999998,-1.038293,-1.90641835,-0.35986693,-1.07667537,-0.92362416,-0.35975324,1.0
2435465.730922,1.113484,-1.03823086,-1.90646084,-0.3598588,-1.0767188,-0.9236711,-0.35974511,1.0
2435465.736755,1.077169,-1.03817087,-1.90650186,-0.35985094,-1.07676072,-0.92371642,-0.35973726,1.0
2435465.7450880003,1.01551,-1.03808516,-1.90656045,-0.35983972,-1.07682061,-0.92378119,-0.35972604,1.0
2435465.749629,0.9805824,-1.03803845,-1.90659238,-0.35983361,-1.07685325,-0.92381649,-0.35971993,1.0
2435465.752421,0.9407714,-1.03800974,-1.90661201,-0.35982985,-1.07687331,-0.9238382,-0.35971617,1.0
2435465.764253,0.8224020000000001,-1.03788803,-1.9066952,-0.35981392,-1.07695834,-0.92393022,-0.35970024,1.0
2435465.769837,0.7861111999999999,-1.03783059,-1.90673446,-0.3598064,-1.07699847,-0.92397365,-0.35969272,1.0
2435465.777919,0.7521147,-1.03774745,-1.90679128,-0.35979551,-1.07705655,-0.92403654,-0.35968184,1.0
2435465.781711,0.7824996,-1.03770845,-1.90681794,-0.35979041,-1.07708379,-0.92406605,-0.35967673,1.0
2435465.786502,0.8059054,-1.03765916,-1.90685161,-0.35978396,-1.07711821,-0.92410333,-0.35967028,1.0
2435465.7907930003,0.8627484000000001,-1.03761502,-1.90688178,-0.35977818,-1.07714905,-0.92413674,-0.3596645,1.0
2436821.076065,1.176323,-2.16128716,0.45693823,-0.37119401,-1.18114588,0.22525092,-0.37121159,1.0
2436821.079899,1.161253,-2.16129089,0.4568913,-0.37119869,-1.18113551,0.22526794,-0.37121626,1.0
2436821.087065,1.124415,-2.16129784,0.45680358,-0.37120744,-1.18111613,0.22529975,-0.371225,1.0
2436821.096649,1.059075,-2.16130715,0.45668626,-0.37121915,-1.18109024,0.2253423,-0.37123669,1.0
2436821.10194,0.9984509,-2.16131228,0.45662149,-0.37122561,-1.18107595,0.22536579,-0.37124315,1.0
2436821.1191490004,0.8576831,-2.16132896,0.45641083,-0.37124663,-1.18102953,0.22544221,-0.37126413,1.0
2436821.1248990004,0.8320062,-2.16133453,0.45634044,-0.37125365,-1.18101403,0.22546775,-0.37127114,1.0
2436821.130649,0.8085866999999999,-2.1613401000000003,0.45627005,-0.37126068,-1.18099854,0.22549328,-0.37127816,1.0
2436821.138815,0.8145667,-2.16134801,0.45617009,-0.37127065,-1.18097656,0.22552956,-0.37128811,1.0
2436821.144566,0.832773,-2.16135357,0.4560997000000001,-0.37127767,-1.18096109,0.2255551,-0.37129512,1.0
2436821.150775,0.8664162000000001,-2.16135958,0.45602369,-0.37128525,-1.18094439,0.22558269,-0.37130269,1.0
2436821.156525,0.9275277,-2.16136514,0.45595329,-0.37129227,-1.18092893,0.22560823,-0.3713097,1.0
2436821.161316,0.9694528,-2.16136977,0.45589464,-0.37129812,-1.18091606,0.22562952,-0.37131554,1.0
2436821.168483,1.030212,-2.16137669,0.4558069,-0.37130687,-1.18089682,0.22566137,-0.37132428,1.0
2436821.175191,1.070845,-2.16138317,0.45572478,-0.37131506,-1.18087881,0.22569118,-0.37133246,1.0
2436821.179525,1.108988,-2.16138736,0.45567173,-0.37132035,-1.18086719,0.22571044,-0.37133774,1.0
2436821.185275,1.124415,-2.16139291,0.45560133,-0.37132736,-1.18085177,0.225736,-0.37134475,1.0
2436821.1934,1.152728,-2.16140075,0.45550186,-0.37133728,-1.1808299999999998,0.22577211,-0.37135465,1.0
2436821.200566,1.145319,-2.16140766,0.45541413,-0.37134603,-1.18081081,0.22580397,-0.37136338,1.0
2436821.213025,1.110009,-2.16141967,0.4552616,-0.37136123,-1.18077747,0.22585936,-0.37137856,1.0
2436821.218775,1.060051,-2.16142521,0.45519121,-0.37136825,-1.18076209,0.22588493,-0.37138557,1.0
2436821.2259830004,1.017013,-2.16143215,0.45510296,-0.37137704,-1.18074283,0.22591698,-0.37139435,1.0
2436821.230275,0.9667776,-2.16143629,0.45505042,-0.37138228,-1.18073137,0.22593607,-0.37139958,1.0
2436821.238441,0.9224158,-2.16144415,0.45495044,-0.37139224,-1.18070957,0.22597239,-0.37140953,1.0
2436821.242233,0.8923324,-2.16144779,0.45490402,-0.37139687,-1.18069945,0.22598925,-0.37141415,1.0
2436821.2484830003,0.8553161,-2.1614538,0.4548275,-0.3714045,-1.18068278,0.22601705,-0.37142176,1.0
2436821.254691,0.8281835,-2.16145977,0.45475149,-0.37141207,-1.18066624,0.22604467,-0.37142932,1.0
2436821.2619,0.8145667,-2.1614667,0.45466323,-0.37142086,-1.18064703,0.22607674,-0.37143811,1.0
2436821.268608,0.8236199000000001,-2.16147314,0.4545811,-0.37142904,-1.18062917,0.22610658,-0.37144628,1.0
2436821.272901,0.8688136000000001,-2.16147727,0.45452855,-0.37143428,-1.18061775,0.22612568,-0.3714515,1.0
2436821.277692,0.8931546999999999,-2.16148187,0.4544699,-0.37144012,-1.180605,0.226147,-0.37145734,1.0
2436821.286317,0.9526356,-2.16149014,0.4543643,-0.37145064,-1.18058207,0.22618538,-0.37146784,1.0
2436821.290609,1.02737,-2.16149426,0.45431175,-0.37145588,-1.18057067,0.22620448,-0.37147307,1.0
2436821.298276,1.097809,-2.16150161,0.45421787,-0.37146523,-1.1805503000000002,0.2262386,-0.3714824,1.0
2436821.306901,1.1233799999999998,-2.16150988,0.45411227,-0.37147574,-1.18052741,0.22627699,-0.37149291,1.0
2436821.312651,1.162323,-2.16151539,0.45404187,-0.37148276,-1.18051216,0.22630259,-0.37149991,1.0
2436821.319859,1.171997,-2.16152229,0.45395362,-0.37149155,-1.18049305,0.22633468,-0.37150868,1.0
2436821.327026,1.168763,-2.16152915,0.45386586,-0.37150028,-1.18047407,0.22636659,-0.37151741,1.0
2436821.331817,1.145319,-2.16153374,0.4538072,-0.37150612,-1.18046138,0.22638792,-0.37152324,1.0
2436821.339484,1.085742,-2.16154107,0.45371333,-0.37151547,-1.18044109,0.22642206,-0.37153257,1.0
2440652.713909,1.0702120000000002,2.9438799,-0.30573321,0.53290363,1.97832978,-0.07637336,0.53291737,1.0
2440652.718534,1.044889,2.94388884,-0.30569187,0.53290882,1.97831904,-0.07640974,0.53292255,1.0
2440652.724659,0.9951073,2.94390068,-0.30563713,0.53291569,1.97830482,-0.07645792,0.53292941,1.0
2440652.730659,0.945083,2.94391228,-0.3055835,0.53292242,1.97829091,-0.07650511,0.53293613,1.0
2440652.736326,0.9269791,2.94392324,-0.30553285,0.53292877,1.97827778,-0.07654969,0.53294248,1.0
2440652.740826,0.8860738000000001,2.94393194,-0.30549262,0.53293382,1.97826735,-0.07658509,0.53294752,1.0
2440652.746826,0.8595476000000001,2.94394353,-0.30543899,0.53294054,1.97825346,-0.07663229,0.53295424,1.0
2440652.754326,0.8353528,2.94395803,-0.30537196,0.53294895,1.97823611,-0.07669129,0.53296263,1.0
2440652.768826,0.8691004999999999,2.94398605,-0.30524235,0.53296521,1.97820262,-0.07680538,0.53297887,1.0
2440652.773076,0.9167901,2.94399426,-0.30520436,0.53296998,1.97819281,-0.07683882,0.53298363,1.0
2440652.780534,0.9599972,2.94400866,-0.3051377,0.53297834,1.97817561,-0.07689751,0.53299198,1.0
2440652.786326,1.019225,2.94401985,-0.30508593,0.53298483,1.97816226,-0.07694309,0.53299847,1.0
2440652.806452,1.152046,2.94405871,-0.30490605,0.53300739,1.97811595,-0.07710148,0.533021,1.0
2440652.81191,1.162706,2.94406925,-0.30485726,0.53301351,1.97810341,-0.07714444,0.53302711,1.0
2440652.827618,1.159498,2.94409957,-0.30471685,0.53303112,1.97806736,-0.0772681,0.5330446999999999,1.0
2440652.831743,1.156298,2.94410754,-0.30467998,0.53303574,1.9780579,-0.07730057,0.53304931,1.0
2440652.836368,1.127898,2.94411646,-0.30463864,0.53304093,1.9780473000000005,-0.07733698,0.53305449,1.0
2440652.842243,1.083104,2.9441278,-0.30458613,0.53304751,1.97803385,-0.07738324,0.53306107,1.0
2440652.846702,1.04778,2.9441364,-0.30454627,0.53305251,1.97802364,-0.07741835,0.53306606,1.0
2440652.863035,0.8959214,2.94416791,-0.30440028,0.53307081,1.97798631,-0.07754696,0.53308434,1.0
2440652.86941,0.8723082,2.94418021,-0.30434329,0.53307796,1.97797175,-0.07759716,0.53309148,1.0
2440652.873202,0.8446366,2.94418752,-0.3043094,0.53308221,1.9779631,-0.07762702,0.53309572,1.0
2440652.876827,0.820106,2.94419451,-0.30427699,0.53308627,1.97795483,-0.07765557,0.53309978,1.0
2440652.882202,0.8170900999999999,2.94420488,-0.30422895,0.53309229,1.97794258,-0.07769789999999999,0.53310579,1.0
2440652.885493,0.8361225,2.94421123,-0.30419953,0.53309598,1.97793508,-0.07772382,0.53310948,1.0
2440652.89316,0.8493173,2.94422601,-0.304131,0.53310457,1.97791762,-0.07778421,0.53311806,1.0
2440652.911328,0.9832635,2.94426103,-0.30396861,0.53312493,1.97787632,-0.07792732,0.53313839,1.0
2440652.917953,0.9914481,2.9442738,-0.30390939,0.53313235,1.97786128,-0.07797951,0.5331458,1.0
2440652.920994,1.022045,2.94427966,-0.3038822,0.53313575,1.97785438,-0.07800347,0.5331491999999999,1.0
2440652.924411,1.059424,2.94428624,-0.30385166,0.53313958,1.97784663,-0.07803039,0.53315302,1.0
2440652.931453,1.09716,2.94429981,-0.30378871,0.53314747,1.97783066,-0.07808587,0.5331609,1.0
2440652.936203,1.119618,2.94430896,-0.30374625,0.53315279,1.9778199,-0.0781233,0.53316622,1.0
2440652.946953,1.129978,2.94432967,-0.30365016,0.53316483,1.97779557,-0.07820801,0.53317825,1.0
2440652.952536,1.141484,2.94434043,-0.30360025,0.53317109,1.97778295,-0.07825201,0.53318449,1.0
2440652.960494,1.133104,2.94435576,-0.30352912,0.53318,1.97776497,-0.07831472,0.53319339,1.0
2440652.967244,1.116529,2.94436875,-0.30346878,0.53318756,1.97774973,-0.07836792,0.53320094,1.0
2445366.653329,0.978015,2.94715158,-0.27074617,0.53912728,2.28845367,0.46204894,0.53916497,1.0
2445366.659455,1.025995,2.94716273,-0.2706913,0.539134,2.28838472,0.46203296,0.53917168,1.0
2445366.667663,1.111592,2.94717766,-0.27061777,0.539143,2.28829234,0.46201153,0.53918068,1.0
2445366.678289,1.21212,2.94719699,-0.27052259,0.53915465,2.28817277,0.46198377,0.53919232,1.0
2445366.6854970003,1.244932,2.9472101000000004,-0.27045802,0.53916256,2.28809166,0.46196493,0.53920022,1.0
2445366.692332,1.259927,2.94722253,-0.2703968,0.53917005,2.28801477,0.46194705,0.53920771,1.0
2445366.707291,1.223335,2.94724972,-0.2702628,0.53918645,2.28784651,0.46190788,0.53922411,1.0
2445366.721709,1.067445,2.94727593,-0.27013365,0.53920226,2.28768437,0.46187008,0.5392399,1.0
2445366.729084,0.9816248,2.94728934,-0.27006758,0.53921035,2.28760144,0.46185072,0.53924799,1.0
2445366.736418,0.922031,2.94730266,-0.27000188,0.53921839,2.28751899,0.46183147,0.53925602,1.0
2445366.742293,0.8756802,2.94731334,-0.26994925,0.53922483,2.28745294,0.46181603,0.53926246,1.0
2445366.749251,0.8347290999999999,2.94732598,-0.26988692,0.53923245,2.28737473,0.46179774,0.53927008,1.0
2445366.757919,0.8432289000000001,2.94734172,-0.26980928,0.53924196,2.28727731,0.46177494,0.53927958,1.0
2445366.763794,0.8724599000000001,2.94735239,-0.26975664,0.5392484000000001,2.28721128,0.46175948,0.53928601,1.0
2445366.769795,0.9060361,2.94736329,-0.26970289,0.53925497,2.28714386,0.46174367,0.53929258,1.0
2445366.776378,0.935719,2.94737524,-0.26964392,0.53926219,2.28706989,0.46172633,0.5392998,1.0
2445366.782378,0.9762151,2.94738614,-0.26959017,0.53926877,2.28700248,0.46171051,0.53930637,1.0
2445366.789004,1.0316809999999998,2.94739816,-0.26953082,0.53927603,2.28692805,0.46169303,0.53931363,1.0
2445366.796463,1.067445,2.9474117000000004,-0.26946399,0.5392842,2.28684426,0.46167335,0.5393218000000001,1.0
2445366.852258,1.07336,2.94751292,-0.26896418,0.53934534,2.28621786,0.4615257,0.53938289,1.0
2445366.859133,1.007269,2.94752539,-0.26890258,0.53935287,2.28614071,0.46150746,0.53939042,1.0
2445366.867926,0.9254341,2.94754133,-0.26882382,0.5393625,2.28604205,0.46148411,0.53940005,1.0
2445366.8765930003,0.8668530999999999,2.94755704,-0.26874617,0.5393720000000001,2.28594481,0.46146108,0.53940954,1.0
2445366.887677,0.8424527,2.94757713,-0.26864688,0.53938414,2.28582049,0.46143161,0.53942167,1.0
2445366.89997,0.9144195,2.9475994,-0.26853676,0.5393975999999999,2.28568262,0.46139889,0.53943513,1.0
2453890.473251,1.078211,-1.04123678,2.40046157,-0.00167233,-1.3350883,1.42954105,-0.00165803,1.0
2453890.473691,1.062585,-1.04124058,2.40045896,-0.00167327,-1.33508497,1.42953622,-0.00165897,1.0
2453890.48184,1.018065,-1.04131095,2.40041068,-0.00169066,-1.33502343,1.42944687,-0.00167636,1.0
2453890.48228,1.00862,-1.04131475,2.40040807,-0.0016916,-1.33502011,1.42944204,-0.0016773,1.0
2453890.487303,0.9647519,-1.04135813,2.40037831,-0.00170232,-1.33498217,1.42938697,-0.00168802,1.0
2453890.487743,0.9671808,-1.04136193,2.40037571,-0.00170326,-1.33497885,1.42938215,-0.00168896,1.0
2453890.492697,0.9156039,-1.04140471,2.40034635,-0.00171384,-1.33494143,1.42932784,-0.00169953,1.0
2453890.493126,0.9137169,-1.04140842,2.40034381,-0.00171476,-1.3349382,1.42932315,-0.00170044,1.0
2453890.498277,0.8499230999999999,-1.0414529,2.40031329,-0.00172575,-1.33489929,1.42926668,-0.00171144,1.0
2453890.498728,0.8450056999999999,-1.04145679,2.40031062,-0.00172671,-1.33489588,1.42926174,-0.0017124000000000002,1.0
2453890.504886,0.8248360999999998,-1.04150997,2.40027413,-0.00173986,-1.33484935,1.42919424,-0.00172554,1.0
2453890.505337,0.8237732,-1.04151386,2.40027145,-0.00174082,-1.33484595,1.4291893,-0.00172651,1.0
2453890.5119580003,0.7779356,-1.04157104,2.40023222,-0.00175496,-1.33479593,1.42911675,-0.00174064,1.0
2453890.51241,0.774183,-1.04157494,2.40022954,-0.00175592,-1.33479251,1.42911179,-0.0017416,1.0
2453890.520396,0.7648699999999999,-1.0416439,2.40018221,-0.00177297,-1.33473216,1.42902429,-0.00175865,1.0
2453890.520836,0.7642715,-1.0416477,2.40017961,-0.00177391,-1.33472884,1.42901947,-0.00175959,1.0
2453890.527908,0.8225146999999999,-1.04170877,2.40013769,-0.00178901,-1.33467539,1.42894199,-0.00177468,1.0
2453890.528348,0.8279491,-1.04171257,2.40013508,-0.00178995,-1.33467208,1.42893718,-0.00177562,1.0
2453890.5333490004,0.8771778,-1.04175575,2.40010544,-0.00180062,-1.33463429,1.42888241,-0.00178629,1.0
2453890.5338,0.8831849,-1.04175964,2.40010277,-0.00180159,-1.33463087,1.42887746,-0.00178725,1.0
2453890.539101,0.9335029,-1.04180542,2.40007135,-0.0018129,-1.3345908000000002,1.4288194,-0.00179857,1.0
2453890.539437,0.9370692,-1.04180832,2.40006936,-0.00181362,-1.33458827,1.42881573,-0.00179928,1.0
2453890.544773,0.9921553,-1.04185439,2.40003773,-0.00182501,-1.33454793,1.4287573,-0.00181067,1.0
2453890.545213,0.998913,-1.04185819,2.40003513,-0.00182595,-1.33454461,1.42875248,-0.00181161,1.0
2453890.550561,1.05938,-1.04190437,2.40000343,-0.00183737,-1.33450419,1.42869393,-0.00182302,1.0
2453890.550989,1.064417,-1.04190806,2.40000089,-0.00183828,-1.33450095,1.42868924,-0.00182394,1.0
2453890.557054,1.123579,-1.04196043,2.39996494,-0.00185123,-1.3344551000000002,1.42862284,-0.00183688,1.0
2453890.566106,1.18802,-1.04203859,2.39991128,-0.00187055,-1.33438666,1.42852376,-0.0018562,1.0
2453890.572391,1.226862,-1.04209286,2.39987402,-0.00188397,-1.33433914,1.42845497,-0.00186961,1.0
2453890.572831,1.226726,-1.04209666,2.39987141,-0.00188491,-1.33433582,1.42845017,-0.00187055,1.0
2453890.579023,1.233195,-1.04215012,2.3998347,-0.00189813,-1.33428898,1.4283823999999998,-0.00188377,1.0
2453890.579452,1.227744,-1.04215382,2.39983215,-0.00189904,-1.33428575,1.42837771,-0.00188468,1.0
2453890.584302,1.216364,-1.0421957,2.3998034,-0.0019094,-1.33424907,1.42832466,-0.00189503,1.0
2453890.584626,1.217328,-1.04219849,2.39980148,-0.00191009,-1.33424662,1.42832111,-0.00189572,1.0
2453890.590564,1.182245,-1.04224976,2.39976627,-0.00192276,-1.33420171,1.42825615,-0.00190839,1.0
2453890.591003,1.174269,-1.04225355,2.39976367,-0.0019237,-1.33419838,1.42825133,-0.00190933,1.0
2453890.602023,1.0664280000000002,-1.0423487,2.39969833,-0.00194723,-1.33411504,1.42813081,-0.00193285,1.0
2453890.602463,1.053871,-1.0423525,2.39969572,-0.00194817,-1.33411171,1.428126,-0.00193379,1.0
2453890.609269,0.9787948,-1.04241126,2.39965536,-0.0019627,-1.33406022,1.42805157,-0.00194832,1.0
2453890.60972,0.969714,-1.04241515,2.39965269,-0.00196366,-1.33405681,1.42804664,-0.00194928,1.0
2453890.616144,0.9154437,-1.04247061,2.39961459,-0.00197737,-1.3340082,1.42797639,-0.00196299,1.0
2453890.616596,0.9061157,-1.04247451,2.39961191,-0.00197834,-1.33400479,1.42797146,-0.00196395,1.0
2453890.623008,0.8653735999999999,-1.04252987,2.39957389,-0.00199203,-1.33395627,1.42790136,-0.00197764,1.0
2453890.623437,0.8608028,-1.04253357,2.39957134,-0.00199294,-1.33395303,1.42789668,-0.00197855,1.0
2453890.62934,0.8376520000000001,-1.04258454,2.39953633,-0.00200554,-1.33390836,1.42783215,-0.00199115,1.0
2453892.468599,1.110846,-1.05843385,2.38856116,-0.00593188,-1.3198288,1.40812971,-0.0059163,1.0
2453892.469027,1.1082809999999998,-1.05843753,2.3885586,-0.00593279,-1.31982548,1.40812521,-0.00591722,1.0
2453892.477396,1.122674,-1.05850951,2.38850835,-0.00595066,-1.3197607,1.4080374,-0.00593508,1.0
2453892.477859,1.1232950000000002,-1.05851349,2.38850557,-0.00595165,-1.31975711,1.40803254,-0.00593606,1.0
2453892.483241,1.115511,-1.05855978,2.38847326,-0.00596314,-1.31971544,1.40797607,-0.00594755,1.0
2453892.483669,1.126372,-1.05856346,2.38847069,-0.00596405,-1.31971213,1.40797158,-0.00594846,1.0
2453892.488716,1.107607,-1.05860687,2.38844038,-0.00597482,-1.31967306,1.40791865,-0.00595923,1.0
2453892.4891560003,1.106486,-1.05861066,2.38843774,-0.00597576,-1.31966965,1.40791403,-0.00596017,1.0
2453892.494712,1.08659,-1.05865844,2.38840438,-0.00598762,-1.31962663,1.40785575,-0.00597203,1.0
2453892.495163,1.08542,-1.05866232,2.38840167,-0.00598859,-1.31962314,1.40785102,-0.00597299,1.0
2453892.501657,1.060977,-1.05871817,2.38836267,-0.00600245,-1.31957286,1.40778293,-0.00598685,1.0
2453892.502097,1.049672,-1.05872196,2.38836003,-0.00600339,-1.31956945,1.40777831,-0.00598779,1.0
2453892.508798,1.0076969999999998,-1.05877959,2.38831979,-0.00601769,-1.31951756,1.40770805,-0.00600209,1.0
2453892.509227,1.000879,-1.05878328,2.38831722,-0.00601861,-1.31951425,1.40770356,-0.0060030000000000005,1.0
2453892.51822,0.9314462,-1.05886062,2.38826321,-0.0060378,-1.31944459,1.40760927,-0.0060222,1.0
2453892.51866,0.9289017,-1.05886441,2.38826057,-0.00603874,-1.31944119,1.40760466,-0.00602314,1.0
2453892.525142,0.8750034,-1.05892015,2.38822164,-0.00605258,-1.31939098,1.40753672,-0.00603697,1.0
2453892.525582,0.8731116,-1.05892394,2.388219,-0.00605352,-1.31938757,1.40753211,-0.00603791,1.0
2453892.530802,0.8421428,-1.05896883,2.38818764,-0.00606466,-1.31934713,1.4074774,-0.00604905,1.0
2453892.531254,0.8374864,-1.05897272,2.38818493,-0.00606563,-1.31934364,1.40747267,-0.00605001,1.0
2453892.536613,0.8058418,-1.05901881,2.38815274,-0.00607707,-1.31930212,1.40741651,-0.00606145,1.0
2453892.537064,0.8086745,-1.05902268,2.38815003,-0.00607803,-1.31929863,1.40741179,-0.00606241,1.0
2453892.542181,0.7824953,-1.05906669,2.3881193,-0.00608895,-1.319259,1.40735818,-0.00607333,1.0
2453892.542632,0.7779752,-1.05907057,2.38811659,-0.00608992,-1.3192555,1.40735346,-0.00607429,1.0
2453892.548859,0.7828558000000001,-1.05912412,2.38807919,-0.00610321,-1.31920725,1.40728822,-0.00608758,1.0
2453892.549311,0.7841114,-1.05912801,2.38807647,-0.00610417,-1.31920375,1.40728349,-0.00608855,1.0
2453892.556383,0.8424531999999999,-1.05918882,2.38803399,-0.00611927,-1.31914896,1.40720942,-0.00610364,1.0
2453892.556823,0.8497238000000001,-1.05919261,2.38803135,-0.00612021,-1.31914555,1.40720481,-0.00610458,1.0
2453892.564185,0.9114351,-1.05925592,2.38798712,-0.00613592,-1.31908851,1.40712772,-0.00612029,1.0
2453892.5646240003,0.9148834,-1.05925969,2.38798448,-0.00613686,-1.3190851,1.40712311,-0.00612122,1.0
2453892.570655,0.9742665,-1.05931156,2.38794825,-0.00614974,-1.31903837,1.40705997,-0.00613409,1.0
2453892.571095,0.974832,-1.05931534,2.38794561,-0.00615067,-1.31903496,1.40705537,-0.00613503,1.0
2453892.577635,1.032889,-1.05937158,2.38790632,-0.00616464,-1.31898428,1.40698691,-0.00614899,1.0
2453892.5780740003,1.039302,-1.05937535,2.38790368,-0.00616557,-1.31898087,1.4069823,-0.00614993,1.0
2453892.58304,1.0753,-1.05941806,2.38787384,-0.00617617,-1.31894238,1.40693033,-0.00616052,1.0
2453892.58348,1.088403,-1.05942184,2.3878712,-0.00617711,-1.31893897,1.40692572,-0.00616146,1.0
2453892.589881,1.132176,-1.05947688,2.38783274,-0.00619078,-1.31888936,1.40685872,-0.00617512,1.0
2453892.590321,1.141452,-1.05948067,2.3878301,-0.00619172,-1.31888595,1.40685413,-0.00617606,1.0
2453892.59612,1.176397,-1.05953053,2.38779525,-0.00620409,-1.318841,1.40679344,-0.00618844,1.0
2453892.596548,1.17474,-1.05953421,2.38779268,-0.00620501,-1.31883768,1.40678896,-0.00618935,1.0
2453892.602636,1.194235,-1.05958656,2.3877561000000003,-0.006218,-1.31879048,1.40672526,-0.00620234,1.0
2453892.6030650004,1.187435,-1.05959025,2.38775352,-0.00621892,-1.31878716,1.40672077,-0.00620326,1.0
2453892.609304,1.189022,-1.0596438999999995,2.38771603,-0.00623224,-1.31873879,1.40665551,-0.00621657,1.0
2453892.609744,1.187118,-1.05964768,2.38771339,-0.00623318,-1.31873538,1.40665091,-0.00621751,1.0
2453892.616063,1.156618,-1.05970202,2.38767541,-0.00624667,-1.31868638,1.40658481,-0.006231,1.0
2453892.6164220003,1.156841,-1.0597051000000002,2.38767326,-0.00624743,-1.3186836000000002,1.40658105,-0.00623176,1.0
2453892.622812,1.111951,-1.05976005,2.38763486,-0.00626107,-1.31863405,1.40651423,-0.006245399999999999,1.0
2453892.623263,1.1017370000000002,-1.05976393,2.38763215,-0.00626204,-1.31863056,1.40650951,-0.00624636,1.0
2453892.629664,1.031359,-1.05981897,2.38759368,-0.0062757,-1.31858092,1.40644258,-0.00626002,1.0
2454935.320507,0.9197735,2.88501663,1.01917394,0.63436977,1.96806568,0.61299391,0.63438334,1.0
2454935.328551,1.017478,2.8849959,1.0192416,0.63437137,1.96809871,0.61293455,0.63438493,1.0
2454935.334708,1.068801,2.88498004,1.0192934,0.63437259,1.968124,0.61288911,0.63438616,1.0
2454935.34075,1.127844,2.88496447,1.01934422,0.63437379,1.96814883,0.61284453,0.63438735,1.0
2454935.346907,1.164053,2.8849486,1.01939601,0.63437501,1.96817414,0.6127991,0.63438858,1.0
2454935.352926,1.195553,2.88493308,1.01944664,0.6343762,1.96819889,0.6127547,0.63438977,1.0
2454935.3589560003,1.208317,2.88491754,1.01949736,0.6343774,1.96822369,0.61271022,0.63439096,1.0
2454935.365865,1.21583,2.88489973,1.01955548,0.63437877,1.96825213,0.61265926,0.63439233,1.0
2454935.3733880003,1.1875639999999998,2.88488034,1.01961876,0.63438026,1.9682831000000005,0.61260378,0.63439382,1.0
2454935.379407,1.1549969999999998,2.88486482,1.01966939,0.63438145,1.96830789,0.61255939,0.63439502,1.0
2454935.385425,1.099717,2.8848493,1.01972001,0.63438264,1.96833268,0.61251501,0.63439621,1.0
2454935.39237,1.042992,2.88483139,1.01977842,0.63438402,1.9683613,0.61246381,0.63439758,1.0
2454935.397427,0.9932278,2.88481835,1.01982096,0.63438502,1.96838215,0.61242653,0.63439858,1.0
2454935.402404,0.9510972,2.88480552,1.01986282,0.63438601,1.96840268,0.61238984,0.63439957,1.0
2454935.40811,0.9126177,2.8847908,1.01991081,0.63438714,1.96842622,0.61234778,0.6344006999999999,1.0
2454935.413851,0.8771238000000001,2.88477599,1.0199591,0.63438827,1.96844991,0.61230546,0.63440183,1.0
2454935.418862,0.8464258,2.88476307,1.02000125,0.63438926,1.9684706000000003,0.61226853,0.63440283,1.0
2454935.423874,0.8231688,2.88475014,1.02004341,0.63439026,1.96849129,0.6122316,0.63440382,1.0
2454935.428943,0.8300206,2.88473706,1.02008604,0.63439126,1.96851223,0.61219424,0.63440482,1.0
2454935.434001,0.8557775,2.88472401,1.02012858,0.63439226,1.96853312,0.61215698,0.63440582,1.0
2454935.438052,0.8684900999999999,2.88471356,1.02016265,0.63439306,1.96854986,0.61212713,0.63440662,1.0
2454935.44289,0.900378,2.88470108,1.02020335,0.63439402,1.96856986,0.61209149,0.63440758,1.0
2454935.447635,0.9337549,2.88468884,1.02024325,0.63439495,1.96858949,0.61205652,0.63440852,1.0
2454935.4523,0.9690382,2.8846768,1.02028249,0.63439588,1.96860878,0.61202217,0.63440944,1.0
2454935.45635,0.9963338,2.88466635,1.02031655,0.63439668,1.96862554,0.61199233,0.63441024,1.0
2454935.460413,1.021892,2.88465586,1.02035073,0.63439748,1.96864235,0.61196241,0.63441104,1.0
2454935.464429,1.04797,2.8846455,1.0203845,0.63439827,1.96865897,0.61193282,0.63441183,1.0
2454935.46841,1.077648,2.88463523,1.02041798,0.63439906,1.96867545,0.61190351,0.63441262,1.0
2454935.472415,1.105709,2.88462489,1.02045167,0.63439985,1.96869204,0.61187401,0.63441341,1.0
2454935.476547,1.123448,2.88461422,1.02048642,0.63440067,1.96870915,0.61184359,0.63441423,1.0
2454935.4795560003,1.13958,2.88460646,1.02051173,0.63440126,1.96872162,0.61182143,0.63441482,1.0
2454935.482565,1.143512,2.88459869,1.02053703,0.63440186,1.96873409,0.61179928,0.63441542,1.0
2454935.485563,1.147469,2.88459095,1.02056225,0.63440245,1.96874651,0.6117772,0.63441601,1.0
2454935.489359,1.163314,2.88458115,1.02059417,0.6344032,1.96876225,0.61174925,0.63441676,1.0
2454935.492392,1.164858,2.88457332,1.02061968,0.6344038000000001,1.96877482,0.61172693,0.63441736,1.0
2454935.496037,1.168554,2.88456391,1.02065034,0.63440452,1.96878994,0.61170009,0.63441807,1.0
2454935.49907,1.157852,2.88455608,1.02067585,0.63440511,1.96880252,0.61167777,0.63441867,1.0
2454935.5020560003,1.139853,2.88454838,1.02070096,0.6344057,1.9688149,0.61165579,0.63441926,1.0
2454935.505065,1.128633,2.88454061,1.02072626,0.6344063,1.96882739,0.61163364,0.63441986,1.0
2454935.508051,1.117998,2.8845329,1.02075138,0.63440689,1.96883978,0.61161166,0.63442044,1.0
2454935.51106,1.101004,2.88452513,1.02077668,0.63440748,1.96885227,0.61158951,0.63442104,1.0
2454935.514845,1.079913,2.88451535,1.02080852,0.63440823,1.96886798,0.61156166,0.63442178,1.0
2454935.517854,1.061531,2.88450759,1.02083382,0.63440882,1.96888048,0.61153951,0.63442238,1.0
2454935.52054,1.043751,2.88450065,1.02085641,0.63440935,1.96889163,0.61151975,0.63442291,1.0
2454935.522519,1.022485,2.88449554,1.02087305,0.63440974,1.96889985,0.61150519,0.6344233,1.0
2454935.5252150004,0.9971325,2.88448858,1.02089573,0.63441027,1.96891105,0.61148534,0.63442383,1.0
2454935.527195,0.990542,2.88448346,1.02091238,0.63441066,1.96891927,0.61147078,0.63442422,1.0
2454935.529185,0.9697792,2.88447832,1.02092911,0.63441106,1.96892754,0.61145613,0.63442461,1.0
2454935.531188,0.9491807,2.88447315,1.02094596,0.63441145,1.96893586,0.6114414,0.63442501,1.0
2454935.5332130003,0.9334195,2.88446792,1.02096299,0.63441185,1.96894428,0.6114265,0.63442541,1.0
2454935.536014,0.8990853000000001,2.88446069,1.02098655,0.6344124,1.96895592,0.6114059000000001,0.63442596,1.0
2454935.53797,0.9010915,2.88445564,1.021003,0.63441279,1.96896405,0.61139151,0.63442634,1.0
2454935.539938,0.8887117,2.88445055,1.02101955,0.63441318,1.96897223,0.61137703,0.63442673,1.0
2454935.541905,0.8822768,2.88444547,1.02103609,0.63441356,1.96898041,0.61136255,0.63442712,1.0
2454935.543942,0.8783769,2.88444021,1.02105322,0.63441396,1.96898889,0.61134757,0.63442752,1.0
2454935.54591,0.8567949,2.88443513,1.02106977,0.63441435,1.96899707,0.6113331,0.63442791,1.0
2454935.547912,0.8486193000000001,2.88442996,1.0210866,0.63441475,1.96900539,0.61131837,0.6344283000000001,1.0
2454935.549937,0.8315203999999999,2.88442473,1.02110363,0.63441515,1.96901382,0.61130347,0.6344287,1.0
2454964.204919,0.8445623999999999,2.79906557,1.25771272,0.6375383000000001,2.17671412,0.46182091,0.63755883,1.0
2454964.208912,0.8769921999999999,2.79905212,1.25774504,0.63753838,2.17675364,0.46181066,0.63755891,1.0
2454964.212904,0.9141464,2.79903866,1.25777735,0.63753847,2.17679316,0.46180041,0.63755899,1.0
2454964.216955,0.9510333,2.79902501,1.25781014,0.63753855,2.17683326,0.46179002,0.63755908,1.0
2454964.221747,0.9924023,2.79900886,1.25784893,0.63753865,2.17688069,0.46177773,0.63755917,1.0
2454964.225751,1.034951,2.79899537,1.25788133,0.63753874,2.17692033,0.46176746,0.63755926,1.0
2454964.230809,1.070483,2.79897832,1.25792227,0.63753884,2.17697041,0.4617545,0.63755936,1.0
2454964.235855,1.125993,2.79896132,1.25796311,0.63753895,2.17702038,0.46174157,0.63755946,1.0
2454964.240947,1.165262,2.79894416,1.25800433,0.63753905,2.1770708,0.46172853,0.63755957,1.0
2454964.247521,1.203848,2.798922,1.25805754,0.63753919,2.1771359,0.4617117,0.6375597,1.0
2454964.252509,1.219292,2.79890519,1.25809791,0.63753929,2.17718531,0.46169894,0.63755981,1.0
2454964.257474,1.215133,2.79888845,1.25813809,0.6375394,2.17723449,0.46168624,0.63755991,1.0
2454964.262497,1.203194,2.79887152,1.25817875,0.6375395,2.17728424,0.4616734,0.63756001,1.0
2454964.267578,1.171655,2.79885439,1.25821987,0.63753961,2.17733458,0.46166042,0.63756011,1.0
2454964.273607,1.123103,2.79883406,1.25826866,0.63753973,2.17739432,0.46164502,0.63756024,1.0
2454964.27966,1.076554,2.79881366,1.25831765,0.63753986,2.1774543,0.46162957,0.63756036,1.0
2454964.286523,0.996267,2.79879052,1.2583732,0.63754,2.1775223,0.46161206,0.6375605,1.0
2454964.294069,0.9237017,2.79876507,1.25843427,0.63754015,2.17759708,0.46159282,0.63756065,1.0
2454964.300064,0.8809023000000001,2.79874486,1.25848279,0.63754027,2.17765651,0.46157754,0.63756077,1.0
2454964.306071,0.8278273000000002,2.7987246,1.2585314,0.6375404,2.17771605,0.46156224,0.63756089,1.0
2454964.313825,0.7933553000000001,2.79869845,1.25859415,0.63754056,2.17779291,0.4615425,0.63756105,1.0
2454964.320862,0.807651,2.79867472,1.2586511,0.6375407,2.17786268,0.4615246,0.63756119,1.0
2454964.328801,0.8350794,2.79864794,1.25871535,0.63754086,2.1779414,0.46150442,0.63756135,1.0
2454964.336567,0.8759751,2.79862175,1.2587781999999998,0.63754102,2.17801841,0.46148469,0.6375615,1.0
2454964.343615,0.9215518,2.79859798,1.25883524,0.63754116,2.17808832,0.46146679,0.63756164,1.0
2454964.350629,0.9849808,2.79857431,1.258892,0.6375413000000001,2.17815789,0.46144899,0.63756178,1.0
2454964.356693,1.030727,2.79855386,1.25894107,0.63754142,2.17821805,0.46143361,0.6375619,1.0
2454964.363394,1.067146,2.79853125,1.25899529,0.63754156,2.17828453,0.46141663,0.63756203,1.0
2454964.370223,1.10899,2.79850821,1.25905056,0.63754169,2.17835228,0.46139933,0.63756217,1.0
2454964.377063,1.133474,2.79848513,1.25910591,0.63754183,2.17842015,0.46138201,0.6375623,1.0
2454964.3830810003,1.134101,2.79846483,1.25915461,0.63754195,2.17847987,0.46136678,0.63756242,1.0
2454964.3950360003,1.127031,2.79842448,1.25925134,0.63754219,2.17859853,0.46133655,0.63756265,1.0
2454964.400048,1.105258,2.79840757,1.2592919,0.63754229,2.17864828,0.46132389,0.63756275,1.0
2454964.405059,1.072546,2.79839066,1.25933245,0.63754239,2.17869803,0.46131123,0.63756285,1.0
2454964.410857,1.035494,2.79837109,1.25937937,0.6375425,2.17875559,0.4612966,0.63756296,1.0
2454964.41654,1.001889,2.79835191,1.25942535,0.63754262,2.17881202,0.46128226,0.63756307,1.0
2454965.199717,0.8495886999999999,2.79570029,1.26575882,0.6375562,2.18663459,0.4593729,0.63757638,1.0
2454965.200157,0.8450545,2.7956988,1.26576237,0.63755621,2.18663901,0.45937186,0.63757639,1.0
2454965.203513,0.8285690999999998,2.7956874,1.2657895,0.63755626,2.18667272,0.45936397,0.63757644,1.0
2454965.203953,0.8217595,2.79568591,1.26579305,0.63755626,2.18667714,0.45936293,0.63757644,1.0
2454965.206522,0.8237449,2.79567718,1.26581382,0.6375563,2.18670295,0.45935689,0.63757648,1.0
2454965.206962,0.8189488,2.79567569,1.26581737,0.63755631,2.18670737,0.45935585,0.63757649,1.0
2454965.209543,0.8148557,2.79566692,1.26583823,0.63755635,2.18673331,0.45934979,0.63757653,1.0
2454965.209983,0.8143155,2.79566543,1.26584179,0.63755635,2.18673773,0.45934875,0.63757653,1.0
2454965.212541,0.8225697,2.79565674,1.26586246,0.63755639,2.18676343,0.45934274,0.63757657,1.0
2454965.21298,0.8277300999999999,2.79565525,1.26586601,0.6375564,2.18676785,0.45934171,0.63757658,1.0
2454965.216314,0.8552334999999999,2.79564392,1.26589296,0.63755645,2.18680134,0.45933387,0.63757662,1.0
2454965.216765,0.8535417,2.79564239,1.2658966,0.63755645,2.18680587,0.45933281,0.63757663,1.0
2454965.219299,0.8753399,2.79563378,1.26591708,0.63755649,2.18683135,0.45932686,0.63757667,1.0
2454965.219739,0.8750174999999999,2.79563229,1.26592064,0.6375565,2.18683577,0.45932583,0.63757667,1.0
2454965.2222740003,0.9034596,2.79562368,1.26594112,0.63755654,2.18686124,0.45931987,0.63757671,1.0
2454965.222714,0.9071116,2.79562218,1.26594468,0.63755654,2.18686566,0.45931884,0.63757672,1.0
2454965.226255,0.9451151,2.79561015,1.2659733,0.63755659,2.18690125,0.45931053,0.63757677,1.0
2454965.226695,0.9492852,2.79560866,1.26597685,0.6375566,2.18690567,0.4593095,0.63757677,1.0
2454965.23026,0.9734928,2.79559655,1.26600567,0.63755665,2.1869415,0.45930113,0.63757682,1.0
2454965.230699,0.9845658000000002,2.79559506,1.26600921,0.63755666,2.18694592,0.4593001,0.63757683,1.0
2454965.234276,1.005664,2.79558291,1.26603812,0.63755671,2.18698187,0.45929171,0.63757688,1.0
2454965.234727,1.014072,2.79558137,1.26604177,0.63755672,2.1869864,0.45929065,0.63757689,1.0
2454965.238257,1.041427,2.79556938,1.26607029,0.63755677,2.18702188,0.45928237,0.63757694,1.0
2454965.2386970003,1.048095,2.79556789,1.26607385,0.63755678,2.18702631,0.45928134,0.63757695,1.0
2454965.243905,1.098947,2.79555019,1.26611594,0.63755685,2.18707867,0.45926913,0.63757702,1.0
2454965.244344,1.098785,2.7955487,1.26611949,0.63755686,2.18708308,0.4592681,0.63757703,1.0
2454965.24799,1.132684,2.79553631,1.26614895,0.63755691,2.18711973,0.45925956,0.63757708,1.0
2454965.248418,1.1461059999999998,2.79553486,1.26615241,0.63755692,2.18712404,0.45925856,0.63757708,1.0
2454965.251983,1.175798,2.79552275,1.26618122,0.63755697,2.18715988,0.45925021,0.63757714,1.0
2454965.252423,1.176491,2.79552125,1.26618478,0.63755698,2.1871643,0.45924918,0.63757714,1.0
2454965.255987,1.195916,2.79550914,1.26621358,0.63755703,2.18720014,0.45924083,0.63757719,1.0
2454965.2564270003,1.198971,2.79550765,1.26621714,0.63755704,2.18720457,0.4592398,0.6375772,1.0
2454965.260061,1.21806,2.7954953,1.2662465,0.63755709,2.18724111,0.4592313,0.63757725,1.0
2454965.260501,1.2131120000000002,2.79549381,1.26625006,0.6375571,2.18724553,0.45923027,0.63757726,1.0
2454965.264066,1.231926,2.79548169,1.26627887,0.63755715,2.18728138,0.45922193,0.63757731,1.0
2454965.264494,1.229002,2.79548024,1.26628233,0.63755716,2.18728568,0.45922093,0.63757731,1.0
2454965.2690540003,1.235927,2.79546474,1.26631918,0.63755722,2.18733154,0.45921027,0.63757738,1.0
2454965.269505,1.236826,2.79546321,1.26632282,0.63755723,2.18733607,0.45920921,0.63757738,1.0
2454965.274054,1.2312459999999998,2.79544775,1.26635959,0.63755729,2.18738182,0.45919858,0.63757745,1.0
2454965.274493,1.2385700000000002,2.79544626,1.26636313,0.6375573,2.18738625,0.45919755,0.63757745,1.0
2454965.279123,1.220891,2.79543053,1.26640055,0.63755737,2.1874328,0.45918674,0.63757752,1.0
2454965.279563,1.20865,2.79542903,1.26640411,0.63755737,2.18743723,0.45918571,0.63757753,1.0
2454965.2857310004,1.175473,2.79540807,1.26645395,0.63755746,2.18749928,0.45917131,0.63757761,1.0
2454965.291958,1.111693,2.79538691,1.26650427,0.63755755,2.18756192,0.45915678,0.6375776999999999,1.0
2454965.296564,1.057131,2.79537125,1.26654149,0.63755762,2.18760827,0.45914603,0.63757776,1.0
2454965.2970040003,1.063361,2.79536976,1.26654505,0.63755763,2.18761268,0.45914501,0.63757777,1.0
2454965.301564,1.009664,2.79535426,1.2665819,0.63755769,2.18765857,0.45913438,0.63757783,1.0
2454965.302004,1.000112,2.79535276,1.26658545,0.6375576999999999,2.18766299,0.45913335,0.63757784,1.0
2454971.197639,1.008129,2.77484809,1.3140132,0.63753567,2.2494245,0.44927508,0.63755372,1.0
2454971.201423,1.028329,2.77483463,1.3140435,0.63753559,2.24946563,0.44927131,0.63755364,1.0
2454971.204409,1.053378,2.77482401,1.31406741,0.63753553,2.24949808,0.44926833,0.63755357,1.0
2454971.208425,1.073367,2.77480972,1.31409957,0.63753544,2.24954173,0.44926434,0.63755348,1.0
2454971.212453,1.099512,2.77479539,1.31413182,0.63753535,2.24958551,0.44926033,0.63755339,1.0
2454971.216446,1.112756,2.77478119,1.3141638,0.63753526,2.24962891,0.44925637,0.63755331,1.0
2454971.220462,1.1283299999999998,2.7747669,1.31419596,0.63753517,2.24967256,0.44925238,0.63755322,1.0
2454971.225334,1.126876,2.77474957,1.31423497,0.63753507,2.24972553,0.44924755,0.63755311,1.0
2454971.230137,1.132244,2.77473249,1.31427343,0.63753496,2.24977774,0.44924279,0.6375529999999999,1.0
2454971.23413,1.1280290000000002,2.77471828,1.3143053999999998,0.63753487,2.24982115,0.44923884,0.63755291,1.0
2454971.238157,1.11248,2.77470395,1.31433765,0.63753479,2.24986494,0.44923486,0.63755283,1.0
2454971.242173,1.103489,2.77468967,1.31436981,0.6375347,2.24990861,0.4492309,0.63755274,1.0
2454971.246236,1.0838370000000002,2.77467521,1.31440234,0.63753461,2.24995278,0.44922689,0.63755265,1.0
2454971.251247,1.04792,2.77465738,1.31444246,0.6375345,2.25000727,0.44922195,0.63755253,1.0
2454971.256328,1.013996,2.7746393,1.31448315,0.63753438,2.25006252,0.44921695,0.63755242,1.0
2454971.261362,0.9759332,2.77462139,1.31452345,0.63753427,2.25011727,0.449212,0.63755231,1.0
2454971.2672880003,0.9189589,2.7746003,1.3145709,0.63753414,2.25018172,0.44920618,0.63755218,1.0
2454971.273861,0.8589821,2.77457691,1.31462353,0.63753399,2.25025322,0.44919974,0.63755203,1.0
2454971.278907,0.8300115,2.77455895,1.31466393,0.63753388,2.2503081000000003,0.4491948,0.63755192,1.0
2454971.283919,0.7951849,2.77454112,1.31470406,0.63753377,2.25036262,0.4491899,0.6375518,1.0
2454971.288953,0.7716425,2.7745232000000004,1.31474437,0.63753366,2.25041738,0.44918499,0.63755169,1.0
2454971.295839,0.7901983,2.77449869,1.3147995,0.6375335,2.2504923,0.44917827,0.63755153,1.0
2454971.301846,0.8333436,2.77447731,1.3148476,0.63753337,2.25055765,0.44917242,0.6375514,1.0
2454971.308767,0.9033169,2.77445268,1.31490301,0.63753321,2.25063296,0.44916569,0.63755124,1.0
2454971.315479,0.9583499,2.77442878,1.31495675,0.63753306,2.250706,0.44915918,0.63755109,1.0
2454971.321648,1.00556,2.77440682,1.31500614,0.63753292,2.25077314,0.4491532,0.63755095,1.0
2454971.327643,1.065644,2.77438548,1.31505414,0.63753279,2.25083839,0.4491474,0.63755081,1.0
2454971.334193,1.130556,2.77436216,1.31510658,0.63753264,2.25090969,0.44914107,0.63755067,1.0
2454971.340258,1.155665,2.77434057,1.31515513,0.6375325,2.25097569,0.44913522,0.63755053,1.0
2454971.3471790003,1.196432,2.77431592,1.31521054,0.63753235,2.25105104,0.44912856,0.63755037,1.0
2454971.354794,1.184219,2.77428881,1.31527151,0.63753217,2.25113393,0.44912124,0.63755019,1.0
2454971.360835,1.182454,2.7742673,1.31531987,0.63753204,2.25119971,0.44911544,0.63755006,1.0
2454971.36683,1.14449,2.77424595,1.31536786,0.6375319,2.25126498,0.44910969,0.63754992,1.0
2454971.372825,1.085616,2.7742246,1.31541586,0.63753176,2.25133027,0.44910395,0.63754978,1.0
2454971.377837,1.042894,2.77420675,1.31545598,0.63753165,2.25138484,0.44909916,0.63754967,1.0
2454971.387396,0.9330655,2.7741727000000003,1.3155325,0.63753143,2.25148896,0.44909004,0.63754945,1.0
2454971.393796,0.8802622999999999,2.77414991,1.31558374,0.63753128,2.25155866,0.44908395,0.6375493,1.0
2454971.398796,0.84391,2.7741321,1.31562377,0.63753117,2.25161312,0.4490792,0.63754918,1.0
2454978.196816,1.2184469999999998,2.74930435,1.36974776,0.6372334,2.32830559,0.44818186,0.63725356,1.0
2454978.197267,1.221548,2.74930266,1.36975133,0.63723337,2.32831084,0.44818218,0.63725353,1.0
2454978.200832,1.2158129999999998,2.74928932,1.36977955,0.63723314,2.32835232,0.44818469,0.6372533,1.0
2454978.2012830004,1.215186,2.74928764,1.36978312,0.63723311,2.32835757,0.44818501,0.63725328,1.0
2454978.205831,1.185481,2.74927062,1.36981913,0.63723282,2.3284105,0.44818822,0.63725298,1.0
2454978.206271,1.188302,2.74926897,1.36982262,0.63723279,2.32841562,0.44818853,0.63725296,1.0
2454978.210715,1.150246,2.74925234,1.3698578,0.6372325,2.32846733,0.44819168,0.63725267,1.0
2454978.211155,1.149314,2.74925069,1.36986129,0.63723248,2.32847245,0.44819199,0.63725264,1.0
2454978.2147310004,1.1154309999999998,2.74923731,1.3698896,0.63723224,2.32851406,0.44819452,0.63725242,1.0
2454978.215171,1.107865,2.74923566,1.36989308,0.63723222,2.32851918,0.44819484,0.63725239,1.0
2454978.218747,1.073383,2.74922228,1.36992139,0.63723198,2.32856079,0.44819737,0.63725216,1.0
2454978.2191990004,1.069032,2.74922059,1.36992497,0.63723196,2.32856605,0.44819769,0.63725213,1.0
2454978.222775,1.024025,2.7492072,1.36995329,0.63723172,2.32860766,0.44820024,0.6372519,1.0
2454978.223226,1.024912,2.74920551,1.36995686,0.63723169,2.32861292,0.44820056,0.63725187,1.0
2454978.226802,0.9827221,2.74919213,1.36998517,0.63723146,2.32865454,0.4482031,0.63725164,1.0
2454978.227242,0.9751933,2.74919048,1.36998865,0.63723143,2.32865966,0.44820341,0.63725162,1.0
2454978.231802,0.9358079,2.74917342,1.37002475,0.63723114,2.32871272,0.44820667,0.63725132,1.0
2454978.232242,0.9286386,2.74917177,1.37002824,0.63723111,2.32871784,0.44820698,0.6372513000000001,1.0
2454978.236802,0.8864264999999999,2.7491547,1.37006434,0.63723082,2.32877091,0.44821024,0.637251,1.0
2454978.237253,0.8921928,2.74915301,1.37006791,0.63723079,2.32877616,0.44821056,0.63725097,1.0
2454978.241848,0.8469595999999999,2.74913581,1.37010429,0.63723049,2.32882964,0.44821384,0.63725068,1.0
2454978.242287,0.8511277,2.74913417,1.37010776,0.63723046,2.32883476,0.44821416,0.63725065,1.0
2454978.247808,0.8132924,2.7491135,1.37015147,0.6372300999999999,2.32889902,0.44821812,0.6372503,1.0
2454978.248248,0.8079765,2.74911185,1.37015496,0.63723007,2.32890414,0.44821843,0.63725027,1.0
2454978.25437,0.7992354,2.74908894,1.37020343,0.63722968,2.3289754,0.44822283,0.63724988,1.0
2454978.25481,0.7934923,2.74908729,1.37020691,0.63722965,2.32898052,0.44822315,0.63724985,1.0
2454978.259416,0.8057767,2.74907005,1.37024337,0.63722935,2.32903415,0.44822646,0.63724955,1.0
2454978.259879,0.8075747,2.74906831,1.37024704,0.63722932,2.32903954,0.4482268,0.63724952,1.0
2454978.264462,0.8327962,2.74905115,1.37028332,0.63722902,2.32909289,0.4482301,0.63724923,1.0
2454978.264913,0.8313554,2.74904947,1.37028689,0.63722899,2.32909814,0.44823043,0.6372492,1.0
2454978.269496,0.852116,2.74903231,1.37032317,0.63722869,2.3291515,0.44823374,0.6372489,1.0
2454978.269936,0.8501483,2.74903066,1.37032666,0.63722866,2.32915661,0.44823405,0.63724888,1.0
2454978.276348,0.8875375,2.74900665,1.37037742,0.63722825,2.32923127,0.44823869,0.63724846,1.0
2454978.2767990003,0.8900998,2.74900496,1.37038099,0.63722822,2.32923652,0.44823902,0.63724843,1.0
2454978.282424,0.9227472,2.7489839,1.37042552,0.63722785,2.32930201,0.4482431,0.63724807,1.0
2454978.282863,0.9282196,2.74898226,1.370429,0.63722782,2.32930713,0.44824342,0.63724804,1.0
2454978.289321,0.9866582,2.74895808,1.37048012,0.6372274,2.32938232,0.44824812,0.63724763,1.0
2454978.289761,0.9898257,2.74895643,1.3704836,0.63722737,2.32938744,0.44824844,0.6372475999999999,1.0
2454978.29615,1.0393139999999998,2.74893251,1.37053418,0.63722696,2.32946183,0.44825309,0.63724719,1.0
2454978.296589,1.04171,2.74893086,1.37053766,0.63722693,2.32946695,0.44825341,0.63724716,1.0
2454978.302145,1.071496,2.74891006,1.37058164,0.63722657,2.32953164,0.44825747,0.6372468000000001,1.0
2454978.302584,1.080754,2.74890841,1.37058511,0.63722654,2.32953676,0.44825779,0.63724677,1.0
2454978.3081630003,1.111339,2.74888752,1.37062928,0.63722617,2.32960173,0.44826188,0.63724641,1.0
2454978.308603,1.113717,2.74888587,1.37063276,0.63722615,2.32960684,0.4482622000000001,0.63724639,1.0
2454978.314192,1.136598,2.74886494,1.37067701,0.63722578,2.32967195,0.4482663,0.63724602,1.0
2454978.314644,1.132241,2.74886325,1.37068058,0.63722575,2.3296772,0.44826663,0.637246,1.0
2454978.320234,1.147622,2.74884231,1.37072483,0.63722539,2.3297423,0.44827074,0.63724563,1.0
2454978.320673,1.147526,2.74884067,1.37072831,0.63722536,2.32974742,0.44827106,0.63724561,1.0
2454978.3271310003,1.148235,2.74881648,1.37077943,0.63722494,2.32982265,0.44827582,0.63724519,1.0
2454978.327571,1.149706,2.74881483,1.37078291,0.63722491,2.32982776,0.44827614,0.63724516,1.0
2454978.334758,1.133002,2.74878791,1.37083981,0.63722444,2.32991148,0.44828145,0.6372446999999999,1.0
2454978.335198,1.124042,2.74878626,1.37084329,0.63722441,2.3299166,0.44828177,0.63724467,1.0
2454978.3408,1.101414,2.74876528,1.37088763,0.63722404,2.32998185,0.44828592,0.6372443,1.0
2454978.341239,1.100948,2.74876363,1.37089111,0.63722401,2.32998697,0.44828624,0.63724428,1.0
2454978.3469330003,1.071664,2.74874231,1.37093618,0.63722364,2.3300533,0.44829047,0.63724391,1.0
2454978.347385,1.069377,2.74874061,1.37093976,0.63722361,2.33005856,0.4482907999999999,0.63724388,1.0
2454978.352975,1.033253,2.74871967,1.37098401,0.63722324,2.33012367,0.44829496,0.63724352,1.0
2454978.353414,1.024082,2.74871803,1.37098748,0.63722321,2.3301288,0.44829528,0.63724349,1.0
2454978.357986,0.9842439,2.7487009,1.37102367,0.63722292,2.33018206,0.44829869,0.63724319,1.0
2454978.358426,0.981727,2.74869925,1.37102715,0.63722289,2.33018719,0.44829902,0.63724316,1.0
2454978.363009,0.9354115,2.74868208,1.37106343,0.63722259,2.33024058,0.44830243,0.63724287,1.0
2454978.3634490003,0.9390976,2.74868043,1.37106691,0.63722256,2.3302457000000003,0.44830276,0.63724284,1.0
2454978.36802,0.8887891,2.74866331,1.37110309,0.63722226,2.33029897,0.44830618,0.63724254,1.0
2454978.36846,0.8888872999999999,2.74866166,1.37110658,0.63722223,2.33030409,0.44830651,0.63724251,1.0
2454978.374547,0.8465775,2.74863885,1.37115476,0.63722183,2.33037502,0.44831106,0.63724212,1.0
2454978.374987,0.8467256,2.7486372,1.37115824,0.6372218000000001,2.33038014,0.44831139,0.63724209,1.0
2454978.379559,0.8133598000000001,2.74862007,1.37119443,0.6372215,2.33043341,0.44831482,0.63724179,1.0
