2455599.259667,1.0731,1.84453,-2.58918,0.120162,1.11776,-1.92256,0.120144,1.0
2455599.264787,1.0791,1.84457,-2.58916,0.120162,1.11774,-1.9226,0.120143,1.0
2455599.272467,1.088,1.84464,-2.58912,0.120162,1.11771,-1.92266,0.120143,1.0
2455599.277937,1.087,1.84468,-2.5891,0.120162,1.11769,-1.92271,0.120143,1.0
2455599.283387,1.1062,1.84472,-2.58908,0.120162,1.1176700000000002,-1.92275,0.120143,1.0
2455599.288496,1.0613,1.84477,-2.58905,0.120162,1.11765,-1.9228,0.120143,1.0
2455599.293646,1.0771,1.84481,-2.58903,0.120162,1.11763,-1.92284,0.120143,1.0
2455599.299096,1.0761,1.84485,-2.589,0.120162,1.11761,-1.92288,0.120143,1.0
2455599.304536,1.0545,1.8449,-2.58898,0.120161,1.11759,-1.92293,0.120143,1.0
2455599.309706,1.0439,1.84494,-2.58896,0.120161,1.1175700000000002,-1.92297,0.120143,1.0
2455599.314836,1.0154,1.84498,-2.58893,0.120161,1.11755,-1.92301,0.120143,1.0
2455599.321725,1.0182,1.84504,-2.5889,0.120161,1.11753,-1.92307,0.120142,1.0
2455599.328955,1.0006,1.84509,-2.58887,0.120161,1.1175,-1.92313,0.120142,1.0
2455599.336655,0.9599,1.84516,-2.58883,0.120161,1.11747,-1.92319,0.120142,1.0
2455599.342915,0.9706,1.84521,-2.5888,0.120161,1.11745,-1.92324,0.120142,1.0
2455599.348205,0.9564,1.84525,-2.58878,0.120161,1.11743,-1.92329,0.120142,1.0
2455599.353314,0.9278,1.84529,-2.58876,0.120161,1.11741,-1.92333,0.120142,1.0
2455599.358444,0.9142,1.84533,-2.58873,0.120161,1.11739,-1.92337,0.120142,1.0
2455599.364054,0.9303,1.84538,-2.58871,0.12016,1.11737,-1.92342,0.120142,1.0
2455599.369674,0.9176,1.84543,-2.58868,0.12016,1.11735,-1.92346,0.120142,1.0
2455599.375804,0.9184,1.84548,-2.58865,0.12016,1.11732,-1.92351,0.120141,1.0
2455599.380994,0.9201,1.84552,-2.58863,0.12016,1.1173,-1.92356,0.120141,1.0
2455599.387723,0.9364,1.84557,-2.5886,0.12016,1.1172799999999998,-1.92361,0.120141,1.0
2455599.396363,0.9529,1.84564,-2.58856,0.12016,1.11725,-1.92368,0.120141,1.0
2455599.406763,0.9679,1.84573,-2.58851,0.12016,1.11721,-1.92377,0.120141,1.0
2455599.413013,0.9697,1.84578,-2.58849,0.12016,1.1171799999999998,-1.92382,0.120141,1.0
2455599.418132,0.9724,1.84582,-2.58846,0.120159,1.11716,-1.92386,0.120141,1.0
2455599.426152,1.0098,1.84588,-2.58843,0.120159,1.11713,-1.92393,0.120141,1.0
2455599.432962,0.9877,1.84594,-2.58839,0.120159,1.11711,-1.92398,0.12014,1.0
2455599.438812,1.0024,1.84599,-2.5883700000000003,0.120159,1.11709,-1.92403,0.12014,1.0
2455599.446122,0.9923,1.84605,-2.58833,0.120159,1.11706,-1.92409,0.12014,1.0
2455599.451771,0.9932,1.84609,-2.58831,0.120159,1.11704,-1.92414,0.12014,1.0
2455599.456901,0.9823,1.84613,-2.58829,0.120159,1.11702,-1.92418,0.12014,1.0
2455599.463941,0.9841,1.84619,-2.58825,0.120159,1.11699,-1.92424,0.12014,1.0
2455599.471951,0.9877,1.84626,-2.58822,0.120158,1.11696,-1.9243,0.12014,1.0
2455599.48378,0.9769,1.84635,-2.58816,0.120158,1.11692,-1.9244,0.12014,1.0
2455599.49134,0.9679,1.84641,-2.58813,0.120158,1.11689,-1.92446,0.120139,1.0
2455599.49668,0.9555,1.84646,-2.5881,0.120158,1.11687,-1.92451,0.120139,1.0
2455599.5018,0.9644,1.8465,-2.58808,0.120158,1.11685,-1.92455,0.120139,1.0
2455599.50692,0.9697,1.84654,-2.58806,0.120158,1.11683,-1.92459,0.120139,1.0
2455599.51493,0.9546,1.84661,-2.58802,0.120158,1.1168,-1.92466,0.120139,1.0
2455599.521979,0.9635,1.84666,-2.58799,0.120157,1.11678,-1.92472,0.120139,1.0
2455599.531239,0.9278,1.84674,-2.58795,0.120157,1.11674,-1.92479,0.120139,1.0
2455599.538959,0.9244,1.8468,-2.58791,0.120157,1.11671,-1.92486,0.120139,1.0
2455599.546629,0.9321,1.84686,-2.58788,0.120157,1.11668,-1.92492,0.120138,1.0
2455599.5533080003,0.9468,1.84692,-2.58785,0.120157,1.11666,-1.92498,0.120138,1.0
2455599.559998,0.9389,1.84697,-2.58782,0.120157,1.11663,-1.92503,0.120138,1.0
2455599.566398,0.9582,1.84702,-2.58779,0.120157,1.11661,-1.92508,0.120138,1.0
2455599.571498,0.9841,1.84707,-2.58776,0.120157,1.11659,-1.92513,0.120138,1.0
2455599.577268,0.9941,1.84711,-2.58774,0.120156,1.11657,-1.92517,0.120138,1.0
2455599.582357,1.0006,1.84715,-2.58771,0.120156,1.11655,-1.92522,0.120138,1.0
2455599.587497,1.0089,1.8472,-2.5876900000000003,0.120156,1.11653,-1.92526,0.120138,1.0
2455599.592607,1.0314,1.84724,-2.58767,0.120156,1.11651,-1.9253,0.120138,1.0
2455599.598407,1.0362,1.84728,-2.58764,0.120156,1.11649,-1.92535,0.120137,1.0
2455599.6035470003,1.0439,1.84733,-2.5876200000000003,0.120156,1.11647,-1.92539,0.120137,1.0
2455599.6086770003,1.0761,1.84737,-2.58759,0.120156,1.11645,-1.92543,0.120137,1.0
2455599.613807,1.0594,1.84741,-2.58757,0.120156,1.11643,-1.92548,0.120137,1.0
2455599.619606,1.0791,1.84746,-2.58755,0.120156,1.11641,-1.92552,0.120137,1.0
2455599.624736,1.0771,1.8475,-2.58752,0.120156,1.11639,-1.92557,0.120137,1.0
2455599.629896,1.0701,1.84754,-2.5875,0.120155,1.11638,-1.92561,0.120137,1.0
2455599.635026,1.0731,1.84758,-2.58747,0.120155,1.11636,-1.92565,0.120137,1.0
2455599.640816,1.0545,1.84763,-2.58745,0.120155,1.1163299999999998,-1.9257,0.120137,1.0
2455599.645946,1.0477,1.84767,-2.58743,0.120155,1.11632,-1.92574,0.120137,1.0
2455599.651405,1.04,1.84772,-2.5874,0.120155,1.1163,-1.92579,0.120136,1.0
2455599.657675,1.0061,1.84777,-2.58737,0.120155,1.11627,-1.92584,0.120136,1.0
2455599.665655,1.0024,1.84783,-2.58734,0.120155,1.11624,-1.9259,0.120136,1.0
2453792.262003,1.0331,2.40485,-2.18345,0.11596,1.49386,-1.7956900000000002,0.11596,1.0
2453792.267733,0.9967,2.40489,-2.18342,0.11596,1.49385,-1.79574,0.115959,1.0
2453792.2969110003,0.9958,2.40508,-2.18324,0.115957,1.49385,-1.79603,0.115956,1.0
2453792.3032110003,0.9939,2.40512,-2.1832,0.115956,1.49384,-1.7960900000000002,0.115956,1.0
2453792.32042,0.9803,2.40524,-2.1831,0.115955,1.49384,-1.7962599999999995,0.115954,1.0
2453792.33245,0.9509,2.40532,-2.18302,0.115953,1.49384,-1.79638,0.115953,1.0
2453792.33817,0.9885,2.40536,-2.18299,0.115953,1.49383,-1.79643,0.115953,1.0
2453792.350199,1.0494,2.40544,-2.18291,0.115952,1.49383,-1.79655,0.115951,1.0
2453792.355919,1.0068,2.40548,-2.18288,0.115951,1.49383,-1.7966099999999998,0.115951,1.0
2453792.361619,1.0312,2.40552,-2.18284,0.115951,1.49383,-1.79666,0.11595,1.0
2453792.367328,1.0475,2.40556,-2.18281,0.11595,1.49383,-1.79672,0.11595,1.0
2453792.373618,1.036,2.4056,-2.18277,0.115949,1.49382,-1.7967799999999998,0.115949,1.0
2453792.379338,1.0475,2.40564,-2.1827400000000003,0.115949,1.49382,-1.79683,0.115949,1.0
2453792.385068,1.0759,2.40568,-2.1827,0.115948,1.49382,-1.79689,0.115948,1.0
2453792.390817,1.0562,2.40571,-2.18266,0.115948,1.49382,-1.79695,0.115947,1.0
2453792.397117,1.0818,2.40576,-2.18263,0.115947,1.49382,-1.7970099999999998,0.115947,1.0
2453792.402857,1.065,2.40579,-2.1825900000000003,0.115947,1.49382,-1.79706,0.115946,1.0
2453792.408587,1.064,2.40583,-2.18256,0.115946,1.49382,-1.79712,0.115946,1.0
2453792.414326,1.0572,2.40587,-2.18252,0.115946,1.49381,-1.79718,0.115945,1.0
2453792.4206560003,1.0553,2.40591,-2.18248,0.115945,1.49381,-1.7972400000000002,0.115945,1.0
2453792.426386,1.0227,2.40595,-2.18245,0.115944,1.49381,-1.79729,0.115944,1.0
2453792.432126,1.0331,2.40599,-2.18241,0.115944,1.49381,-1.79735,0.115944,1.0
2453792.437875,0.9866,2.40603,-2.18238,0.115943,1.49381,-1.79741,0.115943,1.0
2453792.444165,0.9848,2.40607,-2.18234,0.115943,1.49381,-1.79747,0.115942,1.0
2453792.449875,0.993,2.40611,-2.1823,0.115942,1.4938,-1.79752,0.115942,1.0
2453792.4556150003,0.9776,2.40615,-2.18227,0.115942,1.4938,-1.79758,0.115941,1.0
2453792.461334,0.9589,2.40619,-2.18223,0.115941,1.4938,-1.79764,0.115941,1.0
2453792.467634,0.9466,2.40623,-2.1821900000000003,0.11594000000000003,1.4938,-1.7977,0.11594000000000003,1.0
2453792.479084,0.9216,2.40631,-2.1821200000000003,0.115939,1.4938,-1.79781,0.115939,1.0
2453792.484813,0.9302,2.40635,-2.18209,0.115939,1.4938,-1.79787,0.115939,1.0
2453792.491123,0.909,2.40639,-2.18205,0.115938,1.49379,-1.79793,0.115938,1.0
2453792.4968330003,0.9166,2.40643,-2.18201,0.115938,1.49379,-1.79798,0.11593699999999997,1.0
2453792.502573,0.9267,2.40646,-2.18198,0.11593699999999997,1.49379,-1.79804,0.11593699999999997,1.0
2453792.514632,0.9293,2.40655,-2.18191,0.11593599999999997,1.49379,-1.7981599999999998,0.11593599999999997,1.0
2453792.520362,0.9501,2.40658,-2.18187,0.115935,1.49379,-1.7982200000000002,0.115935,1.0
2453794.2485060003,0.9516,2.41816,-2.17124,0.115769,1.49377,-1.81529,0.115768,1.0
2453794.254216,1.0483,2.4182,-2.17121,0.115768,1.49377,-1.81535,0.115768,1.0
2453794.259945,1.0434,2.41824,-2.17117,0.115768,1.49377,-1.81541,0.115767,1.0
2453794.265635,1.0122,2.41828,-2.1711400000000003,0.115767,1.49377,-1.81546,0.115767,1.0
2453794.2719650003,0.9892,2.41832,-2.1711,0.115767,1.49377,-1.81553,0.115766,1.0
2453794.277675,0.9992,2.41836,-2.17106,0.115766,1.49378,-1.81558,0.115765,1.0
2453794.283404,1.0492,2.4184,-2.17103,0.115766,1.49378,-1.81564,0.115765,1.0
2453794.2891240004,1.0122,2.4184400000000004,-2.17099,0.115765,1.49378,-1.8157,0.115764,1.0
2453794.2954240004,1.0697,2.41848,-2.17096,0.115764,1.49378,-1.81576,0.115764,1.0
2453794.301154,0.9882,2.41852,-2.17092,0.115764,1.49378,-1.81582,0.115763,1.0
2453794.3068830003,1.0113,2.41855,-2.17088,0.115763,1.49378,-1.81587,0.115762,1.0
2453794.312623,0.9956,2.41859,-2.17085,0.115763,1.49378,-1.81593,0.115762,1.0
2453794.318943,0.9534,2.41863,-2.17081,0.115762,1.49378,-1.81599,0.115761,1.0
2453794.3246830003,0.9231,2.41867,-2.17077,0.115762,1.49379,-1.81605,0.115761,1.0
2453794.330402,0.9684,2.41871,-2.1707400000000003,0.115761,1.49379,-1.81611,0.11576,1.0
2453794.336142,1.0131,2.41875,-2.1707,0.11576,1.49379,-1.81617,0.11576,1.0
2453794.342422,0.9658,2.41879,-2.17067,0.11576,1.49379,-1.81623,0.115759,1.0
2453794.348142,0.9283,2.41883,-2.17063,0.115759,1.49379,-1.81628,0.115758,1.0
2453794.353841,0.9516,2.41887,-2.1706,0.115759,1.49379,-1.81634,0.115758,1.0
2453794.359561,0.964,2.41891,-2.17056,0.115758,1.49379,-1.8164,0.115757,1.0
2453794.365851,0.9604,2.41895,-2.17052,0.115758,1.4938,-1.81646,0.115757,1.0
2453794.37158,0.9873,2.41899,-2.17049,0.115757,1.4938,-1.81652,0.115756,1.0
2453794.37729,0.972,2.41902,-2.17045,0.115756,1.4938,-1.81658,0.115756,1.0
2453794.38303,1.0272,2.41906,-2.17042,0.115756,1.4938,-1.81663,0.115755,1.0
2453794.38935,1.0225,2.4191,-2.17038,0.115755,1.4938,-1.8167,0.115754,1.0
2453794.395089,1.0463,2.41914,-2.17034,0.115755,1.4938,-1.81675,0.115754,1.0
2453794.400799,1.0531,2.41918,-2.17031,0.115754,1.4938,-1.81681,0.115753,1.0
2453794.406539,1.0628,2.41922,-2.17027,0.115754,1.49381,-1.81687,0.115753,1.0
2453794.412849,1.0609,2.41926,-2.17023,0.115753,1.49381,-1.81693,0.115752,1.0
2453794.418578,1.0619,2.4193,-2.1702,0.115752,1.49381,-1.81699,0.115752,1.0
2453794.424278,1.0589,2.41934,-2.17016,0.115752,1.49381,-1.81704,0.115751,1.0
2453794.429988,1.0756,2.41938,-2.17013,0.115751,1.49381,-1.8171,0.11575,1.0
2453794.4362580003,1.1088,2.41942,-2.17009,0.115751,1.49381,-1.81716,0.11575,1.0
2453794.441967,1.0668,2.41946,-2.17005,0.11575,1.49382,-1.81722,0.115749,1.0
2453794.447697,1.0599,2.41949,-2.17002,0.11575,1.49382,-1.81728,0.115749,1.0
2453794.453417,1.0806,2.41953,-2.16998,0.115749,1.49382,-1.81733,0.115748,1.0
2453794.459716,1.0687,2.41957,-2.16994,0.115748,1.49382,-1.8174,0.115748,1.0
2453794.465426,0.9965,2.41961,-2.16991,0.115748,1.49382,-1.81745,0.115747,1.0
2453794.476866,1.0048,2.41969,-2.16984,0.115747,1.49383,-1.81757,0.115746,1.0
2453794.483175,1.0048,2.41973,-2.1698,0.115746,1.49383,-1.81763,0.115745,1.0
2453794.488915,0.9873,2.41977,-2.16976,0.115746,1.49383,-1.81769,0.115745,1.0
2453794.494645,0.9394,2.41981,-2.16973,0.115745,1.49383,-1.81775,0.115744,1.0
2453794.500375,0.9783,2.41985,-2.16969,0.115744,1.49383,-1.8178,0.115744,1.0
2453794.506684,0.9783,2.41989,-2.16965,0.115744,1.49383,-1.81787,0.115743,1.0
2453794.512424,0.9325,2.41993,-2.16962,0.115743,1.49384,-1.81792,0.115742,1.0
2453794.518144,0.9587,2.41996,-2.16958,0.115743,1.49384,-1.81798,0.115742,1.0
2453794.523864,0.9965,2.42,-2.16955,0.115742,1.49384,-1.81804,0.115741,1.0
2453794.530153,0.9429,2.42005,-2.16951,0.115742,1.49384,-1.8181,0.115741,1.0
2453794.535873,0.9516,2.42008,-2.16947,0.115741,1.49384,-1.81816,0.11574,1.0
2453794.541623,0.981,2.4201200000000003,-2.1694400000000003,0.11574,1.49384,-1.81822,0.11574,1.0
2453794.547362,0.9046,2.42016,-2.1694,0.11574,1.49385,-1.81827,0.115739,1.0
2453794.553682,0.9386,2.4202,-2.16936,0.115739,1.49385,-1.81834,0.115738,1.0
2453794.559412,0.9377,2.42024,-2.16933,0.115739,1.49385,-1.81839,0.115738,1.0
2453794.565132,0.9928,2.42028,-2.16929,0.115738,1.49385,-1.81845,0.115737,1.0
2453794.570851,1.0002,2.42032,-2.16926,0.115738,1.49385,-1.81851,0.115737,1.0
2453794.577171,0.9864,2.42036,-2.16922,0.115737,1.49385,-1.81857,0.115736,1.0
2453794.5828810004,0.9756,2.4204,-2.16918,0.115736,1.49386,-1.81863,0.115736,1.0
2453379.311821,0.9759,-1.35087,-2.40731,0.0594582,-1.66432,-1.47508,0.0594451,1.0
2453379.318621,0.9849,-1.35081,-2.40735,0.0594607,-1.66437,-1.47516,0.0594476,1.0
2453379.32547,1.019,-1.35075,-2.4074,0.0594632,-1.66443,-1.47524,0.0594501,1.0
2453379.33291,1.0313,-1.35068,-2.40744,0.0594659,-1.66448,-1.47532,0.0594528,1.0
2453379.339769,1.0859,-1.3506200000000002,-2.40749,0.0594684,-1.66454,-1.4754,0.0594553,1.0
2453379.346598,1.1132,-1.35056,-2.40753,0.05947080000000001,-1.6645900000000002,-1.47549,0.0594578,1.0
2453379.3540580003,1.1102,-1.3505,-2.40757,0.0594735,-1.66465,-1.47557,0.0594605,1.0
2453379.360917,1.1444,-1.35044,-2.40762,0.059476,-1.6647,-1.47565,0.059463,1.0
2453379.367757,1.136,-1.35038,-2.40766,0.0594785,-1.6647599999999998,-1.47573,0.0594654,1.0
2453379.3751560003,1.1184,-1.35031,-2.40771,0.0594812,-1.66482,-1.47582,0.0594681,1.0
2453379.382086,1.072,-1.35025,-2.40775,0.0594837,-1.66487,-1.4759,0.0594706,1.0
2453379.388905,1.0859,-1.35019,-2.4077900000000003,0.0594862,-1.6649200000000002,-1.4759799999999998,0.0594731,1.0
2453379.3963240003,1.0476,-1.3501299999999998,-2.40784,0.0594889,-1.66498,-1.47607,0.0594758,1.0
2453379.403154,1.0051,-1.35007,-2.40788,0.0594913,-1.66504,-1.47615,0.05947830000000001,1.0
2453379.424262,0.9759,-1.34988,-2.40801,0.059499,-1.6652,-1.4764,0.0594859,1.0
2453379.431092,0.9049,-1.34983,-2.40805,0.0595015,-1.66526,-1.47648,0.0594884,1.0
2453379.438521,0.8867,-1.34976,-2.4081,0.0595041,-1.6653099999999998,-1.4765700000000002,0.059491099999999984,1.0
2453379.445351,0.8754,-1.3497,-2.40814,0.0595066,-1.66537,-1.47665,0.0594936,1.0
2453379.45217,0.9166,-1.34964,-2.40818,0.0595091,-1.66542,-1.47673,0.0594961,1.0
2453379.459599,0.8786,-1.34958,-2.40823,0.0595118,-1.6654799999999998,-1.47682,0.0594988,1.0
2453379.466449,0.9132,-1.34952,-2.40827,0.05951430000000001,-1.66553,-1.4769,0.0595012,1.0
2453379.473278,0.8746,-1.34946,-2.40832,0.059516699999999985,-1.66559,-1.47698,0.059503699999999986,1.0
2453379.480668,0.8916,-1.34939,-2.40836,0.059519399999999986,-1.66565,-1.47707,0.0595064,1.0
2453379.487477,0.9528,-1.34933,-2.4084,0.0595219,-1.6657,-1.47715,0.0595089,1.0
2453380.223269,1.0053,-1.3429,-2.41297,0.0597883,-1.67144,-1.48591,0.0597755,1.0
2453380.230088,1.0421,-1.34284,-2.41301,0.0597907,-1.67149,-1.48599,0.059778,1.0
2453380.236928,1.025,-1.34278,-2.41305,0.05979320000000001,-1.67155,-1.48607,0.0597804,1.0
2453380.244387,1.0269,-1.34272,-2.4131,0.05979590000000001,-1.6716,-1.48616,0.0597831,1.0
2453380.2512270003,0.9961,-1.34266,-2.4131400000000003,0.0597984,-1.67166,-1.48624,0.0597856,1.0
2453380.2580560003,0.9815,-1.3426,-2.41318,0.0598009,-1.6717099999999998,-1.48633,0.0597881,1.0
2453380.265525,0.9943,-1.34253,-2.41323,0.059803599999999985,-1.67177,-1.48642,0.0597908,1.0
2453380.272335,0.9925,-1.34247,-2.41327,0.059805999999999984,-1.67182,-1.4865,0.0597933,1.0
2453380.279164,0.9619,-1.34241,-2.41331,0.0598085,-1.67187,-1.48658,0.0597957,1.0
2453380.286614,0.9943,-1.34235,-2.41336,0.0598112,-1.67193,-1.4866700000000002,0.0597984,1.0
2453380.293413,0.9539,-1.34229,-2.4134,0.0598137,-1.67198,-1.48675,0.0598009,1.0
2453380.300263,0.9382,-1.34223,-2.41344,0.0598161,-1.6720400000000002,-1.48683,0.0598034,1.0
2453380.307642,0.9313,-1.34216,-2.4134900000000004,0.0598188,-1.67209,-1.48692,0.059805999999999984,1.0
2453380.314452,0.946,-1.3421,-2.41353,0.059821300000000015,-1.67215,-1.487,0.0598085,1.0
2453380.321281,0.9557,-1.34204,-2.41357,0.0598237,-1.6722,-1.48709,0.059811,1.0
2453380.32871,0.9852,-1.34198,-2.41362,0.0598264,-1.67226,-1.48717,0.0598137,1.0
2453380.33552,1.0007,-1.34192,-2.41366,0.0598289,-1.67231,-1.48726,0.0598161,1.0
2453380.342359,1.0344,-1.34186,-2.41371,0.0598314,-1.6723599999999998,-1.48734,0.05981860000000001,1.0
2453380.349819,1.0118,-1.34179,-2.41375,0.05983400000000001,-1.67242,-1.48743,0.059821300000000015,1.0
2453380.356638,1.0792,-1.34173,-2.41379,0.0598365,-1.67247,-1.48751,0.0598238,1.0
2453380.363448,1.0922,-1.34167,-2.41384,0.059839,-1.67253,-1.48759,0.0598262,1.0
2453380.370907,1.1458,-1.34161,-2.41388,0.05984169999999999,-1.67258,-1.48768,0.0598289,1.0
2453380.377746,1.1714,-1.34155,-2.41392,0.0598441,-1.67264,-1.48777,0.0598314,1.0
2453380.384566,1.1197,-1.34149,-2.41397,0.0598466,-1.6726900000000002,-1.48785,0.0598339,1.0
2453380.3920150003,1.1671,-1.34142,-2.41401,0.059849300000000015,-1.67275,-1.48794,0.0598366,1.0
2453380.398855,1.1458,-1.34136,-2.41405,0.0598518,-1.6728,-1.48802,0.059839,1.0
2453380.4056740003,1.1003,-1.3413,-2.4141,0.05985419999999999,-1.67285,-1.4881,0.0598415,1.0
2453380.413044,1.0693,-1.34124,-2.41414,0.0598569,-1.67291,-1.48819,0.0598442,1.0
2453380.419863,1.0278,-1.3411799999999998,-2.41418,0.059859400000000014,-1.6729599999999998,-1.48827,0.0598467,1.0
2453380.426663,1.0007,-1.34112,-2.41423,0.059861800000000014,-1.6730200000000002,-1.48835,0.0598491,1.0
2453380.434102,0.9313,-1.34106,-2.41427,0.0598645,-1.67307,-1.48844,0.0598518,1.0
2453380.440901,0.9211,-1.341,-2.41431,0.059867,-1.67313,-1.48853,0.0598543,1.0
2453380.447741,0.901,-1.34094,-2.41436,0.05986950000000001,-1.67318,-1.48861,0.0598567,1.0
2453380.45519,0.8748,-1.34087,-2.4144,0.0598722,-1.67324,-1.4887,0.059859400000000014,1.0
2453380.46202,0.878,-1.34081,-2.41445,0.0598746,-1.6732900000000002,-1.48878,0.0598619,1.0
2453380.468839,0.8604,-1.34075,-2.41449,0.0598771,-1.67334,-1.48886,0.0598644,1.0
2453380.476299,0.8740000000000001,-1.34069,-2.41453,0.0598798,-1.6734,-1.48895,0.059867099999999986,1.0
2453380.483128,0.8628,-1.34063,-2.41458,0.0598823,-1.67345,-1.48904,0.05986950000000001,1.0
2445590.281811,0.9820652,-2.60911471,0.15961362,-0.050566900000000005,-1.619062,-0.02086283,-0.05057384,1.0
2445590.290769,0.9856898,-2.60912027,0.15951279999999998,-0.05056357,-1.61904245,-0.02081259,-0.0505705,1.0
2445590.292769,0.9829701,-2.60912151,0.15949029,-0.05056282,-1.61903809,-0.02080138,-0.05056976,1.0
2445590.293686,0.9865981,-2.60912208,0.15947997,-0.05056248,-1.61903609,-0.02079623,-0.05056941,1.0
2445590.295602,0.9829701,-2.60912327,0.15945839999999994,-0.05056177,-1.61903191,-0.02078549,-0.0505687,1.0
2445590.296686,0.9721657,-2.60912394,0.1594462,-0.05056137,-1.61902955,-0.02077941,-0.0505683,1.0
2445590.317602,1.031194,-2.60913691,0.1592108,-0.05055358,-1.61898401,-0.0206621,-0.05056049,1.0
2445590.319311,1.005866,-2.60913797,0.15919157,-0.05055295,-1.6189803,-0.02065251,-0.05055986,1.0
2445590.321727,1.003091,-2.60913947,0.15916437,-0.05055205,-1.61897504,-0.02063896,-0.05055895,1.0
2445590.323394,1.0012450000000002,-2.6091405,0.15914561,-0.05055143,-1.61897142,-0.02062961,-0.05055833,1.0
2445590.347312,1.000323,-2.6091553,0.15887643,-0.05054253,-1.61891951,-0.02049543,-0.05054941,1.0
2445590.374853,0.995727,-2.60917231,0.15856646,-0.05053227,-1.61885991,-0.02034088,-0.05053913,1.0
2445590.37552,0.9994022,-2.60917272,0.15855896,-0.05053203,-1.61885847,-0.02033714,-0.05053889,1.0
2445590.379187,1.0012450000000002,-2.60917498,0.15851769,-0.05053066,-1.61885055,-0.02031656,-0.05053752,1.0
2445590.37977,1.01144,-2.60917534,0.15851112,-0.05053044,-1.61884929,-0.02031329,-0.050537300000000014,1.0
2445590.38127,1.00865,-2.60917627,0.15849424,-0.05052989,-1.61884605,-0.02030487,-0.05053674,1.0
2445590.3957700003,0.9938945,-2.60918521,0.15833105,-0.05052449,-1.61881477,-0.02022348,-0.05053133,1.0
2445590.398103,0.9884172,-2.60918664,0.15830479,-0.05052362,-1.61880974,-0.02021039,-0.05053046,1.0
2445590.4012700003,1.006793,-2.6091886000000004,0.15826914,-0.05052244,-1.61880292,-0.02019261,-0.05052928,1.0
2445590.401603,1.006793,-2.6091888,0.1582654,-0.05052232,-1.6188022,-0.02019074,-0.05052915,1.0
2445590.421438,0.9966445,-2.60920101,0.15804217,-0.05051493,-1.61875952,-0.02007939,-0.05052175,1.0
2445590.4224380003,0.9994022,-2.60920162,0.15803091,-0.05051456,-1.61875738,-0.02007378,-0.05052138,1.0
2445590.424063,1.0123719999999998,-2.60920262,0.15801262,-0.05051396,-1.61875388,-0.02006465,-0.05052077,1.0
2445590.436021,1.017982,-2.60920997,0.15787803,-0.05050951,-1.61872821,-0.01999751,-0.05051631,1.0
2445590.436354,1.0123719999999998,-2.60921018,0.15787429,-0.05050938,-1.61872749,-0.01999564,-0.05051619,1.0
2445590.437438,1.022681,-2.60921084,0.15786209,-0.05050898,-1.61872517,-0.01998955,-0.05051578,1.0
2445590.440188,1.017982,-2.60921253,0.15783113,-0.05050795,-1.61871927,-0.01997411,-0.05051476,1.0
2445590.443188,1.017982,-2.60921438,0.15779737,-0.05050684,-1.61871284,-0.01995727,-0.05051364,1.0
2445590.452396,1.029296,-2.60922003,0.15769373,-0.05050341,-1.6186931,-0.01990556,-0.0505102,1.0
2445590.452479,1.026456,-2.60922008,0.1576928,-0.05050338,-1.61869293,-0.01990509,-0.05051017,1.0
2445590.453813,1.033095,-2.6092209,0.15767778,-0.05050288,-1.61869007,-0.0198976,-0.05050967,1.0
2445590.470479,1.045539,-2.60923112,0.15749021,-0.05049668,-1.61865441,-0.01980399,-0.05050345,1.0
2445590.4727290003,1.0426540000000002,-2.6092325,0.15746488,-0.05049584,-1.61864961,-0.01979136,-0.05050261,1.0
2445590.473479,1.034047,-2.60923296,0.15745644,-0.05049556,-1.618648,-0.01978714,-0.05050233,1.0
2445590.474479,1.0302440000000002,-2.60923357,0.15744519,-0.05049519,-1.61864587,-0.01978153,-0.05050196,1.0
2445590.476271,1.027402,-2.60923467,0.15742502,-0.05049452,-1.61864204,-0.01977146,-0.05050129,1.0
2445590.48998,1.032144,-2.60924306,0.15727073,-0.05048942,-1.61861278,-0.01969446,-0.05049617,1.0
2445590.490814,1.03882,-2.60924357,0.15726135,-0.05048911,-1.61861101,-0.01968977,-0.05049586,1.0
2445590.49198,1.0426540000000002,-2.60924429,0.15724822,-0.05048867,-1.61860852,-0.01968322,-0.05049543,1.0
2445590.515064,1.00494,-2.6092584,0.15698841,-0.05048008,-1.61855937,-0.01955352,-0.05048681,1.0
2445590.5180220003,1.000323,-2.60926021,0.15695511,-0.05047898,-1.61855308,-0.019536900000000003,-0.05048571,1.0
2445590.53398,0.9784537,-2.60926995,0.1567755,-0.05047303,-1.61851919,-0.01944723,-0.05047975,1.0
2445590.53648,0.9757539,-2.60927148,0.15674736,-0.0504721,-1.61851388,-0.01943318,-0.05047882,1.0
2445590.539105,0.9721657,-2.60927308,0.15671782,-0.05047113,-1.61850832,-0.01941842,-0.05047784,1.0
2445590.556314,0.9748556,-2.60928357,0.15652413,-0.05046472,-1.61847186,-0.0193217,-0.05047142,1.0
2445590.556564,0.9712707,-2.60928372,0.15652131,-0.05046463,-1.61847133,-0.01932029,-0.05047132,1.0
2445590.55698,0.9775529,-2.60928398,0.15651663,-0.05046447,-1.61847045,-0.01931795,-0.05047117,1.0
2445590.55823,0.9757539,-2.60928474,0.15650256,-0.05046401,-1.61846781,-0.01931093,-0.0504707,1.0
2445590.559689,0.9748556,-2.60928563,0.15648614,-0.05046346,-1.61846472,-0.01930273,-0.05047016,1.0
2445590.577481,0.962366,-2.60929646,0.1562859,-0.05045684,-1.61842712,-0.01920271,-0.05046352,1.0
2445590.579523,0.9703766,-2.6092977000000004,0.15626291,-0.05045608,-1.61842281,-0.01919123,-0.05046275,1.0
2445590.579773,0.9597106,-2.60929785,0.1562601,-0.05045598,-1.61842228,-0.01918983,-0.05046266,1.0
2445590.582023,0.9694832,-2.60929922,0.15623477,-0.05045515,-1.61841754,-0.01917718,-0.05046182,1.0
2445590.58219,0.9659181,-2.60929932,0.15623289,-0.05045508,-1.61841718,-0.01917624,-0.05046176,1.0
2445590.620231,0.9820652,-2.60932242,0.15580473,-0.05044092,-1.61833709,-0.01896233,-0.05044756,1.0
2445590.621356,0.9847824,-2.6093231,0.15579206,-0.0504405,-1.61833473,-0.018956,-0.05044714,1.0
2445590.624356,0.9730615,-2.60932492,0.1557583,-0.05043938,-1.61832843,-0.01893913,-0.05044602,1.0
2445590.308394,1.003215,-2.6091312,0.15931443,-0.05055701,-1.61900405,-0.02071374,-0.05056393,1.0
2445590.308561,1.026583,-2.60913131,0.15931255,-0.05055695,-1.61900368,-0.02071281,-0.05056387,1.0
2445590.312769,1.019047,-2.60913392,0.15926519,-0.05055538,-1.61899452,-0.0206892,-0.0505623,1.0
2445590.314561,1.027529,-2.60913503,0.15924503,-0.05055471,-1.61899063,-0.02067915,-0.05056163,1.0
2445590.316269,1.014365,-2.60913608,0.15922579999999995,-0.05055408,-1.61898691,-0.02066957,-0.05056099,1.0
2445590.316977,0.9976865,-2.60913652,0.15921783,-0.05055382,-1.61898537,-0.0206656,-0.05056073,1.0
2445590.320227,1.000447,-2.60913854,0.15918126,-0.05055261,-1.6189783000000002,-0.02064737,-0.05055951,1.0
2445590.3213110003,1.032272,-2.60913921,0.15916906,-0.0505522,-1.61897595,-0.02064129,-0.05055911,1.0
2445590.322186,1.027529,-2.60913975,0.15915921,-0.05055188,-1.61897405,-0.02063638,-0.05055878,1.0
2445590.325852,1.033223,-2.60914202,0.15911795,-0.05055051,-1.61896608,-0.02061582,-0.05055742,1.0
2445590.327561,1.022808,-2.60914308,0.15909871,-0.05054988,-1.61896237,-0.02060623,-0.05055678,1.0
2445590.357603,1.026583,-2.60916166,0.15876061,-0.050538699999999985,-1.61889722,-0.02043768,-0.05054557,1.0
2445590.36102,1.010635,-2.60916377,0.15872215,-0.05053742,-1.61888982,-0.02041851,-0.050544300000000014,1.0
2445590.376937,0.9976865,-2.60917359,0.15854301,-0.0505315,-1.61885541,-0.02032919,-0.05053836,1.0
2445590.378312,0.9921883,-2.60917444,0.15852753,-0.05053099,-1.61885244,-0.02032147,-0.05053784,1.0
2445590.380978,0.9903623,-2.60917609,0.15849753,-0.05052999,-1.61884668,-0.02030651,-0.05053685,1.0
2445590.381145,0.9931026,-2.60917619,0.15849565,-0.05052993,-1.61884632,-0.02030557,-0.05053679,1.0
2445590.382312,0.9958504,-2.60917691,0.15848251,-0.050529500000000005,-1.6188438,-0.02029902,-0.05053635,1.0
2445590.397312,0.9921883,-2.60918616,0.15831369,-0.05052391,-1.61881145,-0.02021483,-0.05053075,1.0
2445590.397645,0.996768,-2.60918636,0.15830994,-0.05052379,-1.61881073,-0.02021296,-0.05053063,1.0
2445590.399853,1.003215,-2.60918772,0.15828509,-0.05052297,-1.61880597,-0.02020056,-0.05052981,1.0
2445590.400895,1.005065,-2.60918836,0.15827336,-0.05052258,-1.61880373,-0.02019471,-0.05052942,1.0
2445590.401395,1.000447,-2.60918867,0.15826774,-0.05052239,-1.61880265,-0.02019191,-0.05052923,1.0
2445590.421438,1.00414,-2.60920101,0.15804217,-0.05051493,-1.61875952,-0.02007939,-0.05052175,1.0
2445590.440688,1.026583,-2.60921284,0.15782551,-0.05050777,-1.6187182,-0.0199713,-0.05051457,1.0
2445590.442063,1.028476,-2.60921368,0.15781003,-0.05050726,-1.61871525,-0.01996358,-0.05051406,1.0
2445590.442563,1.02375,-2.60921399,0.15780439999999998,-0.05050707,-1.61871418,-0.01996077,-0.05051387,1.0
2445590.461813,1.041823,-2.60922581,0.15758774,-0.0504999,-1.61867295,-0.01985267,-0.05050669,1.0
2445590.462563,1.053402,-2.60922627,0.15757929999999998,-0.05049962,-1.61867134,-0.01984846,-0.05050641,1.0
2445590.465479,1.035128,-2.60922805,0.15754648,-0.05049854,-1.6186651,-0.01983208,-0.05050532,1.0
2445590.467188,1.0514629999999998,-2.6092291000000003,0.15752725,-0.050497900000000005,-1.61866145,-0.01982248,-0.05050468,1.0
2445590.479938,1.018109,-2.60923691,0.15738375,-0.05049316,-1.61863421,-0.01975086,-0.05049992,1.0
2445590.480896,1.026583,-2.6092375,0.15737296,-0.0504928,-1.61863216,-0.01974548,-0.05049956,1.0
2445590.482104,1.0303719999999998,-2.60923824,0.15735937,-0.05049235,-1.61862959,-0.0197387,-0.05049911,1.0
2445590.484396,1.019047,-2.60923965,0.15733357,-0.0504915,-1.61862469,-0.01972582,-0.05049826,1.0
2445590.484896,1.013431,-2.60923995,0.15732794,-0.05049131,-1.61862363,-0.01972301,-0.05049807,1.0
2445590.50623,1.016235,-2.609253,0.15708784,-0.05048337,-1.61857816,-0.01960316,-0.05049011,1.0
2445590.50748,1.019986,-2.60925377,0.15707377,-0.0504829,-1.6185755,-0.01959614,-0.05048964,1.0
2445590.509022,1.018109,-2.60925471,0.15705641,-0.05048233,-1.61857222,-0.01958747,-0.05048907,1.0
2445590.511105,1.00414,-2.60925598,0.15703297,-0.05048155,-1.61856779,-0.01957577,-0.05048829,1.0
2445590.512397,0.9912749,-2.60925677,0.15701842,-0.05048107,-1.61856504,-0.01956851,-0.05048781,1.0
2445590.526939,0.9821868,-2.60926566,0.15685475,-0.05047566,-1.61853413,-0.01948679,-0.05048238,1.0
2445590.529897,0.9696033000000002,-2.60926746,0.15682146,-0.05047456,-1.61852785,-0.01947017,-0.05048128,1.0
2445590.530855,0.978575,-2.60926805,0.15681068,-0.0504742,-1.61852582,-0.01946479,-0.05048092,1.0
2445590.53248,0.9867204,-2.60926904,0.15679239,-0.05047359,-1.61852237,-0.01945566,-0.05048031,1.0
2445590.552939,0.9696033000000002,-2.60928151,0.15656211,-0.05046598,-1.61847901,-0.01934067,-0.05047268,1.0
2445590.553189,0.9669279,-2.60928167,0.15655929999999998,-0.05046588,-1.61847848,-0.01933926,-0.05047258,1.0
2445590.555939,0.9562999,-2.60928334,0.15652835,-0.05046486,-1.61847266,-0.01932381,-0.05047156,1.0
2445590.556772,0.9580631,-2.60928385,0.15651897,-0.05046455,-1.61847089,-0.01931912,-0.05047125,1.0
2445590.5781900003,0.9589459,-2.60929689,0.15627792,-0.05045657,-1.61842563,-0.01919873,-0.05046325,1.0
2445590.5791060003,0.9562999,-2.60929744,0.15626761,-0.05045623,-1.61842369,-0.01919358,-0.05046291,1.0
2445590.580565,0.9633722,-2.60929833,0.15625118,-0.05045569,-1.61842061,-0.01918537,-0.05046236,1.0
2445590.5823560003,0.9696033000000002,-2.60929942,0.15623103,-0.05045502,-1.61841683,-0.0191753,-0.0504617,1.0
2445590.595606,0.9794767,-2.60930747,0.15608189,-0.05045009,-1.6183889,-0.01910081,-0.05045675,1.0
2445590.596898,0.9776741,-2.60930826,0.15606735,-0.05044961,-1.61838618,-0.01909354,-0.05045627,1.0
2445590.597773,0.9660378,-2.60930879,0.15605750000000002,-0.05044928,-1.61838433,-0.01908862,-0.05045594,1.0
2445590.599648,0.9651484,-2.60930993,0.1560364,-0.05044858,-1.61838038,-0.01907808,-0.05045524,1.0
2445590.6011900003,0.9731821,-2.60931087,0.15601904,-0.05044801,-1.61837714,-0.01906941,-0.05045467,1.0
2445590.6149810003,0.9940176,-2.60931924,0.15586382,-0.05044287,-1.61834813,-0.01899185,-0.05044952,1.0
2445590.617106,0.9903623,-2.60932053,0.15583989999999998,-0.05044208,-1.61834366,-0.0189799,-0.05044872,1.0
2445590.618065,0.9749764,-2.60932111,0.15582911,-0.05044172,-1.61834165,-0.01897451,-0.05044837,1.0
2445590.618315,0.9669279,-2.60932126,0.15582629,-0.05044163,-1.61834112,-0.0189731,-0.05044827,1.0
2445590.619773,0.9651484,-2.60932214,0.15580988,-0.05044109,-1.61833806,-0.0189649,-0.05044773,1.0
2455541.72562,0.9762461,1.35052727,-2.80935789,0.11934946,1.54009903,-1.8430492,0.11933814,1.0
2455541.73988,0.943538,1.35065563,-2.80931409,0.11935013,1.53998265,-1.84295913,0.11933881,1.0
2455541.74453,0.9348876,1.35069748,-2.8092998,0.11935035,1.53994469,-1.84292977,0.11933903,1.0
2455541.7530400003,0.9340269,1.35077408,-2.80927366,0.11935075,1.53987523,-1.84287605,0.11933943,1.0
2455541.7577,0.9444074,1.35081602,-2.80925934,0.11935097,1.53983719,-1.84284664,0.11933965,1.0
2455541.76235,0.9505158,1.35085788,-2.80924505,0.11935119,1.53979923,-1.84281731,0.11933987,1.0
2455541.76622,0.9444074,1.35089271,-2.80923316,0.11935137,1.53976764,-1.84279289,0.11934005,1.0
2455541.77009,0.9366112,1.35092754,-2.80922127,0.11935155,1.53973605,-1.84276849,0.11934023,1.0
2455541.77396,0.9628517,1.35096237,-2.80920938,0.11935173,1.53970445,-1.84274408,0.11934042,1.0
2455541.7793900003,0.9593108,1.35101125,-2.8091927000000005,0.11935199,1.53966012,-1.84270985,0.11934067,1.0
2455541.78636,0.9531459,1.35107398,-2.80917128,0.11935232,1.53960321,-1.84266592,0.119341,1.0
2455541.79256,0.9708661,1.35112978,-2.80915222,0.11935261,1.53955258,-1.84262685,0.11934129,1.0
2455541.79876,0.9816561,1.35118558,-2.80913317,0.1193529,1.53950196,-1.84258779,0.11934158,1.0
2455541.80263,0.9771458,1.35122041,-2.80912127,0.11935308,1.53947035,-1.84256342,0.11934176,1.0
2455541.8065,1.002673,1.35125524,-2.80910938,0.11935326,1.53943875,-1.84253905,0.11934195,1.0
2455541.81115,0.9925658000000002,1.35129709,-2.80909508,0.11935348,1.53940077,-1.84250977,0.11934217,1.0
2455541.81735,0.9889159,1.35135289,-2.80907603,0.11935377,1.53935014,-1.84247075,0.11934246,1.0
2455541.8251,1.003597,1.35142264,-2.8090522,0.11935414,1.53928684,-1.84242198,0.11934282,1.0
2455541.83053,1.005447,1.35147151,-2.80903551,0.11935439,1.53924249,-1.84238782,0.11934308,1.0
2455541.83672,1.003597,1.35152722,-2.80901648,0.11935468,1.53919192,-1.84234889,0.11934337,1.0
2455541.84137,0.9916521,1.35156907,-2.80900218,0.1193549,1.53915394,-1.84231965,0.11934359,1.0
2455541.84524,0.9916521,1.3516039,-2.80899028,0.11935509,1.53912232,-1.84229532,0.11934377,1.0
2455541.84989,0.9889159,1.35164575,-2.80897598,0.1193553,1.53908433,-1.8422661,0.11934399,1.0
2455541.85532,0.9735524,1.35169461,-2.80895929,0.11935556,1.53903997,-1.84223198,0.11934424,1.0
2455541.8607400004,0.9798495,1.35174339,-2.80894262,0.11935581,1.53899569,-1.84219792,0.11934449,1.0
2455541.86926,0.9780462,1.35182007,-2.80891642,0.11935621,1.53892607,-1.84214441,0.11934489,1.0
2455541.8731400003,0.9807523,1.35185498,-2.80890449,0.11935639,1.53889437,-1.84212005,0.11934508,1.0
2455541.87933,0.9825606,1.35191069,-2.80888545,0.11935669,1.53884379,-1.84208119,0.11934537,1.0
2455541.8832,0.9843722,1.35194552,-2.80887354,0.11935687,1.53881216,-1.8420569,0.11934555,1.0
2455541.88863,0.9762461,1.35199438,-2.80885684,0.11935712,1.53876779,-1.84202283,0.1193458,1.0
2455541.89405,0.9646268,1.35204316,-2.80884017,0.11935738,1.53872349,-1.84198883,0.11934606,1.0
2455541.90334,0.9655157,1.35212676,-2.80881159,0.11935781,1.53864756,-1.84193057,0.11934649,1.0
2455541.91341,0.9513917,1.35221737,-2.80878061,0.11935828,1.53856525,-1.84186744,0.11934697,1.0
2455541.91728,0.943538,1.3522522,-2.80876871,0.11935846,1.53853362,-1.84184319,0.11934715,1.0
2455541.92193,0.9366112,1.35229404,-2.8087544,0.11935868,1.53849561,-1.84181405,0.11934737,1.0
2455541.92813,0.9280244,1.35234983,-2.80873532,0.11935897,1.53844492,-1.84177521,0.11934766,1.0
2455541.93355,0.9374742,1.3523986,-2.80871864,0.11935923,1.53840061,-1.84174127,0.11934791,1.0
2455541.94129,0.9505158,1.35246825,-2.80869483,0.11935959,1.53833733,-1.84169281,0.11934827,1.0
2455541.94827,0.9708661,1.35253106,-2.80867335,0.11935992,1.53828026,-1.84164912,0.1193486,1.0
2455541.9536900003,0.983466,1.35257983,-2.80865666,0.11936017,1.53823594,-1.84161521,0.11934885,1.0
2455541.95989,1.000828,1.35263562,-2.80863758,0.11936046,1.53818524,-1.84157642,0.11934914,1.0
2455541.96453,1.022255,1.35267737,-2.8086233,0.11936068,1.5381473,-1.8415474,0.11934936,1.0
2455541.96918,1.029815,1.35271921,-2.80860899,0.1193609,1.53810927,-1.84151833,0.11934958,1.0
2455541.97538,1.046067,1.352775,-2.8085899,0.11936119,1.53805857,-1.84147957,0.11934987,1.0
2455541.97925,1.057692,1.35280982,-2.80857799,0.11936137,1.53802691,-1.84145538,0.11935005,1.0
2455541.98313,1.073394,1.35284473,-2.80856604,0.11936155,1.53799518,-1.84143113,0.11935023,1.0
2455541.98777,1.061596,1.35288648,-2.80855176,0.11936177,1.53795723,-1.84140214,0.11935045,1.0
2455541.99165,1.070433,1.35292139,-2.80853981,0.11936195,1.53792549,-1.84137791,0.11935063,1.0
2455541.99552,1.073394,1.35295621,-2.8085279,0.11936213,1.53789384,-1.84135374,0.11935081,1.0
2455541.99939,1.091338,1.35299103,-2.80851598,0.11936231,1.53786218,-1.84132957,0.11935099,1.0
2455542.00326,1.101436,1.35302586,-2.80850407,0.11936249,1.53783052,-1.84130541,0.11935117,1.0
2455542.0071400004,1.1065200000000002,1.35306077,-2.80849212,0.11936267,1.53779878,-1.84128119,0.11935136,1.0
2455542.01101,1.084325,1.35309559,-2.8084802000000004,0.11936285,1.53776712,-1.84125703,0.11935154,1.0
2455542.01566,1.097386,1.35313742,-2.80846589,0.11936307,1.53772908,-1.84122802,0.11935175,1.0
2455542.02031,1.091338,1.35317926,-2.80845157,0.11936329,1.53769103,-1.8411990000000005,0.11935197,1.0
2455542.02495,1.087325,1.35322101,-2.80843728,0.11936351,1.53765307,-1.84117006,0.11935219,1.0
2455542.0296,1.076364,1.35326285,-2.80842296,0.11936372,1.53761502,-1.84114106,0.11935241,1.0
2455542.03348,1.078349,1.35329776,-2.80841101,0.1193639,1.53758327,-1.84111687,0.11935259,1.0
2455542.03735,1.056719,1.35333257,-2.80839909,0.11936408,1.53755161,-1.84109274,0.11935277,1.0
2455542.04277,1.0184959999999998,1.35338134,-2.80838239,0.11936434,1.53750725,-1.84105896,0.11935302,1.0
2455548.7075400003,0.9555078,1.41304911,-2.78724858,0.11964998,1.48166538,-1.80562105,0.1196388,1.0
2455548.71451,0.9581516,1.4131112,-2.78722584,0.11965025,1.48160589,-1.80559042,0.11963907,1.0
2455548.72071,0.987721,1.41316643,-2.78720562,0.1196505,1.48155298,-1.80556318,0.11963932,1.0
2455548.72614,0.9904539,1.4132148000000002,-2.78718791,0.11965071,1.48150663,-1.80553933,0.11963953,1.0
2455548.73001,0.9968602,1.41324927,-2.78717528,0.11965086,1.4814736000000002,-1.80552234,0.11963968,1.0
2455548.73544,1.025733,1.41329764,-2.78715757,0.11965107,1.48142725,-1.8054985,0.11963989,1.0
2455548.74086,1.044803,1.41334592,-2.78713989,0.11965128,1.48138099,-1.80547472,0.1196401,1.0
2455548.74939,1.052529,1.4134219,-2.78711206,0.11965161,1.48130818,-1.80543731,0.11964043,1.0
2455548.76333,1.085011,1.41354607,-2.78706658,0.11965216,1.48118919,-1.80537622,0.11964098,1.0
2455548.76798,1.084012,1.41358749,-2.7870514,0.11965234,1.48114949,-1.80535585,0.11964116,1.0
2455548.7765,1.086011,1.41366338,-2.7870236,0.11965267,1.48107676,-1.80531855,0.11964149,1.0
2455548.7850200003,1.094043,1.41373926,-2.7869958,0.119653,1.48100402,-1.80528127,0.11964182,1.0
2455548.79587,1.094043,1.4138358999999998,-2.78696039,0.11965342,1.48091139,-1.80523382,0.11964224,1.0
2455548.80284,1.07111,1.41389798,-2.78693764,0.11965369,1.48085189,-1.80520335,0.11964252,1.0
2455548.80672,1.070124,1.41393254,-2.78692497,0.11965384,1.48081876,-1.8051864,0.11964267,1.0
2455548.81214,1.038088,1.41398081,-2.78690728,0.11965405,1.48077248,-1.80516273,0.11964288,1.0
2455548.8168,1.028571,1.41402232,-2.78689207,0.11965424,1.48073269,-1.80514238,0.11964306,1.0
2455548.82144,1.022902,1.41406364,-2.78687692,0.11965442,1.48069308,-1.80512213,0.11964324,1.0
2455548.82609,1.007939,1.41410506,-2.78686174,0.1196546,1.48065337,-1.80510183,0.11964342,1.0
2455548.82997,1.014458,1.41413961,-2.78684907,0.11965475,1.48062024,-1.80508491,0.11964357,1.0
2455548.83462,0.9913665,1.41418103,-2.78683389,0.11965493,1.48058054,-1.80506463,0.11964375,1.0
2455548.83849,0.9786655,1.4142155,-2.78682126,0.11965508,1.48054749,-1.80504775,0.11964389999999997,1.0
2455548.84314,0.972376,1.41425691,-2.78680607,0.11965526,1.48050778,-1.80502748,0.11964408,1.0
2455548.84779,0.9563882,1.41429832,-2.78679089,0.11965544,1.48046808,-1.80500722,0.11964426,1.0
2455548.85322,0.9484932,1.41434668,-2.78677316,0.11965565,1.48042171,-1.80498356,0.11964447,1.0
2455548.85941,0.9484932,1.41440181,-2.78675295,0.11965589,1.48036885,-1.8049566000000004,0.11964472,1.0
2455548.86484,0.9546281,1.41445017,-2.78673521,0.11965610000000003,1.48032248,-1.80493297,0.11964493,1.0
2455548.8702700003,0.9372043,1.41449853,-2.78671748,0.11965631,1.4802761,-1.80490934,0.11964514,1.0
2455548.87569,0.9397975,1.4145468,-2.78669978,0.11965652,1.48022982,-1.80488576,0.11964535,1.0
2455548.87956,0.9537494,1.41458126,-2.78668714,0.11965667,1.48019677,-1.80486893,0.1196455,1.0
2455548.88498,0.950242,1.41462953,-2.78666944,0.11965688,1.48015048,-1.80484536,0.11964571,1.0
2455548.89195,0.9688003,1.4146916,-2.78664667,0.11965715,1.48009095,-1.80481507,0.11964598,1.0
2455548.89815,0.9768644,1.41474681,-2.78662642,0.11965739,1.48003799,-1.80478814,0.11964622,1.0
2455548.90823,0.9804698,1.41483658,-2.78659349,0.11965778,1.4799519,-1.80474437,0.11964661,1.0
2455548.94078,1.015393,1.41512644,-2.78648714,0.11965905,1.47967386,-1.80460324,0.11964787,1.0
2455548.94543,1.014458,1.41516785,-2.78647194,0.11965923,1.47963413,-1.8045831,0.11964805,1.0
2455548.9500700003,1.017265,1.41520916,-2.78645678,0.11965941,1.4795945,-1.80456301,0.11964823,1.0
2455548.95395,1.0097969999999998,1.41524371,-2.7864441,0.11965956,1.47956135,-1.80454622,0.11964838,1.0
2455548.9586,1.007011,1.41528512,-2.7864289,0.11965974,1.47952162,-1.8045261,0.11964856,1.0
2455548.96246,1.0097969999999998,1.41531949,-2.78641629,0.11965989,1.47948865,-1.8045094,0.11964871,1.0
2455548.96789,0.9922801,1.41536784,-2.78639854,0.1196601,1.47944226,-1.80448592,0.11964892,1.0
2455548.97409,0.9941096,1.41542305,-2.78637828,0.11966033,1.47938929,-1.80445912,0.11964916,1.0
2455548.98261,0.9941096,1.41549891,-2.78635043,0.11966066,1.4793165,-1.8044223,0.11964949,1.0
2455548.98726,0.9859032,1.41554032,-2.78633522,0.11966084,1.47927677,-1.80440222,0.11964967,1.0
2455548.99113,0.9941096,1.41557478,-2.78632257,0.11966099,1.4792437,-1.80438551,0.11964982,1.0
2455548.99578,0.9831827,1.41561618,-2.78630737,0.11966117,1.47920397,-1.80436544,0.11965,1.0
2455549.00431,0.9931943,1.41569213,-2.78627948,0.1196615,1.47913108,-1.80432863,0.11965033,1.0
2455549.01052,0.9859032,1.41574742,-2.78625918,0.11966174,1.47907802,-1.80430185,0.11965057,1.0
2455549.01516,0.9786655,1.41578874,-2.78624401,0.11966192,1.47903837,-1.80428184,0.11965075,1.0
2455549.01904,0.9750664,1.41582328,-2.78623132,0.11966207,1.47900522,-1.80426512,0.1196509,1.0
2455549.02291,0.9714809,1.41585774,-2.78621867,0.11966222,1.47897215,-1.80424844,0.11965105,1.0
2455549.02911,0.9608027,1.41591294,-2.78619839,0.11966246,1.47891917,-1.80422174,0.11965129,1.0
2455549.03376,0.9467476,1.41595435,-2.78618319,0.11966264,1.47887943,-1.80420171,0.11965147,1.0
2455549.03918,0.927757,1.4160026,-2.78616546,0.11966285,1.47883311,-1.80417838,0.11965168,1.0
2455557.68165,0.9318392,1.49242884,-2.75690229,0.1199534,1.40431184,-1.77739271,0.11994265,1.0
2455557.68707,0.9224459,1.49247644,-2.75688331,0.11995356,1.40426505,-1.77738244,0.11994281,1.0
2455557.6925,0.9387305,1.49252413,-2.7568643,0.11995372,1.40421818,-1.77737217,0.11994296,1.0
2455557.69792,0.9465443,1.49257172,-2.75684532,0.11995387,1.40417139,-1.77736192,0.11994312,1.0
2455557.73821,0.9957284,1.49292553,-2.75670423,0.11995502,1.4038236000000002,-1.777286,0.11994427,1.0
2455557.74441,0.9984836,1.49297998,-2.75668252,0.11995519999999997,1.40377009,-1.77727436,0.11994445,1.0
2455557.75061,1.004942,1.49303442,-2.7566608,0.11995538,1.40371657,-1.77726273,0.11994463,1.0
2455557.75603,1.002169,1.49308201,-2.75664182,0.11995553,1.40366979,-1.77725257,0.11994478,1.0
2455557.76145,0.996646,1.4931296,-2.75662283,0.11995569,1.403623,-1.77724241,0.11994494,1.0
2455557.76687,1.004017,1.4931772,-2.75660384,0.11995584,1.40357622,-1.77723227,0.11994509,1.0
2455557.77539,0.996646,1.49325201,-2.756574,0.11995608,1.40350268,-1.77721634,0.11994534,1.0
2455557.78082,1.000325,1.49329969,-2.75655497,0.11995624,1.40345582,-1.7772061999999995,0.11994549,1.0
2455557.7862400003,1.000325,1.49334728,-2.75653598,0.11995639,1.40340903,-1.77719609,0.11994565,1.0
2455557.79012,0.9793568,1.49338135,-2.75652239,0.1199565,1.40337555,-1.77718885,0.11994576,1.0
2455557.7955400003,0.9911535,1.49342894,-2.7565034,0.11995666,1.40332876,-1.77717875,0.11994591,1.0
2455557.8001900003,0.9948119,1.49346977,-2.7564871,0.11995679,1.40328863,-1.77717009,0.11994605,1.0
2455557.8094900004,0.9757553,1.49355142,-2.75645451,0.11995706,1.40320836,-1.77715279,0.11994631,1.0
2455557.81646,0.9784552,1.49361262,-2.75643009,0.11995725,1.40314821,-1.77713984,0.11994651,1.0
2455557.82111,0.9632543,1.49365345,-2.75641379,0.11995739,1.40310807,-1.77713121,0.11994664,1.0
2455557.82731,0.9721671,1.49370788,-2.75639206,0.11995756,1.40305456,-1.77711971,0.11994682,1.0
2455557.83196,0.9685922,1.49374871,-2.75637577,0.1199577,1.40301443,-1.77711109,0.11994695,1.0
2455557.83815,0.9526666,1.49380306,-2.75635407,0.11995787,1.40296101,-1.77709963,0.11994713,1.0
2455557.84435,0.9561828,1.49385749,-2.75633234,0.11995805,1.4029075,-1.77708816,0.11994731,1.0
2455557.85443,0.9632543,1.49394599,-2.756297,0.11995834,1.4028205,-1.77706954,0.11994759,1.0
2455557.8614,0.9668095,1.49400718,-2.75627257,0.11995853,1.40276035,-1.77705668,0.11994779,1.0
2455557.86682,0.9838772,1.49405477,-2.75625357,0.11995869,1.40271357,-1.77704668,0.11994795,1.0
2455557.87535,0.9856912,1.49412966,-2.75622366,0.11995893,1.40263995,-1.77703097,0.11994819,1.0
2455557.88077,0.9975644,1.49417724,-2.75620466,0.11995908,1.40259318,-1.777021,0.11994834,1.0
2455557.88774,1.013307,1.49423843,-2.75618022,0.11995928,1.40253303,-1.77700819,0.11994854,1.0
2455557.89239,1.022683,1.49427926,-2.75616392,0.11995941,1.4024929,-1.77699965,0.11994868,1.0
2455557.89782,1.038822,1.49432693,-2.75614488,0.11995957,1.40244603,-1.77698969,0.11994883,1.0
2455557.9032400004,1.0630190000000002,1.49437451,-2.75612587,0.11995972,1.40239926,-1.77697975,0.11994898,1.0
2455557.90712,1.069895,1.49440857,-2.75611226,0.11995983,1.40236578,-1.77697264,0.11994909,1.0
2455557.91255,1.066942,1.49445624,-2.75609322,0.11995999,1.40231892,-1.7769627,0.11994925,1.0
2455557.91952,1.081785,1.49451743,-2.75606878,0.11996018,1.40225877,-1.77694995,0.11994945,1.0
2455557.9249400003,1.09079,1.49456501,-2.75604977,0.11996034,1.40221199,-1.77694005,0.1199496,1.0
2455557.93036,1.089785,1.49461259,-2.75603076,0.11996049,1.40216522,-1.77693015,0.11994976,1.0
2455557.9342400003,1.0978450000000002,1.49464665,-2.75601715,0.1199606,1.40213174,-1.77692307,0.11994987,1.0
2455557.93811,1.092801,1.49468062,-2.75600357,0.11996071,1.40209834,-1.77691601,0.11994998,1.0
2455557.94199,1.079794,1.49471468,-2.75598996,0.11996082,1.40206486,-1.77690894,0.11995009,1.0
2455557.94741,1.079794,1.49476226,-2.75597095,0.11996097,1.40201809,-1.77689907,0.11995024,1.0
2455557.95283,1.064979,1.49480984,-2.75595194,0.11996113,1.40197132,-1.77688921,0.11995039,1.0
2455557.95903,1.05911,1.49486427,-2.75593019,0.1199613,1.40191782,-1.77687794,0.11995057,1.0
2455557.96368,1.046504,1.49490508,-2.75591387,0.11996144,1.40187769,-1.77686949,0.1199507,1.0
2455557.9691,1.021741,1.49495266,-2.75589486,0.11996159,1.40183092,-1.77685965,0.11995085,1.0
2455557.97298,1.025512,1.49498672,-2.75588124,0.1199617,1.40179744,-1.77685261,0.11995097,1.0
2455557.97762,0.9984836,1.49502745,-2.75586496,0.11996183,1.4017574,-1.7768442,0.1199511,1.0
2455557.98227,0.996646,1.49506827,-2.75584865,0.11996196,1.40171728,-1.77683578,0.11995123,1.0
2455557.9876900003,0.9712721,1.49511584,-2.75582963,0.11996212,1.40167051,-1.77682597,0.11995138,1.0
2455557.99466,0.9579457,1.49517702,-2.75580517,0.11996231,1.40161037,-1.77681336,0.11995158,1.0
2455558.0016400004,0.9413278,1.49523829,-2.75578068,0.11996251,1.40155014,-1.77680076,0.11995178,1.0
2455558.00551,0.9439324,1.49527226,-2.75576709,0.11996262,1.40151675,-1.77679377,0.11995189,1.0
2455558.00938,0.9301242,1.49530623,-2.75575351,0.11996273,1.40148336,-1.77678679,0.119952,1.0
2455558.01325,0.9430634,1.4953402,-2.75573993,0.11996284,1.40144997,-1.77677981,0.11995211,1.0
2455558.0179,0.923296,1.49538101,-2.75572361,0.11996297,1.40140984,-1.77677144,0.11995224,1.0
2455558.02488,0.9182076,1.49544228,-2.75569911,0.11996317,1.40134962,-1.77675887,0.11995244,1.0
2455569.63367,0.9971829,1.59635288,-2.71318922,0.12021385,1.30358142,-1.77442975,0.12020408,1.0
2455569.6391,0.9971829,1.59639961,-2.71316852,0.12021393,1.30353745,-1.77443722,0.12020417,1.0
2455569.64452,0.9898624,1.59644626,-2.71314785,0.12021401,1.30349356,-1.77444469,0.12020425,1.0
2455569.64839,0.9853144,1.59647956,-2.7131331000000003,0.12021407,1.30346223,-1.77445002,0.12020431,1.0
2455569.65226,0.9898624,1.59651287,-2.71311834,0.12021413,1.30343089,-1.77445536,0.12020436,1.0
2455569.65613,0.9726909,1.59654617,-2.71310359,0.12021418,1.30339956,-1.7744607,0.12020442,1.0
2455569.65924,0.9853144,1.59657294,-2.71309173,0.12021423,1.30337438,-1.7744650000000002,0.12020447,1.0
2455569.66466,0.9798844,1.59661958,-2.71307106,0.12021431,1.30333051,-1.77447249,0.12020455,1.0
2455569.6693,0.9709008,1.59665952,-2.71305337,0.12021438,1.30329294,-1.77447891,0.12020462,1.0
2455569.67396,0.9726909,1.59669962,-2.7130356,0.12021445,1.30325522,-1.77448537,0.12020469,1.0
2455569.67938,0.9655502,1.59674626,-2.71301493,0.12021453,1.30321135,-1.77449288,0.12020477,1.0
2455569.68481,0.9664398,1.59679299,-2.71299422,0.12021461,1.3031674,-1.77450042,0.12020485,1.0
2455569.68946,0.9628859,1.59683301,-2.71297649,0.12021468,1.30312976,-1.77450688,0.12020492,1.0
2455569.69411,0.970007,1.59687302,-2.71295875,0.12021475,1.30309213,-1.77451334,0.12020499,1.0
2455569.74136,0.9844074,1.59727961,-2.71277852,0.12021545,1.30270982,-1.77457937,0.1202057,1.0
2455569.7514400003,0.9999421,1.59736635,-2.71274006,0.1202156,1.30262828,-1.77459353,0.12020585,1.0
2455569.75687,1.017595,1.59741307,-2.71271934,0.12021568,1.30258436,-1.77460117,0.12020593,1.0
2455569.76306,1.037468,1.59746633,-2.71269572,0.12021577,1.30253429,-1.77460989,0.12020602,1.0
2455569.76617,1.042257,1.59749309,-2.71268386,0.12021582,1.30250914,-1.77461428,0.12020607,1.0
2455569.77081,1.049965,1.59753302,-2.71266615,0.12021589,1.30247161,-1.77462083,0.12020614,1.0
2455569.77391,1.05384,1.59755969,-2.71265432,0.12021594,1.30244654,-1.7746252,0.12020619,1.0
2455569.77779,1.061634,1.59759308,-2.71263952,0.12021599,1.30241517,-1.77463068,0.12020624,1.0
2455569.78166,1.067517,1.59762637,-2.71262475,0.12021605,1.30238387,-1.77463616,0.12020630000000003,1.0
2455569.78864,1.074422,1.59768643,-2.71259811,0.12021615,1.30232743,-1.77464604,0.1202064,1.0
2455569.79638,1.081371,1.59775303,-2.71256857,0.12021627,1.30226485,-1.77465701,0.12020652,1.0
2455569.8018,1.068501,1.59779966,-2.71254789,0.12021635,1.30222103,-1.7746647,0.1202066,1.0
2455569.80723,1.073433,1.59784638,-2.71252716,0.12021643,1.30217713,-1.77467241,0.12020668,1.0
2455569.81652,1.040339,1.59792631,-2.7124917,0.12021657,1.30210203,-1.77468563,0.12020682,1.0
2455569.83899,1.001786,1.59811963,-2.71240593,0.1202169,1.30192041,-1.77471768,0.12020715,1.0
2455569.85758,0.9549373,1.59827956,-2.71233495,0.12021717,1.30177017,-1.77474431,0.12020743,1.0
2455569.86533,0.9349209,1.59834623,-2.71230536,0.12021728,1.30170755,-1.77475543,0.12020754,1.0
2455569.87075,0.9220931999999998,1.59839286,-2.71228467,0.12021736,1.30166376,-1.77476322,0.12020762,1.0
2455569.88548,0.9195489,1.59851958,-2.71222842,0.12021758,1.30154476,-1.77478444,0.12020784,1.0
2455569.90019,0.9488003,1.59864612,-2.71217224,0.1202178,1.30142593,-1.77480568,0.12020806,1.0
2455569.90562,0.9646613000000002,1.59869283,-2.7121515,0.12021788,1.30138207,-1.77481353,0.12020814,1.0
2455569.91337,0.9549373,1.5987595,-2.7121219,0.12021799,1.30131948,-1.77482476,0.12020825,1.0
2455569.93273,0.9916875,1.59892603,-2.71204795,0.12021827,1.30116314,-1.77485287,0.12020854,1.0
2455569.9497700003,1.00641,1.59907261,-2.71198285,0.12021852,1.30102556,-1.7748776999999998,0.12020879,1.0
2455569.95287,0.9990215,1.59909927,-2.71197101,0.12021857,1.30100053,-1.77488222,0.12020883,1.0
2455569.9583,1.010124,1.59914598,-2.71195026,0.12021865,1.30095669,-1.77489015,0.12020891,1.0
2455569.9614,1.011055,1.59917264,-2.71193842,0.12021869,1.30093167,-1.77489468,0.12020896,1.0
2455569.9645,1.024177,1.59919931,-2.71192657,0.12021874,1.30090664,-1.77489922,0.12020901,1.0
2455569.96837,1.029852,1.5992326,-2.71191179,0.12021879,1.3008753999999998,-1.77490488,0.12020906,1.0
2455569.97224,1.011055,1.59926588,-2.711897,0.12021885,1.30084417,-1.77491055,0.12020912,1.0
2455569.97535,1.015722,1.59929263,-2.71188512,0.12021889,1.30081906,-1.77491511,0.12020917,1.0
2455569.97922,1.007337,1.59932592,-2.71187033,0.12021895,1.30078783,-1.77492078,0.12020922,1.0
2455569.98619,1.001786,1.59938587,-2.71184369,0.12021905,1.30073157,-1.77493102,0.12020932,1.0
2455569.98929,0.9926014,1.59941253,-2.71183185,0.1202191,1.30070656,-1.77493557,0.12020937,1.0
2455569.9923900003,0.9880407,1.5994392,-2.71182,0.12021914,1.30068154,-1.77494013,0.12020942,1.0
2455569.99627,0.9898624,1.59947257,-2.71180517,0.1202192,1.30065023,-1.77494584,0.12020947,1.0
2455569.99937,0.9889512,1.59949923,-2.71179332,0.12021924,1.30062521,-1.7749504,0.12020952,1.0
2455570.00402,0.9971829,1.59953922,-2.71177555,0.12021931,1.30058769,-1.77495725,0.12020959,1.0
2455570.00712,0.9880407,1.59956589,-2.71176371,0.12021936,1.30056267,-1.77496182,0.12020963,1.0
2455570.01021,0.9889512,1.59959246,-2.7117519,0.1202194,1.30053774,-1.77496637,0.12020968,1.0
2455589.57595,1.00215,1.76489616,-2.63213705,0.12028741,1.16374105,-1.85215014,0.12028023,1.0
2455589.58952,1.012355,1.76500869,-2.63207853,0.1202873,1.16366489,-1.85223505,0.12028013,1.0
2455589.5972700003,1.022664,1.76507295,-2.63204511,0.12028724,1.1636214,-1.85228356,0.12028008,1.0
2455589.60501,1.034029,1.76513713,-2.63201173,0.12028719,1.16357798,-1.85233202,0.12028002,1.0
2455589.61199,1.029279,1.76519501,-2.63198163,0.12028713,1.16353883,-1.85237573,0.12027997,1.0
2455589.61974,1.026439,1.76525928,-2.6319482000000005,0.12028707,1.16349537,-1.85242428,0.12027991,1.0
2455589.62826,1.008632,1.76532992,-2.63191145,0.12028701,1.16344761,-1.85247767,0.12027985,1.0
2455589.63523,1.010492,1.76538771,-2.63188139,0.12028696,1.16340854,-1.85252136,0.12027979,1.0
2455589.64143,1.012355,1.76543912,-2.63185464,0.12028691,1.1633738,-1.85256023,0.12027975,1.0
2455589.6491900003,1.003998,1.76550346,-2.63182117,0.12028685,1.16333033,-1.85260889,0.12027969,1.0
2455589.65694,0.9957101,1.76556772,-2.63178773,0.12028679,1.16328692,-1.8526575,0.12027963,1.0
2455589.66624,0.9865813,1.76564483,-2.63174761,0.12028672,1.16323484,-1.85271585,0.12027956,1.0
2455589.67399,0.9874904,1.76570908,-2.63171417,0.12028666,1.16319145,-1.85276449,0.12027951,1.0
2455589.68097,0.978437,1.76576695,-2.63168406,0.12028661,1.16315239,-1.85280831,0.12027945,1.0
2455589.6871700003,0.9721491,1.76581836,-2.63165731,0.12028656,1.16311769,-1.85284724,0.12027941,1.0
2455589.69569,0.9614637,1.76588899,-2.63162054,0.1202865,1.16307003,-1.85290076,0.12027934,1.0
2455589.7019,0.9605786,1.76594048,-2.63159374,0.12028645,1.16303529,-1.85293977,0.1202793,1.0
2455589.70887,0.943915,1.76599826,-2.63156367,0.1202864,1.16299632,-1.85298357,0.12027924,1.0
2455589.71584,0.9421779,1.76605605,-2.63153359,0.12028634,1.16295735,-1.85302738,0.12027919,1.0
2455589.7220400004,0.9395781,1.76610745,-2.63150683,0.1202863,1.16292269,-1.85306635,0.12027915,1.0
2455589.72901,0.9596942,1.76616523,-2.63147675,0.12028624,1.16288374,-1.85311018,0.12027909,1.0
2455589.73676,0.9730449,1.76622947,-2.6314433,0.12028618,1.16284043,-1.85315893,0.12027903,1.0
2455589.7437400003,0.9874904,1.76628734,-2.63141318,0.12028613,1.16280144,-1.85320284,0.12027898,1.0
2455589.75071,1.012355,1.76634512,-2.63138309,0.12028607,1.16276251,-1.85324671,0.12027893,1.0
2455589.75691,1.024549,1.76639651,-2.63135633,0.12028603,1.16272789,-1.85328573,0.12027888,1.0
2455589.76311,1.044558,1.76644791,-2.63132957,0.12028598,1.16269328,-1.85332476,0.12027884,1.0
2455589.7693,1.061043,1.76649922,-2.63130284,0.12028593,1.16265873,-1.85336374,0.12027879,1.0
2455589.77783,1.075803,1.76656993,-2.63126602,0.12028587,1.16261113,-1.85341747,0.12027872,1.0
2455589.78403,1.082762,1.76662132,-2.63123925,0.12028582,1.16257653,-1.85345653,0.12027868,1.0
2455589.79023,1.090769,1.76667271,-2.63121249,0.12028577,1.16254195,-1.8534956,0.12027863,1.0
2455589.79721,1.084758,1.76673057,-2.63118235,0.12028571,1.16250302,-1.85353959,0.12027858,1.0
2455589.80418,1.087759,1.76678834,-2.63115226,0.12028566,1.16246416,-1.85358354,0.12027852,1.0
2455589.81193,1.066923,1.76685258,-2.63111879,0.1202856,1.16242095,-1.85363241,0.12027846,1.0
2455589.81967,1.046485,1.76691674,-2.63108537,0.12028554,1.16237782,-1.85368123,0.12027841,1.0
2455589.82742,1.019842,1.76698097,-2.63105191,0.12028548,1.16233463,-1.85373013,0.12027835,1.0
2455589.83439,0.9984651,1.76703874,-2.63102181,0.12028543,1.1622958,-1.85377412,0.12027829,1.0
2455589.84136,0.9920484,1.76709651,-2.63099171,0.12028537,1.16225698,-1.85381812,0.12027824,1.0
2455589.84988,0.9667917,1.76716713,-2.63095491,0.1202853,1.16220954,-1.85387191,0.12027817,1.0
2455589.85763,0.943046,1.76723136,-2.63092144,0.12028524,1.1621663999999998,-1.85392086,0.12027812,1.0
2455589.86461,0.9369855,1.76728921,-2.63089129,0.12028519,1.16212755,-1.85396496,0.12027806,1.0
2455589.87081,0.9275404,1.76734059,-2.63086451,0.12028514,1.16209305,-1.85400414,0.12027801,1.0
2455589.87856,0.9249811,1.76740482,-2.63083104,0.12028508,1.16204994,-1.85405312,0.12027795,1.0
2455589.88476,0.9352610999999998,1.7674561999999998,-2.63080426,0.12028503,1.16201545,-1.85409232,0.12027791,1.0
2455589.89483,0.9404439,1.76753966,-2.63076076,0.12028495,1.16195946,-1.854156,0.12027783,1.0
2455589.9018,0.9552848,1.76759742,-2.63073065,0.1202849,1.16192071,-1.85420009,0.12027778,1.0
2455589.90955,0.9667917,1.76766165,-2.63069717,0.12028484,1.16187763,-1.85424912,0.12027772,1.0
2455589.91575,0.9802411,1.76771303,-2.63067038,0.12028479,1.16184318,-1.85428836,0.12027767,1.0
2455589.9235,0.9911352,1.76777725,-2.63063689,0.12028473,1.16180013,-1.85433742,0.12027761,1.0
2455589.93203,1.018903,1.76784794,-2.63060004,0.12028466,1.16175275,-1.85439143,0.12027754,1.0
2455589.93978,1.030226,1.76791216,-2.63056655,0.1202846,1.16170972,-1.85444052,0.12027748,1.0
2455589.94831,1.032126,1.76798284,-2.63052969,0.12028453,1.16166236,-1.85449456,0.12027741,1.0
2455589.95606,1.019842,1.76804706,-2.6304962000000005,0.12028447,1.16161935,-1.85454367,0.12027735,1.0
2455589.96381,1.0330780000000002,1.76811128,-2.63046271,0.12028441,1.16157635,-1.8545928,0.12027729,1.0
