2454771.658855,0.8833281,-1.0889276,-1.73143514,-0.1190218,-0.31737151,-1.10721377,-0.11902546,1.0
2454771.662719,0.8906806999999999,-1.0888813,-1.731457,-0.11903125,-0.31736811,-1.1071841999999998,-0.11903491,1.0
2454771.665808,0.928372,-1.08884429,-1.73147448,-0.1190388,-0.3173654,-1.10716056,-0.11904246,1.0
2454771.722242,1.040692,-1.08816808,-1.73179363,-0.11917675,-0.31731616,-1.10672892,-0.11918041,1.0
2454771.726879,1.061994,-1.08811251,-1.73181985,-0.11918808,-0.31731214,-1.10669348,-0.11919175,1.0
2454771.731518,1.088735,-1.08805693,-1.73184607,-0.11919942,-0.31730813,-1.10665802,-0.11920308,1.0
2454771.73616,1.11102,-1.0880013000000002,-1.73187231,-0.11921077,-0.31730411,-1.10662254,-0.11921443,1.0
2454771.740023,1.122334,-1.087955,-1.73189415,-0.11922021,-0.31730077,-1.10659302,-0.11922387,1.0
2454771.743889,1.125439,-1.08790867,-1.731916,-0.11922966,-0.31729744,-1.10656347,-0.11923332,1.0
2454771.748529,1.108976,-1.08785306,-1.73194223,-0.119241,-0.31729344,-1.10652801,-0.11924466,1.0
2454771.753942,1.105916,-1.0877882,-1.73197282,-0.11925423,-0.31728877,-1.10648666,-0.11925789,1.0
2454771.75781,1.082735,-1.08774184,-1.73199468,-0.11926368,-0.31728545,-1.1064571,-0.11926735,1.0
2454771.760901,1.070834,-1.08770479,-1.73201215,-0.11927124,-0.31728279,-1.10643349,-0.1192749,1.0
2454771.791834,0.8898608,-1.08733405,-1.73218694,-0.11934684,-0.3172563,-1.10619723,-0.1193505,1.0
2454771.795701,0.8632211,-1.0872877,-1.73220878,-0.11935629,-0.317253,-1.1061677,-0.11935996,1.0
2454771.798795,0.8412440999999999,-1.08725061,-1.73222626,-0.11936385,-0.31725036,-1.10614407,-0.11936752,1.0
2454771.804987,0.7909008000000001,-1.0871764,-1.73226124,-0.11937898,-0.31724509,-1.10609681,-0.11938265,1.0
2454771.809626,0.7665175,-1.08712079,-1.73228744,-0.11939032,-0.31724114,-1.10606139,-0.11939399,1.0
2454771.814268,0.7463147,-1.08706515,-1.73231366,-0.11940167,-0.31723720000000005,-1.10602596,-0.11940533,1.0
2454771.8181310003,0.7566970000000001,-1.08701884,-1.73233548,-0.11941111,-0.31723392,-1.10599647,-0.11941477,1.0
2454771.821228,0.7743228,-1.08698171,-1.73235297,-0.11941868,-0.31723129,-1.10597284,-0.11942234,1.0
2454771.825096,0.8056048000000001,-1.08693536,-1.73237481,-0.11942813,-0.31722802,-1.10594332,-0.11943179,1.0
2454771.829736,0.8513772,-1.08687973,-1.73240102,-0.11943947,-0.31722409,-1.10590791,-0.11944313,1.0
2454771.83283,0.8800798000000001,-1.08684264,-1.73241849,-0.11944703,-0.31722147,-1.1058843,-0.1194507,1.0
2454771.838243,0.924958,-1.08677775,-1.73244906,-0.11946026,-0.3172169,-1.105843,-0.11946392,1.0
2454771.842884,0.9640999,-1.08672212,-1.73247527,-0.1194716,-0.31721298,-1.10580759,-0.11947527,1.0
2454771.846755,1.003973,-1.08667572,-1.73249712,-0.11948106,-0.31720972,-1.10577807,-0.11948472,1.0
2454771.850618,1.026413,-1.08662941,-1.73251893,-0.1194905,-0.31720647,-1.1057486,-0.11949416,1.0
2454771.85371,1.048388,-1.08659234,-1.73253639,-0.11949806,-0.31720387,-1.10572501,-0.11950172,1.0
2454771.858352,1.084731,-1.08653669,-1.7325626,-0.1195094,-0.31719996,-1.1056896,-0.11951307,1.0
2454771.8629860003,1.131676,-1.08648113,-1.73258876,-0.11952072,-0.31719607,-1.10565426,-0.11952439,1.0
2454771.866078,1.141096,-1.08644406,-1.73260621,-0.11952828,-0.31719347,-1.10563068,-0.11953195,1.0
2454771.870717,1.1666,-1.08638845,-1.7326324,-0.11953962,-0.31718959,-1.10559531,-0.11954328,1.0
2454771.875357,1.169828,-1.08633282,-1.73265859,-0.11955095,-0.3171857,-1.10555993,-0.11955462,1.0
2454771.879224,1.167675,-1.08628646,-1.73268042,-0.1195604,-0.31718246,-1.10553044,-0.11956407,1.0
2454771.882319,1.176311,-1.08624935,-1.73269789,-0.11956797,-0.31717988,-1.10550684,-0.11957163,1.0
2454771.886963,1.16231,-1.08619367,-1.7327241000000002,-0.11957932,-0.317176,-1.10547144,-0.11958298,1.0
2454771.8916,1.15697,-1.08613807,-1.73275027,-0.11959065,-0.31717213,-1.10543609,-0.11959431,1.0
2454771.896238,1.143199,-1.08608247,-1.73277644,-0.11960198,-0.31716826,-1.10540074,-0.11960565,1.0
2454771.899331,1.127514,-1.08604539,-1.73279389,-0.11960954,-0.31716569,-1.10537717,-0.1196132,1.0
2454771.904742,1.125439,-1.08598051,-1.73282443,-0.11962276,-0.31716119,-1.10533592,-0.11962643,1.0
2454771.909382,1.126476,-1.08592487,-1.73285061,-0.1196341,-0.31715733,-1.10530056,-0.11963776,1.0
2454771.914021,1.120268,-1.08586924,-1.73287679,-0.11964543,-0.31715348,-1.10526521,-0.1196491,1.0
2454771.917886,1.108976,-1.0858229,-1.73289859,-0.11965488,-0.31715028,-1.10523576,-0.11965855,1.0
2454771.920981,1.118207,-1.0857858,-1.73291605,-0.11966244,-0.31714771,-1.10521219,-0.11966611,1.0
2454771.9248470003,1.07776,-1.08573944,-1.73293786,-0.11967189,-0.31714451,-1.10518273,-0.11967555,1.0
2454771.929485,1.069848,-1.08568382,-1.73296403,-0.11968322,-0.31714068,-1.1051474,-0.11968689,1.0
2454771.93258,1.059064,-1.08564671,-1.73298149,-0.11969078,-0.31713812,-1.10512382,-0.11969445,1.0
2454771.937219,1.03782,-1.08559108,-1.73300766,-0.11970212,-0.31713429,-1.10508848,-0.11970578,1.0
2454771.941858,1.007679,-1.08553546,-1.73303382,-0.11971345,-0.31713047,-1.10505316,-0.11971712,1.0
2454771.94727,0.9694424,-1.08547056,-1.73306435,-0.11972667,-0.31712601,-1.10501194,-0.11973034,1.0
2454771.950363,0.955261,-1.08543346,-1.73308179,-0.11973423,-0.31712346,-1.10498838,-0.1197379,1.0
2454771.953455,0.9386896999999998,-1.08539638,-1.73309923,-0.11974179,-0.31712092,-1.10496484,-0.11974545,1.0
2454771.957319,0.9207083,-1.08535004,-1.73312103,-0.11975123,-0.31711775,-1.10493541,-0.1197549,1.0
2454771.962731,0.8849566999999999,-1.08528514,-1.73315155,-0.11976445,-0.31711331,-1.1048942,-0.11976812,1.0
2454771.967371,0.8632211,-1.08522951,-1.73317771,-0.11977579,-0.31710951,-1.10485889,-0.11977945,1.0
2454771.971236,0.8632211,-1.08518315,-1.7331995,-0.11978523,-0.31710634,-1.10482946,-0.1197889,1.0
2454771.975874,0.8592549999999999,-1.08512753,-1.73322566,-0.11979656,-0.31710255,-1.10479416,-0.11980023,1.0
2454771.979737,0.8825149,-1.0850812,-1.73324744,-0.119806,-0.31709939,-1.10476475,-0.11980967,1.0
2454771.984376,0.9039034,-1.08502556,-1.7332736,-0.11981734,-0.3170956,-1.10472944,-0.119821,1.0
2454771.987468,0.9047364,-1.08498847,-1.73329103,-0.11982489,-0.31709308,-1.10470591,-0.11982856,1.0
2454771.991334,0.9181678,-1.08494212,-1.73331282,-0.11983433,-0.31708993,-1.1046764999999998,-0.119838,1.0
2454771.996746,0.9535029,-1.08487721,-1.73334333,-0.11984756,-0.31708553,-1.10463531,-0.11985122,1.0
2454772.000614,0.9596703,-1.08483081,-1.73336514,-0.11985701,-0.31708238,-1.10460588,-0.11986068,1.0
2454772.004479,0.9694424,-1.08478446,-1.73338692,-0.11986645,-0.31707924,-1.10457647,-0.11987012,1.0
2454772.0132810003,0.9993601,-1.08467888,-1.73343654,-0.11988796,-0.31707211,-1.10450951,-0.11989162,1.0
2454772.019466,1.015131,-1.0846047,-1.73347139,-0.11990306,-0.3170671,-1.10446247,-0.11990673,1.0
2454775.643444,0.9126743,-1.0408955,-1.75350081,-0.12872861,-0.31539433,-1.07778639,-0.12873232,1.0
2454775.649623,0.939974,-1.04082056,-1.75353428,-0.12874361,-0.31539358,-1.07774247,-0.12874732,1.0
2454775.6527130003,0.9689822,-1.04078309,-1.75355102,-0.12875111,-0.31539321,-1.07772051,-0.12875482,1.0
2454775.657347,0.9851805,-1.04072689,-1.75357612,-0.12876236,-0.31539266,-1.07768758,-0.12876607,1.0
2454775.6612130003,1.0099870000000002,-1.04068001,-1.75359706,-0.12877174,-0.3153922,-1.07766012,-0.12877545,1.0
2454775.664303,1.033513,-1.04064253,-1.7536138,-0.12877924,-0.31539184,-1.07763817,-0.12878295,1.0
2454775.668164,1.0297120000000002,-1.0405957,-1.75363471,-0.12878861,-0.31539139,-1.07761074,-0.12879233,1.0
2454775.671255,1.044999,-1.04055821,-1.75365145,-0.12879612,-0.31539103,-1.07758878,-0.12879983,1.0
2454775.678983,1.013715,-1.04046448,-1.7536933,-0.12881487,-0.31539014,-1.07753388,-0.12881859,1.0
2454775.6836200003,1.012782,-1.04040824,-1.75371841,-0.12882613,-0.31538961,-1.07750095,-0.12882984,1.0
2454775.689041,1.0297120000000002,-1.0403425,-1.75374776,-0.12883929,-0.315389,-1.07746246,-0.128843,1.0
2454775.6967720003,1.038283,-1.04024872,-1.75378962,-0.12885805,-0.31538813,-1.07740756,-0.12886177,1.0
2454775.701409,1.056613,-1.04019248,-1.75381473,-0.12886931,-0.31538762,-1.07737464,-0.12887302,1.0
2454775.704498,1.080229,-1.04015501,-1.75383145,-0.12887681,-0.31538727,-1.07735271,-0.12888052,1.0
2454775.708366,1.090224,-1.04010809,-1.75385239,-0.12888619,-0.31538685,-1.07732525,-0.12888991,1.0
2454775.71223,1.102341,-1.04006123,-1.7538733,-0.12889557,-0.31538643,-1.07729783,-0.12889928,1.0
2454775.716868,1.120768,-1.04000497,-1.75389841,-0.12890683,-0.31538593,-1.07726492,-0.12891054,1.0
2454775.721506,1.117676,-1.03994871,-1.75392352,-0.12891808,-0.31538543,-1.077232,-0.1289218,1.0
2454775.726143,1.117676,-1.03989246,-1.75394861,-0.12892934,-0.31538494,-1.0771991,-0.12893305,1.0
2454775.729236,1.137407,-1.03985494,-1.75396536,-0.12893685,-0.31538461,-1.07717715,-0.12894056,1.0
2454775.732328,1.101326,-1.03981743,-1.75398209,-0.12894435,-0.31538429,-1.07715521,-0.12894806,1.0
2454775.736192,1.089221,-1.03977055,-1.754003,-0.12895373,-0.31538388,-1.0771278,-0.12895744,1.0
2454775.740059,1.078241,-1.03972365,-1.75402392,-0.12896311,-0.31538348,-1.07710037,-0.12896683,1.0
2454775.744695,1.068356,-1.03966741,-1.75404901,-0.12897436,-0.31538301,-1.07706749,-0.12897808,1.0
2454775.748561,1.031611,-1.03962051,-1.75406993,-0.12898375,-0.31538261,-1.07704006,-0.12898746,1.0
2454775.7531990004,1.0099870000000002,-1.03956425,-1.75409503,-0.128995,-0.31538214,-1.07700717,-0.12899872,1.0
2454775.75629,1.00165,-1.03952675,-1.75411175,-0.12900251,-0.31538183,-1.07698525,-0.12900622,1.0
2454775.760156,0.9743519,-1.03947984,-1.75413267,-0.12901189,-0.31538144,-1.07695783,-0.1290156,1.0
2454775.76402,0.9556873,-1.03943297,-1.75415358,-0.12902127,-0.31538106,-1.07693044,-0.12902498,1.0
2454775.767884,0.9356552,-1.0393861,-1.75417448,-0.12903064,-0.31538068,-1.07690305,-0.12903436,1.0
2454775.770975,0.9059741,-1.0393485999999998,-1.7541912,-0.12903814,-0.31538038,-1.07688113,-0.12904186,1.0
2454775.774841,0.8780431000000001,-1.03930169,-1.75421211,-0.12904753,-0.31538,-1.07685373,-0.12905124,1.0
2454775.78025,0.844726,-1.03923607,-1.75424137,-0.12906065,-0.31537948,-1.07681539,-0.12906437,1.0
2454775.78566,0.7854451,-1.03917043,-1.75427064,-0.12907378,-0.31537896,-1.07677704,-0.1290775,1.0
2454775.789523,0.7626334,-1.03912356,-1.75429153,-0.12908316,-0.31537859999999995,-1.07674966,-0.12908687,1.0
2454775.792613,0.7605291000000001,-1.03908608,-1.75430824,-0.12909066,-0.3153783,-1.07672777,-0.12909437,1.0
2454775.795701,0.7675661,-1.03904861,-1.75432494,-0.12909815,-0.31537802,-1.07670589,-0.12910186,1.0
2454775.798796,0.7768119000000001,-1.03901106,-1.75434168,-0.12910566,-0.31537773,-1.07668396,-0.12910937,1.0
2454775.802658,0.8052223000000001,-1.0389642,-1.75436256,-0.12911503,-0.31537737,-1.0766566,-0.12911875,1.0
2454775.806523,0.8217046999999998,-1.03891731,-1.75438346,-0.12912441,-0.31537702,-1.07662922,-0.12912813,1.0
2454775.809615,0.850973,-1.03887979,-1.75440018,-0.12913192,-0.31537674,-1.07660732,-0.12913563,1.0
2454775.814253,0.8918993000000001,-1.03882351,-1.75442526,-0.12914317,-0.31537632,-1.07657446,-0.12914689,1.0
2454775.818116,0.9356552,-1.03877665,-1.75444615,-0.12915254,-0.31537598,-1.07654711,-0.12915626,1.0
2454775.822755,0.9689822,-1.03872036,-1.75447123,-0.1291638,-0.31537556,-1.07651425,-0.12916752,1.0
2454775.8258470003,0.9924664,-1.03868284,-1.75448794,-0.1291713,-0.31537529,-1.07649236,-0.12917502,1.0
2454775.828936,1.010918,-1.03864536,-1.75450465,-0.1291788,-0.31537502,-1.07647048,-0.12918252,1.0
2454775.8335740003,1.046926,-1.03858908,-1.75452972,-0.12919006,-0.31537462,-1.07643764,-0.12919377,1.0
2454775.837437,1.080229,-1.0385422,-1.7545506000000002,-0.12919943,-0.31537429,-1.07641029,-0.12920314,1.0
2454775.841302,1.111516,-1.0384953,-1.75457149,-0.12920881,-0.31537396,-1.07638293,-0.12921252,1.0
2454775.845167,1.130097,-1.03844841,-1.75459238,-0.12921819,-0.31537363,-1.07635558,-0.1292219,1.0
2454775.850576,1.152168,-1.03838277,-1.75462162,-0.12923131,-0.31537318,-1.07631729,-0.12923503,1.0
2454775.853668,1.152168,-1.03834525,-1.75463833,-0.12923881,-0.31537293,-1.07629541,-0.12924253,1.0
2454775.856766,1.162829,-1.03830765,-1.75465507,-0.12924633,-0.31537267,-1.07627348,-0.12925005,1.0
2454775.859858,1.17792,-1.03827013,-1.75467178,-0.12925383,-0.31537242,-1.0762516000000002,-0.12925755,1.0
2454775.862949,1.160689,-1.03823262,-1.75468849,-0.12926134,-0.31537217,-1.07622973,-0.12926505,1.0
2454775.867589,1.15962,-1.03817631,-1.75471356,-0.12927259,-0.3153718,-1.0761969,-0.12927631,1.0
2454775.87068,1.188819,-1.03813879,-1.75473027,-0.12928009,-0.31537155,-1.07617503,-0.12928381,1.0
2454775.875322,1.179006,-1.03808247,-1.75475535,-0.12929136,-0.31537118,-1.0761421999999998,-0.12929507,1.0
2454775.881505,1.132181,-1.03800743,-1.75478875,-0.12930636,-0.3153707000000001,-1.07609846,-0.12931007,1.0
2454775.884604,1.128017,-1.03796982,-1.7548055,-0.12931388,-0.31537046,-1.07607654,-0.12931759,1.0
2454775.887695,1.13636,-1.03793231,-1.7548221999999998,-0.12932138,-0.31537023,-1.07605468,-0.12932509,1.0
2454775.891563,1.131139,-1.03788536,-1.7548431,-0.12933076,-0.31536993,-1.07602732,-0.12933448,1.0
2454775.936416,0.921968,-1.03734098,-1.75508534,-0.12943959,-0.31536673,-1.07571029,-0.1294433,1.0
2454775.94028,0.8993233,-1.03729408,-1.75510621,-0.12944896,-0.31536647,-1.07568299,-0.12945268,1.0
2454775.944922,0.8796619000000001,-1.03723773,-1.75513127,-0.12946022,-0.31536616,-1.0756502,-0.12946394,1.0
2454775.94956,0.8659959,-1.03718143,-1.75515631,-0.12947148,-0.31536586,-1.07561743,-0.12947519,1.0
2454775.955742,0.8691921999999999,-1.0371064,-1.75518968,-0.12948647,-0.31536546,-1.07557378,-0.12949019,1.0
2454775.961926,0.8572665,-1.03703133,-1.75522306,-0.12950148,-0.31536507,-1.07553011,-0.12950519,1.0
2454775.966563,0.8788521,-1.03697504,-1.7552481,-0.12951273,-0.31536478,-1.07549736,-0.12951644,1.0
2454775.970431,0.8861674,-1.03692809,-1.75526897,-0.12952211,-0.31536454,-1.07547005,-0.12952583,1.0
2454775.978165,0.9339332,-1.03683421,-1.75531071,-0.12954087,-0.31536408,-1.07541546,-0.12954459,1.0
2454775.982805,0.9636423,-1.03677788,-1.75533575,-0.12955213,-0.3153638,-1.0753827,-0.12955584,1.0
2454775.988987,0.9897279,-1.03670283,-1.75536912,-0.12956712,-0.31536344,-1.07533907,-0.12957084,1.0
2454775.992077,0.9979662,-1.03666532,-1.75538579,-0.12957462,-0.31536326,-1.07531726,-0.12957834,1.0
2454775.995171,1.009057,-1.03662775,-1.75540249,-0.12958213,-0.31536309,-1.07529543,-0.12958584,1.0
2454775.999811,0.9888168,-1.03657142,-1.75542753,-0.12959338,-0.31536283,-1.07526269,-0.1295971,1.0
2454776.640816,0.9174594,-1.02878217,-1.75887364,-0.13114742,-0.31536473,-1.07076981,-0.13115115,1.0
2454776.649315,0.9527674,-1.02867879,-1.75891916,-0.13116802,-0.31536526,-1.07071065,-0.13117174,1.0
2454776.653954,0.9704806,-1.02862236,-1.75894401,-0.13117926,-0.31536555,-1.07067836,-0.13118298,1.0
2454776.657044,0.998589,-1.02858479,-1.75896055,-0.13118674,-0.31536575,-1.07065686,-0.13119046,1.0
2454776.660909,0.9958337,-1.02853777,-1.75898125,-0.13119611,-0.315366,-1.07062996,-0.13119983,1.0
2454776.667871,0.9930859,-1.02845308,-1.75901854,-0.13121297,-0.31536645,-1.07058151,-0.13121670000000002,1.0
2454776.671735,1.010618,-1.02840608,-1.75903923,-0.13122234,-0.31536671,-1.07055463,-0.13122606,1.0
2454776.674826,1.005974,-1.02836848,-1.75905578,-0.13122982,-0.31536692,-1.07053312,-0.13123355,1.0
2454776.679464,1.0332059999999998,-1.02831206,-1.75908061,-0.13124106,-0.31536723,-1.07050085,-0.13124478,1.0
2454776.684102,1.025621,-1.02825565,-1.75910544,-0.1312523,-0.31536755,-1.0704686,-0.13125602,1.0
2454776.6902860003,1.024677,-1.02818042,-1.75913855,-0.13126728,-0.31536798,-1.07042559,-0.131271,1.0
2454776.694153,1.047579,-1.02813338,-1.75915925,-0.13127665,-0.31536826,-1.07039869,-0.13128037,1.0
2454776.698791,1.059222,-1.02807695,-1.75918408,-0.13128788,-0.31536859,-1.07036644,-0.13129161,1.0
2454776.701884,1.110163,-1.02803932,-1.75920064,-0.13129538,-0.31536881,-1.07034493,-0.1312991,1.0
2454776.7065290003,1.127682,-1.02798281,-1.7592255,-0.13130663,-0.31536915,-1.07031264,-0.13131035,1.0
2454776.710397,1.109141,-1.02793577,-1.7592462,-0.13131600000000002,-0.31536943,-1.07028575,-0.13131972,1.0
2454776.715036,1.118373,-1.02787933,-1.75927103,-0.13132724,-0.31536978,-1.0702535,-0.13133096,1.0
2454776.721998,1.134976,-1.02779463,-1.75930829,-0.13134411,-0.3153703,-1.07020511,-0.13134783,1.0
2454776.725865,1.125607,-1.02774758,-1.75932898,-0.13135347,-0.31537059999999995,-1.07017824,-0.1313572,1.0
2454776.730505,1.109141,-1.02769113,-1.75935381,-0.13136472,-0.31537095,-1.07014599,-0.13136844,1.0
2454776.734375,1.1071,-1.02764404,-1.75937452,-0.13137409,-0.31537126,-1.0701191,-0.13137781,1.0
2454776.739014,1.072968,-1.02758761,-1.75939934,-0.13138533,-0.31537162,-1.07008688,-0.13138905,1.0
2454776.745198,1.049511,-1.02751237,-1.75943243,-0.13140031,-0.31537211,-1.07004391,-0.13140403,1.0
2454776.751381,1.015282,-1.02743714,-1.75946551,-0.13141529,-0.31537261,-1.07000096,-0.13141901,1.0
2454776.756023,1.005974,-1.02738066,-1.75949034,-0.13142653,-0.31537299,-1.06996872,-0.13143025,1.0
2454776.760664,0.9758585,-1.02732419,-1.75951517,-0.13143777,-0.31537337,-1.06993649,-0.1314415,1.0
2454776.765306,0.9431632,-1.02726771,-1.75953999,-0.13144902,-0.31537376,-1.06990426,-0.13145274,1.0
2454776.7684,0.9310796,-1.02723007,-1.75955654,-0.13145651,-0.31537402,-1.06988278,-0.13146023,1.0
2454776.772269,0.8777823,-1.02718299,-1.75957724,-0.13146588,-0.31537435,-1.06985592,-0.13146961,1.0
2454776.778456,0.8313556000000001,-1.0271077,-1.75961033,-0.13148087,-0.31537488,-1.06981297,-0.13148459,1.0
2454776.783093,0.7968688,-1.02705128,-1.75963513,-0.1314921,-0.31537528,-1.06978078,-0.13149583,1.0
2454776.786959,0.7787298,-1.02700423,-1.7596558,-0.13150147,-0.31537562,-1.06975394,-0.13150519,1.0
2454776.7916,0.7895631999999999,-1.02694776,-1.75968062,-0.13151271,-0.31537603,-1.06972173,-0.13151643,1.0
2454776.794697,0.7961353,-1.02691008,-1.75969718,-0.13152021,-0.3153763,-1.06970025,-0.13152393,1.0
2454776.7985610003,0.8260128000000001,-1.02686306,-1.75971784,-0.13152957,-0.31537665,-1.06967344,-0.13153329,1.0
2454776.8016540003,0.8507203000000001,-1.02682542,-1.75973438,-0.13153706,-0.31537693,-1.06965198,-0.13154079,1.0
2454776.805523,0.8834598,-1.02677834,-1.75975506,-0.13154643,-0.31537728,-1.06962513,-0.13155016,1.0
2454776.809388,0.9276557,-1.0267313,-1.75977573,-0.1315558,-0.31537763,-1.06959832,-0.13155952,1.0
2454776.817121,0.989434,-1.02663719,-1.75981707,-0.13157453,-0.31537835,-1.06954468,-0.13157825,1.0
2454776.824853,1.072968,-1.02654311,-1.7598584,-0.13159325,-0.31537907,-1.06949106,-0.13159698,1.0
2454776.827944,1.089901,-1.02650549,-1.75987492,-0.13160074,-0.31537936,-1.06946962,-0.13160446,1.0
2454776.832582,1.122501,-1.02644904,-1.75989971,-0.13161197,-0.31537981,-1.06943746,-0.1316157,1.0
2454776.883613,1.149706,-1.02582796,-1.76017238,-0.13173557,-0.31538494,-1.06908383,-0.13173929,1.0
2454776.888251,1.160344,-1.0257715,-1.76019716,-0.1317468,-0.31538543,-1.06905171,-0.13175052,1.0
2454776.891342,1.148648,-1.02573388,-1.76021367,-0.13175429,-0.31538576,-1.0690303,-0.13175801,1.0
2454776.896753,1.127682,-1.02566801,-1.76024257,-0.13176739,-0.31538634,-1.06899283,-0.13177111,1.0
2454776.900617,1.10812,-1.02562097,-1.76026321,-0.13177675,-0.31538675,-1.06896608,-0.13178047,1.0
2454776.904484,1.083894,-1.02557391,-1.76028385,-0.13178611,-0.31538717,-1.06893931,-0.13178984,1.0
2454776.909122,1.060198,-1.02551745,-1.76030862,-0.13179734,-0.31538768,-1.0689072,-0.13180107,1.0
2454776.915309,1.0332059999999998,-1.02544214,-1.76034166,-0.13181233,-0.31538836,-1.06886438,-0.13181605,1.0
2454776.919174,1.018092,-1.02539509,-1.7603623,-0.13182169,-0.31538879,-1.06883763,-0.13182541,1.0
2454776.923812,0.9949169,-1.02533863,-1.76038706,-0.13183292,-0.31538931,-1.06880553,-0.13183664,1.0
2454776.926904,0.9606978,-1.02530099,-1.76040357,-0.13184041,-0.31538966,-1.06878413,-0.13184413,1.0
2454776.929997,0.9536454,-1.02526335,-1.76042008,-0.13184789,-0.31539001,-1.06876274,-0.13185162,1.0
2454776.93309,0.9199979,-1.02522569,-1.7604366000000002,-0.13185539,-0.31539036,-1.06874134,-0.13185911,1.0
2454776.936956,0.9032061,-1.02517863,-1.76045723,-0.13186475,-0.3153908,-1.06871459,-0.13186847,1.0
2454776.942367,0.8818341000000001,-1.02511275,-1.76048612,-0.13187785,-0.31539143,-1.06867716,-0.13188158,1.0
2454776.9531900003,0.8850886999999998,-1.02498099,-1.76054389,-0.13190406,-0.31539269,-1.0686023,-0.13190778,1.0
2454776.958603,0.8974017,-1.0249151,-1.76057278,-0.13191717,-0.31539333,-1.06856487,-0.13192089,1.0
2454776.962468,0.8965755999999999,-1.02486804,-1.76059341,-0.13192652,-0.31539379,-1.06853815,-0.13193025,1.0
2454776.970973,0.9449021,-1.02476449,-1.7606388,-0.13194712,-0.31539481,-1.06847934,-0.13195084,1.0
2454776.977932,0.9651322,-1.02467976,-1.76067593,-0.13196397,-0.31539566,-1.06843124,-0.13196770000000002,1.0
2454776.983343,1.002275,-1.02461388,-1.76070481,-0.13197707,-0.31539632,-1.06839384,-0.1319808,1.0
2454776.987984,1.025621,-1.02455738,-1.76072956,-0.13198831,-0.31539689,-1.06836177,-0.13199203,1.0
2454776.991076,1.034158,-1.02451974,-1.76074606,-0.1319958,-0.31539728,-1.0683404,-0.13199952,1.0
2454776.994945,1.035111,-1.02447263,-1.7607667,-0.13200516,-0.31539776,-1.06831367,-0.13200889,1.0
2454777.000357,1.034158,-1.02440673,-1.76079557,-0.13201827,-0.31539844,-1.06827628,-0.13202199,1.0
2454777.004222,1.053384,-1.02435967,-1.76081619,-0.13202763,-0.31539893,-1.06824958,-0.13203135,1.0
2454777.0135,1.043727,-1.0242467,-1.76086568,-0.13205009,-0.31540012,-1.06818549,-0.13205382,1.0
2454777.018137,1.059222,-1.02419024,-1.76089041,-0.13206132,-0.31540071,-1.06815347,-0.13206504,1.0
2454793.580366,0.982824,-0.81790938,-1.84059989,-0.171461,-0.3395537,-0.97676665,-0.17146471,1.0
2454793.583462,0.9937468,-0.81787001,-1.84061314,-0.17146823,-0.3395618,-0.9767543,-0.17147193,1.0
2454793.588872,0.9928319,-0.81780122,-1.84063628,-0.17148084,-0.33957596,-0.97673271,-0.17148455,1.0
2454793.595062,1.010359,-0.81772251,-1.84066277,-0.17149528,-0.33959216,-0.97670802,-0.17149898,1.0
2454793.599701,1.033893,-0.81766352,-1.84068261,-0.17150610000000002,-0.3396043,-0.97668952,-0.1715098,1.0
2454793.602796,1.023471,-0.81762416,-1.84069585,-0.17151332,-0.33961241,-0.97667718,-0.17151702,1.0
2454793.605886,1.031041,-0.81758486,-1.84070907,-0.17152052,-0.3396205,-0.97666487,-0.17152423,1.0
2454793.610527,1.045384,-0.81752585,-1.84072892,-0.17153135,-0.33963266,-0.97664637,-0.17153505,1.0
2454793.61517,1.056029,-0.81746681,-1.84074877,-0.17154217,-0.33964482,-0.97662787,-0.17154588,1.0
2454793.619816,1.076653,-0.81740773,-1.84076864,-0.17155301,-0.33965699,-0.97660937,-0.17155671,1.0
2454793.622907,1.087616,-0.81736842,-1.84078186,-0.17156022,-0.33966509,-0.97659706,-0.17156392,1.0
2454793.626773,1.106817,-0.81731926,-1.84079839,-0.17156923,-0.33967523,-0.97658166,-0.17157293,1.0
2454793.632182,1.093643,-0.81725047,-1.84082152,-0.17158185,-0.33968941,-0.97656013,-0.17158555,1.0
2454793.635275,1.10478,-0.81721114,-1.84083475,-0.17158906,-0.33969752,-0.97654782,-0.17159276,1.0
2454793.67085,0.9648853,-0.81675869,-1.8409868000000005,-0.17167201,-0.33979089,-0.97640635,-0.17167572,1.0
2454793.674717,0.9516466,-0.81670951,-1.84100333,-0.17168103,-0.33980105,-0.97639099,-0.17168473,1.0
2454793.67781,0.9240079,-0.81667017,-1.84101654,-0.17168824,-0.33980917,-0.9763787,-0.17169195,1.0
2454793.682455,0.8971719000000001,-0.81661111,-1.84103638,-0.17169907,-0.33982138,-0.97636026,-0.17170277,1.0
2454793.6863220003,0.8735257,-0.81656192,-1.8410529,-0.17170809,-0.33983154,-0.97634491,-0.17171179,1.0
2454793.690961,0.8473751,-0.81650292,-1.84107272,-0.17171891,-0.33984374,-0.9763265,-0.17172261,1.0
2454793.694827,0.8319087,-0.81645375,-1.84108924,-0.17172792,-0.33985390000000004,-0.97631115,-0.17173162,1.0
2454793.6986950003,0.8167248,-0.81640455,-1.84110576,-0.17173694,-0.33986407,-0.97629581,-0.17174064,1.0
2454793.702561,0.808492,-0.81635537,-1.84112227,-0.17174595,-0.33987424,-0.97628047,-0.17174965,1.0
2454793.70643,0.8212507,-0.81630616,-1.84113879,-0.17175497,-0.33988442,-0.97626512,-0.17175867,1.0
2454793.711841,0.8442591,-0.81623734,-1.8411619,-0.17176759,-0.33989866,-0.97624367,-0.17177129,1.0
2454793.716478,0.8679120000000001,-0.81617835,-1.8411817,-0.1717784,-0.33991086,-0.97622529,-0.17178210000000002,1.0
2454793.721118,0.9138517,-0.81611933,-1.84120152,-0.17178922,-0.33992307,-0.9762069,-0.17179292,1.0
2454793.724984,0.9464022,-0.81607016,-1.84121802,-0.17179823,-0.33993325,-0.97619158,-0.17180193,1.0
2454793.730395,0.982824,-0.81600133,-1.84124112,-0.17181085,-0.3399475,-0.97617014,-0.17181455,1.0
2454793.733487,1.003866,-0.815962,-1.84125432,-0.17181805,-0.33995564,-0.97615789,-0.17182176,1.0
2454793.737351,1.019708,-0.81591285,-1.84127082,-0.17182706,-0.33996582,-0.97614259,-0.17183076,1.0
2454793.741219,1.072694,-0.81586364,-1.84128733,-0.17183608,-0.33997601,-0.97612728,-0.17183978,1.0
2454793.744309,1.073682,-0.81582434,-1.84130052,-0.17184328,-0.33998416,-0.97611505,-0.17184699,1.0
2454793.74895,1.084615,-0.8157653,-1.84132033,-0.1718541,-0.33999639,-0.97609668,-0.17185781,1.0
2454793.754361,1.106817,-0.81569648,-1.84134342,-0.17186672,-0.34001065,-0.97607527,-0.17187042,1.0
2454793.759773,1.130513,-0.81562763,-1.84136651,-0.17187933,-0.34002492,-0.97605386,-0.17188303,1.0
2454793.763641,1.143078,-0.81557843,-1.84138302,-0.17188835,-0.34003512,-0.97603857,-0.17189205,1.0
2454793.768278,1.163257,-0.81551944,-1.8414028,-0.17189916,-0.34004735,-0.97602023,-0.17190286,1.0
2454793.77137,1.1697030000000002,-0.8154800999999999,-1.841416,-0.17190637,-0.34005551,-0.97600801,-0.17191007,1.0
2454793.77601,1.163257,-0.81542108,-1.84143579,-0.17191718,-0.34006775,-0.97598967,-0.17192089,1.0
2454793.779875,1.152592,-0.81537191,-1.84145228,-0.17192619,-0.34007795,-0.9759744,-0.1719299,1.0
2454793.782967,1.144131,-0.81533257,-1.84146547,-0.1719334,-0.34008612,-0.97596218,-0.1719371,1.0
2454793.787604,1.11603,-0.81527358,-1.84148525,-0.17194421,-0.34009836,-0.97594386,-0.17194791,1.0
2454793.791469,1.128433,-0.81522441,-1.84150173,-0.17195322,-0.34010856,-0.9759286,-0.17195692,1.0
2454793.795335,1.1037629999999998,-0.81517523,-1.84151822,-0.17196223,-0.34011877,-0.97591333,-0.17196593,1.0
2454793.798426,1.135732,-0.8151359,-1.8415314,-0.17196944,-0.34012694,-0.97590113,-0.17197314,1.0
2454793.801518,1.140974,-0.81509656,-1.84154459,-0.17197664,-0.34013511,-0.97588893,-0.17198035,1.0
2454793.805384,1.129473,-0.81504738,-1.84156108,-0.17198566,-0.34014532,-0.97587367,-0.17198936,1.0
2454793.808477,1.122214,-0.81500803,-1.84157427,-0.17199286,-0.3401535,-0.97586147,-0.17199657,1.0
2454793.811569,1.11295,-0.81496869,-1.84158745,-0.17200007,-0.34016167,-0.97584927,-0.17200377,1.0
2454793.819298,1.091631,-0.81487036,-1.8416204,-0.17201809,-0.3401821,-0.97581879,-0.17202179,1.0
2454793.826256,1.04346,-0.81478184,-1.84165006,-0.17203429999999995,-0.3402005,-0.97579136,-0.17203800000000002,1.0
2454793.83012,1.039623,-0.81473268,-1.84166653,-0.17204331,-0.34021072,-0.97577613,-0.17204701,1.0
2454793.833211,1.010359,-0.81469335,-1.84167971,-0.17205051,-0.34021890000000005,-0.97576395,-0.17205421,1.0
2454793.836304,0.9910046999999998,-0.814654,-1.84169289,-0.17205772,-0.34022708,-0.97575176,-0.17206142,1.0
2454793.839396,0.9675552,-0.81461466,-1.84170607,-0.17206493,-0.34023526,-0.97573958,-0.17206863,1.0
2454793.843261,0.9472742,-0.81456548,-1.84172254,-0.17207394,-0.34024549,-0.97572435,-0.17207764,1.0
2454793.847128,0.9155367,-0.81451628,-1.84173902,-0.17208295,-0.34025573,-0.97570913,-0.17208665,1.0
2454793.850219,0.8905857,-0.81447695,-1.84175219,-0.17209015,-0.34026391,-0.97569696,-0.17209385,1.0
2454793.8548580003,0.8663146999999999,-0.81441793,-1.84177196,-0.17210097,-0.34027619,-0.97567869,-0.17210467,1.0
2454793.858722,0.8560039,-0.81436876,-1.84178843,-0.17210997,-0.34028643,-0.97566349,-0.17211367,1.0
2454793.863359,0.8607473,-0.81430976,-1.84180818,-0.17212078,-0.34029871,-0.97564524,-0.17212448,1.0
2454793.866451,0.8403799999999999,-0.81427041,-1.84182135,-0.17212798,-0.3403069,-0.97563307,-0.17213169,1.0
2454793.870316,0.8465950000000001,-0.81422124,-1.84183782,-0.17213699,-0.34031714,-0.97561787,-0.17214069,1.0
2454793.874953,0.8791758,-0.81416223,-1.84185757,-0.1721478,-0.34032943,-0.97559964,-0.1721515,1.0
2454793.878051,0.8848623999999999,-0.81412281,-1.84187077,-0.17215502,-0.34033764,-0.97558746,-0.17215872,1.0
2454793.881917,0.9004834,-0.81407362,-1.84188723,-0.17216403,-0.34034789,-0.97557226,-0.17216773,1.0
2454793.887328,0.935138,-0.81400476,-1.84191028,-0.17217664,-0.34036224,-0.97555099,-0.17218034,1.0
2454793.894286,0.982824,-0.81391624,-1.84193991,-0.17219285,-0.34038069,-0.97552366,-0.17219655,1.0
2454793.898927,0.9955789,-0.81385718,-1.84195967,-0.17220367,-0.34039301,-0.97550543,-0.17220737,1.0
2454793.902794,1.019708,-0.81380797,-1.84197614,-0.17221268,-0.34040327,-0.97549024,-0.17221638,1.0
2454793.906661,1.022529,-0.81375876,-1.8419926,-0.17222169,-0.34041353,-0.97547506,-0.17222539,1.0
2454793.913621,1.04346,-0.81367019,-1.84202223,-0.17223791,-0.34043201,-0.97544774,-0.17224161,1.0
2454793.922132,1.032941,-0.81356188,-1.84205846,-0.17225774,-0.34045461,-0.97541435,-0.17226144,1.0
2454793.9267720003,1.057002,-0.81350284,-1.84207821,-0.17226855,-0.34046693,-0.97539615,-0.17227225,1.0
2454793.930639,1.0746719999999998,-0.81345362,-1.84209467,-0.17227756,-0.34047721,-0.97538099,-0.17228126,1.0
2454793.934505,1.068749,-0.81340442,-1.84211112,-0.17228657,-0.34048748,-0.97536583,-0.17229027,1.0
2454793.938368,1.07072,-0.81335526,-1.84212756,-0.17229557,-0.34049775,-0.97535069,-0.17229927,1.0
2454793.948425,1.108857,-0.81322727,-1.84217035,-0.17231901,-0.34052448,-0.97531128,-0.17232271,1.0
2454793.9847790003,1.056029,-0.8127646,-1.84232499,-0.17240371,-0.34062123,-0.975169,-0.17240741,1.0
2454793.990975,1.051177,-0.81268574,-1.84235133,-0.17241814,-0.34063773,-0.97514478,-0.17242184,1.0
2454794.001034,0.9910046999999998,-0.81255771,-1.8423941,-0.17244158,-0.34066453,-0.97510547,-0.17244528,1.0
2454794.0048970003,0.9774075,-0.81250854,-1.84241052,-0.17245058,-0.34067483,-0.97509038,-0.17245428,1.0
2454794.009535,0.9385895,-0.8124494999999999,-1.84243024,-0.17246138,-0.3406872,-0.97507227,-0.17246508,1.0
2454794.014946,0.9113301,-0.81238063,-1.84245324,-0.17247399,-0.34070162,-0.97505114,-0.17247769,1.0
2454794.018815,0.8743306999999999,-0.81233138,-1.84246968,-0.172483,-0.34071194,-0.97503604,-0.17248670000000002,1.0
2454794.023459,0.8481559999999999,-0.81227227,-1.84248942,-0.17249382,-0.34072433,-0.97501791,-0.17249752,1.0
2454794.026554,0.8319087,-0.81223288,-1.84250257,-0.17250103,-0.34073259,-0.97500583,-0.17250473,1.0
2454804.544825,1.068463,-0.67681805,-1.88349984,-0.19664383,-0.37435488,-0.94549353,-0.19664734,1.0
2454804.553356,1.053803,-0.67670705,-1.88353005,-0.19666311,-0.37438596,-0.94547926,-0.19666661,1.0
2454804.5580080003,1.06748,-0.67664651,-1.88354653,-0.19667362,-0.37440292,-0.94547148,-0.19667712,1.0
2454804.561888,1.086325,-0.67659603,-1.88356026,-0.19668238,-0.37441706,-0.945465,-0.19668589,1.0
2454804.564985,1.08233,-0.67655573,-1.88357123,-0.19668938,-0.37442835,-0.94545983,-0.19669289,1.0
2454804.568085,1.106521,-0.67651539,-1.8835822,-0.19669639,-0.37443965,-0.94545466,-0.19669989,1.0
2454804.571191,1.097386,-0.67647497,-1.8835932,-0.1967034,-0.37445097,-0.94544947,-0.19670691,1.0
2454804.575842,1.115731,-0.67641445,-1.88360966,-0.19671391,-0.37446792,-0.94544172,-0.19671742,1.0
2454804.578942,1.130211,-0.67637411,-1.88362063,-0.19672091,-0.37447922,-0.94543655,-0.19672442,1.0
2454804.582816,1.10754,-0.6763237,-1.88363434,-0.19672967,-0.37449335,-0.9454301,-0.19673317,1.0
2454804.587468,1.098398,-0.67626316,-1.8836508,-0.19674017,-0.37451031,-0.94542235,-0.19674368,1.0
2454804.591345,1.08233,-0.67621271,-1.88366452,-0.19674893,-0.37452445,-0.9454159,-0.19675244,1.0
2454804.59522,1.061597,-0.67616229,-1.88367823,-0.19675769,-0.37453858,-0.94540946,-0.19676119,1.0
2454804.599099,1.038388,-0.67611181,-1.88369196,-0.19676645,-0.37455273,-0.94540301,-0.19676995,1.0
2454804.603753,1.026029,-0.67605124,-1.88370842,-0.19677696,-0.3745697,-0.94539528,-0.19678047,1.0
2454804.606853,1.010089,-0.6760109000000001,-1.88371939,-0.19678397,-0.37458101,-0.94539013,-0.19678747,1.0
2454804.609954,0.9880061,-0.67597055,-1.88373036,-0.19679097,-0.37459232,-0.94538498,-0.19679448,1.0
2454804.6130540003,0.9852799,-0.67593021,-1.88374132,-0.19679797,-0.37460363,-0.94537984,-0.19680148,1.0
2454804.620031,0.9513923,-0.67583941,-1.88376599,-0.19681373,-0.37462908,-0.94536827,-0.19681724,1.0
2454804.627791,0.8985860000000001,-0.67573842,-1.88379343,-0.19683126,-0.3746574,-0.94535542,-0.19683477,1.0
2454804.632461,0.8676799999999999,-0.67567765,-1.88380995,-0.19684181,-0.37467444,-0.94534769,-0.19684532,1.0
2454804.636359,0.8424799999999999,-0.67562692,-1.88382373,-0.19685062,-0.37468867,-0.94534124,-0.19685412,1.0
2454804.641012,0.8293915000000001,-0.67556636,-1.88384018,-0.19686113,-0.37470565,-0.94533355,-0.19686463,1.0
2454804.644111,0.8195200999999999,-0.67552603,-1.88385113,-0.19686813,-0.37471696,-0.94532843,-0.19687163,1.0
2454804.648765,0.8255809000000001,-0.67546546,-1.88386758,-0.19687864,-0.37473395,-0.94532075,-0.19688214,1.0
2454804.651868,0.8386091,-0.67542508,-1.88387855,-0.19688565,-0.37474528,-0.94531563,-0.19688915,1.0
2454804.656521,0.8613103000000001,-0.67536452,-1.88389499,-0.19689616,-0.37476227,-0.94530795,-0.19689966,1.0
2454804.664277,0.9052314,-0.67526358,-1.8839224,-0.19691367,-0.37479059,-0.94529517,-0.19691718,1.0
2454804.668931,0.9400688,-0.67520301,-1.88393884,-0.19692418,-0.37480758,-0.9452875,-0.19692769,1.0
2454804.672809,0.9690799,-0.67515254,-1.88395254,-0.19693294,-0.37482174,-0.94528112,-0.19693645,1.0
2454804.7279080003,1.117788,-0.67443538,-1.88414709,-0.19705737,-0.37502308,-0.94519079,-0.19706087,1.0
2454804.731785,1.120881,-0.67438492,-1.88416077,-0.19706613,-0.37503726,-0.94518446,-0.19706963,1.0
2454804.737215,1.125018,-0.67431424,-1.88417993,-0.19707839,-0.37505711,-0.9451756,-0.19708189,1.0
2454804.741867,1.116759,-0.67425368,-1.88419634,-0.19708889,-0.37507412,-0.94516801,-0.19709239,1.0
2454804.746523,1.121914,-0.67419308,-1.88421277,-0.19709941,-0.37509115,-0.94516043,-0.19710291,1.0
2454804.750396,1.115731,-0.67414266,-1.88422643,-0.19710815,-0.37510531,-0.94515412,-0.19711165,1.0
2454804.754271,1.087326,-0.67409222,-1.8842401,-0.1971169,-0.37511949,-0.94514781,-0.1971204,1.0
2454804.758923,1.0833270000000002,-0.67403167,-1.88425651,-0.1971274,-0.3751365,-0.94514024,-0.1971309,1.0
2454804.762801,1.066497,-0.67398119,-1.88427018,-0.19713616,-0.37515069,-0.94513394,-0.19713966,1.0
2454804.792274,0.9314501,-0.67359752,-1.88437409,-0.1972027,-0.37525854,-0.94508612,-0.19720620000000005,1.0
2454804.795373,0.9102477,-0.67355717,-1.88438502,-0.1972097,-0.37526989,-0.94508111,-0.1972132,1.0
2454804.7984720003,0.8887091,-0.67351683,-1.88439594,-0.19721669,-0.37528123,-0.94507609,-0.19722019,1.0
2454804.801574,0.8838115,-0.67347645,-1.88440687,-0.1972237,-0.37529259,-0.94507108,-0.1972272,1.0
2454804.806223,0.8628983,-0.67341593,-1.88442325,-0.19723419,-0.37530961,-0.94506356,-0.19723769,1.0
2454804.809324,0.8479293,-0.67337556,-1.88443418,-0.19724119,-0.37532096,-0.94505855,-0.19724469,1.0
2454804.812426,0.8370658000000001,-0.67333517,-1.88444511,-0.1972482,-0.37533232,-0.94505354,-0.1972517,1.0
2454804.816324,0.852628,-0.67328443,-1.88445884,-0.197257,-0.37534659,-0.94504725,-0.1972605,1.0
2454804.821755,0.8644893,-0.67321372,-1.88447797,-0.19726926,-0.37536648,-0.94503849,-0.19727276,1.0
2454804.826403,0.8708826,-0.67315321,-1.88449434,-0.19727975,-0.37538351,-0.945031,-0.19728325,1.0
2454804.852765,1.01102,-0.67281,-1.88458717,-0.19733925,-0.37548008,-0.94498859,-0.19734275,1.0
2454804.860517,1.022256,-0.67270907,-1.88461446,-0.19735675,-0.37550849,-0.94497615,-0.19736025,1.0
2454804.865168,1.032665,-0.67264852,-1.88463083,-0.19736725,-0.37552554,-0.9449687,-0.19737075,1.0
2454804.869046,1.052833,-0.67259803,-1.88464448,-0.197376,-0.37553975,-0.94496248,-0.1973795,1.0
2454804.872925,1.054774,-0.67254752,-1.88465813,-0.19738476,-0.37555397,-0.94495627,-0.19738826,1.0
2454804.876802,1.06748,-0.67249704,-1.88467177,-0.19739351,-0.37556818,-0.94495007,-0.19739701,1.0
2454804.879905,1.064534,-0.67245664,-1.88468269,-0.19740051,-0.37557956,-0.9449451,-0.19740401,1.0
2454804.883783,1.07142,-0.67240615,-1.88469634,-0.19740927,-0.37559378,-0.9449389,-0.19741276,1.0
2454804.889217,1.085324,-0.6723354,-1.88471545,-0.19742153,-0.3756137,-0.94493022,-0.19742503,1.0
2454804.893869,1.100423,-0.67227481,-1.88473182,-0.19743203,-0.37563077,-0.94492278,-0.19743553,1.0
2454804.899304,1.120881,-0.67220405,-1.88475094,-0.1974443,-0.3756507,-0.94491411,-0.1974478,1.0
2454804.903183,1.120881,-0.67215354,-1.88476458,-0.19745305,-0.37566493,-0.94490793,-0.19745655,1.0
2454804.907072,1.128131,-0.6721029000000001,-1.88477826,-0.19746183,-0.37567919,-0.94490173,-0.19746533,1.0
2454804.910178,1.130211,-0.67206246,-1.88478918,-0.19746884,-0.37569058,-0.94489678,-0.19747234,1.0
2454804.914065,1.122948,-0.67201185,-1.88480285,-0.19747761,-0.37570484,-0.94489059,-0.19748111,1.0
2454804.917941,1.1136780000000002,-0.67196138,-1.88481648,-0.19748636,-0.37571906,-0.94488442,-0.19748985,1.0
2454804.922593,1.093351,-0.6719008000000001,-1.88483283,-0.19749686,-0.37573613,-0.94487702,-0.19750035,1.0
2454804.925696,1.076365,-0.6718604,-1.88484374,-0.19750386,-0.37574752,-0.94487209,-0.19750736,1.0
2454804.931125,1.051864,-0.67178971,-1.88486283,-0.19751611,-0.37576744,-0.94486346,-0.19751961,1.0
2454804.935001,1.036477,-0.67173923,-1.88487645,-0.19752486,-0.37578166,-0.94485731,-0.19752835,1.0
2454804.93888,1.023198,-0.67168872,-1.88489008,-0.19753361,-0.3757959,-0.94485115,-0.19753711,1.0
2454804.943532,1.013817,-0.67162815,-1.88490643,-0.19754411,-0.37581297,-0.94484377,-0.1975476,1.0
2454804.948189,0.9816567,-0.6715675,-1.8849228,-0.19755462,-0.37583007,-0.94483639,-0.19755811,1.0
2454804.951292,0.9549038,-0.6715270999999999,-1.8849337,-0.19756162,-0.37584146,-0.94483148,-0.19756511,1.0
2454804.95517,0.9323084,-0.6714766,-1.88494733,-0.19757037,-0.37585569,-0.94482534,-0.19757386,1.0
2454804.9582740003,0.9246122,-0.67143618,-1.88495823,-0.19757737,-0.37586709,-0.94482043,-0.19758087,1.0
2454804.961377,0.8952814,-0.67139577,-1.88496913,-0.19758437,-0.37587848,-0.94481552,-0.19758787,1.0
2454804.966034,0.8613103000000001,-0.67133513,-1.88498549,-0.19759488,-0.37589558,-0.94480815,-0.19759838,1.0
2454804.972237,0.8393818000000001,-0.67125435,-1.88500728,-0.19760888,-0.37591836,-0.94479836,-0.19761237,1.0
2454804.976115,0.8263415999999999,-0.67120385,-1.8850209,-0.19761763,-0.3759326,-0.94479223,-0.19762112,1.0
2454804.979997,0.8240615,-0.67115329,-1.88503453,-0.19762639,-0.37594686,-0.94478611,-0.19762988,1.0
2454804.986198,0.8542001,-0.67107254,-1.88505631,-0.19764038,-0.37596964,-0.94477633,-0.19764387,1.0
2454815.532247,1.092453,-0.5324667,-1.91822966,-0.22101642,-0.41749415,-0.94075128,-0.22101959,1.0
2454815.534564,1.071526,-0.53243599,-1.9182361,-0.22102146,-0.41750367,-0.94075321,-0.22102463,1.0
2454815.537655,1.06464,-0.53239502,-1.91824468,-0.22102818,-0.41751639,-0.94075578,-0.22103135,1.0
2454815.5392,1.073502,-0.53237454,-1.91824897,-0.22103154,-0.41752274,-0.94075707,-0.22103471,1.0
2454815.540746,1.065621,-0.53235405,-1.91825326,-0.22103491,-0.4175291,-0.94075835,-0.22103808,1.0
2454815.542292,1.059748,-0.53233356,-1.91825755,-0.22103827,-0.41753545,-0.94075964,-0.22104144,1.0
2454815.543837,1.049066,-0.53231308,-1.91826184,-0.22104163,-0.41754181,-0.94076093,-0.2210448,1.0
2454815.546929,1.041364,-0.53227209,-1.91827042,-0.22104836,-0.41755452,-0.94076351,-0.22105152,1.0
2454815.5484740003,1.028023,-0.53225161,-1.91827471,-0.22105172,-0.41756088,-0.9407648,-0.22105488,1.0
2454815.58249,0.8016831,-0.53180071,-1.91836907,-0.2211257,-0.41770077,-0.94079335,-0.22112887,1.0
2454815.584037,0.8002077,-0.53178021,-1.91837336,-0.22112907,-0.41770714,-0.94079465,-0.22113223,1.0
2454815.585583,0.7921414999999999,-0.53175971,-1.91837765,-0.22113243,-0.41771349,-0.94079596,-0.2211356,1.0
2454815.587901,0.776252,-0.53172899,-1.91838408,-0.22113747,-0.41772303,-0.94079791,-0.22114064,1.0
2454815.589446,0.7784,-0.53170851,-1.91838836,-0.22114083,-0.41772938,-0.94079922,-0.221144,1.0
2454815.5917700003,0.7863263,-0.5316776999999999,-1.9183948,-0.22114588,-0.41773894,-0.94080118,-0.22114905,1.0
2454815.593317,0.7841566,-0.53165719,-1.91839909,-0.22114925,-0.4177452999999999,-0.94080249,-0.22115242,1.0
2454815.594862,0.7805536,-0.53163671,-1.91840337,-0.22115261,-0.41775166,-0.9408038,-0.22115577,1.0
2454815.596409,0.7943334,-0.53161621,-1.91840766,-0.22115597,-0.41775802,-0.94080511,-0.22115914,1.0
2454815.597954,0.8039014,-0.53159573,-1.91841194,-0.22115933,-0.41776438,-0.94080641,-0.2211625,1.0
2454815.5995,0.8009451999999999,-0.53157523,-1.91841623,-0.2211627,-0.41777074,-0.94080772,-0.22116586,1.0
2454815.601047,0.8196015,-0.53155472,-1.91842052,-0.22116606,-0.4177771,-0.94080903,-0.22116923,1.0
2454815.602593,0.8348389999999999,-0.53153423,-1.9184248,-0.22116942,-0.41778346,-0.94081034,-0.22117259,1.0
2454815.60414,0.8294739999999999,-0.53151372,-1.91842909,-0.22117279,-0.41778982,-0.94081166,-0.22117595,1.0
2454815.605685,0.8433402,-0.53149324,-1.91843337,-0.22117615,-0.41779618,-0.94081297,-0.22117931,1.0
2454815.607229,0.8542851,-0.53147278,-1.91843765,-0.2211795,-0.41780253,-0.94081428,-0.22118267,1.0
2454815.608776,0.8613958,-0.53145227,-1.91844194,-0.22118287,-0.41780889,-0.94081559,-0.22118603,1.0
2454815.610322,0.872575,-0.53143178,-1.91844622,-0.22118623,-0.41781525,-0.9408169,-0.22118939,1.0
2454815.611869,0.8896165,-0.53141127,-1.91845051,-0.22118959,-0.41782161,-0.94081822,-0.22119276,1.0
2454815.613416,0.8953704,-0.53139076,-1.91845479,-0.22119296,-0.41782797,-0.94081953,-0.22119612,1.0
2454815.614962,0.9111772,-0.53137027,-1.91845908,-0.22119632,-0.41783433,-0.94082085,-0.22119948,1.0
2454815.616508,0.9187615,-0.53134977,-1.91846336,-0.22119968,-0.41784069,-0.94082216,-0.22120285,1.0
2454815.618055,0.925556,-0.53132927,-1.91846764,-0.22120305,-0.41784706,-0.94082348,-0.22120621,1.0
2454815.619601,0.9384319,-0.53130877,-1.91847193,-0.22120641,-0.41785342,-0.9408248,-0.22120957,1.0
2454815.621921,0.9611758,-0.53127802,-1.91847835,-0.22121145,-0.41786296,-0.94082677,-0.22121462,1.0
2454815.623467,0.9691763,-0.53125752,-1.91848264,-0.22121481,-0.41786932,-0.94082809,-0.22121798,1.0
2454815.6250130003,0.9853778,-0.53123703,-1.91848692,-0.22121818,-0.41787568,-0.94082941,-0.22122134,1.0
2454815.627336,0.9908383,-0.53120622,-1.91849336,-0.22122323,-0.41788524,-0.94083139,-0.22122639,1.0
2454815.628884,1.000006,-0.5311857,-1.91849764,-0.2212266,-0.41789161,-0.94083271,-0.22122976,1.0
2454815.630431,1.012052,-0.53116519,-1.91850193,-0.22122996,-0.41789797,-0.94083404,-0.22123312,1.0
2454815.632753,1.0233,-0.53113441,-1.91850836,-0.22123501,-0.41790752,-0.94083602,-0.22123817,1.0
2454815.635846,1.039448,-0.53109341,-1.91851692,-0.22124173,-0.41792025,-0.94083866,-0.2212449,1.0
2454815.637393,1.049066,-0.5310729000000001,-1.91852121,-0.2212451,-0.41792661,-0.94083999,-0.22124826,1.0
2454815.639714,1.056824,-0.53104213,-1.91852763,-0.22125014,-0.41793616,-0.94084198,-0.22125331,1.0
2454815.64126,1.069554,-0.53102164,-1.91853191,-0.22125351,-0.41794252,-0.9408433,-0.22125667,1.0
2454815.642807,1.085432,-0.53100113,-1.9185362,-0.22125687,-0.41794888,-0.94084463,-0.22126003,1.0
2454815.645128,1.082437,-0.53097036,-1.91854262,-0.22126192,-0.41795843,-0.94084662,-0.22126508,1.0
2454815.646674,1.09346,-0.53094986,-1.9185469,-0.22126528,-0.41796479,-0.94084794,-0.22126844,1.0
2454815.648219,1.104594,-0.53092938,-1.91855118,-0.22126864,-0.41797114,-0.94084927,-0.2212718,1.0
2454815.649765,1.099519,-0.53090889,-1.91855546,-0.221272,-0.41797751,-0.9408506,-0.22127516,1.0
2454815.651312,1.110715,-0.53088838,-1.91855974,-0.22127536,-0.41798387,-0.94085192,-0.22127853,1.0
2454815.652858,1.115842,-0.53086788,-1.91856402,-0.22127872,-0.41799023,-0.94085325,-0.22128189,1.0
2454815.655179,1.11893,-0.53083711,-1.91857044,-0.22128377,-0.41799978,-0.94085525,-0.22128693,1.0
2454815.656725,1.126167,-0.53081662,-1.91857472,-0.22128713,-0.41800614,-0.94085658,-0.22129029,1.0
2454815.658273,1.12513,-0.5307960999999999,-1.91857901,-0.22129050000000006,-0.41801251,-0.94085791,-0.22129366,1.0
2454815.659818,1.119961,-0.53077561,-1.91858328,-0.22129386,-0.41801886,-0.94085924,-0.22129702,1.0
2454815.661365,1.130324,-0.53075511,-1.91858756,-0.22129722,-0.41802523,-0.94086057,-0.22130038,1.0
2454815.663685,1.136587,-0.53072435,-1.91859398,-0.22130226,-0.41803477,-0.94086257,-0.22130543,1.0
2454815.666007,1.129283,-0.53069357,-1.91860041,-0.22130731,-0.41804433,-0.94086457,-0.22131048,1.0
2454815.668328,1.114815,-0.5306628000000001,-1.91860683,-0.22131236,-0.41805387,-0.94086658,-0.22131552,1.0
2454815.670647,1.077464,-0.53063205,-1.91861325,-0.2213174,-0.41806342,-0.94086858,-0.22132056,1.0
2454815.672198,1.119961,-0.53061149,-1.91861754,-0.22132077,-0.4180698000000001,-0.94086992,-0.22132394,1.0
2454815.673742,1.113789,-0.53059102,-1.91862181,-0.22132413,-0.41807615,-0.94087125,-0.22132729,1.0
2454815.675288,1.101546,-0.53057053,-1.91862609,-0.22132749,-0.41808251,-0.94087259,-0.22133065,1.0
2454815.676835,1.111739,-0.53055002,-1.91863037,-0.22133085,-0.41808887,-0.94087393,-0.22133402,1.0
2454815.679155,1.114815,-0.53051926,-1.91863678,-0.2213359,-0.41809842,-0.94087594,-0.22133906,1.0
2454815.680701,1.114815,-0.53049876,-1.91864106,-0.22133926,-0.41810478,-0.94087727,-0.22134242,1.0
2454815.682246,1.099519,-0.53047828,-1.91864533,-0.22134262,-0.41811114,-0.94087861,-0.22134578,1.0
2454815.683792,1.119961,-0.53045778,-1.91864961,-0.22134598,-0.4181175,-0.94087995,-0.22134914,1.0
2454815.685337,1.112763,-0.5304373,-1.91865388,-0.22134934,-0.41812385,-0.94088129,-0.2213525,1.0
2454815.686881,1.127205,-0.53041683,-1.91865815,-0.22135269,-0.41813021,-0.94088263,-0.22135586,1.0
2454815.691518,1.132408,-0.53035534,-1.91867098,-0.22136278,-0.41814929,-0.94088666,-0.22136594,1.0
2454815.694617,1.099519,-0.53031426,-1.91867955,-0.22136951,-0.41816204,-0.94088935,-0.22137268,1.0
2454815.702352,1.066603,-0.53021171,-1.91870093,-0.22138633,-0.41819387,-0.94089608,-0.22138949,1.0
2454815.706216,1.074491,-0.53016048,-1.91871161,-0.22139473,-0.41820977,-0.94089945,-0.22139789,1.0
2454815.73792,0.897848,-0.52974014,-1.91879921,-0.22146364,-0.41834023,-0.94092721,-0.2214668,1.0
2454815.7417880003,0.8953704,-0.52968885,-1.91880989,-0.22147205,-0.41835615,-0.94093061,-0.22147521,1.0
2454815.744107,0.862984,-0.52965811,-1.9188163,-0.22147709,-0.41836569,-0.94093265,-0.22148025,1.0
2454815.7471990003,0.8480136,-0.52961711,-1.91882483,-0.22148381,-0.41837842,-0.94093538,-0.22148697,1.0
2454815.789709,0.9401622,-0.52905345,-1.91894215,-0.22157620000000006,-0.41855338,-0.94097306,-0.22157936,1.0
2454815.792032,0.9656122,-0.52902265,-1.91894856,-0.22158125,-0.41856294,-0.94097513,-0.22158441,1.0
2454815.801306,1.012984,-0.52889968,-1.91897413,-0.2216014,-0.41860111,-0.94098341,-0.22160456,1.0
2454815.802852,0.9917513,-0.52887918,-1.9189784,-0.22160476,-0.41860748,-0.94098479,-0.22160792,1.0
2454815.805173,0.9990859,-0.5288484,-1.9189848000000005,-0.22160981,-0.41861703,-0.94098687,-0.22161296,1.0
2454815.812901,1.014852,-0.52874591,-1.9190061,-0.2216266,-0.41864885,-0.9409938,-0.22162976,1.0
2454815.814446,1.028023,-0.52872543,-1.91901036,-0.22162996,-0.41865521,-0.94099518,-0.22163312,1.0
2454815.817539,1.031817,-0.52868441,-1.91901889,-0.22163668,-0.41866794,-0.94099796,-0.22163984,1.0
2454815.819086,1.0251860000000002,-0.5286639,-1.91902315,-0.22164004,-0.41867431,-0.94099935,-0.2216432,1.0
2454815.821407,1.038491,-0.52863312,-1.91902955,-0.22164508,-0.41868386,-0.94100143,-0.22164824,1.0
2454815.824501,1.030867,-0.5285920999999999,-1.91903808,-0.22165181,-0.4186965999999999,-0.94100421,-0.22165496,1.0
2454815.82682,1.035626,-0.52856135,-1.91904447,-0.22165685,-0.41870614,-0.9410063,-0.22166,1.0
2454815.828367,1.039448,-0.52854083,-1.91904873,-0.22166021,-0.41871251,-0.94100769,-0.22166336,1.0
2454815.831466,1.0519690000000002,-0.52849974,-1.91905727,-0.22166694,-0.41872527,-0.94101048,-0.2216701,1.0
2454815.833785,1.047135,-0.52846899,-1.91906366,-0.22167198,-0.41873482,-0.94101257,-0.22167514,1.0
2454815.835332,1.044246,-0.52844847,-1.91906792,-0.22167534,-0.41874118,-0.94101397,-0.2216785,1.0
2454815.836877,1.050033,-0.52842799,-1.91907218,-0.22167870000000006,-0.41874754,-0.94101536,-0.22168185,1.0
2454815.838424,1.062681,-0.52840747,-1.91907644,-0.22168206,-0.41875391,-0.94101676,-0.22168522,1.0
2454821.536969,0.9156289,-0.45253657,-1.93362265,-0.23392884,-0.44229789,-0.94995391,-0.23393177,1.0
2454821.540059,0.8833228999999999,-0.45249527,-1.9336299,-0.2339354,-0.44231062,-0.94996081,-0.23393833,1.0
2454821.541605,0.8768383,-0.45247461,-1.93363354,-0.23393869,-0.44231699,-0.94996427,-0.23394162,1.0
2454821.543925,0.8672004999999999,-0.45244361,-1.93363899,-0.23394362,-0.44232655,-0.94996946,-0.23394655,1.0
2454821.545471,0.8553021000000001,-0.45242295,-1.93364262,-0.2339469,-0.44233292,-0.94997292,-0.23394983,1.0
2454821.547791,0.8342948,-0.45239194,-1.93364807,-0.23395183,-0.44234248,-0.94997811,-0.23395476,1.0
2454821.550108,0.8153038,-0.45236098,-1.93365351,-0.23395676,-0.44235203,-0.94998329,-0.23395968,1.0
2454821.553198,0.7872623000000001,-0.45231967,-1.93366077,-0.23396332,-0.44236476,-0.94999021,-0.23396625,1.0
2454821.555515,0.7728932,-0.4522887,-1.93366621,-0.23396825,-0.44237431,-0.9499954,-0.23397117,1.0
2454821.559383,0.7469981,-0.45223701,-1.93367529,-0.23397646,-0.44239025,-0.95000406,-0.23397939,1.0
2454821.56325,0.7757459,-0.45218533,-1.93368437,-0.23398468,-0.44240618,-0.95001273,-0.23398761,1.0
2454821.565566,0.7872623000000001,-0.45215438,-1.9336898,-0.2339896,-0.44241572,-0.95001792,-0.23399253,1.0
2454821.5686580003,0.799686,-0.45211306,-1.93369706,-0.23399617,-0.44242846,-0.95002485,-0.2339991,1.0
2454821.570203,0.8070854000000001,-0.45209241,-1.93370069,-0.23399945,-0.44243483,-0.95002831,-0.23400238,1.0
2454821.5717490003,0.8243649,-0.45207175,-1.93370432,-0.23400274,-0.4424412,-0.95003178,-0.23400566,1.0
2454821.574066,0.8381457,-0.45204078,-1.93370975,-0.23400766,-0.44245074,-0.95003698,-0.23401058,1.0
2454821.575611,0.837374,-0.45202013,-1.93371338,-0.23401094,-0.44245711,-0.95004045,-0.23401387,1.0
2454821.5771560003,0.8521566999999999,-0.45199948,-1.933717,-0.23401422,-0.44246347,-0.95004391,-0.23401715,1.0
2454821.578704,0.8679995999999999,-0.4519788,-1.93372064,-0.23401751,-0.44246985,-0.95004739,-0.23402044,1.0
2454821.581022,0.8833228999999999,-0.45194782,-1.93372608,-0.23402244,-0.4424794,-0.95005259,-0.23402536,1.0
2454821.583345,0.9063991,-0.45191677,-1.93373153,-0.23402737,-0.44248897,-0.95005781,-0.2340303,1.0
2454821.585665,0.926658,-0.45188576,-1.93373697,-0.2340323,-0.44249853,-0.95006302,-0.23403523,1.0
2454821.588756,0.9596647,-0.45184445,-1.93374422,-0.23403887,-0.44251126,-0.95006996,-0.23404179,1.0
2454821.592623,0.9965968,-0.45179277,-1.93375329,-0.23404708,-0.44252719,-0.95007866,-0.23405001,1.0
2454821.594941,0.9993544,-0.45176178,-1.93375873,-0.23405201,-0.44253675,-0.95008387,-0.23405493,1.0
2454821.598031,1.01419,-0.45172048,-1.93376597,-0.23405857,-0.44254948,-0.95009082,-0.2340615,1.0
2454821.599574,1.028299,-0.45169986,-1.93376959,-0.23406185,-0.44255583,-0.95009429,-0.23406477,1.0
2454821.601895,1.042605,-0.45166884,-1.93377504,-0.23406678,-0.44256539,-0.95009951,-0.23406971,1.0
2454821.603439,1.043565,-0.4516482,-1.93377866,-0.23407006,-0.44257175,-0.95010299,-0.23407298,1.0
2454821.604985,1.057108,-0.45162754,-1.93378228,-0.23407334,-0.44257812,-0.95010647,-0.23407627,1.0
2454821.607303,1.068857,-0.45159656,-1.93378771,-0.23407827,-0.44258767,-0.95011168,-0.23408119,1.0
2454821.608852,1.086724,-0.45157586,-1.93379135,-0.23408156,-0.44259405,-0.95011517,-0.23408448,1.0
2454821.6103990003,1.098802,-0.45155518,-1.93379497,-0.23408484,-0.44260043,-0.95011866,-0.23408777,1.0
2454821.611947,1.09678,-0.45153449,-1.9337986,-0.23408813,-0.4426068,-0.95012214,-0.23409106,1.0
2454821.614266,1.09678,-0.4515035,-1.93380404,-0.23409306,-0.44261636,-0.95012737,-0.23409598,1.0
2454821.616584,1.11923,-0.45147252,-1.93380947,-0.23409798,-0.4426259,-0.95013259,-0.23410091,1.0
2454821.618904,1.125433,-0.45144151,-1.93381491,-0.23410291,-0.44263546,-0.95013782,-0.23410583,1.0
2454821.622,1.1285459999999998,-0.45140013,-1.93382216,-0.23410949,-0.44264821,-0.9501448,-0.23411241,1.0
2454821.62432,1.14214,-0.45136912,-1.9338276,-0.23411441,-0.44265777,-0.95015003,-0.23411734,1.0
2454821.626643,1.133756,-0.45133808,-1.93383304,-0.23411935,-0.44266734,-0.95015527,-0.23412227,1.0
2454821.629737,1.146356,-0.45129672,-1.93384029,-0.23412592,-0.44268008,-0.95016225,-0.23412884,1.0
2454821.632827,1.148469,-0.45125542,-1.93384753,-0.23413248,-0.44269281,-0.95016923,-0.23413541,1.0
2454821.635145,1.144246,-0.45122444,-1.93385296,-0.23413741,-0.44270236,-0.95017446,-0.23414033,1.0
2454821.636694,1.14214,-0.45120373,-1.93385659,-0.2341407,-0.44270874,-0.95017796,-0.23414362,1.0
2454821.638239,1.13794,-0.45118308,-1.93386021,-0.23414398,-0.44271511,-0.95018145,-0.2341469,1.0
2454821.640557,1.133756,-0.4511521,-1.93386564,-0.2341489,-0.44272466,-0.95018669,-0.23415183,1.0
2454821.642103,1.12647,-0.45113143,-1.93386926,-0.23415219,-0.44273102,-0.95019018,-0.23415511,1.0
2454821.643658,1.11923,-0.45111065,-1.9338729,-0.23415549,-0.44273743,-0.95019369,-0.23415841,1.0
2454821.646751,1.129586,-0.45106931,-1.93388014,-0.23416206,-0.44275017,-0.95020068,-0.23416498,1.0
2454821.649069,1.136893,-0.45103833,-1.93388557,-0.23416698,-0.44275972,-0.95020592,-0.23416991,1.0
2454821.650614,1.136893,-0.45101768,-1.93388919,-0.23417026,-0.44276608,-0.95020942,-0.23417319,1.0
2454821.652158,1.136893,-0.45099704,-1.9338928,-0.23417354,-0.44277244,-0.95021291,-0.23417647,1.0
2454821.653704,1.135846,-0.45097638,-1.93389642,-0.23417683,-0.44277881,-0.95021641,-0.23417975,1.0
2454821.655248,1.127508,-0.45095574,-1.93390003,-0.23418011,-0.44278517,-0.9502199,-0.23418303,1.0
2454821.657566,1.127508,-0.45092476,-1.93390546,-0.23418503,-0.44279471,-0.95022515,-0.23418795,1.0
2454821.659886,1.12647,-0.45089375,-1.93391089,-0.23418996,-0.44280427,-0.9502304,-0.23419288,1.0
2454821.662204,1.127508,-0.45086277,-1.93391632,-0.23419488,-0.44281382,-0.95023565,-0.2341978,1.0
2454821.663751,1.120262,-0.45084209,-1.93391994,-0.23419816,-0.44282019,-0.95023915,-0.23420109,1.0
2454821.665296,1.11717,-0.45082144,-1.93392355,-0.23420145,-0.44282655,-0.95024265,-0.23420437,1.0
2454821.666842,1.104891,-0.45080077,-1.93392717,-0.23420473,-0.44283292,-0.95024615,-0.23420765,1.0
2454821.668386,1.099815,-0.45078014,-1.93393078,-0.23420801,-0.44283928,-0.95024965,-0.23421093,1.0
2454821.669933,1.093753,-0.45075946,-1.9339344,-0.23421129,-0.44284565,-0.95025315,-0.23421421,1.0
2454821.671479,1.090736,-0.4507388,-1.93393802,-0.23421458,-0.44285202,-0.95025666,-0.2342175,1.0
2454821.673797,1.081732,-0.45070781,-1.93394344,-0.2342195,-0.44286156,-0.95026191,-0.23422242,1.0
2454821.675343,1.07577,-0.45068715,-1.93394706,-0.23422278,-0.44286793,-0.95026542,-0.2342257,1.0
2454821.676888,1.065908,-0.4506665,-1.93395067,-0.23422606,-0.44287429,-0.95026892,-0.23422898,1.0
2454821.678432,1.06101,-0.45064585,-1.93395429,-0.23422934,-0.44288066,-0.95027242,-0.23423227,1.0
2454821.680752,1.053221,-0.45061484,-1.93395972,-0.23423427,-0.44289021,-0.95027769,-0.23423719,1.0
2454821.683071,1.03877,-0.45058384,-1.93396514,-0.23423919,-0.44289976,-0.95028295,-0.23424212,1.0
2454821.68539,1.032095,-0.45055284,-1.93397056,-0.23424412,-0.44290931,-0.95028821,-0.23424704,1.0
2454821.687708,1.015125,-0.45052186,-1.93397599,-0.23424904,-0.44291886,-0.95029347,-0.23425196,1.0
2454821.689253,1.003967,-0.45050121,-1.9339796,-0.23425232,-0.44292522,-0.95029698,-0.23425524,1.0
2454821.693117,0.9965968,-0.45044956,-1.93398863,-0.23426053,-0.44294113,-0.95030576,-0.23426345,1.0
2454821.696207,0.9748089,-0.45040826,-1.93399586,-0.23426709,-0.44295386,-0.95031278,-0.23427001,1.0
2454821.697755,0.9712243,-0.45038757,-1.93399948,-0.23427038,-0.44296023,-0.9503163,-0.2342733,1.0
2454821.699301,0.9596647,-0.4503669,-1.93400309,-0.23427366,-0.4429666,-0.95031981,-0.23427658,1.0
2454821.701622,0.9430169,-0.45033588,-1.93400852,-0.23427859,-0.44297616,-0.95032509,-0.23428151,1.0
2454821.704712,0.9198553,-0.45029457,-1.93401574,-0.23428515,-0.44298888,-0.95033211,-0.23428807,1.0
2454821.70703,0.9131024,-0.45026359,-1.93402116,-0.23429007,-0.44299843,-0.95033738,-0.23429299,1.0
2454821.708575,0.9055647,-0.45024294,-1.93402477,-0.23429335,-0.44300479,-0.9503409,-0.23429627,1.0
2454821.737949,0.8890363000000001,-0.44985028,-1.93409339,-0.23435572,-0.44312575,-0.95040783,-0.23435864,1.0
2454821.740267,0.8956110999999999,-0.4498193,-1.9340988,-0.23436064,-0.4431353,-0.95041312,-0.23436356,1.0
2454821.7418130003,0.9089071,-0.44979863,-1.93410241,-0.23436392,-0.44314166,-0.95041665,-0.23436684,1.0
2454821.743359,0.9105829,-0.44977797,-1.93410602,-0.23436721,-0.44314803,-0.95042018,-0.23437013,1.0
2454821.7449040003,0.9207028,-0.44975731,-1.93410963,-0.23437049,-0.44315439,-0.95042371,-0.23437341,1.0
2454821.7472220003,0.9335112,-0.44972633,-1.93411504,-0.23437541,-0.44316393,-0.950429,-0.23437833,1.0
2454821.749542,0.9517426,-0.44969531,-1.93412046,-0.23438033,-0.44317349,-0.9504343,-0.23438325,1.0
2454821.751861,0.9517426,-0.44966432,-1.93412587,-0.23438526,-0.44318304,-0.9504396,-0.23438817,1.0
2454821.7534060003,0.9605489,-0.44964366,-1.93412947,-0.23438854,-0.4431894,-0.95044313,-0.23439145,1.0
2454821.754952,0.981114,-0.449623,-1.93413308,-0.23439182,-0.44319576,-0.95044667,-0.23439474,1.0
2454821.7564970003,0.9766062,-0.44960234,-1.93413669,-0.2343951,-0.44320212,-0.9504502,-0.23439802,1.0
2454821.758045,0.9865509,-0.44958165,-1.9341403,-0.23439838,-0.4432085,-0.95045374,-0.2344013,1.0
2454821.7595900004,0.992932,-0.449561,-1.93414391,-0.23440166,-0.44321486,-0.95045727,-0.23440458,1.0
2454821.762687,1.002119,-0.44951958,-1.93415113,-0.23440824,-0.44322761,-0.95046436,-0.23441116,1.0
2454821.764234,1.012324,-0.4494989,-1.93415474,-0.23441152,-0.44323398,-0.9504679,-0.23441444,1.0
2454821.7657810003,1.01606,-0.44947822,-1.93415835,-0.23441481,-0.44324035,-0.95047144,-0.23441773,1.0
2454821.768098,1.016997,-0.44944725,-1.93416376,-0.23441973,-0.44324989,-0.95047674,-0.23442265,1.0
2454821.769643,1.01606,-0.4494266,-1.93416736,-0.23442301,-0.44325625,-0.95048028,-0.23442592,1.0
