2443993.669327,1.061037,1.3705119,1.8107071,0.20202642,0.59355949,1.1696166,0.20199504,1.0
2443993.676491,1.049375,1.3704393999999998,1.810747,0.20203619,0.59356351,1.1695608999999998,0.20200481,1.0
2443993.68354,1.03784,1.3703681,1.8107862,0.2020458,0.59356746,1.1695062,0.20201442,1.0
2443993.692835,1.026433,1.3702741000000005,1.810838,0.20205848,0.59357269,1.169434,0.20202709,1.0
2443993.697082,1.022658,1.3702311000000005,1.8108616,0.20206427,0.5935751,1.1694011,0.20203287,1.0
2443993.701828,1.01796,1.3701831,1.8108881,0.20207074,0.59357777,1.1693642,0.20203934,1.0
2443993.705497,0.9984598,1.370146,1.8109085,0.20207575,0.59357985,1.1693358,0.20204435,1.0
2443993.716829,0.9874851999999998,1.3700313,1.8109716,0.2020912,0.59358628,1.1692478000000002,0.20205979,1.0
2443993.723785,0.9641189,1.369961,1.8110103,0.20210068,0.59359036,1.1691937,0.20206927,1.0
2443993.727419,0.95616,1.3699242,1.8110305,0.20210564,0.59359232,1.1691656,0.20207422,1.0
2443993.735625,0.9526439,1.3698412,1.8110762,0.20211683,0.59359713,1.1691018,0.20208541,1.0
2443993.742164,0.9395731,1.369775,1.8111126,0.20212574,0.59360088,1.1690511,0.20209432,1.0
2443993.7427080004,0.9309591,1.3697695,1.8111156,0.20212648,0.59360119,1.1690469,0.20209506,1.0
2443993.749827,0.9241247,1.3696975,1.8111552,0.20213619,0.59360528,1.1689917,0.20210476,1.0
2443993.75492,0.930102,1.3696459,1.8111836,0.20214313,0.5936081999999999,1.1689522,0.2021117,1.0
2443993.759121,0.9413055,1.3696034,1.8112069,0.20214886,0.59361063,1.1689196000000002,0.20211743,1.0
2443993.762339,0.9456503,1.3695708,1.8112249,0.20215325,0.59361248,1.1688947,0.20212181,1.0
2443993.769538,0.9641189,1.369498,1.8112649,0.20216306,0.59361664,1.1688388,0.20213162,1.0
2443993.778289,0.9838538,1.3694094,1.8113136000000003,0.20217499,0.59362171,1.168771,0.20214354,1.0
2443993.781877,0.9920432,1.3693731000000002,1.8113336,0.20217988,0.59362379,1.1687432,0.20214843,1.0
2443993.786252,1.000301,1.3693289,1.8113579,0.20218585,0.59362634,1.1687093000000002,0.2021544,1.0
2443993.793081,1.014216,1.3692597,1.8113959,0.20219516,0.59363031,1.1686564,0.20216370000000006,1.0
2443993.796923,1.021717,1.3692209,1.8114173,0.20220039,0.59363256,1.1686266,0.20216894,1.0
2443993.801299,1.028325,1.3691766,1.8114416,0.20220636,0.59363512,1.1685927,0.2021749,1.0
2443993.805501,1.0311709999999998,1.3691341,1.811465,0.20221208,0.59363757,1.1685602,0.20218062,1.0
2443993.809505,1.036885,1.3690935,1.8114872,0.20221754,0.59363992,1.1685291000000002,0.20218608,1.0
2443993.813255,1.048409,1.3690556,1.8115081,0.20222265,0.59364212,1.1685001,0.20219119,1.0
2443993.822167,1.036885,1.3689653999999998,1.8115577,0.2022348,0.59364736,1.1684311,0.20220333,1.0
2443993.826462,1.047443,1.3689219,1.8115816,0.20224065,0.59364989,1.1683978000000002,0.20220918,1.0
2443993.8316240003,1.03784,1.3688697,1.8116103,0.20224769,0.59365293,1.1683578,0.20221621,1.0
2443993.834333,1.025488,1.3688421999999998,1.8116253,0.20225138,0.59365453,1.1683369,0.2022199,1.0
2443993.835293,1.023601,1.3688325,1.8116307,0.20225269,0.5936551,1.1683294,0.20222121,1.0
2443993.836925,1.025488,1.368816,1.8116397,0.20225492,0.59365607,1.1683168,0.20222343,1.0
2443993.8380830004,1.028325,1.3688043,1.8116462,0.20225649,0.59365674,1.1683078000000002,0.20222501,1.0
2443993.843175,1.028325,1.3687527,1.8116745,0.20226343,0.59365977,1.1682684,0.20223195,1.0
2443993.854588,1.003068,1.3686372,1.811738,0.20227899,0.59366654,1.16818,0.20224749,1.0
2443993.876544,1.002145,1.368415,1.81186,0.20230891,0.59367965,1.1680101,0.2022774,1.0
2443993.879669,0.9829481,1.3683833,1.8118774,0.20231317,0.59368152,1.167986,0.20228166,1.0
2443993.884844,0.9829481,1.3683309,1.8119062,0.20232022,0.59368462,1.1679459,0.20228871,1.0
2443993.891962,0.968569,1.3682589,1.8119457,0.20232992,0.5936889,1.1678909,0.2022984,1.0
2443997.562839,0.9541047,1.3308677,1.8320433,0.20729761,0.59715211,1.1404852,0.20726291,1.0
2443997.572424,0.9444871,1.3307695,1.8320949,0.20731048,0.59716435,1.1404163,0.20727577,1.0
2443997.578546,0.9745318,1.3307067,1.8321279,0.20731871,0.59717218,1.1403723,0.207284,1.0
2443997.586926,0.9972316,1.3306209,1.8321731,0.20732997,0.5971829000000001,1.1403121,0.20729525,1.0
2443997.596799,1.004607,1.3305197,1.8322263,0.20734324,0.59719555,1.1402412,0.2073085,1.0
2443997.604508,1.026115,1.3304407,1.8322679,0.20735359,0.59720545,1.1401858,0.20731885,1.0
2443997.611881,1.088419,1.3303651,1.8323076,0.20736350000000006,0.59721492,1.1401329,0.20732875,1.0
2443997.626302,1.079434,1.3302173000000002,1.8323853,0.20738288,0.59723347,1.1400293,0.20734811,1.0
2443997.634717,1.070523,1.330131,1.8324306,0.20739418,0.59724432,1.1399689,0.2073594,1.0
2443997.642217,1.070523,1.3300541,1.832471,0.20740426,0.59725399,1.1399151,0.20736947,1.0
2443997.648467,1.050016,1.3299901,1.8325047,0.20741265,0.59726206,1.1398703,0.20737786,1.0
2443997.665633,0.9629329,1.3298141,1.8325972,0.20743571,0.59728425,1.1397471,0.2074009,1.0
2443997.674637,0.9229879,1.3297218000000002,1.8326457,0.20744781,0.59729592,1.1396825000000002,0.20741299,1.0
2443997.6808060003,0.8887835999999999,1.3296586,1.8326789,0.20745609,0.59730392,1.1396383,0.20742127,1.0
2443997.703921,0.8725615,1.3294216,1.8328034,0.20748714,0.59733395,1.1394726,0.20745229,1.0
2443997.712347,0.9204412,1.3293351999999998,1.8328487,0.20749845,0.59734492,1.1394122,0.2074636,1.0
2443997.719847,0.9332458,1.3292583,1.8328891,0.20750853,0.5973546999999999,1.1393585,0.20747366,1.0
2443997.734304,1.005532,1.3291101,1.8329669,0.20752794,0.59737357,1.1392548999999998,0.20749306,1.0
2443997.743135,1.026115,1.3290195,1.8330145,0.2075398,0.59738512,1.1391917,0.20750491,1.0
2443997.750889,1.04905,1.32894,1.8330562,0.20755021,0.59739528,1.1391361999999998,0.20751531,1.0
2443997.765474,1.082421,1.3287905,1.8331347,0.2075698,0.59741439,1.1390318,0.20753488,1.0
2443997.773136,1.09849,1.3287118999999998,1.8331759,0.20758009,0.59742445,1.1389768999999998,0.20754516,1.0
2443997.7797560003,1.083418,1.3286440000000002,1.8332115,0.20758897,0.59743315,1.1389296,0.20755404,1.0
2443997.790219,1.0214,1.3285367,1.8332678,0.20760302,0.59744692,1.1388546999999998,0.20756808,1.0
2443997.7970950003,1.028007,1.3284662,1.8333048,0.20761225,0.59745598,1.1388055,0.2075773,1.0
2443997.81706,1.02706,1.3282614,1.8334122,0.20763906,0.59748246,1.1386626,0.20760409,1.0
2443997.818553,1.043268,1.3282461,1.8334203,0.20764106,0.59748444,1.1386519,0.20760609,1.0
2443997.825557,0.9567446,1.3281743,1.8334579,0.20765046,0.59749369,1.1386018999999998,0.20761548,1.0
2443997.83139,0.9567446,1.3281143999999998,1.8334893,0.20765829,0.59750141,1.1385602,0.20762331,1.0
2443997.833392,0.968269,1.3280938999999998,1.8335001,0.20766098,0.59750407,1.1385459,0.20762599,1.0
2443997.839561,0.949721,1.3280306,1.8335332,0.20766926,0.59751224,1.1385018,0.20763427,1.0
2443997.843091,0.9558638,1.3279944,1.8335522,0.207674,0.59751692,1.1384766000000002,0.207639,1.0
2443997.846344,0.9655973,1.3279611,1.8335697,0.20767837,0.59752123,1.1384533,0.20764337,1.0
2443997.854933,0.9844553,1.327873,1.8336159,0.2076899,0.59753263,1.138392,0.20765488,1.0
2443997.863683,0.9908229,1.3277832,1.833663,0.20770164,0.59754425,1.1383295,0.20766662,1.0
2454532.71808,1.000791,2.5349735,0.24845298,-0.09249041,1.5683279,0.47337259,-0.09249416,1.0
2454532.72351,0.9870593,2.5349617,0.24850742,-0.0924816,1.5682934,0.47333568,-0.09248535,1.0
2454532.72895,0.97621,2.53495,0.24856196,-0.09247277,1.568259,0.47329867,-0.09247652,1.0
2454532.7367,0.9798131,2.5349333,0.24863966,-0.09246019,1.5682098999999998,0.47324606,-0.09246394,1.0
2454532.74291,0.9834295,2.5349199,0.24870192,-0.09245011,1.5681705,0.47320372,-0.09245387,1.0
2454532.74834,0.9753113,2.5349082000000003,0.24875635,-0.09244129,1.5681362,0.4731668,-0.09244505,1.0
2454532.75301,0.9753113,2.5348981,0.24880317,-0.09243371,1.5681066,0.47313492,-0.09243747,1.0
2454532.75846,0.9566284,2.5348863,0.24885781,-0.09242486,1.5680721000000002,0.473098,-0.09242863,1.0
2454532.76389,0.9575098,2.5348746,0.24891225,-0.09241605,1.5680377,0.47306088,-0.09241982,1.0
2454532.77087,0.9663696,2.5348595,0.24898223,-0.09240472,1.5679936,0.47301339,-0.09240849,1.0
2454532.77629,0.9583922,2.5348478,0.24903657,-0.09239592,1.5679593,0.47297655,-0.09239969,1.0
2454532.78095,0.9645911,2.5348377,0.24908329,-0.09238835,1.5679298000000002,0.47294476,-0.09239213,1.0
2454532.78716,0.9654799,2.5348243,0.24914554,-0.09237827,1.5678906,0.47290259,-0.09238205,1.0
2454532.79181,0.9619295,2.5348143,0.24919216,-0.09237073,1.5678611999999998,0.47287089,-0.0923745,1.0
2454532.79724,0.9699364,2.5348025,0.2492466,-0.09236191,1.5678268,0.47283395,-0.09236569,1.0
2454532.80344,0.97621,2.5347891,0.24930876,-0.09235185,1.5677877,0.47279168,-0.09235562,1.0
2454532.81042,0.9780099,2.5347741000000004,0.24937873,-0.09234051,1.5677436000000002,0.47274416,-0.09234429,1.0
2454532.81585,0.9870593,2.5347623,0.24943317,-0.0923317,1.5677093,0.47270722,-0.09233548,1.0
2454532.81973,0.9907025,2.5347539,0.24947207,-0.0923254,1.5676848,0.47268084,-0.09232918,1.0
2454532.82516,1.001713,2.5347422,0.2495265,-0.09231658,1.5676504999999998,0.47264389,-0.09232037,1.0
2454532.8313700003,1.006337,2.5347288,0.24958876,-0.0923065,1.5676113,0.47260151,-0.09231029,1.0
2454532.83758,1.010051,2.5347153,0.24965102,-0.09229642,1.5675721000000002,0.47255932,-0.09230021,1.0
2454532.8437900003,1.013779,2.5347019,0.24971327,-0.09228634,1.5675329,0.47251693,-0.09229013,1.0
2454532.84767,1.02599,2.5346935,0.24975217,-0.09228004,1.5675085,0.47249055,-0.09228383,1.0
2454532.8530900003,1.016584,2.5346818,0.24980651,-0.09227124,1.5674743,0.47245368,-0.09227503,1.0
2454532.85775,1.026936,2.5346717,0.24985322,-0.09226368,1.5674449,0.47242186,-0.09226747,1.0
2454532.8624,1.025046,2.5346616,0.24989984,-0.09225613,1.5674156,0.47239013,-0.09225992,1.0
2454532.86628,1.027882,2.5346532,0.24993874,-0.09224983,1.5673911,0.47236374,-0.09225362,1.0
2454532.87403,1.03453,2.5346365,0.25001643,-0.09223725,1.5673423,0.47231086,-0.09224104,1.0
2454532.88101,1.032626,2.5346214,0.2500864,-0.09222591,1.5672983,0.47226331,-0.09222971,1.0
2454532.88567,1.026936,2.5346113,0.25013312,-0.09221835,1.567269,0.47223168,-0.09222215,1.0
2454532.8895400004,1.031676,2.5346029,0.25017192,-0.09221206,1.5672446000000002,0.47220518,-0.09221587,1.0
2454532.8941900004,1.031676,2.5345928,0.25021853,-0.09220452,1.5672153,0.47217344,-0.09220832,1.0
2454532.9035,1.028829,2.5345727000000005,0.25031186,-0.0921894,1.5671567,0.47211007,-0.09219321,1.0
2454532.91203,1.031676,2.5345542,0.25039737,-0.09217555,1.5671031000000002,0.47205192,-0.09217936,1.0
2454532.91901,1.020336,2.5345391,0.25046735,-0.09216422,1.5670592,0.47200435,-0.09216803,1.0
2454532.92367,1.035484,2.534529,0.25051406,-0.09215665,1.5670298,0.47197251,-0.09216047,1.0
2454532.92987,1.021276,2.5345155,0.25057622,-0.09214659,1.5669909,0.47193037,-0.0921504,1.0
2454532.93453,1.02599,2.5345054,0.25062293,-0.09213902,1.5669616000000002,0.47189853,-0.09214284,1.0
2454532.94228,1.0119129999999998,2.5344887000000003,0.25070062,-0.09212644,1.5669129,0.4718458,-0.09213026,1.0
2454532.94771,1.022217,2.5344769,0.25075506,-0.09211762,1.5668787,0.47180861,-0.09212144,1.0
2454532.95237,1.021276,2.5344668,0.25080177,-0.09211006,1.5668495,0.47177695,-0.09211388,1.0
2454532.95624,1.019397,2.5344584,0.25084057,-0.09210377,1.5668252,0.47175044,-0.09210759,1.0
2454532.96012,1.017521,2.53445,0.25087946,-0.09209747,1.5668008,0.47172402,-0.09210129,1.0
2454532.96477,1.013779,2.5344399,0.25092608,-0.09208992,1.5667716,0.47169226,-0.09209375,1.0
2454532.9702,1.010982,2.5344281000000004,0.25098051,-0.09208111,1.5667375,0.47165526,-0.09208493,1.0
2454532.97718,1.007264,2.534413,0.25105048,-0.09206977,1.5666937,0.47160766,-0.0920736,1.0
2454532.98261,1.00356,2.5344012000000005,0.25110491,-0.09206096,1.5666597,0.47157065,-0.09206478,1.0
2454532.98803,1.000791,2.5343894,0.25115925,-0.09205216,1.5666257,0.47153373,-0.09205599,1.0
2454532.99268,0.9925291,2.5343794,0.25120586,-0.09204461,1.5665965,0.47150196,-0.09204844,1.0
2454532.99734,0.9907025,2.5343692000000004,0.25125257,-0.09203704,1.5665673,0.47147009,-0.09204087,1.0
2454533.0019900003,0.9888792,2.5343592,0.25129919,-0.09202949,1.5665382,0.47143851,-0.09203332,1.0
2454533.01052,0.9934437,2.5343406,0.2513847,-0.09201564,1.5664847,0.47138031,-0.09201948,1.0
2454543.9554,0.996648,2.5078641,0.36078944,-0.0741515,1.5129618,0.39357828,-0.07415137,1.0
2454543.95606,0.9866016,2.5078623,0.36079602,-0.07415041,1.5129595,0.39357348,-0.07415028,1.0
2454543.9718,0.9641438,2.5078203,0.36095285,-0.07412460000000001,1.5129042,0.39345871,-0.07412446,1.0
2454543.97247,0.9659214,2.5078185,0.36095953,-0.0741235,1.5129019,0.39345381,-0.07412336,1.0
2454543.9731400004,0.9784571,2.5078167,0.3609662,-0.07412239999999999,1.5128995,0.3934489,-0.07412226,1.0
2454543.9869,0.9553044,2.50778,0.3611033,-0.07409983,1.5128513,0.39334855,-0.07409967,1.0
2454543.98756,0.968594,2.5077783,0.36110988,-0.07409875,1.512849,0.39334375,-0.07409859,1.0
2454543.9882400003,0.9659214,2.5077764,0.36111666,-0.07409763,1.5128466,0.39333894,-0.07409747,1.0
2454544.00233,0.9659214,2.5077388,0.36125704,-0.07407453,1.5127973,0.39323609,-0.07407435,1.0
2454544.00299,0.9632562,2.5077371,0.36126362,-0.07407344,1.512795,0.39323128,-0.07407327,1.0
2454544.00365,0.9721691,2.5077353,0.36127019,-0.07407236,1.5127927,0.39322647,-0.07407219,1.0
2454544.01932,0.9784571,2.5076935,0.36142632,-0.07404666,1.5127379,0.3931122,-0.07404647,1.0
2454544.01998,0.9847858,2.5076917,0.3614329,-0.07404558,1.5127356,0.39310739,-0.07404539,1.0
2454544.02248,0.9650322,2.507685,0.36145781,-0.07404147,1.5127268,0.39308917,-0.07404128,1.0
2454544.03599,0.9668115,2.5076489,0.36159241,-0.07401932,1.5126796999999998,0.39299071,-0.07401911,1.0
2454544.03664,0.9802612,2.5076472,0.36159889,-0.07401825,1.5126773999999998,0.39298601,-0.07401804,1.0
2454544.0373,0.992983,2.5076454,0.36160546,-0.07401717,1.5126751,0.3929812,-0.07401696,1.0
2454544.06285,1.02457,2.5075771,0.36186003,-0.07397526,1.512586,0.3927948,-0.07397503,1.0
2454544.06351,1.027405,2.5075754,0.3618666,-0.07397418,1.5125837,0.39279,-0.07397394,1.0
2454544.06416,1.015177,2.5075736,0.36187308,-0.07397311,1.5125813999999995,0.39278529,-0.07397288,1.0
2454544.08931,1.040739,2.5075064,0.36212365,-0.07393186,1.5124939,0.39260189,-0.0739316,1.0
2454544.08997,1.038824,2.5075046000000003,0.36213023,-0.07393077,1.5124916000000002,0.39259708,-0.07393052,1.0
2454544.09063,1.0293,2.5075029,0.3621368,-0.07392969,1.5124893,0.39259227,-0.07392944,1.0
2454544.11848,1.035003,2.5074284,0.36241427,-0.07388401,1.5123926,0.39238923,-0.07388373,1.0
2454544.11914,1.028352,2.5074266,0.36242084,-0.07388293,1.5123903,0.39238442,-0.07388264,1.0
2454544.1198,1.040739,2.5074248,0.36242742,-0.07388184,1.5123879999999998,0.39237961,-0.07388156,1.0
2454544.1455200003,1.036912,2.507356,0.36268366,-0.07383965,1.5122989,0.39219208,-0.07383935,1.0
2454544.14633,1.035957,2.5073539,0.36269173,-0.07383832,1.5122961,0.39218617,-0.07383802,1.0
2454544.14697,1.0397809999999998,2.5073521,0.36269811,-0.07383728,1.5122938,0.39218136,-0.07383697,1.0
2454544.17225,1.036912,2.5072845,0.36294996,-0.07379581,1.5122064,0.39199703,-0.07379547,1.0
2454544.17291,1.023627,2.5072827,0.36295653,-0.07379472,1.5122041000000002,0.39199222,-0.07379439,1.0
2454544.17371,1.032148,2.5072805,0.3629645,-0.07379341,1.5122013,0.39198641,-0.07379307,1.0
2454544.19937,1.022685,2.5072118,0.36322014,-0.07375132,1.5121127,0.39179926,-0.07375096,1.0
2454544.20002,1.000327,2.5072101000000004,0.36322661,-0.07375025,1.5121105,0.39179455,-0.07374989,1.0
2454544.20067,1.016112,2.5072083,0.36323309,-0.07374919,1.5121083,0.39178984,-0.07374882,1.0
2454544.22739,0.9975664,2.5071367,0.36349928,-0.07370535,1.5120162,0.39159487,-0.07370496,1.0
2454544.22805,1.004019,2.507135,0.36350585,-0.07370427,1.5120139,0.39159006,-0.07370388,1.0
2454544.22871,1.008653,2.5071332,0.36351243,-0.07370319,1.5120116,0.39158525,-0.0737028,1.0
2454544.25437,0.9838792,2.5070644,0.36376805,-0.07366109,1.5119234,0.39139808,-0.07366068,1.0
2454544.25503,0.9847858,2.5070626,0.36377463,-0.07366001,1.5119211,0.39139327,-0.07365959,1.0
2454544.2771,0.9775563,2.5070034,0.36399449,-0.0736238,1.5118454,0.39123225,-0.07362337,1.0
2454544.27775,0.9677024,2.5070017000000004,0.36400096,-0.07362274,1.5118432,0.39122754,-0.0736223,1.0
2454544.94736,0.9789946,2.5051951,0.37066993,-0.07252391,1.5096029,0.38634001,-0.07252283,1.0
2454544.95433,1.006422,2.5051762,0.37073934,-0.07251247,1.5095802,0.38628895,-0.07251138,1.0
2454544.96291,1.010137,2.5051529,0.37082477,-0.07249839,1.5095523000000002,0.38622635,-0.07249729,1.0
2454544.96357,0.9789946,2.5051511000000004,0.37083134,-0.0724973,1.5095501,0.38622154,-0.07249621,1.0
2454544.9717,0.9981143,2.505129,0.37091229,-0.07248396,1.5095236,0.38616225,-0.07248285,1.0
2454544.97236,0.9944439,2.5051272,0.37091886,-0.07248288,1.5095215,0.38615743,-0.07248177,1.0
2454544.97801,1.012932,2.5051119,0.37097512,-0.07247360000000001,1.5095031,0.386116,-0.07247249,1.0
2454544.97867,1.015735,2.5051101000000005,0.37098169,-0.07247252,1.5095009,0.38611118,-0.07247141,1.0
2454544.9873,1.011068,2.5050867,0.37106762,-0.07245835,1.5094729,0.38604828,-0.07245723,1.0
2454544.98795,1.033666,2.5050849,0.37107409,-0.07245728,1.5094708,0.38604357,-0.07245617,1.0
2454544.99361,1.02797,2.5050695,0.37113045,-0.07244799,1.5094524,0.38600223,-0.07244687,1.0
2454544.99678,1.035572,2.5050609,0.37116201,-0.07244279,1.5094421,0.38597906,-0.07244166,1.0
2454545.00256,1.019484,2.5050452,0.37121957,-0.0724333,1.5094233,0.38593672,-0.07243217,1.0
2454545.00321,1.0148,2.5050435,0.37122604,-0.07243223,1.5094212,0.38593201,-0.0724311,1.0
2454545.01156,1.022305,2.5050208,0.37130918,-0.07241853,1.5093941,0.38587111,-0.07241739,1.0
2454545.01222,1.021363,2.505019,0.37131575,-0.07241744,1.5093919,0.38586629,-0.0724163,1.0
2454545.01785,1.027023,2.5050037,0.37137181,-0.0724082,1.5093736999999998,0.38582506,-0.07240705,1.0
2454545.01851,1.031764,2.5050019,0.37137838,-0.07240712,1.5093715,0.38582024,-0.07240597,1.0
2454545.02708,1.032714,2.5049786,0.37146371,-0.07239305,1.5093437,0.38575774,-0.07239189,1.0
2454545.02773,1.0148,2.5049769,0.37147018,-0.07239198,1.5093416000000002,0.38575302,-0.07239083,1.0
2454545.04785,1.019484,2.5049222,0.37167051,-0.07235896,1.5092765,0.38560594,-0.07235778,1.0
2454545.04851,1.019484,2.5049204,0.37167708,-0.07235787,1.5092743,0.38560113,-0.0723567,1.0
2454545.06684,1.011999,2.5048706000000003,0.37185958,-0.07232778,1.5092151000000005,0.38546738,-0.07232659,1.0
2454545.0674900003,1.012932,2.5048688,0.37186605,-0.07232672,1.509213,0.38546247,-0.07232552,1.0
2454545.08684,1.008278,2.5048162,0.37205871,-0.07229495,1.5091504999999998,0.38532129,-0.07229374,1.0
2454545.0875,1.006422,2.5048144,0.37206528,-0.07229387,1.5091484,0.38531628,-0.07229265,1.0
2454545.10708,1.006422,2.5047611,0.37226023,-0.07226172,1.5090852,0.3851734000000001,-0.07226049,1.0
2454545.1077400004,1.002721,2.5047593,0.3722668,-0.07226064,1.5090831,0.38516858,-0.07225941,1.0
2454545.12597,0.9953602,2.5047097000000003,0.3724483,-0.07223071,1.5090244,0.38503543,-0.07222946,1.0
2454545.12663,0.9926137,2.5047079,0.37245487,-0.07222963,1.5090223,0.38503061,-0.07222838,1.0
2454545.14625,0.9637853,2.5046545,0.3726502,-0.07219742,1.5089593,0.38488712,-0.07219615,1.0
2454545.1469,0.9744965,2.5046528,0.37265668,-0.07219635,1.5089572,0.38488241,-0.07219508,1.0
2454545.16635,0.9637853,2.5045998,0.37285032,-0.07216442,1.5088948,0.38474042,-0.07216313,1.0
2454545.16701,0.9682339,2.504598,0.37285689,-0.07216334,1.5088926,0.3847356,-0.07216205,1.0
2454545.18563,0.9523142,2.5045473,0.37304226,-0.07213277,1.508833,0.38459953,-0.07213146,1.0
2454545.18629,0.9620115,2.5045455000000003,0.37304883,-0.07213169,1.5088309,0.38459471,-0.07213037,1.0
2454545.20612,0.9523142,2.5044915,0.37324625,-0.07209913,1.5087674999999998,0.3844499,-0.0720978,1.0
2454545.20678,0.9575915,2.5044897,0.37325283,-0.07209804,1.5087653,0.38444509,-0.07209672,1.0
2454545.22654,0.9709129,2.5044357999999995,0.37344954,-0.07206560000000001,1.5087022,0.38430058,-0.07206425,1.0
2454545.2272,0.9602411,2.504434,0.37345612,-0.07206452,1.5087001,0.38429576,-0.07206317,1.0
2454545.24603,0.9907869,2.5043827000000003,0.37364357,-0.0720336,1.5086401000000005,0.38415837,-0.07203224,1.0
2454545.24669,0.9889635,2.5043809,0.37365014,-0.07203252,1.508638,0.38415335,-0.07203115,1.0
2454545.26589,1.009207,2.5043285,0.37384128,-0.072001,1.5085768999999998,0.38401325,-0.07199961,1.0
2454545.28017,0.999034,2.5042896,0.37398344,-0.07197755,1.5085315,0.38390888,-0.07197615,1.0
2454545.28083,1.022305,2.5042878,0.37399001,-0.07197647,1.5085294,0.38390406,-0.07197507,1.0
2454546.66806,0.9873351,2.5004589,0.38779322,-0.06969756,1.504363,0.37376158,-0.06969485,1.0
2454546.67504,0.98099,2.5004394,0.38786264,-0.06968609,1.5043433000000002,0.37371054,-0.06968337,1.0
2454546.67891,0.9711014,2.5004286,0.38790113,-0.06967973,1.5043323,0.37368231,-0.06967701,1.0
2454546.68357,0.9791846,2.5004156,0.38794747,-0.06967207,1.5043192,0.37364814,-0.06966935,1.0
2454546.68822,0.9711014,2.5004026,0.38799372,-0.06966442,1.504306,0.37361408,-0.0696617,1.0
2454546.72621,0.9516222,2.5002965,0.38837153,-0.06960198,1.5041989,0.37333626,-0.06959922,1.0
2454546.73009,0.9420297,2.5002856,0.38841012,-0.06959560000000001,1.504188,0.37330793,-0.06959284,1.0
2454546.73397,0.9586599,2.5002748,0.38844871,-0.06958922,1.5041771000000002,0.37327939,-0.06958646,1.0
2454546.73784,0.9630849,2.500264,0.38848719,-0.06958286,1.5041662,0.37325116,-0.06958009,1.0
2454546.7440400003,0.9325338,2.5002466,0.38854885,-0.06957267,1.5041488,0.37320574,-0.06956989999999999,1.0
2454546.7486900003,0.9385655,2.5002336,0.38859509,-0.06956503,1.5041357,0.37317188,-0.06956225,1.0
2454546.76656,0.9891555,2.5001837000000005,0.38877281,-0.06953565,1.5040856000000002,0.37304116,-0.06953286,1.0
2454546.77044,0.990067,2.5001728,0.38881139,-0.06952928,1.5040747,0.37301262,-0.06952648,1.0
2454546.77509,0.990067,2.5001598,0.38885763,-0.06952163,1.5040616000000002,0.37297876,-0.06951883,1.0
2454546.77897,0.9909793,2.500149,0.38889622,-0.06951525,1.5040508,0.37295023,-0.06951245,1.0
2454546.78439,1.00384,2.5001338,0.38895012,-0.06950634,1.5040356,0.37291064,-0.06950353,1.0
2454546.78982,1.002916,2.5001186,0.38900412,-0.06949742,1.5040204,0.37287095,-0.0694946,1.0
2454546.79602,1.001993,2.5001013,0.38906577,-0.06948723,1.504003,0.37282553,-0.06948439999999999,1.0
2454546.80145,1.0234450000000002,2.5000861,0.38911977,-0.0694783,1.5039878999999998,0.37278584,-0.06947547,1.0
2454546.80843,1.014062,2.5000666,0.38918918,-0.06946683,1.5039684,0.3727348,-0.06946399,1.0
2454546.8123,1.0234450000000002,2.5000557,0.38922767,-0.06946046,1.5039575,0.37270656,-0.06945763,1.0
2454546.81773,1.028169,2.5000405,0.38928167,-0.06945154,1.5039424,0.37266687,-0.0694487,1.0
2454546.82238,1.029117,2.5000275000000003,0.38932791,-0.0694439,1.5039294,0.37263281,-0.06944105,1.0
2454546.82781,1.021562,2.5000123,0.38938191,-0.06943497,1.5039143,0.37259312,-0.06943212,1.0
2454546.83323,1.021562,2.4999972,0.3894358,-0.06942606,1.5038991000000002,0.37255333,-0.06942319999999999,1.0
2454546.83866,1.0225030000000002,2.499982,0.3894898,-0.06941713,1.503884,0.37251364,-0.06941427,1.0
2454546.84254,1.018743,2.4999711,0.38952838,-0.06941075,1.5038732,0.3724853,-0.06940789,1.0
2454546.84798,1.0234450000000002,2.4999559,0.38958248,-0.06940181,1.5038581,0.37244551,-0.06939894,1.0
2454546.85263,1.012196,2.4999428,0.38962872,-0.06939417,1.5038451000000002,0.37241145,-0.06939129,1.0
2454546.85651,1.0225030000000002,2.499932,0.3896673,-0.06938779,1.5038343,0.37238311,-0.06938491,1.0
2454546.86272,1.0178049999999998,2.4999146,0.38972905,-0.06937758,1.503817,0.3723376,-0.0693747,1.0
2454546.86659,1.021562,2.4999038,0.38976754,-0.06937122,1.5038063,0.37230936,-0.06936833,1.0
2454546.87047,1.014997,2.4998929,0.38980612,-0.06936484,1.5037955,0.37228102,-0.06936195,1.0
2454546.87435,1.016868,2.499882,0.3898447,-0.06935846,1.5037847,0.37225269,-0.06935557,1.0
2454546.879,1.014997,2.499869,0.38989094,-0.06935082,1.5037718,0.37221862,-0.06934792,1.0
2454546.88365,1.010333,2.4998560000000003,0.38993718,-0.06934317,1.5037589,0.37218456,-0.06934027,1.0
2454546.8883,1.006618,2.4998429,0.38998342,-0.06933553,1.5037459999999998,0.3721505,-0.06933262,1.0
2454546.89296,1.007545,2.4998299,0.39002976,-0.06932787,1.5037331,0.37211653,-0.06932496,1.0
2454546.89683,1.009403,2.499819,0.39006824,-0.06932151,1.5037223,0.3720881,-0.06931859,1.0
2454546.90226,1.001993,2.4998038,0.39012224,-0.06931258,1.5037073,0.37204841,-0.06930966,1.0
2454546.9077,1.025332,2.4997886,0.39017633,-0.06930364,1.5036922,0.37200862,-0.06930071,1.0
2454546.91157,1.016868,2.4997777,0.39021481,-0.06929727,1.5036815,0.37198038,-0.06929435,1.0
2454546.91855,1.00384,2.4997582,0.39028422,-0.06928580000000001,1.5036622,0.37192933,-0.06928286,1.0
2454546.92398,1.012196,2.4997429,0.39033821,-0.06927687,1.5036472,0.37188964,-0.06927393,1.0
2454546.93096,1.012196,2.4997234,0.39040762,-0.0692654,1.5036279,0.3718386,-0.06926245,1.0
2454546.93718,1.012196,2.4997059,0.39046947,-0.06925517,1.5036107,0.37179298,-0.06925222,1.0
2454546.94727,1.009403,2.4996776,0.39056979,-0.06923858,1.5035829,0.37171912,-0.06923562,1.0
2454546.96666,0.9782832,2.4996233,0.3907626,-0.0692067,1.5035294,0.37157734,-0.06920373,1.0
2454546.97751,0.9882449,2.4995928,0.39087048,-0.06918887,1.5034995,0.37149806,-0.06918588,1.0
2454546.9813900003,0.9864262,2.4995819,0.39090906,-0.06918249,1.5034889,0.37146952,-0.06917949999999999,1.0
2454546.98527,0.9882449,2.499571,0.39094764,-0.06917611,1.5034782,0.37144119,-0.06917312,1.0
2454546.98992,0.9918924,2.4995580000000004,0.39099387,-0.06916846,1.5034653999999998,0.37140712,-0.06916547,1.0
2454546.99613,0.9737884,2.4995406000000004,0.39105562,-0.06915826,1.5034483,0.3713618,-0.06915525,1.0
2454547.0,0.9946369,2.4995297,0.3910941,-0.06915189,1.5034377,0.37133337,-0.06914889,1.0
2454549.6581200003,0.9936608,2.4919075,0.41749793,-0.06477734,1.4970241000000002,0.35189867,-0.0647723,1.0
2454549.6651,0.9936608,2.491887,0.41756719,-0.06476584,1.4970096000000002,0.35184771,-0.06476080000000001,1.0
2454549.6713,0.992746,2.4918689,0.41762872,-0.06475563,1.4969967,0.35180237,-0.06475058,1.0
2454549.67983,0.971937,2.4918439,0.41771336,-0.06474158,1.496979,0.35174009,-0.06473652,1.0
2454549.68526,0.961254,2.491828,0.41776724,-0.06473263,1.4969678,0.35170047,-0.06472757,1.0
2454549.69146,0.990919,2.4918098,0.41782877,-0.06472242,1.4969549,0.35165513,-0.06471736,1.0
2454549.69688,0.9827389,2.4917939,0.41788255,-0.06471349,1.4969437,0.35161562,-0.06470842,1.0
2454549.70309,0.9701483,2.4917757000000003,0.41794417,-0.06470326,1.4969308,0.35157038,-0.06469819,1.0
2454549.70929,0.9755244,2.4917576,0.4180057,-0.06469305,1.496918,0.35152505,-0.06468797,1.0
2454549.7155,0.9755244,2.4917394,0.41806732,-0.06468281,1.4969052,0.35147961,-0.06467774,1.0
2454549.72404,0.9454491,2.4917142999999995,0.41815206,-0.06466874,1.4968875,0.35141723,-0.06466366,1.0
2454549.72948,0.9454491,2.4916984,0.41820604,-0.06465978,1.4968763,0.35137751,-0.06465470000000001,1.0
2454549.73491,0.9586016,2.4916825,0.41825992,-0.06465084,1.4968651000000002,0.35133790000000004,-0.06464575,1.0
2454549.74034,0.9692552,2.4916665,0.4183138,-0.06464189,1.4968538999999998,0.35129828,-0.06463680000000001,1.0
2454549.74731,0.9764233,2.4916461,0.41838296,-0.06463041,1.4968396000000002,0.35124743,-0.06462532,1.0
2454549.75506,0.9489386,2.4916234,0.41845986,-0.06461764,1.4968236,0.35119077,-0.06461254,1.0
2454549.76283,0.9445787,2.4916006,0.41853696,-0.06460484,1.4968077,0.35113411,-0.06459974,1.0
2454549.76903,0.9541972,2.4915824,0.41859848,-0.06459463,1.496795,0.35108878,-0.06458952,1.0
2454549.77369,0.9568374,2.4915687,0.41864472,-0.06458695,1.4967854,0.35105488,-0.06458184,1.0
2454549.7799,0.960369,2.4915505,0.41870634,-0.06457672,1.4967727,0.35100945,-0.06457161,1.0
2454549.78609,0.9656909,2.4915324,0.41876776,-0.06456652,1.49676,0.35096422,-0.0645614,1.0
2454549.79308,0.9973283000000002,2.4915119,0.41883711,-0.064555,1.4967457,0.35091318,-0.06454988,1.0
2454549.7985,0.9936608,2.4914959,0.41889089,-0.06454607,1.4967346,0.35087367,-0.06454095,1.0
2454549.80471,1.013067,2.4914777000000004,0.41895251,-0.06453584,1.4967218999999998,0.35082844,-0.06453072,1.0
2454549.81014,1.017743,2.4914618,0.41900639,-0.0645269,1.4967108,0.35078863,-0.06452177,1.0
2454549.8163400004,1.001932,2.4914436,0.4190679,-0.06451668,1.4966981,0.3507435,-0.06451155,1.0
2454549.82179,1.007484,2.4914276,0.41912198,-0.0645077,1.496687,0.35070369,-0.06450256,1.0
2454549.82722,1.008412,2.4914116,0.41917586,-0.06449876,1.4966758999999998,0.35066408,-0.06449362,1.0
2454549.83497,1.021499,2.4913889,0.41925275,-0.06448599,1.4966602,0.35060743,-0.06448084,1.0
2454549.8404,1.039533,2.4913729,0.41930663,-0.06447704,1.4966491000000002,0.35056782,-0.06447189,1.0
2454549.84582,1.03762,2.491357,0.41936041,-0.06446811,1.4966381000000002,0.35052831,-0.06446296,1.0
2454549.85125,1.023383,2.4913411,0.41941428,-0.06445917,1.4966271,0.35048850000000004,-0.06445401,1.0
2454549.85591,1.014,2.4913274,0.41946052,-0.06445149,1.4966176000000002,0.35045461,-0.06444633,1.0
2454549.86211,1.030951,2.4913092,0.41952203,-0.06444128,1.496605,0.35040928,-0.06443611,1.0
2454549.86831,1.02716,2.491291,0.41958355,-0.06443106,1.4965924,0.35036416,-0.06442589,1.0
2454549.87374,1.041449,2.491275,0.41963742,-0.06442211,1.4965814,0.35032435,-0.06441694,1.0
2454549.87916,1.036664,2.4912591,0.4196912,-0.06441318,1.4965704,0.35028485,-0.06440801,1.0
2454549.88536,1.028107,2.4912409,0.41975271,-0.06440297,1.4965579,0.35023953,-0.06439779,1.0
2454549.8908,1.049151,2.4912249,0.41980669,-0.06439401,1.4965469,0.35019982,-0.06438883,1.0
2454549.897,1.030002,2.4912067,0.4198682,-0.06438379,1.4965343999999998,0.3501547,-0.06437861,1.0
2454549.90321,1.047221,2.4911884,0.41992981,-0.06437356,1.4965218,0.35010928,-0.06436837,1.0
2454549.90943,1.03571,2.4911701,0.41999152,-0.06436331,1.4965093,0.35006396,-0.06435812,1.0
2454549.91719,1.016806,2.4911473,0.42006851,-0.06435052,1.4964936000000002,0.35000721,-0.06434533,1.0
2454549.92184,1.034756,2.4911336,0.42011465,-0.06434286,1.4964841999999998,0.34997342,-0.06433767,1.0
2454549.92726,1.039533,2.4911177,0.42016842,-0.06433393,1.4964733,0.34993372,-0.06432873,1.0
2454549.93502,1.028107,2.4910949,0.42024541,-0.06432115,1.4964577,0.34987717,-0.06431594,1.0
2454549.94199,1.020559,2.4910744,0.42031456,-0.06430966,1.4964437,0.34982634,-0.06430445,1.0
2454549.94974,1.020559,2.4910516,0.42039145,-0.06429689,1.4964282,0.3497697,-0.06429168,1.0
2454549.95671,1.003779,2.4910311000000003,0.4204606,-0.06428541,1.4964142,0.34971887,-0.06428019,1.0
2454549.96292,1.014,2.4910128,0.42052221,-0.06427518,1.4964017,0.34967345,-0.06426996,1.0
2454549.97068,0.9991671,2.49099,0.4205992,-0.06426239,1.4963862,0.34961691,-0.06425716,1.0
2454549.97688,1.020559,2.4909717,0.42066071,-0.06425217,1.4963738000000002,0.34957159,-0.06424694,1.0
2454553.92575,1.010138,2.4789948,0.45977478,-0.05773665,1.4904191999999998,0.32089808,-0.05773031,1.0
2454553.92642,1.002722,2.4789927000000005,0.4597814,-0.05773554,1.4904185,0.32089322,-0.0577292,1.0
2454553.92708,0.991701,2.4789907,0.45978793,-0.05773445,1.4904178,0.32088847,-0.05772811,1.0
2454553.94204,0.9844207,2.4789439,0.45993587,-0.05770974,1.4904026,0.32078049,-0.0577034,1.0
2454553.94269,0.9736004,2.4789419,0.4599423,-0.05770866,1.490402,0.32077584,-0.05770232,1.0
2454553.94482,0.9835145,2.4789353,0.45996336,-0.05770514,1.4903998,0.32076049,-0.057698800000000015,1.0
2454553.95873,0.9744976,2.4788918,0.46010091,-0.05768216,1.4903858,0.32066015,-0.05767582,1.0
2454553.95938,0.9835145,2.4788898,0.46010734,-0.05768109,1.4903851,0.32065549,-0.05767475,1.0
2454553.96003,0.968235,2.4788877,0.46011377,-0.05768001,1.4903845,0.32065084,-0.05767367,1.0
2454553.9739900003,0.9637863,2.4788441000000003,0.46025181,-0.05765695,1.4903704,0.32055021,-0.05765061,1.0
2454553.97465,0.9646744,2.478842,0.46025834,-0.05765586,1.4903697,0.32054545,-0.05764952,1.0
2454553.97529,0.9789956,2.47884,0.46026466,-0.0576548,1.4903691,0.3205407,-0.05764846,1.0
2454553.98958,0.9673436,2.4787954,0.46040597,-0.05763119,1.4903548,0.3204378,-0.05762485,1.0
2454553.99024,0.9655633,2.4787932999999995,0.4604125,-0.05763009999999999,1.4903541,0.32043305,-0.05762376,1.0
2454553.99089,0.9691271,2.4787913,0.46041892,-0.05762903,1.4903535,0.32042839,-0.05762269,1.0
2454554.00591,0.962899,2.4787443,0.46056745,-0.05760421,1.4903385,0.32032005,-0.05759787,1.0
2454554.00656,0.9620126,2.4787423,0.46057387,-0.05760314,1.4903378,0.32031540000000003,-0.05759680000000001,1.0
2454554.0072,0.9727041,2.4787403,0.4605802,-0.05760208,1.4903372,0.32031065,-0.05759574,1.0
2454554.0213900004,0.9602421,2.4786959,0.46072052,-0.05757863,1.4903231,0.32020836,-0.05757229,1.0
2454554.02219,0.9744976,2.4786934,0.46072843,-0.05757731,1.4903223,0.32020261,-0.05757097,1.0
2454554.02285,0.9771939,2.4786912999999995,0.46073495,-0.05757622,1.4903216,0.32019786,-0.05756988,1.0
2454554.03676,0.9871446,2.4786478,0.46087249,-0.05755324,1.4903078,0.32009756,-0.05754690000000001,1.0
2454554.03742,0.9780944,2.4786458,0.46087902,-0.05755215,1.4903072,0.3200928,-0.05754581,1.0
2454554.03808,0.9862358,2.4786437,0.46088555,-0.05755106,1.4903065,0.32008805,-0.05754472,1.0
2454554.05325,0.9808007,2.4785962,0.46103555,-0.05752599,1.4902915,0.31997884,-0.05751965,1.0
2454554.05389,0.9953613,2.4785942000000003,0.46104187,-0.05752493,1.4902909,0.31997409,-0.0575186,1.0
2454554.05455,0.9935295,2.4785922,0.4610484,-0.05752384,1.4902903,0.31996934,-0.057517499999999985,1.0
2454554.06865,1.012933,2.478548,0.46118782,-0.05750055,1.4902764,0.31986776,-0.05749421,1.0
2454554.06931,1.008279,2.478546,0.46119434,-0.05749946,1.4902758,0.31986301,-0.05749312,1.0
2454554.06996,1.009208,2.4785439,0.46120077,-0.05749838,1.4902751,0.31985836,-0.05749204,1.0
2454554.0843700003,1.029866,2.4784988,0.46134325,-0.05747457,1.490261,0.31975451,-0.05746823,1.0
2454554.0850400003,1.014801,2.4784967,0.46134988,-0.05747347,1.4902604,0.31974966,-0.05746713,1.0
2454554.08569,1.015736,2.4784947,0.4613563,-0.05747239,1.4902597,0.31974501,-0.05746605,1.0
2454554.10161,1.039395,2.4784449,0.46151371,-0.05744609,1.4902442,0.31963018,-0.05743975,1.0
2454554.10227,1.017609,2.4784428,0.46152024,-0.057445,1.4902436,0.31962543,-0.05743866,1.0
2454554.11334,1.021364,2.4784081,0.46162969,-0.05742671,1.4902328,0.31954575,-0.05742037,1.0
2454554.114,1.049979,2.4784061,0.46163622,-0.05742561,1.4902322,0.319541,-0.05741928,1.0
2454554.12295,1.047082,2.478378,0.46172471,-0.05741083,1.4902235,0.31947656,-0.05740449,1.0
2454554.12531,1.041312,2.4783706000000003,0.46174804,-0.05740693,1.4902212,0.31945954,-0.05740059,1.0
2454554.12597,1.049013,2.4783686,0.46175457,-0.05740584,1.4902206,0.31945479,-0.0573995,1.0
2454554.13472,1.016672,2.4783412,0.46184108,-0.05739138,1.4902121000000002,0.31939174,-0.05738504,1.0
2454554.13803,1.022306,2.4783308,0.4618738,-0.05738591,1.4902089,0.31936789,-0.05737957,1.0
2454554.14659,1.021364,2.478304,0.46195844,-0.05737176,1.4902007,0.31930614,-0.05736543,1.0
2454554.14725,1.027024,2.4783019,0.46196496,-0.05737067,1.4902001,0.31930139,-0.05736434,1.0
2454554.15854,1.027024,2.4782665,0.46207659,-0.05735202,1.4901892,0.31922014,-0.05734568,1.0
2454554.1592,1.025134,2.4782645,0.46208311,-0.05735093,1.4901886,0.31921539,-0.05734459,1.0
2454554.16151,1.019485,2.4782572,0.46210595,-0.05734711,1.4901864,0.31919867,-0.05734077,1.0
2454554.17031,1.012933,2.4782296,0.46219296,-0.05733257,1.4901779,0.31913533,-0.05732623,1.0
2454554.17097,1.021364,2.4782276000000003,0.46219948,-0.05733148,1.4901773,0.31913058,-0.05732514,1.0
2454554.17161,1.0260790000000002,2.4782256,0.46220581,-0.05733042,1.4901767,0.31912583,-0.05732408,1.0
2454554.1825900003,1.019485,2.4781911,0.46231437,-0.05731228,1.4901662,0.31904687,-0.05730594,1.0
2454554.18325,1.015736,2.4781891,0.46232089,-0.05731119,1.4901656,0.31904212,-0.05730485,1.0
2454554.18389,1.022306,2.4781871,0.46232722,-0.05731013,1.490165,0.31903737,-0.05730379,1.0
2454554.19422,1.016672,2.4781547,0.46242935,-0.05729306,1.4901552,0.31896306,-0.05728672,1.0
2454554.19488,1.015736,2.4781526,0.46243587,-0.05729197,1.4901545,0.31895831,-0.05728563,1.0
2454554.19553,1.005497,2.4781506,0.4624423,-0.0572909,1.4901539,0.31895366,-0.05728456,1.0
2454554.2058200003,1.000877,2.4781183,0.46254403,-0.05727389,1.4901441,0.31887956,-0.05726756,1.0
2454554.20648,1.016672,2.4781162,0.46255056,-0.05727280000000001,1.4901434999999998,0.31887481,-0.05726647,1.0
2454554.20712,1.005497,2.4781142000000003,0.46255688,-0.05727174,1.4901429,0.31887006,-0.05726541,1.0
2454554.21762,1.009208,2.4780813,0.46266069,-0.05725439,1.490133,0.31879447,-0.05724806,1.0
2454554.21827,1.011069,2.4780793,0.46266712,-0.05725332,1.4901323999999998,0.31878982,-0.05724698,1.0
2454554.21893,1.019485,2.4780772,0.46267364,-0.05725223,1.4901318,0.31878507,-0.05724589,1.0
2454554.22943,0.9871446,2.4780442000000003,0.46277745,-0.05723488,1.4901219,0.31870949,-0.05722854,1.0
2454554.23023,1.012933,2.4780417000000003,0.46278536,-0.05723355,1.4901211,0.31870375,-0.05722722,1.0
2454554.23104,0.9971965,2.4780392000000004,0.46279337,-0.05723222,1.4901203,0.31869792,-0.05722588,1.0
2454554.24367,0.9935295,2.4779996,0.46291823,-0.05721134,1.4901084999999998,0.31860681,-0.05720501,1.0
2454554.25477,1.0036459999999998,2.4779647,0.46302797,-0.057193,1.4900981000000002,0.31852688,-0.05718667,1.0
2454554.2560900003,0.9771939,2.4779606,0.46304102,-0.05719082,1.4900969,0.31851739,-0.05718449,1.0
2454554.26185,0.9844207,2.4779425,0.46309796,-0.0571813,1.4900915,0.31847604,-0.05717497,1.0
2454554.26251,0.9718086,2.4779404,0.46310449,-0.05718021,1.4900908000000002,0.31847129,-0.05717388,1.0
2454554.26315,0.9789956,2.4779384,0.46311081,-0.05717916,1.4900903,0.31846654,-0.05717282,1.0
2454554.26398,0.9646744,2.4779358,0.46311902,-0.05717778,1.4900895,0.31846071,-0.05717145,1.0
2454554.26462,0.9817044,2.4779338,0.46312534,-0.05717673,1.4900889,0.31845596,-0.05717039,1.0
2454577.59109,0.9937662,2.3922539,0.69098375,-0.0184048,1.5330107,0.16975167,-0.01839125,1.0
2454577.5982,0.9946819,2.392224,0.69105224,-0.01839293,1.5330421,0.16971521,-0.01837938,1.0
2454577.6045,0.9928513,2.3921975,0.69111292,-0.01838242,1.5330700000000002,0.16968291,-0.01836886,1.0
2454577.61157,0.9747297,2.3921677000000003,0.69118102,-0.01837062,1.5331013999999998,0.16964659,-0.01835706,1.0
2454577.61864,0.9756279,2.392138,0.69124911,-0.01835882,1.5331328000000002,0.16961028,-0.01834525,1.0
2454577.62493,0.9666833,2.3921115,0.6913097,-0.01834832,1.5331606000000002,0.16957808,-0.01833475,1.0
2454577.63279,0.9702512,2.3920784,0.6913854,-0.0183352,1.5331956,0.1695376,-0.01832163,1.0
2454577.63907,0.9595867,2.392052,0.69144589,-0.01832472,1.5332233999999998,0.16950548,-0.01831115,1.0
2454577.64457,0.9569389,2.3920288,0.69149886,-0.01831554,1.5332478,0.1694773,-0.01830196,1.0
2454577.65243,0.9499138,2.3919957000000003,0.69157457,-0.01830242,1.5332827,0.16943702,-0.01828884,1.0
2454577.6595,0.9507891,2.3919659,0.69164266,-0.01829062,1.5333142,0.16940074,-0.01827704,1.0
2454577.6666200003,0.9525421,2.391936,0.69171124,-0.01827873,1.5333458,0.16936427,-0.01826515,1.0
2454577.67369,0.9551778,2.3919062,0.69177933,-0.01826693,1.5333773000000002,0.16932801,-0.01825335,1.0
2454577.68155,0.9525421,2.3918731,0.69185503,-0.01825381,1.5334122,0.16928775,-0.01824022,1.0
2454577.68707,0.9534199,2.3918498,0.69190819,-0.0182446,1.5334368,0.16925946,-0.01823101,1.0
2454577.69337,0.9613559000000002,2.3918232999999995,0.69196887,-0.01823409,1.5334649,0.16922707,-0.01822049,1.0
2454577.69966,0.9711453,2.3917968,0.69202945,-0.01822359,1.5334929,0.16919494,-0.01820999,1.0
2454577.70438,0.9792289,2.3917769,0.6920748999999999,-0.01821571,1.5335139,0.16917073,-0.01820211,1.0
2454577.7091,0.9684656,2.391757,0.69212036,-0.01820783,1.5335348999999998,0.16914653,-0.01819423,1.0
2454577.71381,0.9892002,2.3917372,0.69216572,-0.01819997,1.5335559,0.16912241,-0.01818637,1.0
2454577.71853,0.9928513,2.3917173,0.69221118,-0.01819209,1.5335769,0.16909839,-0.01817849,1.0
2454577.72324,1.000194,2.3916974,0.69225654,-0.01818423,1.5335979,0.16907427,-0.01817062,1.0
2454577.72875,0.9910241,2.3916742,0.6923096,-0.01817503,1.5336225,0.16904591,-0.01816142,1.0
2454577.73424,0.9974341,2.3916511000000003,0.69236247,-0.01816587,1.533647,0.16901788,-0.01815226,1.0
2454577.73896,1.01131,2.3916312,0.69240793,-0.01815799,1.5336681,0.16899370000000002,-0.01814438,1.0
2454577.74446,1.003886,2.391608,0.69246089,-0.01814881,1.5336926000000002,0.1689656,-0.01813519,1.0
2454577.74918,1.023491,2.3915881000000003,0.69250635,-0.01814093,1.5337136,0.16894143,-0.01812731,1.0
2454577.75468,1.04156,2.3915649,0.69255931,-0.01813175,1.5337382,0.16891333,-0.01811813,1.0
2454577.7594,1.03582,2.3915450000000003,0.69260477,-0.01812388,1.5337593,0.16888917,-0.01811025,1.0
2454577.7649,1.018789,2.3915218,0.69265773,-0.0181147,1.5337838,0.16886108,-0.01810107,1.0
2454577.76962,1.021608,2.3915019,0.69270319,-0.01810682,1.5338048999999998,0.16883692,-0.01809319,1.0
2454577.77434,1.03582,2.391482,0.69274864,-0.01809894,1.5338259,0.16881294,-0.01808531,1.0
2454577.78063,1.03582,2.3914555,0.69280921,-0.01808844,1.5338541,0.1687807,-0.01807481,1.0
2454577.78536,1.039643,2.3914356,0.69285476,-0.01808055,1.5338752,0.16875648,-0.01806691,1.0
2454577.79008,1.034866,2.3914157000000005,0.69290021,-0.01807267,1.5338963,0.1687325,-0.01805903,1.0
2454577.79558,1.044442,2.3913925,0.69295317,-0.01806349,1.5339208999999998,0.16870427,-0.01804985,1.0
2454577.80108,1.047332,2.3913693,0.69300614,-0.01805431,1.5339455,0.16867621,-0.01804067,1.0
2454577.80658,1.04252,2.3913461,0.6930590999999999,-0.01804513,1.5339701,0.16864816,-0.01803148,1.0
2454577.81523,1.031061,2.3913096,0.69314239,-0.01803069,1.5340088,0.16860405,-0.01801704,1.0
2454577.82388,1.034866,2.3912731,0.69322568,-0.01801625,1.5340476,0.16855979,-0.018002599999999997,1.0
2454577.83331,1.033913,2.3912333,0.69331649,-0.01800051,1.5340897,0.1685118,-0.01798685,1.0
2454577.83959,1.033913,2.3912068,0.69337696,-0.01799003,1.5341178999999998,0.16847968,-0.01797637,1.0
2454577.84667,1.036774,2.391177,0.69344513,-0.01797821,1.5341497,0.16844352,-0.01796455,1.0
2454577.85374,1.032011,2.3911471,0.6935131999999999,-0.01796641,1.5341813999999998,0.16840743,-0.01795275,1.0
2454577.86004,0.9983532,2.3911206000000003,0.69357387,-0.017955900000000004,1.5342096,0.16837536,-0.01794223,1.0
2454577.8694700003,1.007591,2.3910808,0.69366466,-0.01794016,1.5342519,0.16832724,-0.01792648,1.0
2454577.87499,1.006663,2.3910575,0.69371781,-0.01793094,1.5342767,0.1682991,-0.01791727,1.0
2454577.8804900004,1.004811,2.3910342,0.69377077,-0.01792176,1.5343014,0.1682711,-0.01790809,1.0
2454577.8875700003,1.01131,2.3910044,0.69383894,-0.01790994,1.5343332,0.16823497,-0.01789627,1.0
2454577.89386,1.024435,2.3909778,0.6938995,-0.01789944,1.5343614,0.16820301,-0.01788576,1.0
2455521.7840400003,0.9052456,0.94463015,-2.4676203,-0.42082831,1.4579414,-1.6235445,-0.42085367,1.0
2455521.78792,0.9119403,0.94466655,-2.4676088,-0.42082844,1.4579197,-1.6234986,-0.4208538,1.0
2455521.79256,0.9069147,0.94471007,-2.467595,-0.42082859,1.4578937,-1.6234437,-0.42085394,1.0
2455521.79798,0.8879049000000001,0.94476092,-2.4675789,-0.42082876,1.4578634,-1.6233795,-0.42085412,1.0
2455521.80186,0.9010864,0.94479731,-2.4675674,-0.42082889,1.4578418,-1.6233337,-0.42085424,1.0
2455521.80651,0.8994281,0.94484093,-2.4675536,-0.42082904,1.4578156999999998,-1.6232786,-0.42085439,1.0
2455521.8127,0.9280394,0.944899,-2.4675352000000004,-0.42082924,1.457781,-1.6232053,-0.42085459,1.0
2455521.81968,0.9637545,0.94496447,-2.4675145,-0.42082946,1.457742,-1.6231228000000002,-0.42085481,1.0
2455521.8251,1.000844,0.94501531,-2.4674984,-0.42082964,1.4577117,-1.6230587,-0.42085498,1.0
2455521.82897,0.9934967,0.94505162,-2.4674869,-0.42082976,1.4576899,-1.6230128,-0.4208550999999999,1.0
2455521.83362,1.020391,0.94509523,-2.4674731,-0.42082991,1.4576639999999998,-1.6229579,-0.42085525,1.0
2455521.8374900003,1.043197,0.94513153,-2.4674616,-0.42083003,1.4576421999999998,-1.6229121000000002,-0.42085537,1.0
2455521.8421400003,1.037448,0.94517515,-2.4674478,-0.42083018,1.4576163,-1.6228572,-0.42085552,1.0
2455521.84602,1.048978,0.94521155,-2.4674363,-0.42083031,1.4575943999999998,-1.6228112,-0.42085564,1.0
2455521.85066,1.058684,0.94525507,-2.4674225,-0.42083045,1.4575684,-1.6227563,-0.42085579,1.0
2455521.85531,1.060636,0.94529869,-2.4674087000000005,-0.4208306,1.4575425,-1.6227014,-0.42085594,1.0
2455521.86073,1.06848,0.94534952,-2.4673926,-0.42083078,1.457512,-1.6226373,-0.42085611,1.0
2455521.86461,1.078367,0.94538592,-2.4673811000000003,-0.4208309,1.4574902,-1.6225915000000002,-0.42085623,1.0
2455521.86848,1.067496,0.94542222,-2.4673696,-0.42083102,1.4574686,-1.6225458,-0.42085635,1.0
2455521.8739,1.056736,0.94547305,-2.4673535,-0.42083119,1.4574383,-1.6224816999999998,-0.42085652,1.0
2455521.87855,1.042237,0.94551667,-2.4673397,-0.42083134,1.4574121000000002,-1.6224267,-0.42085667,1.0
2455521.88397,1.040319,0.94556751,-2.4673236000000003,-0.42083151,1.4573816000000002,-1.6223626,-0.42085684,1.0
2455521.88863,1.0222719999999998,0.94561121,-2.4673097,-0.42083166,1.4573556,-1.6223076,-0.42085699,1.0
2455521.89482,1.026991,0.94566927,-2.4672913,-0.42083186,1.4573208,-1.6222345,-0.42085718,1.0
2455521.9018,0.9816721,0.94573474,-2.4672706,-0.42083208,1.4572817,-1.622152,-0.4208574000000001,1.0
2455521.90567,0.9690952,0.94577104,-2.4672591,-0.4208322,1.45726,-1.6221063999999998,-0.42085752,1.0
2455521.9095400004,0.9646426,0.94580733,-2.4672476000000003,-0.42083232,1.4572382,-1.6220606000000002,-0.42085764,1.0
2455521.91419,0.9566794,0.94585094,-2.4672338,-0.42083247,1.4572120000000002,-1.6220057,-0.42085779,1.0
2455521.91806,0.9366265,0.94588724,-2.4672223,-0.42083259,1.4571903,-1.62196,-0.42085791,1.0
2455521.9219400003,0.9297505,0.94592363,-2.4672107000000003,-0.42083271,1.4571686,-1.6219142,-0.42085803,1.0
2455521.9265900003,0.9306072,0.94596724,-2.4671969,-0.42083286,1.4571424,-1.6218593,-0.42085817,1.0
2455521.93279,0.9186846,0.94602539,-2.4671785,-0.42083306,1.4571076,-1.621786,-0.42085837,1.0
2455521.93821,0.9426846,0.94607622,-2.4671624,-0.42083323,1.4570772,-1.6217221000000002,-0.42085853,1.0
2455521.94363,0.9271851,0.94612706,-2.4671462,-0.4208334,1.4570466999999998,-1.6216581,-0.4208587,1.0
2455521.94828,0.9409498,0.94617067,-2.4671324,-0.42083354,1.4570206,-1.6216032,-0.42085885,1.0
2455521.95293,0.9514072,0.94621428,-2.4671186,-0.42083369,1.4569944,-1.6215483,-0.42085899,1.0
2455521.95835,0.9584433,0.94626511,-2.4671025,-0.42083386,1.456964,-1.6214844,-0.42085916,1.0
2455521.96455,0.9980825,0.94632325,-2.467084,-0.42083405,1.4569291000000002,-1.6214111999999998,-0.42085935,1.0
2455521.96919,0.9999227,0.94636677,-2.4670702,-0.42083419,1.4569028999999998,-1.6213565,-0.42085949,1.0
2455521.97461,1.043197,0.9464176,-2.4670541,-0.42083436,1.4568725,-1.6212926,-0.42085966,1.0
2455521.97927,1.039361,0.9464613000000002,-2.4670402,-0.42083451,1.4568464,-1.6212377,-0.4208598,1.0
2455521.98314,1.041277,0.94649759,-2.4670287,-0.42083463,1.4568245000000002,-1.6211919,-0.42085992,1.0
2455521.98779,1.048978,0.9465412,-2.4670149,-0.42083477,1.4567983,-1.6211371,-0.42086006,1.0
2455521.99244,1.05382,0.9465848,-2.4670011,-0.42083492,1.4567723,-1.6210823,-0.42086021,1.0
2455521.99863,1.066514,0.94664285,-2.4669826,-0.42083511,1.4567374,-1.6210093,-0.4208604,1.0
2455522.00328,1.060636,0.94668646,-2.4669688,-0.42083525,1.4567112,-1.6209545,-0.42086054,1.0
2455522.00794,1.073412,0.94673016,-2.4669549,-0.4208354,1.4566848999999995,-1.6208995000000002,-0.42086068,1.0
2455522.01336,1.043197,0.94678099,-2.4669388,-0.42083556,1.4566544,-1.6208356000000002,-0.42086085,1.0
2455522.01801,1.043197,0.94682459,-2.466925,-0.42083571,1.4566282,-1.6207808,-0.42086099,1.0
2455522.02266,1.045121,0.9468682,-2.4669111,-0.42083585,1.4566021,-1.6207261,-0.42086113,1.0
2455522.78098,1.116935,0.95397508,-2.4646431,-0.42085735,1.4522816,-1.6118524,-0.42088234,1.0
2455522.78563,1.1087360000000002,0.95401863,-2.4646291,-0.42085747,1.4522548000000002,-1.6117984,-0.42088246,1.0
2455522.7895,1.09756,0.95405488,-2.4646175,-0.42085757,1.4522325,-1.6117534,-0.42088256,1.0
2455522.79337,1.080508,0.95409112,-2.4646058,-0.42085767,1.4522101,-1.6117084,-0.42088266,1.0
2455522.79724,1.052999,0.95412737,-2.4645942,-0.42085777,1.4521879,-1.6116635,-0.42088276,1.0
2455522.80189,1.038552,0.95417092,-2.4645802000000003,-0.42085789,1.452161,-1.6116095,-0.42088288,1.0
2455522.80576,1.024302,0.95420717,-2.4645686,-0.42085799,1.4521388000000002,-1.6115646,-0.42088297,1.0
2455522.80963,1.019596,0.95424341,-2.4645569,-0.42085809,1.4521164,-1.6115196000000005,-0.42088307,1.0
2455522.81506,1.013977,0.95429427,-2.4645406000000003,-0.42085823,1.4520851,-1.6114565,-0.42088321,1.0
2455522.8197,0.9603468,0.95433773,-2.4645267000000004,-0.42085835,1.4520583,-1.6114027,-0.42088333,1.0
2455522.82357,0.9809075,0.95437397,-2.464515,-0.42085845,1.452036,-1.6113578000000002,-0.42088342,1.0
2455522.82822,0.9515423,0.95441752,-2.464501,-0.42085856,1.4520091999999998,-1.6113038,-0.42088354,1.0
2455522.8321,0.9350354,0.95445386,-2.4644894,-0.42085866,1.4519868,-1.6112588,-0.42088364,1.0
2455522.83597,0.9428185,0.9544901,-2.4644777,-0.42085876,1.4519646000000002,-1.6112139,-0.42088374,1.0
2455522.83984,0.9324554,0.95452635,-2.4644661,-0.42085886,1.4519421,-1.6111688999999998,-0.42088383,1.0
2455522.84371,0.931597,0.95456259,-2.4644545,-0.42085896,1.4519198,-1.611124,-0.42088393,1.0
2455522.84913,0.940217,0.95461335,-2.4644382,-0.4208590999999999,1.4518886,-1.6110612,-0.42088407,1.0
2455522.85301,0.9384866,0.95464969,-2.4644265,-0.4208592,1.4518661,-1.6110161,-0.42088416,1.0
2455522.85688,0.9665584,0.95468593,-2.4644148,-0.42085929,1.4518438,-1.6109712,-0.42088426,1.0
2455522.86231,0.9809075,0.95473678,-2.4643985,-0.42085943,1.4518125,-1.6109083,-0.4208844,1.0
2455522.86773,0.9782009,0.95478754,-2.4643822,-0.42085957,1.4517812,-1.6108454,-0.42088453,1.0
2455522.87238,1.0009860000000002,0.95483109,-2.4643682,-0.42085969,1.4517543,-1.6107915000000002,-0.42088465,1.0
2455522.87625,1.032828,0.95486733,-2.4643566000000003,-0.42085979,1.4517318,-1.6107465,-0.42088474,1.0
2455522.8809,1.038552,0.95491088,-2.4643426,-0.4208599,1.4517051,-1.6106927,-0.42088486,1.0
2455522.88477,1.041425,0.95494712,-2.4643309,-0.42086,1.4516826,-1.6106477,-0.42088495,1.0
2455522.88942,1.05786,0.95499067,-2.4643169,-0.42086012,1.4516559,-1.6105938999999998,-0.42088507,1.0
2455522.8963900004,1.05981,0.95505594,-2.464296,-0.42086029,1.4516155000000002,-1.610513,-0.42088524,1.0
2455522.9010400004,1.072576,0.95509948,-2.464282,-0.42086041,1.4515886999999998,-1.6104592,-0.42088536,1.0
2455522.9064700003,1.089502,0.95515033,-2.4642656,-0.42086055,1.4515572,-1.6103962,-0.42088549,1.0
2455522.91034,1.060787,0.95518657,-2.464254,-0.42086064,1.4515348999999995,-1.6103514,-0.42088559,1.0
2455522.91421,1.074554,0.95522281,-2.4642423,-0.42086074,1.4515126,-1.6103066,-0.42088568,1.0
2455522.91886,1.076535,0.95526636,-2.4642283,-0.42086086,1.4514856000000005,-1.6102527,-0.4208858,1.0
2455522.92351,1.056886,0.9553099,-2.4642143,-0.42086097,1.4514587,-1.6101988,-0.42088591,1.0
2455522.92815,1.0637219999999998,0.95535335,-2.4642004,-0.42086109,1.4514318000000002,-1.6101450000000002,-0.42088602,1.0
2455522.93435,1.046232,0.95541141,-2.4641817,-0.42086124,1.4513961000000002,-1.6100732,-0.42088618,1.0
2455522.93822,1.052999,0.95544764,-2.46417,-0.42086134,1.4513736000000002,-1.6100283000000002,-0.42088627,1.0
2455522.94209,1.044307,0.95548388,-2.4641584,-0.42086144,1.4513512,-1.6099836,-0.42088637,1.0
2455522.94597,1.029978,0.95552021,-2.4641467,-0.42086153,1.4513288,-1.6099386,-0.42088646,1.0
2455522.9498400004,1.051061,0.95555645,-2.464135,-0.42086163,1.4513063,-1.6098938,-0.42088656,1.0
2455522.95372,1.03378,0.95559278,-2.4641234,-0.42086172,1.4512839,-1.6098489,-0.42088665,1.0
2455522.95836,1.03664,0.95563623,-2.4641094,-0.42086184,1.451257,-1.6097951,-0.42088676,1.0
2455522.96379,0.9973052,0.95568708,-2.464093,-0.42086197,1.4512256,-1.6097323,-0.42088689,1.0
2455522.96843,0.9782009,0.95573052,-2.464079,-0.42086209,1.4511987,-1.6096785,-0.42088701,1.0
2455522.97463,0.9550543,0.95578858,-2.4640604,-0.42086224,1.4511627,-1.6096066999999998,-0.42088716,1.0
2455522.97928,0.9410833,0.95583212,-2.4640464,-0.42086235,1.4511359,-1.609553,-0.42088727,1.0
2455522.98315,0.9341746,0.95586835,-2.4640347,-0.42086245,1.4511134,-1.6095082,-0.42088736,1.0
2455522.98935,0.9120698,0.9559264,-2.464016,-0.4208626,1.4510775,-1.6094365,-0.42088751,1.0
2455522.99322,0.9154362,0.95596264,-2.4640044,-0.4208627,1.451055,-1.6093916,-0.42088761,1.0
2455522.99787,0.9222063,0.95600618,-2.4639903,-0.42086281,1.4510282,-1.6093379,-0.42088772,1.0
2455523.00253,0.9129102,0.95604981,-2.4639763,-0.42086292,1.4510011,-1.609284,-0.42088783,1.0
2455523.00795,0.9003846,0.95610056,-2.46396,-0.42086306,1.4509697,-1.6092213,-0.42088796,1.0
2455523.01415,0.9120698,0.95615861,-2.4639413,-0.42086321,1.4509337,-1.6091495,-0.42088811,1.0
2455523.0180200003,0.9012143,0.95619484,-2.4639296,-0.4208633,1.4509113,-1.6091048,-0.4208882000000001,1.0
2455523.02344,0.9367594,0.95624559,-2.4639133,-0.42086343,1.4508798,-1.6090421,-0.42088833,1.0
2455523.02732,0.9764007,0.95628191,-2.4639016,-0.42086353,1.4508573,-1.6089972,-0.42088842,1.0
2455551.78994,0.975204,1.2189457,-2.3617439,-0.41889112,1.2337208,-1.3780997,-0.41891723,1.0
2455551.7938200003,0.9618237,1.2189802,-2.3617281,-0.41889049,1.2336873,-1.3780831,-0.41891661,1.0
2455551.7977,0.9530056999999998,1.2190147,-2.3617122000000004,-0.41888987,1.233654,-1.3780665,-0.41891598,1.0
2455551.8031200003,0.9433991,1.2190628,-2.3616901,-0.418889,1.2336075,-1.3780434,-0.4189151,1.0
2455551.807,0.948627,1.2190973,-2.3616743,-0.41888837,1.2335742,-1.3780268,-0.41891448,1.0
2455551.81087,0.9295986,1.2191316,-2.3616585,-0.41888775,1.2335408,-1.3780103,-0.41891385,1.0
2455551.8147400003,0.9278878,1.219166,-2.3616427000000004,-0.41888713,1.2335077,-1.3779938,-0.41891323,1.0
2455551.81862,0.9219247,1.2192005,-2.3616269,-0.4188865,1.2334744,-1.3779773000000002,-0.4189126,1.0
2455551.82172,0.9270336,1.219228,-2.3616143,-0.418886,1.2334477,-1.377964,-0.4189121,1.0
2455551.82714,0.9244756,1.2192762,-2.3615921,-0.41888513,1.2334012,-1.3779409,-0.41891122,1.0
2455551.83024,0.9253275,1.2193037,-2.3615795,-0.41888463,1.2333745,-1.3779277,-0.41891072,1.0
2455551.83566,0.93475,1.2193519,-2.3615574,-0.41888376,1.2333278,-1.3779046,-0.41890984,1.0
2455551.83953,0.9460095,1.2193862,-2.3615416,-0.41888314,1.2332946000000002,-1.3778882,-0.41890922,1.0
2455551.8434,0.9547628,1.2194206,-2.3615258,-0.41888251,1.2332615,-1.3778716999999998,-0.41890859,1.0
2455551.84882,0.9716178,1.2194688,-2.3615037,-0.41888164,1.2332147,-1.3778486,-0.41890771,1.0
2455551.8527,0.9915063,1.2195032,-2.3614879,-0.41888101,1.2331815000000002,-1.3778321000000002,-0.41890709,1.0
2455551.85812,1.004374,1.2195513999999998,-2.3614657,-0.41888014,1.2331348999999998,-1.377809,-0.41890621,1.0
2455551.86277,1.028716,1.2195927,-2.3614467999999995,-0.41887939,1.2330948999999998,-1.3777893,-0.41890546,1.0
2455551.86665,1.0277690000000002,1.2196271,-2.3614309,-0.41887876,1.2330616,-1.3777728,-0.41890483,1.0
2455551.87129,1.043988,1.2196683,-2.361412,-0.41887802,1.2330217,-1.377753,-0.41890408,1.0
2455551.89609,1.074226,1.2198886,-2.3613108,-0.41887401,1.2328086,-1.3776476999999998,-0.41890006,1.0
2455551.9023,1.050741,1.2199438,-2.3612854,-0.41887301,1.2327553,-1.3776214,-0.41889905,1.0
2455551.90539,1.068306,1.2199712,-2.3612728,-0.41887251,1.2327287,-1.3776083,-0.41889855,1.0
2455551.9084900003,1.059487,1.2199987,-2.3612601000000004,-0.41887201,1.2327021,-1.3775951000000002,-0.41889805,1.0
2455551.91237,1.051709,1.2200332,-2.3612443,-0.41887138,1.2326688,-1.3775787,-0.41889742,1.0
2455551.91624,1.046877,1.2200676,-2.3612285,-0.41887076,1.2326354,-1.3775623,-0.41889679,1.0
2455551.92012,1.04495,1.220102,-2.3612127,-0.41887013,1.2326021,-1.3775458,-0.41889616,1.0
2455551.92322,1.033464,1.2201296,-2.3612,-0.41886963,1.2325754,-1.3775327,-0.41889566,1.0
2455551.9270900004,1.025877,1.2201639,-2.3611842,-0.418869,1.2325422,-1.3775163,-0.41889503,1.0
2455551.9317400004,1.007153,1.2202052,-2.3611652000000003,-0.41886825,1.2325022,-1.3774966,-0.41889427,1.0
2455551.93483,1.012734,1.2202327,-2.3611526,-0.41886775,1.2324757,-1.3774835,-0.41889377,1.0
2455551.93793,0.9887704,1.2202601999999998,-2.3611399,-0.41886725,1.232449,-1.3774704,-0.41889327,1.0
2455551.94181,0.9779023,1.2202946,-2.3611241,-0.41886662,1.2324157,-1.3774540000000002,-0.41889264,1.0
2455551.94568,0.9680448,1.220329,-2.3611083,-0.418866,1.2323825000000002,-1.3774376,-0.41889201,1.0
2455551.95033,0.9538838,1.2203703,-2.3610893,-0.41886524,1.2323425,-1.3774178999999998,-0.41889125,1.0
2455551.95421,0.9653737,1.2204048,-2.3610734,-0.41886462,1.2323091999999998,-1.3774015,-0.41889062,1.0
2455551.95808,0.9538838,1.2204391,-2.3610576,-0.41886399,1.2322758,-1.3773852,-0.41888999,1.0
2455551.96195,0.9556425,1.2204735,-2.3610418,-0.41886336,1.2322426000000002,-1.3773688,-0.41888936,1.0
2455551.96661,0.964485,1.2205149,-2.3610228,-0.41886261,1.2322025,-1.3773491000000002,-0.41888861,1.0
2455551.97591,0.9716178,1.2205975,-2.3609848,-0.4188611,1.2321226,-1.3773098999999998,-0.41888709,1.0
2455551.98056,0.9905935,1.2206388,-2.3609658,-0.41886035,1.2320826,-1.3772902,-0.41888634,1.0
2455551.98366,0.9960829,1.2206663,-2.3609531,-0.41885985,1.2320559,-1.3772771,-0.41888583,1.0
2455551.98753,1.013667,1.2207007,-2.3609373,-0.41885922,1.2320227,-1.3772608,-0.4188852,1.0
2455551.99296,1.00901,1.2207489,-2.3609151,-0.41885834,1.2319761,-1.3772379,-0.41888432,1.0
2455551.99838,1.0277690000000002,1.220797,-2.360893,-0.41885746,1.2319294,-1.3772151,-0.41888344,1.0
2455552.00225,1.040149,1.2208313999999998,-2.3608772,-0.41885683,1.2318962,-1.3771987,-0.41888281,1.0
2455552.01,1.054619,1.2209002,-2.3608455000000004,-0.41885558,1.2318295,-1.3771661,-0.41888155,1.0
2455552.0131,1.06144,1.2209277,-2.3608329,-0.41885508,1.231803,-1.377153,-0.41888104,1.0
2455552.0162,1.059487,1.2209552,-2.3608202,-0.41885457,1.2317763000000002,-1.37714,-0.41888054,1.0
2455552.0193,1.052678,1.2209828,-2.3608075,-0.41885407,1.2317496,-1.3771269,-0.41888003,1.0
2455552.02317,1.080178,1.2210171,-2.3607917,-0.41885344,1.2317163999999998,-1.3771106000000002,-0.4188794,1.0
2455552.02704,1.0575370000000002,1.2210515,-2.3607759,-0.41885281,1.231683,-1.3770943000000002,-0.41887877,1.0
2455552.03014,1.06144,1.221079,-2.3607632,-0.41885231,1.2316564,-1.3770813,-0.41887826,1.0
2455552.03401,1.068306,1.2211134,-2.3607474,-0.41885168,1.2316232,-1.377065,-0.41887763,1.0
2455552.03866,1.079184,1.2211546999999998,-2.3607284,-0.41885093,1.2315831,-1.3770455,-0.41887688,1.0
2455574.62579,1.035446,1.4167345,-2.2594109,-0.413571,1.0417872,-1.3501685,-0.41359661,1.0
2455574.63664,1.053725,1.4168259,-2.259358,-0.4135677,1.0417032,-1.3501875,-0.4135933,1.0
2455574.64438,1.0576139999999998,1.4168911,-2.2593202000000003,-0.41356534,1.0416431000000002,-1.3502011,-0.41359094,1.0
2455574.65213,1.060541,1.4169565,-2.2592824,-0.41356298,1.041583,-1.3502148,-0.41358857,1.0
2455574.65987,1.0364,1.4170216999999998,-2.2592447,-0.41356062,1.0415231,-1.3502283000000002,-0.41358621,1.0
2455574.66839,1.028791,1.4170935,-2.2592031,-0.41355802,1.0414571,-1.3502433,-0.4135836,1.0
2455574.67691,1.008155,1.4171653,-2.2591616,-0.41355542,1.041391,-1.3502584,-0.413581,1.0
2455574.68543,0.9752755,1.4172371,-2.25912,-0.41355283,1.041325,-1.3502735,-0.4135784000000001,1.0
2455574.69318,0.9627806,1.4173024,-2.2590822,-0.41355046,1.041265,-1.3502871,-0.41357603,1.0
2455574.70092,0.9530756,1.4173676000000002,-2.2590444,-0.4135481,1.041205,-1.3503008,-0.41357366,1.0
2455574.7079,0.9305235,1.4174264,-2.2590103,-0.41354597,1.041151,-1.3503132,-0.41357153,1.0
2455574.71642,0.9425998,1.4174982,-2.2589688,-0.41354337,1.041085,-1.3503283,-0.41356893,1.0
2455574.72572,0.9452079,1.4175766,-2.2589234,-0.41354053,1.0410129,-1.3503448,-0.41356608,1.0
2455574.73269,0.9486966,1.4176353000000002,-2.2588894,-0.4135384,1.040959,-1.3503572,-0.41356395,1.0
2455574.74121,0.9779741,1.4177071,-2.2588478,-0.4135358,1.0408931,-1.3503724,-0.41356134,1.0
2455574.74819,1.002599,1.4177659,-2.2588137,-0.41353367,1.0408389999999998,-1.3503848,-0.41355921,1.0
2455574.75671,1.027844,1.4178377,-2.2587721000000003,-0.41353107,1.0407731,-1.3504,-0.4135566,1.0
2455574.76368,1.041184,1.4178964,-2.2587381,-0.41352894,1.0407191999999998,-1.3504124,-0.41355447,1.0
2455574.77143,1.046953,1.4179617,-2.2587003,-0.41352657,1.0406591,-1.3504263,-0.4135521,1.0
2455574.77917,1.04985,1.4180269,-2.2586625,-0.41352421,1.0405992,-1.3504402,-0.41354973,1.0
2455574.78692,1.034492,1.4180921999999998,-2.2586246,-0.41352184,1.0405393,-1.350454,-0.41354736,1.0
2455574.79467,1.027844,1.4181575000000002,-2.2585868,-0.41351947,1.0404793,-1.3504678999999995,-0.41354498,1.0
2455574.80242,1.020299,1.4182228,-2.2585490000000004,-0.4135170999999999,1.0404193000000002,-1.3504819,-0.41354261,1.0
2455574.80939,1.020299,1.4182815,-2.2585149,-0.41351497,1.0403654,-1.3504944,-0.41354047,1.0
2455574.81791,1.017483,1.4183533000000002,-2.2584732999999995,-0.41351237,1.0402995000000002,-1.3505097,-0.41353786,1.0
2455574.82566,1.014676,1.4184186,-2.2584355,-0.41351,1.0402395,-1.3505237,-0.41353549,1.0
2455574.83496,0.991579,1.418497,-2.2583901,-0.41350715,1.0401677,-1.3505404,-0.41353264,1.0
2455574.84271,0.9761742,1.4185622,-2.2583522,-0.41350478,1.0401077,-1.3505545,-0.41353026,1.0
2455574.84967,0.9557127,1.4186209,-2.2583182,-0.41350265,1.0400539,-1.350567,-0.41352813,1.0
2455574.85742,0.9530756,1.4186861000000002,-2.2582804,-0.41350028,1.0399939,-1.3505811,-0.41352575,1.0
2455574.8667200003,0.9460789,1.4187645,-2.2582349,-0.41349743,1.0399220999999998,-1.3505979,-0.4135229,1.0
2455574.8736900003,0.9434683,1.4188232,-2.2582009,-0.4134953,1.0398683000000002,-1.3506105,-0.41352076,1.0
2455574.88144,0.9443377,1.4188885,-2.258163,-0.41349292,1.0398083,-1.3506246000000002,-0.41351839,1.0
2455574.88996,0.9513215,1.4189602,-2.2581214,-0.41349032,1.0397425,-1.35064,-0.41351577,1.0
2455574.89771,0.9654445,1.4190254999999998,-2.2580835,-0.41348794,1.0396826,-1.3506542,-0.41351339,1.0
2455574.90546,0.9870231,1.4190908000000002,-2.2580457000000003,-0.41348557,1.0396228,-1.3506682,-0.41351101,1.0
2455574.91243,1.013742,1.4191495,-2.2580116,-0.41348343,1.039569,-1.3506809,-0.41350887,1.0
2455574.92018,1.0364,1.4192148,-2.2579737,-0.41348106,1.039509,-1.3506951,-0.4135065,1.0
2455574.92793,1.058589,1.41928,-2.2579358,-0.41347868,1.0394491,-1.3507093,-0.41350412,1.0
2455574.93568,1.0576139999999998,1.4193453,-2.257898,-0.41347631,1.0393894,-1.3507234,-0.41350174,1.0
2455574.94265,1.060541,1.419404,-2.2578639,-0.41347417,1.0393356,-1.3507361,-0.41349959,1.0
2455574.9504,1.070354,1.4194693,-2.257826,-0.41347179,1.0392757,-1.3507504,-0.41349721,1.0
2455574.95738,1.0576139999999998,1.419528,-2.2577919,-0.41346965,1.0392218,-1.3507631000000002,-0.41349507,1.0
2455574.969,1.0450270000000002,1.4196258999999998,-2.2577351,-0.41346609,1.0391321,-1.3507844999999998,-0.4134915,1.0
2455574.97985,1.010945,1.4197173,-2.2576821,-0.41346276,1.0390482,-1.3508045,-0.41348816,1.0
2455574.9907,0.9815837,1.4198086,-2.257629,-0.41345943,1.0389645,-1.3508243999999998,-0.41348483,1.0
2455574.99845,0.9699008,1.4198739,-2.2575911,-0.41345705,1.0389046999999998,-1.3508387,-0.41348244,1.0
2455575.00775,0.9486966,1.4199522,-2.2575456000000003,-0.4134542000000001,1.038833,-1.3508559,-0.41347958,1.0
2455575.01472,0.9478232,1.4200109,-2.2575116000000004,-0.41345206,1.0387793,-1.3508687,-0.41347744,1.0
2455575.02247,0.9574748,1.4200761,-2.2574737,-0.41344968,1.0387194,-1.3508831,-0.41347505,1.0
2455575.03023,0.9725845,1.4201415000000002,-2.2574357000000003,-0.41344729,1.0386596,-1.3508973999999998,-0.41347267,1.0
2455575.03875,0.996156,1.4202132,-2.257394,-0.41344468,1.0385937,-1.3509133,-0.41347004,1.0
