2445255.70291,0.9811841999999998,-1.96225122,-0.70226674,0.41746396,-1.02339323,-0.36467023,0.41748533,1.0
2445255.72587,1.000347,-1.96213648,-0.70254089,0.41748226,-1.02341864,-0.36457424,0.41750365,1.0
2445255.75849,1.038845,-1.96197343,-0.70293035,0.41750826,-1.02345495,-0.36443794,0.41752967,1.0
2445255.89454,0.993003,-1.96129266,-0.70455447,0.41761653,-1.02360887,-0.36387037,0.41763806,1.0
2445255.93257,0.9866215,-1.96110216,-0.70500839,0.41764675,-1.02365262,-0.36371198,0.41766831,1.0
2445256.6669400004,0.9782149,-1.95740651,-0.71376749,0.41822668,-1.02455943,-0.36067639,0.41824888,1.0
2445256.69349,0.9710337,-1.95727229,-0.71408394,0.41824752,-1.02459442,-0.36056748,0.41826974,1.0
2445256.73239,0.9881759,-1.95707556,-0.71454756,0.41827803,-1.02464596,-0.360408,0.41830028,1.0
2445256.742,1.013991,-1.95702695,-0.71466209,0.41828557,-1.02465874,-0.36036862,0.41830783,1.0
2445256.76198,1.035701,-1.95692586,-0.7149002,0.41830123,-1.02468538,-0.36028678,0.41832351,1.0
2445256.79805,1.015861,-1.95674329,-0.71533004,0.41832949,-1.0247337,-0.36013911,0.4183518,1.0
2445256.82488,1.02055,-1.95660744,-0.71564975,0.4183505,-1.02476982,-0.36002934,0.41837283,1.0
2445256.84982,0.9973195,-1.95648113,-0.71594693,0.41837002,-1.02480354,-0.35992736,0.41839238,1.0
2445256.86077,1.009333,-1.95642565,-0.7160774000000001,0.41837859,-1.02481839,-0.35988259999999994,0.41840096,1.0
2445256.89828,0.9230692,-1.95623558,-0.71652432,0.41840793,-1.02486944,-0.35972934,0.41843033,1.0
2445256.93659,1.02149,-1.95604136,-0.71698073,0.41843788,-1.0249219,-0.35957295,0.41846031,1.0
2445256.96994,1.025261,-1.95587221,-0.71737803,0.41846394,-1.02496783,-0.3594369,0.4184864,1.0
2451901.374614,1.090715,0.08833661,-2.28366235,0.29201073,0.06552516,-1.30031014,0.2920348,1.0
2451901.381244,0.9929137,0.08841526,-2.28367379,0.29199929,0.06548792,-1.30032465,0.29202336,1.0
2451901.388433,0.9206858,0.08850056,-2.28368619,0.29198688,0.06544754,-1.3003403999999998,0.29201095,1.0
2451901.398443,0.8980726000000001,0.08861931,-2.28370344,0.2919696,0.06539131,-1.30036235,0.29199367,1.0
2451901.405733,0.9005575000000001,0.08870579,-2.283716,0.29195702,0.06535037,-1.30037834,0.29198109,1.0
2451901.411773,0.9360768,0.08877744,-2.28372641,0.29194659,0.06531644,-1.30039161,0.29197066,1.0
2451901.417483,0.951725,0.08884518,-2.28373624,0.29193673,0.06528437,-1.30040416,0.2919608,1.0
2451901.425353,0.995661,0.08893854,-2.2837498,0.29192315,0.06524017,-1.30042147,0.29194722,1.0
2451901.432283,1.003024,0.08902075,-2.28376173,0.29191119,0.06520125,-1.30043672,0.29193525,1.0
2451901.437833,1.04547,0.08908659,-2.28377128,0.2919016,0.06517008,-1.30044895,0.29192567,1.0
2451901.443703,1.065888,0.08915622,-2.28378139,0.29189147,0.06513711,-1.30046189,0.29191554,1.0
2451901.4504130003,1.121273,0.08923582,-2.28379293,0.29187989,0.06509942,-1.30047669,0.29190395,1.0
2451901.454893,1.116121,0.08928896,-2.28380064,0.29187215,0.06507426,-1.30048658,0.29189622,1.0
2451901.459363,1.168723,0.08934199,-2.28380833,0.29186443,0.06504915,-1.30049645,0.2918885,1.0
2451901.463813,1.0877059999999998,0.08939478,-2.28381598,0.29185675,0.06502416,-1.30050628,0.29188082,1.0
2451901.469403,1.039708,0.08946109,-2.2838256,0.2918471,0.06499277,-1.30051864,0.29187117,1.0
2451901.473873,1.000257,0.08951412,-2.28383328,0.29183938,0.06496766,-1.30052853,0.29186345,1.0
2451901.480213,0.926641,0.08958933,-2.28384418,0.29182843,0.06493205,-1.30054256,0.2918525,1.0
2451901.4872830003,0.913927,0.0896732,-2.28385633,0.29181623,0.06489235,-1.30055822,0.2918403,1.0
2451901.491743,0.8882014000000001,0.08972611,-2.283864,0.29180853,0.0648673,-1.3005681,0.29183259,1.0
2451901.4962130003,0.8663860000000001,0.08977913,-2.28387168,0.29180081,0.06484219,-1.30057802,0.29182488,1.0
2451901.500673,0.8824934000000001,0.08983204,-2.28387934,0.29179311,0.06481714,-1.30058791,0.29181717,1.0
2451901.505142,0.8679836,0.08988507,-2.28388701,0.29178539,0.06479204,-1.30059784,0.29180945,1.0
2451901.509612,0.8719899999999999,0.08993809,-2.28389469,0.29177767,0.06476694,-1.30060776,0.29180174,1.0
2451901.514082,0.9105661,0.08999112,-2.28390237,0.29176995,0.06474183,-1.3006177,0.29179402,1.0
2451901.518562,0.9105661,0.09004426,-2.28391006,0.29176221,0.06471667,-1.30062766,0.29178628,1.0
2451901.523062,0.9534798,0.09009765,-2.28391778,0.29175444,0.0646914,-1.30063766,0.29177851,1.0
2451901.529702,1.018853,0.09017641,-2.28392918,0.29174297,0.06465411,-1.30065244,0.29176704,1.0
2451901.532502,1.06687,0.09020963,-2.28393399,0.29173814,0.06463838,-1.30065868,0.29176221,1.0
2451901.545962,1.189355,0.0903693,-2.28395708,0.29171489,0.06456279,-1.30068868,0.29173896,1.0
2451901.551512,1.209237,0.09043514,-2.2839666000000003,0.2917053,0.06453162,-1.30070106,0.29172937,1.0
2451901.557762,1.231718,0.09050928,-2.28397732,0.29169451,0.06449653,-1.30071502,0.29171858,1.0
2451901.592012,0.9232333,0.09091557,-2.28403601,0.29163535,0.06430419,-1.30079166,0.29165942,1.0
2451901.596482,0.8760148999999999,0.09096859,-2.28404366,0.29162763,0.06427908,-1.30080169,0.2916517,1.0
2451901.600942,0.8989002,0.0910215,-2.2840513,0.29161992,0.06425404,-1.3008117,0.29164399,1.0
2451901.605422,0.9395318,0.09107465,-2.28405897,0.29161218,0.06422888,-1.30082175,0.29163625,1.0
2451901.609892,0.9738935,0.09112767,-2.28406662,0.29160446,0.06420378,-1.30083179,0.29162853,1.0
2451901.614342,0.9984159,0.09118046,-2.28407424,0.29159677,0.06417879,-1.30084179,0.29162084,1.0
2451901.618231,1.026388,0.0912266,-2.2840809,0.29159005,0.06415695,-1.30085054,0.29161412,1.0
2451901.628751,1.060014,0.0913514,-2.2840989,0.29157188,0.06409787,-1.30087421,0.29159595,1.0
2451901.633211,1.123341,0.0914043,-2.28410653,0.29156417,0.06407283,-1.30088425,0.29158824,1.0
2451901.637691,1.054172,0.09145744,-2.28411419,0.29155643,0.06404767,-1.30089435,0.2915805,1.0
2451901.643281,1.041625,0.09152376,-2.28412375,0.29154677,0.06401628,-1.30090695,0.29157084,1.0
2451901.647191,1.041625,0.09157014,-2.28413043,0.29154002,0.06399432,-1.30091577,0.29156409,1.0
2451908.389045,0.9577663,0.17148163,-2.29440755,0.2797335,0.02654122,-1.32180984,0.27975738,1.0
2451908.403355,0.9446253,0.17165108,-2.29442672,0.27970811,0.02646315,-1.32186623,0.27973199,1.0
2451908.410005,1.044382,0.17172982,-2.29443562,0.27969632,0.02642688,-1.32189246,0.27972019,1.0
2451908.417035,1.119076,0.17181306,-2.29444503,0.27968384,0.02638853,-1.3219202,0.27970772,1.0
2451908.421644,1.165358,0.17186764,-2.2944512,0.27967567,0.02636339,-1.32193839,0.27969954,1.0
2451908.427394,1.167507,0.17193573,-2.29445889,0.27966547,0.02633203,-1.32196109,0.27968934,1.0
2451908.433134,1.167507,0.17200369,-2.29446657,0.27965528,0.02630072,-1.32198377,0.27967916,1.0
2451908.437734,1.093603,0.17205816,-2.29447272,0.27964712,0.02627564,-1.32200194,0.27967099,1.0
2451908.441184,1.105757,0.17209901,-2.29447733,0.279641,0.02625682,-1.32201557,0.27966487,1.0
2451908.459884,0.9021103,0.17232043,-2.29450232,0.27960782,0.02615485,-1.32208953,0.27963169,1.0
2451908.464494,0.8591313,0.17237501,-2.29450848,0.27959964,0.02612971,-1.32210777,0.27962351,1.0
2451908.469114,0.8434503000000001,0.17242971,-2.29451465,0.27959144,0.02610453,-1.32212606,0.27961531,1.0
2451908.4737130003,0.8567608,0.17248418,-2.29452079,0.27958328,0.02607945,-1.32214428,0.27960715,1.0
2451908.4789130003,0.8872778,0.17254575,-2.29452773,0.27957405,0.0260511,-1.32216487,0.27959792,1.0
2451908.4853330003,0.8905527,0.17262176,-2.2945363,0.27956266,0.0260161,-1.32219031,0.27958653,1.0
2451908.489953,0.9021103,0.17267647,-2.29454247,0.27955446,0.02599091,-1.32220863,0.27957833,1.0
2451908.4945630003,0.9163462,0.17273105,-2.29454862,0.27954628,0.02596578,-1.3222268999999998,0.27957015,1.0
2451908.499323,0.9402851,0.17278741,-2.29455497,0.27953783,0.02593983,-1.32224578,0.2795617,1.0
2451908.504343,0.9800756,0.17284685,-2.29456166,0.27952892,0.02591247,-1.3222657,0.2795528,1.0
2451908.508943,1.000137,0.17290131,-2.29456779,0.27952076,0.0258874,-1.32228395,0.27954463,1.0
2451908.513563,1.029105,0.17295602,-2.29457395,0.27951256,0.02586222,-1.3223023,0.27953643,1.0
2451908.5181830004,1.007534,0.17301072,-2.29458011,0.27950436,0.02583704,-1.32232064,0.27952823,1.0
2451908.522792,1.048237,0.17306529999999998,-2.29458625,0.27949618,0.02581191,-1.32233895,0.27952005,1.0
2451908.529682,1.057936,0.17314688,-2.29459543,0.27948395,0.02577436,-1.32236633,0.27950782,1.0
2451908.537122,1.106775,0.17323497,-2.29460534,0.27947075,0.02573382,-1.3223958999999998,0.27949462,1.0
2451908.541672,0.9918811,0.17328885,-2.2946114,0.27946267,0.02570902,-1.322414,0.27948654,1.0
2451908.546232,0.995542,0.17334284,-2.29461747,0.27945458,0.02568417,-1.32243214,0.27947845,1.0
2451908.550792,0.9146597,0.17339683,-2.29462354,0.27944648,0.02565933,-1.32245028,0.27947035,1.0
2451908.556492,0.8528243000000001,0.17346432,-2.29463113,0.27943637,0.02562827,-1.32247297,0.27946024,1.0
2451908.591291,0.8496881,0.17387635,-2.2946774,0.27937459,0.02543868,-1.32261166,0.27939846,1.0
2451908.595851,0.9873238,0.17393034,-2.29468346,0.2793665,0.02541385,-1.32262985,0.27939036,1.0
2451908.600421,0.9964593,0.17398445,-2.29468953,0.27935838,0.02538895,-1.32264809,0.27938225,1.0
2451908.604981,1.057936,0.17403844,-2.29469558,0.27935029,0.02536412,-1.3226663,0.27937415,1.0
2451908.609551,1.064779,0.17409254,-2.29470165,0.27934218,0.02533923,-1.32268455,0.27936604,1.0
2451908.614111,1.074631,0.17414653,-2.2947077,0.27933408,0.02531439,-1.32270276,0.27935795,1.0
2451908.618671,1.0966280000000002,0.17420052,-2.29471376,0.27932598,0.02528956,-1.32272098,0.27934985,1.0
2451908.62268,1.124241,0.174248,-2.29471908,0.27931886,0.02526772,-1.32273701,0.27934273,1.0
2451910.294815,1.020559,0.19403997,-2.29686193,0.27634081,0.01622432,-1.32976739,0.27636457,1.0
2451910.303535,1.1118290000000002,0.19414315,-2.2968727,0.27632523,0.01617751,-1.32980586,0.27634899,1.0
2451910.310135,0.9247791,0.19422124,-2.29688086,0.27631344,0.01614208,-1.329835,0.2763372,1.0
2451910.319744,0.9506881,0.19433494,-2.29689273,0.27629627,0.0160905,-1.32987743,0.27632003,1.0
2451910.3267240003,0.8242103000000001,0.19441753,-2.29690134,0.2762838,0.01605304,-1.32990827,0.27630756,1.0
2451910.333034,0.8831572,0.19449219,-2.29690913,0.27627252,0.01601918,-1.32993616,0.27629628,1.0
2451910.339914,0.8694369000000001,0.1945736,-2.29691762,0.27626023,0.01598226,-1.32996658,0.27628399,1.0
2451910.347604,0.8418564000000001,0.19466459,-2.2969271,0.27624649,0.015941,-1.33000059,0.27627025,1.0
2451910.353494,0.8694369000000001,0.19473428,-2.29693436,0.27623597,0.0159094,-1.33002665,0.27625972,1.0
2451910.359684,0.9273379,0.19480752,-2.29694199,0.27622491,0.01587619,-1.33005405,0.27624866,1.0
2451910.365893,0.9411049,0.19488099,-2.29694965,0.27621381,0.01584287,-1.33008154,0.27623757,1.0
2451910.3712130003,1.096574,0.19494394,-2.2969562000000003,0.2762043,0.01581433,-1.33010511,0.27622806,1.0
2451910.376073,1.176083,0.19500144,-2.29696219,0.27619562,0.01578826,-1.33012664,0.27621938,1.0
2451910.380713,1.197948,0.19505634,-2.2969679,0.27618733,0.01576338,-1.3301472,0.27621108,1.0
2451910.386493,1.285991,0.19512473,-2.29697502,0.276177,0.01573237,-1.33017282,0.27620075,1.0
2451910.391593,1.299086,0.19518507,-2.2969813,0.27616789,0.01570502,-1.33019544,0.27619164,1.0
2451910.396253,1.307489,0.19524021,-2.29698703,0.27615956,0.01568003,-1.33021611,0.27618331,1.0
2451910.400233,1.256719,0.1952873,-2.29699193,0.27615244,0.01565868,-1.33023376,0.27617620000000004,1.0
2451910.405543,1.185873,0.19535013,-2.29699846,0.27614296,0.01563021,-1.33025733,0.27616671,1.0
2451910.409082,1.08552,0.19539201,-2.29700281,0.27613663,0.01561122,-1.33027304,0.27616038,1.0
2451910.415082,1.078544,0.195463,-2.29701019,0.27612591,0.01557905,-1.33029968,0.27614966,1.0
2451910.422172,0.9196827,0.19554689,-2.29701891,0.27611323,0.01554104,-1.33033117,0.27613699,1.0
2451910.427702,0.911251,0.19561232,-2.2970257000000003,0.27610335,0.01551139,-1.33035574,0.2761271,1.0
2451910.433312,0.8872338,0.19567869,-2.2970326,0.27609332,0.01548131,-1.33038067,0.27611707,1.0
2451910.450402,0.9480649,0.19588089,-2.29705358,0.27606278,0.01538969,-1.33045668,0.27608653,1.0
2451910.4543810003,0.9104122,0.19592798,-2.29705847,0.27605566,0.01536836,-1.33047439,0.27607941,1.0
2451910.461811,0.9621395,0.19601589,-2.29706759,0.27604238,0.01532854,-1.33050746,0.27606613,1.0
2451910.467271,0.998247,0.19608049,-2.29707429,0.27603262,0.01529927,-1.33053177,0.27605637,1.0
2451910.472811,1.030002,0.19614604,-2.29708108,0.27602272,0.01526958,-1.33055645,0.27604647,1.0
2451910.478141,1.0338040000000002,0.19620910000000005,-2.29708762,0.27601319,0.01524102,-1.33058019,0.27603694,1.0
2451910.483831,0.9836442,0.19627642,-2.29709459,0.27600302,0.01521053,-1.33060555,0.27602677,1.0
2451910.4882610003,0.981834,0.19632883,-2.29710002,0.27599509999999994,0.01518679,-1.3306253,0.27601885,1.0
2451910.493141,1.04049,0.19638657,-2.2971060000000003,0.27598638,0.01516064,-1.33064706,0.27601012,1.0
2451910.49835,1.045293,0.19644821,-2.29711238,0.27597706,0.01513273,-1.3306703000000002,0.27600081,1.0
2451910.5059700003,0.9973281,0.19653836,-2.29712172,0.27596344,0.015091899999999997,-1.3307043,0.27598718,1.0
2451910.51151,0.9656906,0.19660391,-2.2971285,0.27595353,0.01506223,-1.33072903,0.27597728,1.0
2451910.51617,0.9290477,0.19665904,-2.2971342,0.2759452,0.01503726,-1.33074984,0.27596895,1.0
2451910.52105,0.8465216,0.19671678,-2.29714018,0.27593648,0.01501112,-1.33077163,0.27596022,1.0
2451910.52568,0.8799096,0.19677156,-2.29714584,0.2759282,0.01498632,-1.33079232,0.27595194,1.0
2451910.53055,0.8535679,0.19682917,-2.2971517999999995,0.27591949,0.01496024,-1.33081408,0.27594324,1.0
2451910.5372,0.870238,0.19690785,-2.29715993,0.2759076,0.01492462,-1.3308438,0.27593135,1.0
2451910.542499,0.870238,0.19697056,-2.29716641,0.27589812,0.01489623,-1.3308675,0.27592187,1.0
2451910.5475990004,0.9070642,0.19703089,-2.29717265,0.27588901,0.01486892,-1.33089031,0.27591275,1.0
2451910.552029,0.9350568,0.19708331,-2.29717806,0.27588108,0.0148452,-1.33091013,0.27590483,1.0
2451910.558239,0.8970942,0.19715678,-2.29718565,0.27586998,0.01481195,-1.33093792,0.27589372,1.0
2451910.564139,0.947192,0.19722658,-2.29719286,0.27585943,0.01478035,-1.33096433,0.27588317,1.0
2451910.569579,1.00563,0.19729094,-2.2971995,0.27584970000000003,0.01475123,-1.3309886999999998,0.27587344,1.0
2451910.573549,1.051085,0.19733791,-2.29720435,0.2758426,0.01472997,-1.33100648,0.27586634,1.0
2451910.577079,1.0865209999999998,0.19737967,-2.29720866,0.27583629,0.01471107,-1.33102229,0.27586003,1.0
2451910.581949,1.138775,0.19743729,-2.2972146,0.27582758,0.014685,-1.33104412,0.27585132,1.0
2451910.587518,1.193543,0.19750319,-2.2972214,0.27581762,0.01465518,-1.33106908,0.27584136,1.0
2451910.592488,1.163156,0.19756199,-2.29722746,0.27580873,0.01462858,-1.33109137,0.27583247,1.0
2451910.596038,1.204587,0.19760399,-2.29723179,0.27580238,0.01460958,-1.33110729,0.27582612,1.0
2451910.600028,1.114905,0.19765119,-2.29723666,0.27579525,0.01458822,-1.33112519,0.27581899,1.0
2451910.604918,1.0845209999999998,0.19770904,-2.29724262,0.2757865,0.01456205,-1.33114713,0.27581024,1.0
2451910.609788,0.998247,0.19776666,-2.29724856,0.27577779,0.01453598,-1.33116898,0.27580153,1.0
2451910.614208,0.9550763,0.19781895,-2.29725394,0.27576989,0.01451233,-1.33118882,0.27579363,1.0
2451910.619888,0.8970942,0.19788615,-2.29726087,0.27575973,0.01448193,-1.33121433,0.27578347,1.0
2451910.625638,0.8480824,0.19795418,-2.29726787,0.27574944,0.01445116,-1.33124016,0.27577318,1.0
2451910.630727,0.78784,0.19801439,-2.29727407,0.27574034,0.01442392,-1.33126303,0.27576408,1.0
2451910.640007,0.7856661,0.19812418,-2.29728537,0.27572374,0.01437427,-1.33130474,0.27574748,1.0
2451913.256962,0.9842302,0.22906869,-2.30028554,0.27102038,0.00056749,-1.34391172,0.27104391,1.0
2451913.260512,1.002528,0.22911064,-2.30028935,0.27101397,0.00054905,-1.34392996,0.27103749,1.0
2451913.264052,0.9887732,0.22915248,-2.30029316,0.27100758,0.00053066,-1.34394815,0.2710311,1.0
2451913.267601,0.9653764,0.22919443,-2.30029698,0.27100117,0.00051221,-1.34396639,0.27102469,1.0
2451913.271141,0.9026028,0.22923626,-2.30030078,0.27099477,0.00049383,-1.34398459,0.2710183,1.0
2451913.274671,0.89186,0.22927798,-2.30030458,0.2709884,0.00047549,-1.34400274,0.27101192,1.0
2451913.278201,0.8968023,0.2293197,-2.30030837,0.27098203,0.00045715,-1.34402089,0.27100555,1.0
2451913.281751,0.909278,0.22936165,-2.30031219,0.27097561,0.00043872,-1.34403915,0.27099914,1.0
2451913.3061,0.9503787,0.2296494,-2.30033833,0.27093164,0.00031227,-1.34416446,0.27095516,1.0
2451913.3114,1.007156,0.22971204,-2.30034401,0.27092207,0.00028475,-1.34419176,0.27094559,1.0
2451913.31493,1.04207,0.22975375,-2.3003478,0.27091569,0.00026643,-1.34420994,0.27093921,1.0
2451913.31978,1.097227,0.22981107,-2.300353,0.27090693,0.00024125,-1.34423493,0.27093045,1.0
2451913.32442,1.135264,0.2298659,-2.30035798,0.27089855,0.00021716,-1.34425884,0.27092207,1.0
2451913.3286200003,1.1692209999999998,0.22991553,-2.30036248,0.27089097,0.00019536,-1.34428049,0.27091449,1.0
2451913.3339400003,1.189862,0.2299784,-2.30036818,0.27088136,0.00016775,-1.34430791,0.27090488,1.0
2451913.33851,1.172456,0.23003241,-2.30037308,0.2708731,0.00014403,-1.34433148,0.27089662,1.0
2451913.342029,1.247087,0.230074,-2.30037685,0.27086675,0.00012576,-1.34434964,0.27089026,1.0
2451913.346479,1.200872,0.23012659,-2.30038161,0.27085871,0.00010267,-1.34437259,0.27088223,1.0
2451913.350019,1.148938,0.23016842,-2.3003854,0.27085231,8.43e-05,-1.34439086,0.27087583,1.0
2451913.3535490003,1.127968,0.23021014,-2.30038918,0.27084594,6.598e-05,-1.34440907,0.27086946,1.0
2451913.3581990004,1.055594,0.23026509,-2.30039416,0.27083754,4.185e-05,-1.34443307,0.27086106,1.0
2451913.364089,1.0624209999999998,0.23033469,-2.30040046,0.27082690000000004,1.129e-05,-1.34446348,0.27085042,1.0
2451913.370219,0.9743089,0.23040713,-2.30040702,0.27081583,-2.051e-05,-1.34449514,0.27083934,1.0
2451913.374209,0.9743089,0.23045428,-2.30041129,0.27080862,-4.121e-05,-1.34451575,0.27083213,1.0
2451913.378188,0.9034345,0.23050131,-2.30041554,0.27080143,-6.186e-05,-1.34453631,0.27082494,1.0
2451913.382598,0.8853126,0.23055343,-2.30042026,0.27079346,-8.473e-05,-1.3445591,0.27081698,1.0
2451913.387888,0.8431341999999998,0.23061594,-2.30042591,0.27078391,-0.00011217,-1.34458644,0.27080742,1.0
2451913.392518,0.861979,0.23067065,-2.30043086,0.27077554,-0.00013619,-1.34461038,0.27079906,1.0
2451913.398558,0.9364761,0.23074202,-2.30043731,0.27076463,-0.00016751,-1.34464161,0.27078814,1.0
2451913.402118,0.9495038,0.23078409,-2.30044111,0.2707582000000001,-0.00018597,-1.34466003,0.27078171,1.0
2451913.405768,1.027772,0.23082722,-2.30044501,0.2707516,-0.0002049,-1.34467891,0.27077512,1.0
2451913.409608,0.9970036,0.2308726,-2.30044911,0.27074467,-0.00022481,-1.34469878,0.27076818,1.0
2451913.413207,1.000683,0.23091514,-2.30045295,0.27073816,-0.00024348,-1.34471741,0.27076167,1.0
2451913.416747,1.005302,0.23095697,-2.30045673,0.27073177,-0.00026183,-1.34473573,0.27075528,1.0
2451913.420287,1.023992,0.23099881,-2.3004605,0.27072537,-0.00028019,-1.34475405,0.27074888,1.0
2451913.423827,1.141555,0.23104064,-2.30046428,0.27071898,-0.00029854,-1.34477238,0.27074249,1.0
2451913.426487,1.038238,0.23107207,-2.30046712,0.27071417,-0.00031233,-1.34478616,0.27073768,1.0
2451913.446997,1.052681,0.23131443,-2.30048898,0.27067711,-0.00041864,-1.34489242,0.27070062,1.0
2451913.451106,1.015539,0.231363,-2.30049336,0.27066968,-0.00043994,-1.34491373,0.27069319,1.0
2451913.455216,1.027772,0.23141156,-2.30049774,0.27066226,-0.00046124,-1.34493504,0.27068577,1.0
2451913.461856,0.8910389999999999,0.23149003,-2.30050481,0.27065026,-0.00049565,-1.34496948,0.27067377,1.0
2451913.468486,0.8096488000000001,0.23156837,-2.30051186,0.27063828,-0.00053001,-1.34500388,0.27066179,1.0
2451913.472046,0.9143168,0.23161044,-2.30051565,0.27063185,-0.00054845,-1.34502235,0.27065535,1.0
2451913.475596,0.8723618000000001,0.23165239,-2.30051943,0.27062543,-0.00056684,-1.34504078,0.27064894,1.0
2451913.479136,0.8869450000000001,0.23169422,-2.30052319,0.27061903,-0.00058518,-1.34505915,0.27064254,1.0
2451913.483176,0.8548633,0.23174196,-2.30052749,0.27061173,-0.00060611,-1.34508013,0.27063524,1.0
2451913.488175,0.8926818999999999,0.23180104,-2.30053281,0.27060270000000003,-0.00063201,-1.34510609,0.27062620000000004,1.0
2451913.491695,0.8739703000000001,0.23184263,-2.30053655,0.27059634,-0.00065025,-1.34512438,0.27061984,1.0
2451913.495235,0.8992836,0.23188446,-2.30054031,0.27058994,-0.00066858,-1.34514277,0.27061344,1.0
2451913.498775,0.9600562,0.23192629,-2.30054407,0.27058354,-0.00068692,-1.34516116,0.27060705,1.0
2451913.502305,0.9382027,0.231968,-2.30054782,0.27057716,-0.0007052,-1.3451795,0.27060067,1.0
2451913.505835,0.9591724,0.23200972,-2.30055157,0.27057078,-0.00072348,-1.34519785,0.27059429,1.0
2451913.509375,1.020227,0.23205155,-2.30055533,0.27056438,-0.00074181,-1.34521625,0.27058789,1.0
2451913.512925,1.026826,0.23209349,-2.3005591,0.27055797,-0.0007602,-1.34523471,0.27058147,1.0
2451913.516665,1.080181,0.23213769,-2.30056308,0.27055121,-0.00077956,-1.34525416,0.27057471,1.0
2451913.520265,1.124855,0.23218023,-2.3005669,0.2705447,-0.00079821,-1.34527288,0.27056820000000004,1.0
2451913.523814,1.091181,0.23222217,-2.30057066,0.27053829,-0.00081659,-1.34529135,0.27056179,1.0
2451913.527464,1.097227,0.2322653,-2.30057454,0.27053169,-0.00083548,-1.34531034,0.27055519,1.0
2451930.2592740003,1.023669,0.42901625,-2.31087153,0.23944659,-0.07424817,-1.46521686,0.23946755,1.0
2451930.262884,1.026502,0.42905845,-2.31087216,0.23943971,-0.07426035,-1.46524949,0.23946067,1.0
2451930.266414,0.9976072,0.42909971,-2.31087278,0.23943299,-0.07427226,-1.46528139,0.23945394,1.0
2451930.270844,0.9031494,0.42915149,-2.31087356,0.23942455,-0.0742872,-1.46532143,0.2394455,1.0
2451930.274393,0.9131867,0.42919299,-2.31087418,0.23941778,-0.07429918,-1.46535353,0.23943874,1.0
2451930.278853,0.9527076,0.42924512,-2.31087496,0.23940929,-0.07431422,-1.46539385,0.23943024,1.0
2451930.289153,0.9448429,0.42936551,-2.31087675,0.23938966,-0.07434894,-1.46548699,0.23941061,1.0
2451930.2981720003,0.9911961,0.42947094,-2.31087832,0.23937247,-0.07437934,-1.46556857,0.23939342,1.0
2451930.302132,0.9115061,0.42951723,-2.31087901,0.23936493,-0.07439268,-1.46560439,0.23938587,1.0
2451930.324111,1.080836,0.42977413,-2.31088281,0.23932304,-0.07446668,-1.46580328,0.23934398,1.0
2451930.327821,1.064044,0.4298175,-2.31088344,0.23931597,-0.07447917,-1.46583686,0.23933691,1.0
2451930.331421,1.160272,0.42985957,-2.31088406,0.23930911,-0.07449128,-1.46586944,0.23933005,1.0
2451930.33498,1.089832,0.42990118,-2.31088467,0.23930233,-0.07450325,-1.46590167,0.23932327,1.0
2451930.33853,1.045586,0.42994268,-2.31088528,0.23929556,-0.07451519,-1.46593381,0.2393165,1.0
2451930.34207,1.0591549999999998,0.42998405,-2.31088589,0.23928881,-0.07452710000000001,-1.46596586,0.23930975,1.0
2451930.34561,0.9731048,0.43002543,-2.3108865,0.23928207,-0.074539,-1.46599792,0.239303,1.0
2451930.34916,0.9740015,0.43006692,-2.3108871,0.2392753,-0.07455094,-1.46603007,0.23929624,1.0
2451930.352709,0.9006573,0.43010841,-2.31088771,0.23926854,-0.07456287,-1.46606222,0.23928947,1.0
2451930.3564790003,0.8777273999999999,0.43015248,-2.31088835,0.23926135,-0.07457554,-1.46609636,0.23928229,1.0
2451930.361479,0.9031494,0.43021091,-2.3108892000000005,0.23925182,-0.07459234,-1.46614165,0.23927276,1.0
2451930.3680490004,0.8483198000000001,0.4302877000000001,-2.31089032,0.2392393,-0.07461441,-1.46620117,0.23926023,1.0
2451930.374348,0.8183887,0.43036134,-2.31089139,0.23922729,-0.07463557,-1.46625826,0.23924822,1.0
2451930.379748,0.7968189,0.43042445,-2.31089231,0.239217,-0.07465369999999999,-1.46630719,0.23923793,1.0
2451930.384178,0.8183887,0.43047622,-2.31089306,0.23920856,-0.07466857,-1.46634734,0.23922949,1.0
2451930.387718,0.7765324,0.4305176,-2.31089365,0.23920181,-0.07468045,-1.46637943,0.23922274,1.0
2451930.392627,0.7946201999999999,0.43057498,-2.31089448,0.23919245,-0.07469693,-1.46642394,0.23921338,1.0
2451930.397637,0.8965192,0.43063354,-2.31089533,0.2391829,-0.07471374,-1.46646936,0.23920383,1.0
2451930.402047,0.8850333,0.43068508,-2.31089607,0.2391745,-0.07472853,-1.46650934,0.23919542,1.0
2451930.405587,0.974899,0.43072645,-2.31089666,0.23916775,-0.0747404,-1.46654144,0.23918867,1.0
2451930.409137,0.9966889,0.43076794,-2.31089726,0.23916098,-0.07475230000000001,-1.46657363,0.23918191,1.0
2451930.412666,1.027448,0.4308092000000001,-2.31089785,0.23915425,-0.07476414,-1.46660565,0.23917518,1.0
2451930.416216,1.097892,0.43085069,-2.31089845,0.23914749,-0.07477604,-1.46663784,0.23916841,1.0
2451930.4200560004,1.158136,0.43089557,-2.31089909,0.23914017,-0.07478891,-1.46667268,0.23916109,1.0
2451930.423896,1.178582,0.43094045,-2.31089973,0.23913285,-0.07480178,-1.46670751,0.23915377,1.0
2451930.427416,1.184022,0.43098159,-2.31090032,0.23912614,-0.07481357,-1.46673944,0.23914706,1.0
2451930.429626,1.200493,0.43100742,-2.31090069,0.23912192,-0.07482097,-1.4667595,0.23914284,1.0
2451930.449045,1.136998,0.43123438,-2.31090392,0.2390849,-0.07488600000000001,-1.46693573,0.23910582,1.0
2451930.452854,1.181843,0.4312789000000001,-2.31090455,0.23907764,-0.07489875,-1.46697032,0.23909856,1.0
2451930.456484,1.133861,0.43132133,-2.31090515,0.23907072,-0.07491089999999999,-1.46700327,0.23909163,1.0
2451930.462954,1.052349,0.43139694,-2.31090622,0.23905839,-0.07493254,-1.46706202,0.2390793,1.0
2451930.466484,1.044623,0.4314382000000001,-2.3109068,0.23905166,-0.07494435,-1.46709407,0.23907257,1.0
2451930.470023,0.9535854,0.43147957,-2.31090738,0.23904491,-0.07495619,-1.46712622,0.23906582,1.0
2451930.473553,0.9740015,0.43152082,-2.31090796,0.23903818,-0.07496799,-1.46715828,0.23905909,1.0
2451930.477103,0.9073182,0.43156231,-2.31090855,0.23903141,-0.07497986,-1.46719052,0.23905232,1.0
2451930.482183,0.9157135,0.43162168,-2.31090938,0.23902172,-0.07499684,-1.46723667,0.23904263,1.0
2451930.488623,0.9875512,0.43169694,-2.31091044,0.23900945,-0.07501836,-1.46729517,0.23903035,1.0
2451930.492162,1.002212,0.43173831,-2.31091101,0.2390027,-0.07503018,-1.46732734,0.2390236,1.0
2451930.495692,1.003136,0.43177956,-2.31091159,0.23899597,-0.07504197,-1.46735941,0.23901687,1.0
2451930.500032,1.003136,0.43183028,-2.3109123,0.23898769,-0.07505647,-1.46739885,0.2390086,1.0
2451930.504362,0.9579869,0.43188088,-2.31091301,0.23897944,-0.07507093,-1.4674382,0.23900034,1.0
2451930.507892,0.9911961,0.43192214,-2.31091358,0.23897271,-0.07508271,-1.46747029,0.23899361,1.0
2451930.511411,1.025557,0.43196327,-2.31091415,0.23896599,-0.07509446,-1.46750228,0.2389869,1.0
2451930.515131,1.1162450000000002,0.43200675,-2.31091476,0.2389589,-0.07510688,-1.4675361,0.2389798,1.0
2451930.519231,1.087827,0.43205466,-2.31091542,0.23895108,-0.07512056,-1.46757338,0.23897198,1.0
2451930.522771,1.066006,0.43209603,-2.31091599,0.23894433,-0.07513237,-1.46760556,0.23896523,1.0
2451930.526311,1.095872,0.4321374,-2.31091657,0.23893758,-0.07514418,-1.46763775,0.23895848,1.0
2451930.52985,1.091842,0.43217877,-2.31091714,0.23893083,-0.07515598,-1.46766994,0.23895173,1.0
2451930.53427,1.03124,0.43223042,-2.31091785,0.23892241,-0.07517072,-1.46771014,0.2389433,1.0
2451930.54003,1.07389,0.43229773,-2.31091878,0.23891142,-0.07518993,-1.46776253,0.23893232,1.0
2451930.5471,0.9821088,0.43238035,-2.31091992,0.23889794,-0.07521349,-1.46782685,0.23891884,1.0
2451930.552189,1.01335,0.43243983,-2.31092074,0.23888824,-0.07523045,-1.46787316,0.23890913,1.0
2451930.5563990003,0.9250381,0.43248903,-2.31092141,0.23888021,-0.07524448,-1.46791147,0.2389011,1.0
