2453807.069137,0.7360469000000001,2.00416896,2.15045156,-0.10509809,1.02071194,2.29293061,-0.10509602,1.0
2453807.072041,0.7566681,2.00414949,2.15047439,-0.10509743,1.02068449,2.29290381,-0.10509535,1.0
2453807.074947,0.7742933000000001,2.00413,2.15049724,-0.10509676,1.02065702,2.29287699,-0.10509469,1.0
2453807.077857,0.8033511999999999,2.00411049,2.15052012,-0.1050961,1.02062952,2.29285013,-0.10509402,1.0
2453807.080763,0.8304347,2.004091,2.15054297,-0.10509543,1.02060206,2.29282331,-0.10509336,1.0
2453807.083669,0.8552744000000001,2.00407152,2.15056582,-0.10509476,1.02057461,2.2927965,-0.10509269,1.0
2453807.0865740003,0.866374,2.00405204,2.15058866,-0.1050941,1.02054717,2.29276968,-0.10509203,1.0
2453807.089478,0.8816688,2.00403256,2.15061149,-0.10509343,1.02051973,2.29274288,-0.10509136,1.0
2453807.092385,0.9139143,2.00401307,2.15063435,-0.10509277,1.02049227,2.29271604,-0.10509069,1.0
2453807.095294,0.9139143,2.00399356,2.15065722,-0.1050921,1.02046479,2.29268919,-0.10509003,1.0
2453807.098201,0.9369264,2.00397407,2.15068007,-0.10509144,1.02043735,2.29266237,-0.10508936,1.0
2453807.101107,0.9658406,2.00395458,2.15070292,-0.10509077,1.0204099,2.29263554,-0.1050887,1.0
2453807.104013,0.9919858,2.00393509,2.15072577,-0.10509011,1.02038246,2.29260871,-0.10508803,1.0
2453807.106922,1.013224,2.00391558,2.15074864,-0.10508944,1.02035499,2.29258186,-0.10508737,1.0
2453807.109826,1.050281,2.0038961,2.15077147,-0.10508877,1.02032757,2.29255505,-0.1050867,1.0
2453807.112735,1.075735,2.0038766,2.15079434,-0.10508811,1.02030012,2.2925282000000005,-0.10508603,1.0
2453807.115642,1.094726,2.0038571,2.15081719,-0.10508744,1.02027268,2.29250136,-0.10508537,1.0
2453807.1185520003,1.113026,2.00383758,2.15084007,-0.10508678,1.02024521,2.2924745,-0.1050847,1.0
2453807.1214630003,1.116106,2.00381806,2.15086296,-0.10508611,1.02021773,2.29244762,-0.10508404,1.0
2453807.1243740004,1.131633,2.00379854,2.15088584,-0.10508544,1.02019027,2.29242075,-0.10508337,1.0
2453807.1272830004,1.135809,2.00377903,2.15090871,-0.10508478,1.02016282,2.2923939,-0.1050827,1.0
2453807.130193,1.133719,2.00375951,2.15093159,-0.10508411,1.02013536,2.29236703,-0.10508204,1.0
2453807.1331,1.133719,2.00374001,2.15095444,-0.10508344,1.02010793,2.29234019,-0.10508137,1.0
2453807.136014,1.130591,2.00372047,2.15097735,-0.10508278,1.02008044,2.29231328,-0.1050807,1.0
2453807.1389240003,1.131633,2.00370096,2.15100022,-0.10508211,1.020053,2.29228642,-0.10508004,1.0
2453807.141839,1.137904,2.0036814,2.15102314,-0.10508144,1.0200255,2.2922595,-0.10507937,1.0
2453807.144751,1.144209,2.00366187,2.15104603,-0.10508077,1.01999803,2.29223261,-0.1050787,1.0
2453807.14766,1.1431559999999998,2.00364236,2.1510689,-0.10508011,1.0199706,2.29220575,-0.10507804,1.0
2453807.15057,1.160127,2.00362284,2.15109178,-0.10507944,1.01994315,2.29217887,-0.10507737,1.0
2453807.153482,1.155861,2.00360331,2.15111466,-0.10507877,1.0199157,2.29215199,-0.1050767,1.0
2453807.15639,1.154797,2.00358381,2.15113752,-0.10507811,1.01988828,2.29212514,-0.10507604,1.0
2453807.159301,1.154797,2.00356428,2.1511604,-0.10507744,1.01986084,2.29209825,-0.10507537,1.0
2453807.162211,1.142104,2.00354476,2.15118328,-0.10507678,1.0198334,2.29207138,-0.1050747,1.0
2453807.165123,1.133719,2.00352523,2.15120617,-0.10507611,1.01980595,2.29204448,-0.10507404,1.0
2453807.168036,1.121258,2.00350569,2.15122906,-0.10507544,1.01977851,2.29201759,-0.10507337,1.0
2453807.170947,1.106892,2.00348616,2.15125195,-0.10507477,1.01975107,2.2919907000000004,-0.1050727,1.0
2453807.173855,1.089696,2.00346666,2.15127481,-0.10507411,1.01972367,2.29196384,-0.10507204,1.0
2453807.176764,1.064892,2.00344714,2.15129767,-0.10507344,1.01969625,2.29193698,-0.10507137,1.0
2453807.179672,1.044493,2.00342763,2.15132053,-0.10507277,1.01966885,2.29191012,-0.1050707,1.0
2453807.182581,1.022599,2.00340813,2.15134339,-0.10507211,1.01964145,2.29188326,-0.10507004,1.0
2453807.185491,1.003935,2.0033886,2.15136626,-0.10507144,1.01961404,2.29185638,-0.10506937,1.0
2453807.188401,0.9810824,2.00336908,2.15138914,-0.10507078,1.01958663,2.2918295,-0.1050687,1.0
2453807.191338,0.9649514,2.00334938,2.15141222,-0.1050701,1.01955896,2.29180237,-0.10506803,1.0
2453807.194246,0.9309052,2.00332987,2.15143508,-0.10506944,1.01953157,2.2917755,-0.10506736,1.0
2453807.197155,0.9421183,2.00331036,2.15145794,-0.10506877,1.01950418,2.29174864,-0.1050667,1.0
2453807.200063,0.9377897,2.00329085,2.1514808,-0.1050681,1.0194768,2.29172178,-0.10506603,1.0
2453807.2029790003,0.9403844,2.00327129,2.15150372,-0.10506743,1.01944934,2.29169484,-0.10506536,1.0
2453807.205891,0.9309052,2.00325175,2.15152661,-0.10506677,1.01942192,2.29166793,-0.1050647,1.0
2453807.208802,0.9172875,2.00323222,2.15154949,-0.1050661,1.01939452,2.29164104,-0.10506403,1.0
2453807.211717,0.9139143,2.00321267,2.15157239,-0.10506543,1.01936709,2.29161412,-0.10506336,1.0
2453807.214627,0.893934,2.00319315,2.15159526,-0.10506477,1.01933969,2.29158723,-0.10506269,1.0
2453807.217538,0.8743905999999999,2.00317361,2.15161814,-0.1050641,1.0193123,2.29156034,-0.10506203,1.0
2453807.220454,0.8608064000000001,2.00315405,2.15164106,-0.10506343,1.01928485,2.2915334,-0.10506136,1.0
2453807.223367,0.8537003000000001,2.00313451,2.15166395,-0.10506276,1.01925745,2.29150649,-0.10506069,1.0
2453807.22628,0.866374,2.00311497,2.15168684,-0.1050621,1.01923004,2.29147958,-0.10506002,1.0
2453807.229193,0.9030368,2.00309542,2.15170974,-0.10506143,1.01920263,2.29145266,-0.10505936,1.0
2453807.232111,0.9232205,2.00307584,2.15173267,-0.10506076,1.01917517,2.2914257,-0.10505869,1.0
2453827.03595,0.9820351,1.86579083,2.30238098,-0.10028945,0.88679189,2.10190831,-0.10028774,1.0
2453827.038887,0.9535138,1.86576983,2.30240258,-0.10028871,0.88678021,2.10188021,-0.100287,1.0
2453827.041871,0.9249687,1.86574851,2.30242451,-0.10028796,0.88676835,2.10185167,-0.10028624,1.0
2453827.044818,0.8890515999999999,1.86572744,2.30244618,-0.10028721,0.88675663,2.10182348,-0.1002855,1.0
2453827.047773,0.8664171,1.86570631,2.3024679,-0.10028647,0.88674489,2.10179521,-0.10028475,1.0
2453827.05071,0.8274219999999999,1.86568531,2.3024895,-0.10028573,0.88673322,2.10176711,-0.10028401,1.0
2453827.053651,0.8085875,1.86566428,2.30251112,-0.10028498,0.88672153,2.10173897,-0.10028327,1.0
2453827.056615,0.7858272,1.86564309,2.30253291,-0.10028423,0.88670976,2.10171061,-0.10028252,1.0
2453827.059552,0.7672324,1.8656221,2.3025545,-0.10028349,0.8866980999999999,2.10168253,-0.10028178,1.0
2453827.062488,0.7608991,1.86560111,2.30257608,-0.10028275,0.88668644,2.10165444,-0.10028104,1.0
2453827.065416,0.772195,1.86558017,2.30259761,-0.10028201,0.88667482,2.10162643,-0.1002803,1.0
2453827.068341,0.7743316,1.86555926,2.30261911,-0.10028127,0.88666321,2.10159844,-0.10027956,1.0
2453827.071276,0.7887274000000001,1.86553827,2.30264069,-0.10028053,0.88665156,2.10157037,-0.10027882,1.0
2453827.074231,0.8070994,1.86551715,2.3026624,-0.10027979,0.88663984,2.10154211,-0.10027808,1.0
2453827.077171,0.8350780000000001,1.86549613,2.30268402,-0.10027905,0.88662818,2.10151398,-0.10027733,1.0
2453827.080109,0.8624361999999999,1.86547512,2.30270562,-0.1002783,0.88661653,2.10148588,-0.10027659,1.0
2453827.08304,0.8809007999999999,1.86545416,2.30272716,-0.10027756,0.88660491,2.10145784,-0.10027585,1.0
2453827.085979,0.9030815,1.86543315,2.30274877,-0.10027682,0.88659326,2.10142972,-0.10027511,1.0
2453827.0889,0.9156447,1.86541226,2.30277024,-0.10027609,0.88658168,2.10140178,-0.10027437,1.0
2453827.091853,0.9249687,1.86539116,2.30279194,-0.10027534,0.88656998,2.10137354,-0.10027363,1.0
2453827.094787,0.9404311,1.86537018,2.30281351,-0.1002746,0.88655836,2.10134548,-0.10027289,1.0
2453827.097722,0.9579151,1.86534919,2.30283508,-0.10027386,0.88654673,2.1013174,-0.10027215,1.0
2453827.100688,0.971241,1.86532798,2.30285689,-0.10027311,0.88653498,2.10128903,-0.1002714,1.0
2453827.10363,0.9993716,1.86530694,2.30287851,-0.10027237,0.88652333,2.10126089,-0.10027065,1.0
2453827.106542,1.026425,1.86528612,2.30289992,-0.10027163,0.88651181,2.10123304,-0.10026992,1.0
2453827.109474,1.044545,1.86526516,2.30292146,-0.10027089,0.88650021,2.101205,-0.10026918,1.0
2453827.112421,1.058101,1.86524409,2.30294312,-0.10027015,0.88648854,2.10117681,-0.10026844,1.0
2453827.11536,1.078765,1.86522307,2.30296473,-0.1002694,0.88647692,2.1011487,-0.10026769,1.0
2453827.1183080003,1.08975,1.86520199,2.3029864,-0.10026866,0.88646525,2.1011205000000004,-0.10026695,1.0
2453827.12124,1.102877,1.86518102,2.30300795,-0.10026792,0.88645366,2.10109246,-0.10026621,1.0
2453827.12416,1.111033,1.86516015,2.3030294,-0.10026718,0.88644212,2.10106454,-0.10026547,1.0
2453827.12708,1.124416,1.86513926,2.30305086,-0.10026645,0.88643057,2.10103661,-0.10026473,1.0
2453827.130013,1.122347,1.86511829,2.30307242,-0.10026571,0.88641898,2.10100856,-0.10026399,1.0
2453827.132936,1.129606,1.86509739,2.30309391,-0.10026497,0.88640743,2.1009806,-0.10026326,1.0
2453827.135848,1.1348200000000002,1.86507656,2.30311531,-0.10026423,0.88639593,2.10095275,-0.10026252,1.0
2453827.138799,1.148489,1.86505546,2.303137,-0.10026349,0.88638427,2.10092452,-0.10026178,1.0
2453827.141747,1.162323,1.86503438,2.30315866,-0.10026274,0.88637263,2.10089634,-0.10026103,1.0
2453827.1446970003,1.161253,1.86501328,2.30318034,-0.100262,0.88636098,2.10086812,-0.10026029,1.0
2453827.147615,1.174159,1.86499242,2.30320179,-0.10026126,0.88634946,2.10084022,-0.10025955,1.0
2453827.150543,1.170919,1.86497148,2.30322331,-0.10026052,0.88633791,2.10081221,-0.10025881,1.0
2453827.153466,1.174159,1.86495057,2.30324479,-0.10025978,0.88632637,2.10078426,-0.10025807,1.0
2453827.156419,1.170919,1.86492945,2.30326649,-0.10025904,0.88631472,2.10075602,-0.10025733,1.0
2453827.159346,1.170919,1.86490852,2.303288,-0.1002583,0.88630318,2.10072803,-0.10025659,1.0
2453827.162295,1.150607,1.86488743,2.30330967,-0.10025755,0.88629155,2.10069983,-0.10025584,1.0
2453827.16524,1.141109,1.86486637,2.30333131,-0.10025681,0.88627994,2.10067167,-0.1002551,1.0
2453827.1681580003,1.14216,1.8648455,2.30335276,-0.10025607,0.88626843,2.10064376,-0.10025436,1.0
2453827.171089,1.118219,1.86482454,2.3033743,-0.10025533,0.88625688,2.10061573,-0.10025362,1.0
2453827.174012,1.079759,1.86480364,2.30339577,-0.10025459,0.88624537,2.10058779,-0.10025288,1.0
2453827.176968,1.062985,1.8647825,2.30341749,-0.10025385,0.88623372,2.10055952,-0.10025214,1.0
2453827.179896,1.029264,1.86476156,2.30343901,-0.10025311,0.88622219,2.10053152,-0.1002514,1.0
2443159.606767,1.0183950000000002,1.4884908,-2.41239749,-0.04478317,1.05447984,-1.52958227,-0.04472537,1.0
2443159.616684,1.009025,1.48857783,-2.41233681,-0.04478749,1.05441098,-1.52959751,-0.04472969,1.0
2443159.621392,0.9770012,1.48861915,-2.41230799,-0.04478953,1.05437829,-1.52960475,-0.04473174,1.0
2443159.627892,0.9715967,1.48867619,-2.41226821,-0.04479236,1.05433316,-1.52961475,-0.04473457,1.0
2443159.633976,0.9644444,1.48872957,-2.41223099,-0.044795,1.05429093,-1.52962413,-0.04473722,1.0
2443159.63981,0.9555843,1.48878077,-2.41219528,-0.04479754,1.05425044,-1.52963312,-0.04473976,1.0
2443159.655018,0.9269311,1.48891422,-2.4121022,-0.04480415,1.05414489,-1.52965662,-0.04474638,1.0
2443159.668768,0.9303109,1.48903488,-2.41201803,-0.04481013,1.05404949,-1.52967791,-0.04475237,1.0
2443159.676143,0.9458394,1.48909959,-2.41197288,-0.04481334,1.05399832,-1.52968935,-0.04475558,1.0
2443159.683893,0.972314,1.4891676,-2.41192544,-0.04481671,1.05394457,-1.52970138,-0.04475895,1.0
2443159.689976,0.9858206,1.48922097,-2.4118882,-0.04481935,1.05390238,-1.52971084,-0.0447616,1.0
2443159.694976,0.9867127,1.48926485,-2.41185759,-0.04482152,1.0538677,-1.52971862,-0.04476378,1.0
2443159.701186,1.009675,1.48931932,-2.41181958,-0.04482422,1.05382465,-1.52972829,-0.04476648,1.0
2443159.709436,1.018052,1.48939171,-2.41176906,-0.04482781,1.05376745,-1.52974115,-0.04477007,1.0
2443159.715936,1.011489,1.48944874,-2.41172927,-0.04483063,1.05372239,-1.52975129,-0.0447729,1.0
2443159.722644,1.019886,1.4895076,-2.41168819,-0.04483355,1.05367589,-1.52976177,-0.04477582,1.0
2443159.7284770003,1.021747,1.48955877,-2.41165248,-0.04483609,1.05363546,-1.5297709,-0.04477836,1.0
2443159.734936,1.019845,1.48961544,-2.41161293,-0.04483889,1.05359069,-1.52978101,-0.04478117,1.0
2443159.741561,1.020763,1.48967357,-2.41157236,-0.04484177,1.05354479,-1.52979139,-0.04478405,1.0
2443159.747811,1.014182,1.4897284,-2.41153408,-0.04484449,1.05350148,-1.52980119,-0.04478677,1.0
2443159.755269,1.025429,1.48979383,-2.41148841,-0.04484773,1.05344981,-1.5298128999999998,-0.04479002,1.0
2443159.760977,1.02541,1.48984391,-2.41145345,-0.04485021,1.05341027,-1.52982187,-0.04479251,1.0
2443159.765603,1.023507,1.48988448,-2.41142513,-0.04485222,1.05337823,-1.52982915,-0.04479452,1.0
2443159.772103,1.025373,1.48994151,-2.41138532,-0.04485505,1.05333321,-1.52983938,-0.04479735,1.0
2443159.778145,1.031035,1.48999451,-2.41134831,-0.04485768,1.05329137,-1.5298489,-0.04479998,1.0
2443159.803353,1.014934,1.49021565,-2.41119391,-0.04486863,1.05311684,-1.52988873,-0.04481095,1.0
2443159.816187,1.019577,1.49032823,-2.41111529,-0.04487421,1.05302802,-1.52990906,-0.04481654,1.0
2443159.823603,1.029935,1.49039328,-2.41106986,-0.04487744,1.0529767,-1.52992083,-0.04481976,1.0
2443159.833521,1.038474,1.49048027,-2.41100911,-0.04488175,1.05290808,-1.52993658,-0.04482408,1.0
2443159.840521,1.049025,1.49054167,-2.41096622,-0.04488479,1.05285965,-1.52994772,-0.04482713,1.0
2443159.848771,1.0519,1.49061404,-2.41091567,-0.04488838,1.05280259,-1.52996086,-0.04483072,1.0
2443159.8534790003,1.064555,1.49065533,-2.41088683,-0.04489042,1.05277002,-1.52996837,-0.04483277,1.0
2443159.859188,1.0538040000000002,1.49070541,-2.41085184,-0.044892900000000006,1.05273054,-1.52997748,-0.04483525,1.0
2443159.868354,1.074353,1.4907858,-2.41079568,-0.04489689,1.05266716,-1.52999212,-0.04483924,1.0
2443159.874688,1.068412,1.49084136,-2.41075687,-0.04489964,1.05262336,-1.53000225,-0.044842,1.0
2443159.881688,1.0402280000000002,1.49090276,-2.41071397,-0.04490268,1.05257497,-1.53001346,-0.04484504,1.0
2443159.8874790003,1.024049,1.49095355,-2.41067848,-0.0449052,1.05253494,-1.53002274,-0.04484756,1.0
2443159.895104,1.024968,1.49102042,-2.41063175,-0.04490851,1.05248224,-1.53003497,-0.04485088,1.0
2443159.902522,0.9970106,1.49108547,-2.4105863,-0.04491174,1.05243098,-1.53004688,-0.04485411,1.0
2443159.908772,0.9600439,1.49114029,-2.41054799,-0.04491445,1.05238779,-1.53005693,-0.04485683,1.0
2443159.916272,0.9503435,1.49120606,-2.41050203,-0.04491771,1.05233597,-1.53006899,-0.04486009,1.0
2443159.921189,0.9635488,1.49124918,-2.41047189,-0.04491985,1.052302,-1.53007691,-0.04486223,1.0
2443159.927397,0.921861,1.49130363,-2.41043384,-0.04492255,1.05225912,-1.53008692,-0.04486494,1.0
2443159.933855,0.9338055,1.49136026,-2.41039425,-0.04492535,1.05221451,-1.53009734,-0.04486775,1.0
2443159.939814,0.9294976,1.49141252,-2.41035773,-0.04492794,1.05217336,-1.53010697,-0.04487034,1.0
2443159.945814,0.9372161,1.49146514,-2.41032095,-0.04493055,1.05213192,-1.53011667,-0.04487295,1.0
2443159.951897,0.9679021,1.49151848,-2.41028366,-0.04493319,1.05208992,-1.53012651,-0.0448756,1.0
2443159.957522,0.9723518,1.49156781,-2.41024917,-0.04493564,1.05205108,-1.53013562,-0.04487805,1.0
2443159.962855,0.9849548,1.49161458,-2.41021648,-0.04493796,1.05201426,-1.53014426,-0.04488037,1.0
2443159.96944,0.9922178,1.49167231,-2.41017611,-0.04494082,1.05196881,-1.53015494,-0.04488323,1.0
2443159.976231,1.001377,1.49173186,-2.41013448,-0.04494377,1.05192194,-1.53016597,-0.04488619,1.0
2443159.98244,0.9976752,1.49178631,-2.41009641,-0.04494647,1.05187909,-1.53017606,-0.04488889,1.0
2443159.987898,1.025609,1.49183417,-2.41006295,-0.04494884,1.05184143,-1.53018494,-0.04489126,1.0
2453446.27842057,1.03505,2.294924,-1.492724,-0.08803899999999999,1.302051,-1.42723,-0.088023,1.0
2453446.28686014,1.03037,2.294972,-1.492645,-0.088042,1.302086,-1.427297,-0.088025,1.0
2453446.29612968,1.02761,2.295026,-1.492558,-0.088045,1.302125,-1.42737,-0.088028,1.0
2453446.30464925,1.0372,2.295075,-1.492478,-0.088048,1.302161,-1.427437,-0.088031,1.0
2453446.31330882,1.04015,2.295125,-1.492397,-0.08805,1.3021969999999998,-1.427506,-0.088033,1.0
2453446.32186839,1.04214,2.295175,-1.492316,-0.08805299999999999,1.302233,-1.427574,-0.088036,1.0
2453446.33064795,1.02226,2.295225,-1.492234,-0.088056,1.30227,-1.427644,-0.088038,1.0
2453446.33898753,1.00924,2.295274,-1.492156,-0.088059,1.3023049999999998,-1.42771,-0.088041,1.0
2453446.35644664,0.96574,2.295374,-1.491992,-0.088065,1.3023790000000002,-1.427849,-0.088045,1.0
2453446.36475622,0.94036,2.2954220000000003,-1.491914,-0.08806699999999999,1.302415,-1.427915,-0.088048,1.0
2453446.37373577,0.91987,2.295474,-1.491829,-0.08807000000000001,1.302453,-1.427987,-0.08805,1.0
2453446.38232533,0.92334,2.2955240000000003,-1.491749,-0.088073,1.30249,-1.428055,-0.08805299999999999,1.0
2453446.3908649,0.93453,2.295573,-1.491669,-0.088076,1.302526,-1.428123,-0.088055,1.0
2453446.40003443,0.94761,2.295626,-1.491583,-0.08807899999999999,1.302566,-1.428197,-0.08805700000000001,1.0
2453446.408584,0.95821,2.295676,-1.491502,-0.08808200000000001,1.302603,-1.428265,-0.08806,1.0
2453446.41704357,0.9788,2.2957240000000003,-1.491423,-0.088085,1.302639,-1.428333,-0.088062,1.0
2453446.42606311,1.00631,2.295776,-1.4913379999999998,-0.088088,1.302678,-1.428405,-0.088064,1.0
2453446.43487266,1.02983,2.295827,-1.491255,-0.08809,1.302716,-1.428476,-0.08806599999999999,1.0
2453446.44340222,1.00646,2.295877,-1.491175,-0.08809299999999999,1.302753,-1.428544,-0.08806900000000001,1.0
2453446.45245176,1.03094,2.295929,-1.49109,-0.08809600000000001,1.302793,-1.428617,-0.08807100000000001,1.0
2453446.46083133,1.0047700000000002,2.295977,-1.491012,-0.088099,1.30283,-1.428684,-0.088073,1.0
2453446.46925089,1.01134,2.296026,-1.490933,-0.088102,1.302867,-1.428751,-0.088075,1.0
2453446.47804044,1.01142,2.296077,-1.49085,-0.08810499999999999,1.302905,-1.428822,-0.088077,1.0
2453446.48644001,1.00778,2.296125,-1.4907709999999998,-0.088107,1.302943,-1.428889,-0.08807899999999999,1.0
2453446.49498957,0.9977,2.296174,-1.490691,-0.08811000000000001,1.30298,-1.428958,-0.08808200000000001,1.0
2453446.50435909,1.01821,2.296228,-1.490603,-0.088113,1.303022,-1.429033,-0.08808400000000001,1.0
2453446.51254866,1.01174,2.296276,-1.490526,-0.088116,1.303059,-1.429099,-0.088086,1.0
2453446.52101823,1.01836,2.296325,-1.490446,-0.088119,1.3030959999999998,-1.429167,-0.088088,1.0
2453446.52988777,1.0091,2.296376,-1.490363,-0.088122,1.303136,-1.429238,-0.08809,1.0
2453446.53846732,0.99625,2.296425,-1.490283,-0.088125,1.303175,-1.429307,-0.08809299999999999,1.0
2453446.54690689,1.00093,2.2964740000000003,-1.4902030000000002,-0.088127,1.303213,-1.429374,-0.088095,1.0
2453446.55595642,1.00748,2.296526,-1.490118,-0.08813,1.303254,-1.429447,-0.08809700000000001,1.0
2453446.56458597,0.99374,2.296576,-1.490037,-0.088133,1.303293,-1.429516,-0.088099,1.0
2453446.57313553,1.01229,2.296625,-1.489957,-0.088136,1.303331,-1.429584,-0.088102,1.0
2453446.58200507,0.9939,2.296677,-1.489874,-0.088139,1.303372,-1.429655,-0.088104,1.0
2453446.59029464,1.019,2.296724,-1.489796,-0.088142,1.30341,-1.429721,-0.08810599999999999,1.0
2453447.27114989,1.0254,2.3006450000000003,-1.483395,-0.088365,1.306522,-1.435019,-0.088349,1.0
2453447.28098939,1.04745,2.300701,-1.483303,-0.08836799999999999,1.306566,-1.435096,-0.088352,1.0
2453447.29083888,1.02558,2.300758,-1.48321,-0.088372,1.30661,-1.435174,-0.08835499999999999,1.0
2453447.30112836,1.02474,2.300817,-1.483113,-0.088375,1.306656,-1.435255,-0.088358,1.0
2453447.31078786,1.00334,2.300873,-1.4830219999999998,-0.088378,1.306699,-1.435332,-0.088361,1.0
2453447.32048737,1.02491,2.300928,-1.482931,-0.088381,1.306743,-1.435409,-0.088364,1.0
2453447.33041686,1.02595,2.300985,-1.482838,-0.088385,1.306787,-1.4354870000000002,-0.088367,1.0
2453447.34021635,1.03077,2.301042,-1.482745,-0.088388,1.306831,-1.435565,-0.088369,1.0
2453447.35009584,1.03277,2.301098,-1.482652,-0.088391,1.306876,-1.435644,-0.088372,1.0
2453447.36012533,1.01869,2.301156,-1.482558,-0.088394,1.306921,-1.435724,-0.088375,1.0
2453447.36980483,1.01878,2.301211,-1.482467,-0.088398,1.306965,-1.435801,-0.088378,1.0
2453447.37961432,1.02169,2.301268,-1.482375,-0.088401,1.307009,-1.435879,-0.08838,1.0
2453447.38977379,1.02934,2.301326,-1.482279,-0.088404,1.307055,-1.43596,-0.088383,1.0
2453447.39987327,1.04087,2.301384,-1.482184,-0.088407,1.307102,-1.436041,-0.088386,1.0
2453447.40942277,1.02573,2.301439,-1.482094,-0.088411,1.307145,-1.436117,-0.088388,1.0
2453447.41901227,1.03151,2.301494,-1.482004,-0.08841399999999999,1.307189,-1.436194,-0.088391,1.0
2453447.42863177,1.0335,2.301549,-1.4819129999999998,-0.088417,1.307234,-1.436271,-0.088393,1.0
2453447.43924122,1.0213,2.30161,-1.481814,-0.08842,1.307283,-1.436356,-0.088396,1.0
2453447.44907071,1.01016,2.301667,-1.4817209999999998,-0.088424,1.307328,-1.436435,-0.088398,1.0
2453447.4587602,0.97371,2.3017220000000003,-1.48163,-0.08842699999999999,1.307373,-1.436512,-0.088401,1.0
2453447.46852969,0.95426,2.301778,-1.481538,-0.08843,1.307419,-1.436591,-0.088403,1.0
2453447.47803919,0.92407,2.301833,-1.481448,-0.088433,1.3074629999999998,-1.436667,-0.088406,1.0
2453447.48749869,0.90395,2.301887,-1.481359,-0.088436,1.307507,-1.436743,-0.088408,1.0
2453447.49809813,0.90821,2.301948,-1.48126,-0.08843999999999999,1.307557,-1.436828,-0.088411,1.0
2453447.50784762,0.92945,2.302004,-1.481168,-0.088443,1.307603,-1.436906,-0.088413,1.0
2453447.51765711,0.94856,2.30206,-1.481076,-0.088446,1.30765,-1.436984,-0.088416,1.0
2453447.52750659,0.98063,2.302117,-1.480983,-0.088449,1.307696,-1.437063,-0.088418,1.0
2453447.53729607,0.98433,2.302173,-1.480891,-0.088452,1.307743,-1.437142,-0.088421,1.0
2453447.54684557,0.98714,2.302228,-1.480801,-0.08845599999999999,1.307788,-1.437218,-0.088423,1.0
2453447.55670505,1.01583,2.302284,-1.480708,-0.08845900000000001,1.307836,-1.4372969999999998,-0.088426,1.0
2453447.56620455,0.99737,2.302339,-1.480618,-0.088462,1.3078809999999998,-1.437373,-0.08842799999999999,1.0
2453447.31987739,1.01124,2.300925,-1.4829370000000002,-0.088381,1.306746,-1.4354,-0.08836799999999999,1.0
2453447.32266725,1.02251,2.300941,-1.482911,-0.088382,1.306758,-1.435422,-0.088369,1.0
2453447.3254471,1.03485,2.300957,-1.482884,-0.088383,1.306771,-1.435444,-0.08837,1.0
2453447.32823696,1.04157,2.300973,-1.482858,-0.088384,1.306783,-1.435466,-0.088371,1.0
2453447.33100682,1.0207,2.300989,-1.482832,-0.088385,1.3067950000000002,-1.435488,-0.088371,1.0
2453447.33379668,1.04066,2.301005,-1.4828059999999998,-0.088386,1.306808,-1.43551,-0.088372,1.0
2453447.33657653,1.03495,2.301021,-1.48278,-0.08838700000000001,1.30682,-1.435532,-0.08837300000000001,1.0
2453447.33936639,1.03784,2.301037,-1.482753,-0.088388,1.306833,-1.435554,-0.088374,1.0
2453447.34214625,1.02835,2.301053,-1.482727,-0.088388,1.306845,-1.435576,-0.088375,1.0
2453447.34493611,1.02083,2.301069,-1.482701,-0.088389,1.306858,-1.435598,-0.088375,1.0
2453447.34771597,1.0189700000000002,2.301085,-1.482675,-0.08839,1.30687,-1.43562,-0.088376,1.0
2453447.35048582,1.03603,2.3011,-1.482649,-0.088391,1.306882,-1.435642,-0.088377,1.0
2453447.35327568,1.0209,2.301116,-1.482623,-0.088392,1.306895,-1.435664,-0.088378,1.0
2453447.35605554,1.03038,2.301132,-1.4825959999999998,-0.088393,1.306907,-1.435686,-0.088379,1.0
2453447.35883539,1.02661,2.301148,-1.4825700000000002,-0.088394,1.30692,-1.435709,-0.08838,1.0
2453447.36296518,1.02476,2.301172,-1.482531,-0.088395,1.306938,-1.435741,-0.088381,1.0
2453447.36574504,1.01539,2.301188,-1.482505,-0.088396,1.306951,-1.435763,-0.088381,1.0
2453447.3685349,1.02481,2.301204,-1.482479,-0.088397,1.306963,-1.435786,-0.088382,1.0
2453447.37130475,1.01731,2.3012200000000003,-1.482453,-0.088398,1.306976,-1.435808,-0.088383,1.0
2453447.37408461,1.02865,2.301236,-1.482427,-0.088399,1.3069879999999998,-1.43583,-0.088384,1.0
2453447.37687447,1.023,2.301252,-1.482401,-0.0884,1.307001,-1.435852,-0.088385,1.0
2453447.37965432,1.02021,2.301268,-1.482374,-0.088401,1.307013,-1.435874,-0.088385,1.0
2453447.38244418,1.03157,2.301284,-1.482348,-0.088402,1.307026,-1.4358959999999998,-0.088386,1.0
2453447.38522404,1.02591,2.3013,-1.482322,-0.088403,1.307038,-1.435918,-0.08838700000000001,1.0
2453447.38799389,1.03925,2.301316,-1.4822959999999998,-0.088404,1.307051,-1.43594,-0.088388,1.0
2453447.39078375,1.0288,2.301332,-1.48227,-0.088404,1.307063,-1.435963,-0.088388,1.0
2453447.39356361,1.03644,2.301348,-1.482243,-0.088405,1.307076,-1.435985,-0.088389,1.0
2453447.39634346,1.03837,2.301364,-1.482217,-0.088406,1.307088,-1.436007,-0.08839,1.0
2453447.39913332,1.03936,2.30138,-1.482191,-0.088407,1.307101,-1.436029,-0.088391,1.0
2453447.40191317,1.03747,2.301396,-1.482165,-0.088408,1.307114,-1.436051,-0.088391,1.0
2453447.40935279,1.02613,2.301439,-1.4820950000000002,-0.088411,1.3071469999999998,-1.436111,-0.088393,1.0
2453447.41213265,1.04235,2.301455,-1.482069,-0.088411,1.30716,-1.436133,-0.088394,1.0
2453447.4149225,1.02997,2.301471,-1.482042,-0.088412,1.307173,-1.4361549999999998,-0.088395,1.0
2453447.41769236,1.03,2.301486,-1.482016,-0.088413,1.307185,-1.436177,-0.088396,1.0
2453447.42047221,1.03956,2.301502,-1.48199,-0.08841399999999999,1.307198,-1.4362,-0.088396,1.0
2453447.42326207,1.03767,2.301518,-1.4819639999999998,-0.088415,1.307211,-1.436222,-0.088397,1.0
2453447.42604193,1.04152,2.301534,-1.481938,-0.088416,1.307223,-1.436244,-0.088398,1.0
2453447.42883178,1.04347,2.30155,-1.481912,-0.088417,1.307236,-1.436266,-0.088399,1.0
2453447.43161164,1.03584,2.301566,-1.481885,-0.088418,1.307249,-1.436289,-0.088399,1.0
2453447.44369101,1.0208,2.301636,-1.481772,-0.088422,1.307304,-1.436385,-0.088402,1.0
2453447.44648086,1.0255299999999998,2.3016520000000003,-1.481745,-0.088423,1.307317,-1.436408,-0.088403,1.0
2453447.45205057,1.01712,2.301684,-1.481693,-0.088425,1.307342,-1.436452,-0.088405,1.0
2453447.45482043,0.99216,2.3017,-1.481667,-0.088425,1.3073549999999998,-1.436474,-0.088405,1.0
2453447.45761028,0.99677,2.301716,-1.481641,-0.088426,1.307368,-1.436497,-0.088406,1.0
2453447.46039014,0.98221,2.301732,-1.481614,-0.08842699999999999,1.307381,-1.436519,-0.088407,1.0
2453447.46316999,0.97234,2.301748,-1.481588,-0.08842799999999999,1.307393,-1.436541,-0.088407,1.0
2453447.46595985,0.967,2.301764,-1.481562,-0.088429,1.3074059999999998,-1.436564,-0.088408,1.0
2453447.4687397005,0.95728,2.30178,-1.481536,-0.08843,1.307419,-1.436586,-0.088409,1.0
2453447.47151956,0.95378,2.3017950000000003,-1.48151,-0.088431,1.307432,-1.436608,-0.088409,1.0
2453447.47429941,0.9503,2.3018110000000003,-1.481484,-0.08843200000000001,1.307445,-1.436631,-0.08841,1.0
2453447.47707927,0.93642,2.301827,-1.481457,-0.088433,1.307458,-1.436653,-0.088411,1.0
2453447.47986912,0.93043,2.301843,-1.481431,-0.088434,1.3074709999999998,-1.436675,-0.088411,1.0
2453447.48264898,0.92447,2.301859,-1.481405,-0.088435,1.307483,-1.436698,-0.088412,1.0
2453447.48768871,0.92196,2.301888,-1.481358,-0.088436,1.307507,-1.4367379999999998,-0.088413,1.0
2453447.49047857,0.9085,2.301904,-1.481331,-0.088437,1.30752,-1.43676,-0.08841399999999999,1.0
2453447.49325842,0.90936,2.30192,-1.481305,-0.088438,1.307533,-1.436783,-0.088415,1.0
2453447.49603827,0.92288,2.301936,-1.481279,-0.088439,1.307546,-1.436805,-0.088415,1.0
2453447.49882813,0.93145,2.301952,-1.4812530000000002,-0.08843999999999999,1.307559,-1.436828,-0.088416,1.0
2453447.50160798,0.92719,2.301968,-1.481227,-0.08844099999999999,1.307572,-1.43685,-0.088417,1.0
2453447.50437784,0.93579,2.301984,-1.4812,-0.08844199999999999,1.307585,-1.436872,-0.088418,1.0
2453447.50716769,0.93668,2.302,-1.481174,-0.088443,1.307598,-1.436894,-0.088418,1.0
2453447.50994754,0.94276,2.302016,-1.481148,-0.088443,1.307611,-1.436917,-0.08841900000000001,1.0
2453447.5127374,0.94539,2.302032,-1.4811219999999998,-0.08844400000000001,1.307624,-1.436939,-0.08842,1.0
2453447.51551725,0.95769,2.302048,-1.481096,-0.08844500000000001,1.3076370000000002,-1.436962,-0.08842,1.0
2453447.51830711,0.96125,2.302064,-1.481069,-0.088446,1.30765,-1.436984,-0.088421,1.0
2453447.52109696,0.96393,2.30208,-1.481043,-0.088447,1.307663,-1.437006,-0.088422,1.0
2453447.52386681,0.9684,2.302096,-1.481017,-0.088448,1.307676,-1.437029,-0.088422,1.0
2453447.52664667,0.98643,2.302112,-1.480991,-0.088449,1.307689,-1.437051,-0.088423,1.0
2453447.53234637,0.98286,2.302145,-1.4809370000000002,-0.088451,1.307716,-1.4370969999999998,-0.088424,1.0
2453447.53511622,1.01135,2.302161,-1.480911,-0.088452,1.307729,-1.437119,-0.088425,1.0
2453447.53790607,1.0198,2.302176,-1.480885,-0.088453,1.307742,-1.437141,-0.088426,1.0
2453447.54068593,1.01047,2.302192,-1.480859,-0.08845399999999999,1.307755,-1.437164,-0.088426,1.0
2453447.54347578,1.0105,2.3022080000000003,-1.480832,-0.08845399999999999,1.307768,-1.437186,-0.08842699999999999,1.0
2453447.54625564,1.0021799999999998,2.3022240000000003,-1.4808059999999998,-0.08845499999999999,1.307782,-1.437208,-0.08842799999999999,1.0
2453447.54903549,1.02178,2.3022400000000003,-1.48078,-0.08845599999999999,1.307795,-1.437231,-0.088429,1.0
2453447.55182534,1.01058,2.3022560000000003,-1.480754,-0.08845700000000001,1.307808,-1.437253,-0.088429,1.0
2453482.30129541,0.97144,2.481002,-1.14167,-0.09904,1.625932,-1.670232,-0.099009,1.0
2453482.30423519,0.9679,2.481015,-1.14164,-0.09904,1.62597,-1.670246,-0.09901,1.0
2453482.30716498,0.9823,2.481028,-1.1416110000000002,-0.099041,1.626009,-1.67026,-0.099011,1.0
2453482.31010476,0.98596,2.481042,-1.141581,-0.099042,1.626048,-1.6702740000000005,-0.099011,1.0
2453482.31303455,0.98781,2.481055,-1.141552,-0.099043,1.626086,-1.670288,-0.099012,1.0
2453482.31597434,0.99606,2.481068,-1.141522,-0.099044,1.626125,-1.670302,-0.099012,1.0
2453482.31889412,0.99243,2.481081,-1.141493,-0.099045,1.626164,-1.670316,-0.099013,1.0
2453482.32182391,0.99888,2.4810950000000003,-1.141463,-0.099045,1.626203,-1.67033,-0.099014,1.0
2453482.32548364,0.99342,2.481111,-1.141426,-0.099046,1.626251,-1.670347,-0.099014,1.0
2453482.32841343,1.00541,2.481125,-1.141397,-0.099047,1.62629,-1.670361,-0.099015,1.0
2453482.33134321,0.99531,2.481138,-1.141367,-0.099048,1.626329,-1.670375,-0.099016,1.0
2453482.334273,0.98712,2.481151,-1.141338,-0.099049,1.626367,-1.670389,-0.099016,1.0
2453482.33720278,0.99813,2.481164,-1.141308,-0.09905,1.626406,-1.670403,-0.099017,1.0
2453482.34013257,0.99908,2.481178,-1.1412790000000002,-0.099051,1.626445,-1.6704169999999998,-0.099017,1.0
2453482.34306235,1.0037200000000002,2.481191,-1.141249,-0.099051,1.626484,-1.6704310000000002,-0.099018,1.0
2453482.34599214,1.00098,2.481204,-1.14122,-0.099052,1.626523,-1.6704450000000002,-0.099019,1.0
2453482.34892193,0.9955,2.481218,-1.14119,-0.099053,1.626562,-1.670459,-0.099019,1.0
2453482.35185171,1.00845,2.481231,-1.141161,-0.099054,1.626601,-1.670473,-0.09902,1.0
2453482.3547715,1.0047700000000002,2.481244,-1.141131,-0.099055,1.626639,-1.6704869999999998,-0.09902,1.0
2453482.35770128,0.99102,2.481257,-1.141102,-0.099055,1.626678,-1.6705009999999998,-0.099021,1.0
2453482.36063107,0.98923,2.481271,-1.141072,-0.099056,1.626717,-1.6705150000000002,-0.099022,1.0
2453482.36356085,1.00302,2.481284,-1.141043,-0.099057,1.626756,-1.6705290000000002,-0.099022,1.0
2453482.36649064,0.97932,2.481297,-1.1410129999999998,-0.099058,1.626795,-1.670543,-0.099023,1.0
2453482.36942042,0.98115,2.48131,-1.140984,-0.099059,1.626834,-1.670557,-0.099023,1.0
2453482.37236021,0.98662,2.4813240000000003,-1.140954,-0.09906,1.626873,-1.6705720000000002,-0.099024,1.0
2453482.37527999,1.00871,2.481337,-1.140925,-0.09906,1.626912,-1.670586,-0.099025,1.0
2453482.37820978,0.99857,2.48135,-1.140895,-0.099061,1.626951,-1.6706,-0.099025,1.0
2453482.38113956,1.01529,2.481364,-1.140866,-0.099062,1.62699,-1.670614,-0.099026,1.0
2453482.38407935,1.0088,2.481377,-1.140836,-0.099063,1.627029,-1.6706279999999998,-0.099026,1.0
2453482.38700913,1.01442,2.48139,-1.140806,-0.099064,1.627068,-1.6706419999999995,-0.099027,1.0
2453482.38993892,1.01539,2.481403,-1.1407770000000002,-0.099064,1.627107,-1.670656,-0.099028,1.0
2453482.39342866,1.02483,2.481419,-1.140742,-0.099065,1.627153,-1.6706720000000002,-0.099028,1.0
2453482.39672842,1.02486,2.481434,-1.140708,-0.099066,1.627197,-1.6706880000000002,-0.099029,1.0
2453482.40020816,1.02585,2.48145,-1.140673,-0.099067,1.627244,-1.670705,-0.09903,1.0
2453482.40313795,1.02588,2.481463,-1.140644,-0.099068,1.627283,-1.6707189999999998,-0.09903,1.0
2453482.41178731,1.01938,2.481503,-1.140557,-0.099071,1.627398,-1.6707599999999998,-0.099032,1.0
2453482.4147171,1.03741,2.481516,-1.140527,-0.099071,1.627437,-1.6707740000000002,-0.099033,1.0
2453482.41765688,1.02039,2.481529,-1.140498,-0.099072,1.627477,-1.6707880000000002,-0.099033,1.0
2453482.4215066,1.02325,2.481546,-1.140459,-0.099073,1.627528,-1.6708060000000002,-0.099034,1.0
2453482.42499634,1.02141,2.481562,-1.140424,-0.099074,1.627575,-1.670823,-0.099035,1.0
2453482.42792612,1.01956,2.481575,-1.140394,-0.099075,1.627614,-1.670837,-0.099035,1.0
2453482.43086591,1.01865,2.481589,-1.140365,-0.099076,1.627653,-1.670851,-0.099036,1.0
2453482.43416566,1.02151,2.481604,-1.140331,-0.099077,1.627697,-1.670867,-0.099037,1.0
2453482.43820537,1.01873,2.481622,-1.140291,-0.099078,1.627751,-1.670886,-0.099037,1.0
2453482.44114515,1.02065,2.481635,-1.140261,-0.099079,1.627791,-1.6709,-0.099038,1.0
2453482.44407493,1.02728,2.481649,-1.140231,-0.09908,1.62783,-1.670914,-0.099039,1.0
2453482.44701472,1.0244799999999998,2.481662,-1.140202,-0.09908,1.627869,-1.670928,-0.099039,1.0
2453482.45068445,1.01606,2.481678,-1.140165,-0.099082,1.627919,-1.6709459999999998,-0.09904,1.0
2453482.45361423,0.98295,2.481692,-1.140135,-0.099082,1.627958,-1.670959,-0.099041,1.0
2453482.45655402,0.97129,2.481705,-1.1401059999999998,-0.099083,1.627997,-1.670973,-0.099041,1.0
2453482.4594837995,0.9776,2.481719,-1.140076,-0.099084,1.6280370000000002,-1.670987,-0.099042,1.0
2453482.46242358,0.97583,2.481732,-1.140046,-0.099085,1.628076,-1.6710009999999995,-0.099043,1.0
2453482.46536337,0.96159,2.481745,-1.140017,-0.099086,1.628116,-1.671015,-0.099043,1.0
2453482.46830315,0.97589,2.481758,-1.139987,-0.099086,1.628155,-1.671029,-0.099044,1.0
2453482.47123293,0.97234,2.4817720000000003,-1.139958,-0.099087,1.628194,-1.671043,-0.099044,1.0
2453482.47417272,0.95462,2.481785,-1.139928,-0.099088,1.628234,-1.671057,-0.099045,1.0
2453482.47600258,0.97149,2.481793,-1.13991,-0.099089,1.628258,-1.671066,-0.099045,1.0
2453482.29501586,0.99831,2.480973,-1.141733,-0.099038,1.625849,-1.670202,-0.099008,1.0
2453482.29832562,1.01224,2.480988,-1.1417,-0.099039,1.625893,-1.6702169999999998,-0.099009,1.0
2453482.30119541,1.00114,2.481001,-1.141671,-0.09904,1.62593,-1.670231,-0.099009,1.0
2453482.3040652,1.00858,2.481014,-1.141642,-0.09904,1.625968,-1.670245,-0.09901,1.0
2453482.30693499,1.0049,2.481027,-1.141613,-0.099041,1.6260059999999998,-1.670259,-0.099011,1.0
2453482.30980478,1.00864,2.48104,-1.141584,-0.099042,1.626044,-1.6702720000000002,-0.099011,1.0
2453482.31281457,1.00219,2.481054,-1.1415540000000002,-0.099043,1.626084,-1.670287,-0.099012,1.0
2453482.3165143,1.00408,2.481071,-1.141517,-0.099044,1.626133,-1.670304,-0.099013,1.0
2453482.31943408,1.00042,2.481084,-1.141487,-0.099045,1.6261709999999998,-1.670318,-0.099013,1.0
2453482.32289383,1.0153,2.4811,-1.141452,-0.099046,1.626217,-1.670335,-0.099014,1.0
2453482.3259936003,1.00788,2.481114,-1.141421,-0.099047,1.626258,-1.670349,-0.099015,1.0
2453482.32891339,1.01257,2.481127,-1.141392,-0.099047,1.626297,-1.670363,-0.099015,1.0
2453482.33186317,1.00981,2.4811400000000003,-1.141362,-0.099048,1.626336,-1.670378,-0.099016,1.0
2453482.33490295,1.01825,2.481154,-1.141331,-0.099049,1.626376,-1.670392,-0.099016,1.0
2453482.33796273,1.01734,2.481168,-1.141301,-0.09905,1.626416,-1.670407,-0.099017,1.0
2453482.34087252,1.02207,2.4811810000000003,-1.141271,-0.099051,1.626455,-1.670421,-0.099018,1.0
2453482.3437923,1.02022,2.481194,-1.141242,-0.099052,1.626494,-1.670435,-0.099018,1.0
2453482.34670209,1.01931,2.481208,-1.1412129999999998,-0.099052,1.626532,-1.670449,-0.099019,1.0
2453482.34963187,1.01653,2.481221,-1.141183,-0.099053,1.626571,-1.670462,-0.099019,1.0
2453482.35254166,1.02126,2.481234,-1.141154,-0.099054,1.62661,-1.6704759999999998,-0.09902,1.0
2453482.35552144,1.02223,2.481247,-1.141124,-0.099055,1.626649,-1.670491,-0.099021,1.0
2453482.35864121,1.01289,2.481262,-1.141092,-0.099056,1.626691,-1.670506,-0.099021,1.0
2453482.361561,1.00827,2.481275,-1.141063,-0.099057,1.626729,-1.67052,-0.099022,1.0
2453482.36448079,1.01763,2.481288,-1.141033,-0.099057,1.626768,-1.670534,-0.099022,1.0
2453482.36739057,1.01206,2.481301,-1.141004,-0.099058,1.626807,-1.6705470000000002,-0.099023,1.0
2453482.37030036,1.0093,2.481314,-1.140975,-0.099059,1.626846,-1.670561,-0.099024,1.0
2453482.37322015,1.01119,2.481328,-1.140945,-0.09906,1.626884,-1.670575,-0.099024,1.0
2453482.37613993,1.0187,2.481341,-1.140916,-0.099061,1.626923,-1.670589,-0.099025,1.0
2453482.3793197004,1.01686,2.481355,-1.140884,-0.099062,1.626966,-1.670605,-0.099025,1.0
2453482.38223948,1.02441,2.481369,-1.140854,-0.099062,1.627004,-1.670619,-0.099026,1.0
2453482.38514927,1.0235,2.481382,-1.140825,-0.099063,1.627043,-1.670632,-0.099027,1.0
2453482.388799,1.02072,2.481398,-1.140788,-0.099064,1.627092,-1.67065,-0.099027,1.0
2453482.39170879,1.01606,2.481411,-1.140759,-0.099065,1.627131,-1.670664,-0.099028,1.0
2453482.39463857,1.02644,2.481425,-1.14073,-0.099066,1.627169,-1.670678,-0.099029,1.0
2453482.39755836,1.03216,2.4814380000000003,-1.1407,-0.099067,1.627208,-1.6706919999999998,-0.099029,1.0
2453482.40124809,1.0171,2.481455,-1.140663,-0.099068,1.627258,-1.670709,-0.09903,1.0
2453482.40423787,1.037,2.481468,-1.140633,-0.099068,1.627298,-1.670724,-0.099031,1.0
2453482.40715765,1.03417,2.481482,-1.140603,-0.099069,1.627337,-1.670738,-0.099031,1.0
2453482.41006744,1.03706,2.481495,-1.140574,-0.09907,1.627375,-1.670752,-0.099032,1.0
2453482.4133572,1.02854,2.481509,-1.140541,-0.099071,1.627419,-1.670767,-0.099032,1.0
2453482.41662696,1.02385,2.4815240000000003,-1.140508,-0.099072,1.627463,-1.670783,-0.099033,1.0
2453482.41972673,1.02294,2.481538,-1.140477,-0.099073,1.627504,-1.670798,-0.099034,1.0
2453482.42343645,1.02771,2.481555,-1.140439,-0.099074,1.6275540000000002,-1.6708150000000002,-0.099034,1.0
2453482.42635624,1.02019,2.481568,-1.14041,-0.099075,1.627593,-1.670829,-0.099035,1.0
2453482.42926603,1.01647,2.481582,-1.140381,-0.099076,1.627632,-1.670843,-0.099036,1.0
2453482.43218581,1.0240200000000002,2.481595,-1.140351,-0.099076,1.627671,-1.670857,-0.099036,1.0
2453482.4351256,1.01841,2.481608,-1.1403219999999998,-0.099077,1.62771,-1.670871,-0.099037,1.0
2453482.43805538,1.01845,2.481622,-1.140292,-0.099078,1.627749,-1.670885,-0.099037,1.0
2453482.44104516,1.0045,2.481635,-1.140262,-0.099079,1.627789,-1.670899,-0.099038,1.0
2453482.44417493,1.00639,2.481649,-1.14023,-0.09908,1.627831,-1.670914,-0.099039,1.0
2453482.44709471,0.99628,2.481662,-1.140201,-0.099081,1.6278709999999998,-1.670928,-0.099039,1.0
2453482.4500145,0.989,2.481676,-1.140172,-0.099081,1.62791,-1.670942,-0.09904,1.0
2453482.45292428,0.98086,2.481689,-1.140142,-0.099082,1.627949,-1.670956,-0.099041,1.0
2453482.45584407,0.9827,2.481702,-1.140113,-0.099083,1.627988,-1.67097,-0.099041,1.0
2453482.45875385,0.98183,2.4817150000000003,-1.140084,-0.099084,1.628027,-1.670984,-0.099042,1.0
2453482.46170364,0.96216,2.481729,-1.140054,-0.099085,1.628066,-1.670998,-0.099042,1.0
2453482.46565335,0.94204,2.481746,-1.140014,-0.099086,1.628119,-1.671016,-0.099043,1.0
2453482.46856313,0.9438,2.48176,-1.139985,-0.099087,1.628158,-1.67103,-0.099044,1.0
2453482.47148291,0.93432,2.481773,-1.1399549999999998,-0.099087,1.628198,-1.671044,-0.099044,1.0
2453482.4743927,0.92323,2.481786,-1.139926,-0.099088,1.6282370000000002,-1.6710580000000002,-0.099045,1.0
2453482.47824242,0.91312,2.481803,-1.139887,-0.099089,1.628289,-1.6710759999999998,-0.099046,1.0
2453482.48359202,0.9157,2.481827,-1.139833,-0.099091,1.62836,-1.671101,-0.099047,1.0
2453482.48786171,0.8990299999999999,2.481847,-1.13979,-0.099092,1.628418,-1.6711220000000002,-0.099048,1.0
2453482.49251136,0.90739,2.481868,-1.139743,-0.099093,1.62848,-1.671144,-0.099049,1.0
2453482.49637108,0.89828,2.481885,-1.139704,-0.099094,1.628532,-1.6711619999999998,-0.09905,1.0
2453853.45220772,0.83955,1.669802,2.487414,-0.093232,0.8707540000000001,1.87505,-0.093199,1.0
2453853.45760789,0.91293,1.669761,2.48745,-0.093231,0.870768,1.875011,-0.093197,1.0
2453853.46298806,0.90704,1.669719,2.487486,-0.093229,0.870782,1.874972,-0.093195,1.0
2453853.46838823,0.93415,1.6696779999999998,2.487521,-0.093228,0.8707959999999999,1.874933,-0.093193,1.0
2453853.4737684,0.99085,1.6696369999999998,2.487557,-0.093226,0.8708100000000001,1.874894,-0.093191,1.0
2453853.47915857,1.00368,1.6695950000000002,2.487593,-0.093225,0.8708239999999999,1.874855,-0.093189,1.0
2453853.48454875,1.03083,1.669554,2.487629,-0.093223,0.8708379999999999,1.874816,-0.093187,1.0
2453853.48994892,1.02891,1.669513,2.487665,-0.093222,0.8708520000000001,1.874776,-0.093185,1.0
2453853.4955991,1.06357,1.669469,2.487702,-0.09322,0.8708670000000001,1.874735,-0.093183,1.0
2453853.50098926,1.07042,1.669428,2.487738,-0.093219,0.8708809999999999,1.874696,-0.093181,1.0
2453853.50638944,1.08329,1.669386,2.4877740000000004,-0.093217,0.8708959999999999,1.874657,-0.093179,1.0
2453853.5117796003,1.09127,1.669345,2.48781,-0.093216,0.8709100000000001,1.874619,-0.093178,1.0
2453853.51715977,1.12079,1.669304,2.487845,-0.093214,0.870924,1.87458,-0.093176,1.0
2453853.52254994,1.11458,1.6692619999999998,2.487881,-0.093213,0.8709389999999999,1.874541,-0.093174,1.0
2453853.52796011,1.12073,1.6692209999999998,2.487917,-0.093211,0.8709530000000001,1.874502,-0.093172,1.0
2453853.53519034,1.09822,1.6691650000000002,2.487965,-0.093209,0.870972,1.8744490000000005,-0.09317,1.0
2453853.54059051,1.09415,1.669124,2.488001,-0.093208,0.8709870000000001,1.874411,-0.093168,1.0
2453853.54599068,1.0353,1.669083,2.488037,-0.093206,0.871001,1.874372,-0.093166,1.0
2453853.55139085,1.00614,1.669041,2.488073,-0.093205,0.871016,1.874333,-0.093164,1.0
2453853.55679101,0.9626,1.669,2.488109,-0.093203,0.871031,1.874294,-0.093162,1.0
2453853.56217118,0.91419,1.6689580000000002,2.4881450000000003,-0.093202,0.8710450000000001,1.874256,-0.09316,1.0
2453853.56755135,0.90913,1.6689169999999998,2.48818,-0.0932,0.8710600000000001,1.874217,-0.093159,1.0
2453853.57303152,0.92516,1.668875,2.488217,-0.093198,0.871075,1.874178,-0.093157,1.0
2453853.5789017,0.8949600000000001,1.66883,2.488256,-0.093197,0.871091,1.874136,-0.093155,1.0
2453853.58428186,0.8883700000000001,1.668789,2.488291,-0.093195,0.8711049999999999,1.874097,-0.093153,1.0
2453853.58966203,0.8842700000000001,1.668748,2.488327,-0.093194,0.8711200000000001,1.874059,-0.093152,1.0
2453853.5950422003,0.8982,1.668706,2.488363,-0.093192,0.871135,1.87402,-0.09315,1.0
2453853.60042236,0.92675,1.668665,2.488399,-0.093191,0.871149,1.873982,-0.093148,1.0
2453853.60582253,0.93876,1.668624,2.488434,-0.093189,0.8711639999999999,1.873943,-0.093147,1.0
2453853.61121269,0.96504,1.668582,2.48847,-0.093188,0.871179,1.873905,-0.093145,1.0
2453853.61672286,0.98205,1.66854,2.488507,-0.093186,0.871194,1.873866,-0.093143,1.0
2453853.62213303,1.00676,1.668498,2.488543,-0.093185,0.871209,1.873827,-0.093142,1.0
2453853.62752319,1.03398,1.668457,2.488579,-0.093183,0.871224,1.873789,-0.09314,1.0
2453853.63291336,1.04931,1.668416,2.488614,-0.093182,0.871239,1.873751,-0.093138,1.0
2453853.63832352,1.0590000000000002,1.6683740000000002,2.48865,-0.09318,0.8712540000000001,1.873713,-0.093137,1.0
2453853.64371368,1.06484,1.668333,2.488686,-0.093179,0.8712690000000001,1.873674,-0.093135,1.0
2453853.64911385,1.07863,1.668291,2.488722,-0.093177,0.8712840000000001,1.873636,-0.093134,1.0
2453853.65451401,1.10577,1.66825,2.488758,-0.093176,0.8712989999999999,1.873598,-0.093132,1.0
2453856.43468392,1.10127,1.646845,2.50711,-0.09239,0.8792049999999999,1.854623,-0.092357,1.0
2453856.44008407,1.06338,1.6468040000000002,2.507146,-0.092388,0.879223,1.854586,-0.092355,1.0
2453856.44547422,1.07319,1.6467619999999998,2.507181,-0.092387,0.8792399999999999,1.85455,-0.092353,1.0
2453856.45088437,1.07812,1.6467200000000002,2.507217,-0.092385,0.879257,1.854513,-0.092351,1.0
2453856.45626452,1.07216,1.646679,2.5072520000000003,-0.092384,0.879274,1.854476,-0.092349,1.0
2453856.46165467,1.041,1.646637,2.507287,-0.092382,0.879292,1.85444,-0.092348,1.0
2453856.46703482,0.98229,1.646595,2.507323,-0.09238,0.879309,1.854403,-0.092346,1.0
2453856.47241496,0.91671,1.646554,2.507358,-0.092379,0.879326,1.854367,-0.092344,1.0
2453856.47800512,0.8746299999999999,1.646511,2.5073950000000003,-0.092377,0.879345,1.854329,-0.092342,1.0
2453856.48339526,0.84065,1.646469,2.50743,-0.092376,0.8793620000000001,1.854292,-0.09234,1.0
2453856.48877541,0.82301,1.6464279999999998,2.5074650000000003,-0.092374,0.8793799999999999,1.854256,-0.092338,1.0
2453856.49416556,0.84216,1.646386,2.507501,-0.092373,0.879397,1.854219,-0.092336,1.0
2453856.49954571,0.86018,1.6463439999999998,2.507536,-0.092371,0.879415,1.854183,-0.092334,1.0
2453856.50493585,0.87213,1.6463029999999998,2.507571,-0.09237,0.879432,1.854147,-0.092332,1.0
2453856.510316,0.904,1.646261,2.507607,-0.092368,0.87945,1.85411,-0.09233,1.0
2453856.51606615,0.9336,1.6462169999999998,2.507644,-0.092367,0.8794690000000001,1.854071,-0.092328,1.0
2453856.5214463,0.96595,1.646175,2.50768,-0.092365,0.8794870000000001,1.854035,-0.092326,1.0
2453856.52682645,0.9939,1.646134,2.507715,-0.092363,0.879505,1.853999,-0.092324,1.0
2453856.53221659,1.04168,1.646092,2.50775,-0.092362,0.8795219999999999,1.853963,-0.092323,1.0
2453856.53759674,1.06298,1.64605,2.507786,-0.09236,0.87954,1.853926,-0.092321,1.0
2453856.54297688,1.09274,1.646009,2.507821,-0.092359,0.879558,1.85389,-0.092319,1.0
2453856.54835702,1.12333,1.6459669999999995,2.5078560000000003,-0.092357,0.879576,1.853854,-0.092317,1.0
2453856.55373717,1.11404,1.6459259999999998,2.507892,-0.092356,0.8795940000000001,1.853818,-0.092315,1.0
2453856.55950732,1.14734,1.645881,2.5079290000000003,-0.092354,0.8796129999999999,1.853779,-0.092313,1.0
2453856.56488747,1.15474,1.645839,2.507965,-0.092353,0.8796309999999999,1.853743,-0.092312,1.0
2453856.57026761,1.14518,1.645798,2.508,-0.092351,0.879649,1.853707,-0.09231,1.0
2453856.57564775,1.16323,1.6457560000000002,2.508035,-0.09235,0.879667,1.853671,-0.092308,1.0
2453856.5810379,1.14198,1.645715,2.508071,-0.092348,0.879685,1.853636,-0.092306,1.0
2453856.58641804,1.16104,1.645673,2.508106,-0.092347,0.879704,1.8536,-0.092305,1.0
2453856.59179818,1.12419,1.645632,2.508141,-0.092345,0.8797219999999999,1.853564,-0.092303,1.0
2453856.59744833,1.0845,1.645588,2.508178,-0.092343,0.879741,1.853526,-0.092301,1.0
2453856.60282847,1.05493,1.645546,2.508214,-0.092342,0.8797590000000001,1.85349,-0.0923,1.0
2453856.60820862,1.00003,1.645505,2.508249,-0.09234,0.879777,1.853455,-0.092298,1.0
2453856.61358876,0.97097,1.645463,2.508284,-0.092339,0.8797950000000001,1.853419,-0.092296,1.0
2453856.6189889,0.93067,1.6454220000000002,2.50832,-0.092337,0.879813,1.853383,-0.092295,1.0
2453856.62436904,0.94273,1.6453799999999998,2.508355,-0.092336,0.879832,1.853348,-0.092293,1.0
2453856.6343893,0.92039,1.645302,2.50842,-0.092333,0.879866,1.853281,-0.09229,1.0
2453856.63976944,0.89118,1.645261,2.508456,-0.092331,0.879884,1.853246,-0.092289,1.0
2453856.64515958,0.8684700000000001,1.6452189999999998,2.508491,-0.09233,0.8799020000000001,1.85321,-0.092287,1.0
2453856.65053972,0.87166,1.6451779999999998,2.508526,-0.092328,0.87992,1.853175,-0.092285,1.0
2453856.65592986,0.90352,1.6451360000000002,2.508562,-0.092327,0.8799389999999999,1.853139,-0.092284,1.0
2453856.66131,0.91946,1.6450939999999998,2.508597,-0.092325,0.879957,1.853104,-0.092282,1.0
2453856.66670014,0.93395,1.645053,2.508632,-0.092324,0.879975,1.853069,-0.092281,1.0
2453856.67208028,0.95393,1.645011,2.508668,-0.092322,0.879994,1.853033,-0.092279,1.0
2453880.3993145,0.91611,1.456811,2.656438,-0.085301,1.004913,1.750011,-0.085262,1.0
2453880.40201447,0.93487,1.456789,2.656454,-0.0853,1.004932,1.7500060000000002,-0.085261,1.0
2453880.40470445,0.93488,1.456767,2.65647,-0.085299,1.004951,1.75,-0.08526,1.0
2453880.40739442,0.94964,1.4567450000000002,2.656486,-0.085299,1.00497,1.749995,-0.085259,1.0
2453880.41008439,0.97445,1.456723,2.656502,-0.085298,1.004989,1.7499900000000002,-0.085258,1.0
2453880.41278437,0.97806,1.456701,2.656518,-0.085297,1.005008,1.749984,-0.085257,1.0
2453880.41547434,0.98621,1.456679,2.656533,-0.085296,1.005027,1.7499790000000002,-0.085256,1.0
2453880.41816431,1.0064,1.456657,2.656549,-0.08529500000000001,1.005046,1.749973,-0.085255,1.0
2453880.42086428,1.04034,1.456635,2.656565,-0.08529400000000001,1.005066,1.749968,-0.085254,1.0
2453880.42355426,1.04611,1.456614,2.656581,-0.08529400000000001,1.005085,1.7499619999999998,-0.085253,1.0
2453880.42624423,1.05872,1.456592,2.656597,-0.085293,1.005104,1.749957,-0.085252,1.0
2453880.4289442003,1.05095,1.45657,2.656613,-0.08529199999999999,1.005123,1.7499509999999998,-0.085251,1.0
2453880.43162417,1.07148,1.456548,2.656629,-0.08529099999999999,1.005142,1.749946,-0.08525,1.0
2453880.43432414,1.08141,1.456526,2.656644,-0.08528999999999999,1.005161,1.749941,-0.085249,1.0
2453880.43702412,1.0904200000000002,1.456504,2.65666,-0.085289,1.005181,1.7499349999999998,-0.085248,1.0
2453880.44010409,1.09143,1.456479,2.656678,-0.085288,1.005203,1.749929,-0.085246,1.0
2453880.44279406,1.10255,1.456457,2.656694,-0.085288,1.0052219999999998,1.7499240000000005,-0.085245,1.0
2453880.44549403,1.10561,1.456435,2.65671,-0.085287,1.005241,1.749918,-0.085244,1.0
2453880.448194,1.10562,1.456413,2.656726,-0.085286,1.00526,1.749913,-0.085243,1.0
2453880.45090397,1.11175,1.456391,2.656742,-0.085285,1.00528,1.7499080000000002,-0.085242,1.0
2453880.45359394,1.11278,1.4563700000000002,2.656758,-0.085284,1.005299,1.749902,-0.085241,1.0
2453880.45629392,1.1169,1.456348,2.656774,-0.085284,1.005318,1.749897,-0.08524,1.0
2453880.45899389,1.12206,1.456326,2.65679,-0.085283,1.005337,1.7498919999999998,-0.085239,1.0
2453880.46168386,1.13245,1.456304,2.656806,-0.08528200000000001,1.005357,1.749886,-0.085238,1.0
2453880.46438383,1.12934,1.456282,2.656822,-0.085281,1.005376,1.7498810000000002,-0.08523700000000001,1.0
2453880.4670838,1.1356,1.45626,2.656837,-0.08528,1.005395,1.7498759999999998,-0.085236,1.0
2453880.46977377,1.12313,1.456238,2.656853,-0.085279,1.005414,1.74987,-0.085235,1.0
2453880.47320373,1.10875,1.45621,2.656874,-0.08527799999999999,1.005439,1.749864,-0.085234,1.0
2453880.47590371,1.09556,1.4561879999999998,2.656889,-0.08527699999999999,1.005458,1.749858,-0.085233,1.0
2453880.47859368,1.08953,1.456166,2.656905,-0.08527699999999999,1.005478,1.749853,-0.085232,1.0
2453880.48128365,1.07955,1.456144,2.656921,-0.085276,1.005497,1.7498479999999998,-0.085231,1.0
2453880.48397362,1.0588799999999998,1.456123,2.656937,-0.085275,1.005516,1.749843,-0.08523,1.0
2453880.48667359,1.03098,1.456101,2.656953,-0.085274,1.005535,1.749837,-0.085229,1.0
2453880.48936356,1.01684,1.456079,2.656969,-0.085273,1.005555,1.749832,-0.085228,1.0
2453880.49204353,1.0066,1.456057,2.656985,-0.085273,1.005574,1.749827,-0.085228,1.0
2453880.4947435,0.96752,1.456035,2.657001,-0.085272,1.005593,1.7498220000000002,-0.085227,1.0
2453880.49743347,0.95954,1.456013,2.657017,-0.085271,1.005613,1.7498169999999995,-0.085226,1.0
2453880.50012344,0.92569,1.455991,2.657032,-0.08527,1.005632,1.749811,-0.085225,1.0
2453880.50282342,0.90546,1.455969,2.657048,-0.08526900000000001,1.005651,1.7498060000000002,-0.085224,1.0
2453880.50620338,0.8971600000000001,1.455942,2.657068,-0.085268,1.005676,1.7498,-0.08522300000000001,1.0
2453880.50889335,0.88813,1.45592,2.657084,-0.085267,1.005695,1.7497939999999998,-0.085222,1.0
2453880.51158332,0.8856799999999999,1.455898,2.6571,-0.085267,1.005714,1.749789,-0.085221,1.0
2453880.51427329,0.8832399999999999,1.455876,2.657116,-0.085266,1.005734,1.749784,-0.08522,1.0
2453880.51696326,0.87435,1.455855,2.657131,-0.085265,1.005753,1.7497790000000002,-0.085219,1.0
2453880.51966323,0.85998,1.455833,2.657147,-0.08526399999999999,1.005773,1.7497740000000002,-0.08521799999999999,1.0
2453880.5223432,0.8458399999999999,1.455811,2.657163,-0.085263,1.005792,1.749769,-0.085217,1.0
2453880.52504317,0.8466299999999999,1.455789,2.657179,-0.085262,1.005811,1.749764,-0.085216,1.0
2453880.52772314,0.8529,1.455767,2.657195,-0.085262,1.005831,1.749759,-0.085215,1.0
2453880.53042311,0.84977,1.455745,2.657211,-0.085261,1.00585,1.749753,-0.085214,1.0
2453880.53311308,0.8703700000000001,1.455723,2.657227,-0.08526,1.005869,1.749748,-0.085213,1.0
2453880.53580305,0.8727799999999999,1.455701,2.657243,-0.085259,1.005889,1.749743,-0.085212,1.0
2453880.53850302,0.88575,1.45568,2.657259,-0.085258,1.005908,1.749738,-0.085212,1.0
2453880.54118299,0.90056,1.455658,2.657274,-0.085257,1.0059280000000002,1.7497330000000002,-0.085211,1.0
2453880.54388296,0.9207,1.4556360000000002,2.65729,-0.085257,1.005947,1.749728,-0.08521000000000001,1.0
2453880.54671293,0.9224,1.4556129999999998,2.657307,-0.085256,1.005967,1.749723,-0.08520900000000001,1.0
2453880.5493929,0.94563,1.455591,2.657323,-0.085255,1.0059870000000002,1.749718,-0.085208,1.0
2453880.55209287,0.96145,1.455569,2.657338,-0.085254,1.006006,1.749713,-0.085207,1.0
2453880.55478283,0.97753,1.455547,2.657354,-0.085253,1.006026,1.7497080000000005,-0.08520599999999999,1.0
2453880.5574728,0.99205,1.455525,2.65737,-0.085252,1.006045,1.7497029999999998,-0.08520499999999999,1.0
2453880.56017277,0.99206,1.455503,2.657386,-0.085252,1.006065,1.749698,-0.08520499999999999,1.0
2453880.56285274,1.00958,1.455482,2.6574020000000003,-0.085251,1.006084,1.749693,-0.085204,1.0
2453880.56555271,1.02646,1.45546,2.657418,-0.08525,1.006103,1.749688,-0.085203,1.0
2453880.56823268,1.0245799999999998,1.455438,2.657434,-0.085249,1.006123,1.749683,-0.085202,1.0
2453880.57093265,1.0255299999999998,1.455416,2.657449,-0.085248,1.006142,1.7496779999999998,-0.085201,1.0
2453880.57363262,1.04557,1.455394,2.657465,-0.085247,1.006162,1.749673,-0.0852,1.0
2453880.57631259,1.03599,1.455372,2.657481,-0.085247,1.006181,1.749668,-0.085199,1.0
2453880.57901256,1.05429,1.45535,2.657497,-0.085246,1.006201,1.7496630000000002,-0.085199,1.0
2453880.58169253,1.05332,1.455328,2.657513,-0.085245,1.00622,1.7496580000000002,-0.085198,1.0
2453880.58439249,1.0456,1.455307,2.6575290000000003,-0.085244,1.00624,1.749653,-0.08519700000000001,1.0
2455661.34739061,1.00376,2.721843,0.539323,-0.123389,1.777641,0.205024,-0.123354,1.0
2455661.35142053,1.00286,2.721837,0.539367,-0.123389,1.777657,0.205001,-0.123354,1.0
2455661.35544045,1.00843,2.7218310000000003,0.5394100000000001,-0.123389,1.777673,0.204979,-0.123354,1.0
2455661.35947038,1.01031,2.721826,0.539454,-0.123389,1.777689,0.204956,-0.123354,1.0
2455661.3634903,1.01126,2.72182,0.539497,-0.123389,1.777705,0.204933,-0.123353,1.0
2455661.36752023,1.00941,2.721814,0.5395399999999999,-0.123389,1.777721,0.204911,-0.123353,1.0
2455661.37154015,1.00017,2.721808,0.5395840000000001,-0.123389,1.777737,0.204888,-0.123353,1.0
2455661.37557007,1.00388,2.721803,0.5396270000000001,-0.123389,1.777753,0.204865,-0.123353,1.0
2455661.37959,1.00575,2.721797,0.539671,-0.123389,1.777769,0.204843,-0.123353,1.0
2455661.38361992,1.00022,2.721791,0.539714,-0.12339,1.777785,0.20482,-0.123353,1.0
2455661.38763984,0.99016,2.7217860000000003,0.539758,-0.12339,1.7778009999999995,0.204797,-0.123352,1.0
2455661.39165977,1.00026,2.72178,0.539801,-0.12339,1.7778169999999998,0.204775,-0.123352,1.0
2455661.39568969,0.99293,2.7217740000000004,0.539845,-0.12339,1.7778330000000002,0.204752,-0.123352,1.0
2455661.39971961,0.9957,2.721768,0.539888,-0.12339,1.7778490000000002,0.204729,-0.123352,1.0
2455661.40373953,1.0012299999999998,2.721763,0.539932,-0.12339,1.7778650000000005,0.204707,-0.123352,1.0
2455661.40775946,1.0068,2.721757,0.539975,-0.12339,1.777881,0.204684,-0.123352,1.0
2455661.41178938,1.00034,2.721751,0.540018,-0.12339,1.777898,0.204661,-0.123351,1.0
2455661.4158093,1.01148,2.721745,0.540062,-0.12339,1.777914,0.204639,-0.123351,1.0
2455661.41983922,1.00871,2.72174,0.5401050000000001,-0.123391,1.77793,0.204616,-0.123351,1.0
2455661.42586911,1.01339,2.721731,0.540171,-0.123391,1.777954,0.204582,-0.123351,1.0
2455661.43190899,0.99583,2.721722,0.5402359999999999,-0.123391,1.7779790000000002,0.204548,-0.12335,1.0
2455661.43593891,0.99769,2.721717,0.540279,-0.123391,1.777995,0.204525,-0.12335,1.0
2455661.43995883,0.99862,2.721711,0.540323,-0.123391,1.778011,0.204502,-0.12335,1.0
2455661.44398875,1.00325,2.721705,0.540366,-0.123391,1.778028,0.20448,-0.12335,1.0
2455661.44800867,1.00142,2.721699,0.5404100000000001,-0.123391,1.778044,0.204457,-0.12335,1.0
2455661.45202859,1.01257,2.721694,0.540453,-0.123391,1.778061,0.204434,-0.12335,1.0
2455661.45605852,1.01072,2.721688,0.540497,-0.123391,1.778077,0.204411,-0.123349,1.0
2455661.46007844,1.01634,2.721682,0.5405399999999999,-0.123392,1.778093,0.204389,-0.123349,1.0
2455661.46611832,1.02294,2.721674,0.540605,-0.123392,1.778118,0.204355,-0.123349,1.0
2455661.47013824,1.02579,2.721668,0.5406489999999999,-0.123392,1.7781349999999998,0.204332,-0.123349,1.0
2455661.47416816,1.02864,2.721662,0.5406920000000001,-0.123392,1.7781509999999998,0.204309,-0.123348,1.0
2455661.47818808,1.02866,2.721657,0.5407350000000001,-0.123392,1.778168,0.204287,-0.123348,1.0
2455661.482218,1.03438,2.721651,0.540779,-0.123392,1.778184,0.204264,-0.123348,1.0
2455661.48623792,1.03631,2.721645,0.540822,-0.123392,1.778201,0.204241,-0.123348,1.0
2455661.49026784,1.04399,2.721639,0.540866,-0.123392,1.778218,0.204219,-0.123348,1.0
2455661.49428776,1.04689,2.721633,0.540909,-0.123392,1.778234,0.204196,-0.123348,1.0
2455661.49831768,1.06148,2.721628,0.540953,-0.123393,1.7782509999999998,0.204173,-0.123347,1.0
2455661.5023376,1.06345,2.721622,0.540996,-0.123393,1.778268,0.204151,-0.123347,1.0
2455661.50636752,1.07134,2.721616,0.54104,-0.123393,1.778284,0.204128,-0.123347,1.0
2455661.51038744,1.06056,2.721611,0.541083,-0.123393,1.778301,0.204105,-0.123347,1.0
2455661.51441735,1.05862,2.721605,0.541127,-0.123393,1.778318,0.204083,-0.123347,1.0
2455661.51843727,1.04701,2.7215990000000003,0.5411699999999999,-0.123393,1.778334,0.20406,-0.123347,1.0
2455661.52246719,1.0538,2.721593,0.5412140000000001,-0.123393,1.7783509999999998,0.204038,-0.123346,1.0
2455661.52648711,1.04994,2.721588,0.541257,-0.123393,1.778368,0.204015,-0.123346,1.0
2455661.53051703,1.04033,2.721582,0.5413,-0.123393,1.778385,0.203992,-0.123346,1.0
2455661.53453695,1.03271,2.721576,0.5413439999999999,-0.123393,1.778402,0.20397,-0.123346,1.0
2455661.53856687,1.02138,2.7215700000000003,0.541387,-0.123394,1.778419,0.203947,-0.123346,1.0
2455661.54258679,1.00831,2.721565,0.541431,-0.123394,1.778436,0.203925,-0.123346,1.0
2455661.5466167005,0.98447,2.721559,0.541474,-0.123394,1.7784529999999998,0.203902,-0.123346,1.0
2455661.55063662,0.97277,2.721553,0.541518,-0.123394,1.778469,0.20388,-0.123345,1.0
2455661.55466654,0.971,2.721547,0.541561,-0.123394,1.778486,0.203857,-0.123345,1.0
2455661.55868646,0.95946,2.721542,0.541605,-0.123394,1.778503,0.203835,-0.123345,1.0
2455661.56271637,0.94457,2.721536,0.5416479999999999,-0.123394,1.77852,0.203812,-0.123345,1.0
2455661.56673629,0.93507,2.72153,0.5416920000000001,-0.123394,1.7785369999999998,0.20379,-0.123345,1.0
2455661.57076621,0.93164,2.721524,0.5417350000000001,-0.123394,1.7785540000000002,0.203767,-0.123345,1.0
2455661.57478613,0.92482,2.721519,0.541778,-0.123394,1.778571,0.203745,-0.123345,1.0
2455661.57881604,0.92314,2.7215130000000003,0.541822,-0.123395,1.778588,0.203722,-0.123345,1.0
2455661.58283596,0.924,2.721507,0.5418649999999999,-0.123395,1.778605,0.2037,-0.123345,1.0
2455661.58686588,0.93257,2.721501,0.541909,-0.123395,1.778623,0.203677,-0.123344,1.0
2455661.5908858,0.93087,2.721496,0.541952,-0.123395,1.7786400000000002,0.203655,-0.123344,1.0
2455661.59491571,0.9326,2.72149,0.541996,-0.123395,1.778657,0.203633,-0.123344,1.0
2455661.59893563,0.95875,2.721484,0.542039,-0.123395,1.778674,0.20361,-0.123344,1.0
2455661.60296554,0.95436,2.721478,0.542083,-0.123395,1.778691,0.203588,-0.123344,1.0
2455661.60698546,0.98293,2.721473,0.542126,-0.123395,1.7787080000000002,0.203566,-0.123344,1.0
2455661.61101538,0.98023,2.721467,0.5421699999999999,-0.123395,1.778725,0.203543,-0.123344,1.0
2455661.61503529,0.96858,2.721461,0.5422130000000001,-0.123395,1.7787419999999998,0.203521,-0.123344,1.0
2455674.31754238,1.00347,2.700263,0.678704,-0.12358,1.849515,0.143196,-0.123539,1.0
2455674.32261219,0.98883,2.700254,0.678759,-0.12358,1.84955,0.143175,-0.123538,1.0
2455674.327682,0.98705,2.700244,0.678813,-0.12358,1.849585,0.143154,-0.123538,1.0
2455674.33331178,0.95666,2.7002330000000003,0.678873,-0.12358,1.849624,0.143131,-0.123538,1.0
2455674.33992153,0.93838,2.700221,0.678944,-0.12358,1.84967,0.143104,-0.123537,1.0
2455674.34499134,0.92044,2.700211,0.678998,-0.12358,1.849705,0.143083,-0.123537,1.0
2455674.34921118,0.92387,2.700203,0.6790430000000001,-0.12358,1.849735,0.143066,-0.123537,1.0
2455674.37077036,0.95429,2.700162,0.6792729999999999,-0.12358,1.849884,0.142978,-0.123535,1.0
2455674.37584017,0.95785,2.700152,0.6793279999999999,-0.12358,1.84992,0.142957,-0.123535,1.0
2455674.38230992,0.96321,2.70014,0.679397,-0.12358,1.849965,0.14293,-0.123534,1.0
2455674.3880597,0.98387,2.700129,0.679458,-0.12358,1.850005,0.142907,-0.123534,1.0
2455674.39424946,1.01522,2.700117,0.679524,-0.12358,1.850048,0.14288199999999998,-0.123534,1.0
2455674.40157918,1.02562,2.700103,0.679603,-0.12358,1.8501,0.142852,-0.123533,1.0
2455674.40707897,1.01252,2.700093,0.679662,-0.12358,1.850138,0.14282899999999998,-0.123533,1.0
2455674.41214877,1.01256,2.700083,0.679716,-0.12358,1.850174,0.142808,-0.123532,1.0
2455674.41721858,1.01727,2.700073,0.67977,-0.12358,1.85021,0.142788,-0.123532,1.0
2455674.42232838,1.02107,2.700063,0.679825,-0.12358,1.850245,0.142767,-0.123532,1.0
2455674.4295381,1.02584,2.70005,0.679902,-0.12358,1.850296,0.142737,-0.123531,1.0
2455674.4346279,1.0146,2.70004,0.679956,-0.12358,1.850332,0.142717,-0.123531,1.0
2455674.43969771,0.98881,2.70003,0.68001,-0.12358,1.850368,0.14269600000000002,-0.123531,1.0
2455674.44829737,1.01564,2.700014,0.6801020000000001,-0.12358,1.850429,0.14266099999999998,-0.12353,1.0
2455674.4553671,1.0129,2.700001,0.680178,-0.12358,1.850479,0.14263199999999998,-0.12353,1.0
2455674.4604369,0.99996,2.699991,0.680232,-0.12358,1.850515,0.142612,-0.123529,1.0
2455674.46719664,1.01767,2.699978,0.680304,-0.12358,1.850563,0.142584,-0.123529,1.0
2455674.47664627,1.02244,2.69996,0.680405,-0.12358,1.85063,0.142546,-0.123528,1.0
2455674.48706586,1.02914,2.69994,0.680516,-0.12358,1.850704,0.142504,-0.123528,1.0
2455674.50020535,1.03209,2.6999150000000003,0.680657,-0.12358,1.850797,0.142451,-0.123527,1.0
2455674.50864502,1.02364,2.6998990000000003,0.680747,-0.12358,1.850858,0.14241700000000002,-0.123527,1.0
2455674.51370482,1.0379200000000002,2.699889,0.680801,-0.12358,1.850894,0.142396,-0.123527,1.0
2455674.51917461,1.04084,2.699878,0.68086,-0.12358,1.850933,0.142374,-0.123526,1.0
2455674.52256447,1.05632,2.699872,0.6808960000000001,-0.12358,1.850957,0.142361,-0.123526,1.0
