2443395.657393,0.879,-3.42764411,0.34102938,-0.02518538,-2.44762175,0.10888886,-0.02519562,1.0
2443395.667976,0.898,-3.42765538,0.34093626,-0.02518715,-2.44759403,0.10897225,-0.02519738,1.0
2443395.675768,0.912,-3.42766368,0.3408677,-0.02518846,-2.44757364,0.10903365,-0.02519868,1.0
2443395.681726,0.942,-3.42767002,0.34081527,-0.02518946,-2.44755805,0.1090806,-0.02519968,1.0
2443395.688309,1.005,-3.42767702,0.34075735,-0.02519057,-2.44754085,0.10913248,-0.02520077,1.0
2443395.694559,1.044,-3.42768367,0.34070236,-0.02519162,-2.44752452,0.10918174,-0.02520182,1.0
2443395.700059,1.056,-3.42768953,0.34065396,-0.02519254,-2.44751016,0.10922508,-0.02520273,1.0
2443395.705476,1.086,-3.42769529,0.34060630000000003,-0.02519345,-2.44749603,0.10926778,-0.02520364,1.0
2443395.712559,1.094,-3.42770282,0.34054397,-0.02519464,-2.44747756,0.10932361,-0.02520482,1.0
2443395.718684,1.094,-3.42770934,0.34049008,-0.02519567,-2.4474616,0.10937189,-0.02520584,1.0
2443395.723476,1.078,-3.42771443,0.34044791,-0.02519647,-2.44744912,0.10940967,-0.02520664,1.0
2443395.728768,1.091,-3.42772006,0.34040134,-0.02519736,-2.44743534,0.10945139,-0.02520752,1.0
2443395.735726,1.057,-3.42772746,0.34034012,-0.02519853,-2.44741724,0.10950624,-0.02520868,1.0
2443395.741809,1.02,-3.42773392,0.34028659,-0.02519955,-2.44740142,0.1095542,-0.0252097,1.0
2443395.746684,1.006,-3.4277391,0.3402437,-0.02520037,-2.44738875,0.10959264,-0.02521051,1.0
2443395.752684,0.981,-3.42774548,0.3401909,-0.02520138,-2.44737317,0.10963995,-0.02521151,1.0
2443395.762893,0.962,-3.42775632,0.34010107,-0.02520309,-2.44734668,0.10972045,-0.02521321,1.0
2443395.780101,0.97,-3.4277746,0.33994965,-0.02520598,-2.44730209,0.10985616,-0.02521608,1.0
2443395.789518,1.004,-3.4277846,0.33986679,-0.02520756,-2.44727772,0.10993043,-0.02521765,1.0
2443395.799934,1.031,-3.42779566,0.33977513,-0.02520931,-2.44725079,0.11001259,-0.02521939,1.0
2443395.805226,1.033,-3.42780127,0.33972857,-0.0252102,-2.44723712,0.11005434,-0.02522027,1.0
2443395.811059,1.036,-3.42780746,0.33967724,-0.02521117,-2.44722206,0.11010035,-0.02522125,1.0
2443395.819059,1.021,-3.42781595,0.33960684,-0.02521252,-2.44720141,0.11016346,-0.02522258,1.0
2443395.823601,1.01,-3.42782077,0.33956688,-0.02521328,-2.4471897,0.1101993,-0.02522334,1.0
2443395.831018,0.999,-3.42782864,0.33950161,-0.02521453,-2.44717059,0.11025782,-0.02522457,1.0
2443395.836726,0.981,-3.42783469,0.33945138,-0.02521548,-2.44715589,0.11030285,-0.02522553,1.0
2443395.845809,0.976,-3.42784432,0.33937146,-0.02521701,-2.44713252,0.11037453,-0.02522704,1.0
2443395.854393,0.992,-3.42785342,0.33929592,-0.02521845,-2.44711045,0.11044227,-0.02522847,1.0
2443395.861809,0.984,-3.42786128,0.33923067,-0.02521969,-2.4470914,0.11050079,-0.02522971,1.0
2443395.871309,0.997,-3.42787135,0.33914707,-0.02522129,-2.44706701,0.11057577,-0.02523129,1.0
2443395.879559,0.979,-3.42788009,0.33907447,-0.02522267,-2.44704585,0.11064089,-0.02523267,1.0
2443395.887476,0.974,-3.42788848,0.33900481,-0.025224,-2.44702557,0.11070338,-0.02523399,1.0
2443395.894476,0.975,-3.42789589,0.33894321,-0.02522518,-2.44700764,0.11075864,-0.02523516,1.0
2443395.903309,0.929,-3.42790525,0.33886548,-0.02522666,-2.44698505,0.11082837,-0.02523663,1.0
2443395.912976,0.902,-3.42791548,0.33878042,-0.02522828,-2.44696034,0.11090469,-0.02523824,1.0
2448715.632935,0.93,2.73259201,1.04078509,0.0435661,1.76120101,0.8034302,0.04355807,1.0
2448715.637049,0.95,2.7325777,1.04082564,0.04356669,1.76120235,0.80340173,0.04355866,1.0
2448715.645504,0.958,2.73254829,1.04090897,0.04356791,1.76120511,0.80334321,0.04355988,1.0
2448715.6496880003,1.004,2.73253373,1.04095021,0.04356851,1.76120649,0.80331426,0.04356048,1.0
2448715.6598150004,1.037,2.7324985,1.04105003,0.04356997,1.76120984,0.80324418,0.04356193,1.0
2448715.731453,1.072,2.73224919,1.04175607,0.04358028,1.76123427,0.80274861,0.0435722,1.0
2448715.735223,1.062,2.73223606,1.04179322,0.04358082,1.76123559,0.80272254,0.04357274,1.0
2448715.741841,1.07,2.73221302,1.04185844,0.04358178,1.76123792,0.80267678,0.04357369,1.0
2448715.745423,1.061,2.73220055,1.04189375,0.04358229,1.76123918,0.80265201,0.043574199999999993,1.0
2448715.755342,1.046,2.73216601,1.0419915000000002,0.04358372,1.76124271,0.80258343,0.04357563,1.0
2448715.759113,1.033,2.73215288,1.04202866,0.04358426,1.76124405,0.80255735,0.04357617,1.0
2448715.767802,0.987,2.73212262,1.04211429,0.04358551,1.76124717,0.80249728,0.04357741,1.0
2448715.772032,0.977,2.73210789,1.04215598,0.04358612,1.76124869,0.80246804,0.04357802,1.0
2448715.783241,0.929,2.73206885,1.04226644,0.04358773,1.76125275,0.80239055,0.04357963,1.0
2448715.7869450003,0.923,2.73205595,1.04230294,0.04358827,1.76125409,0.80236495,0.04358016,1.0
2448715.794439,0.927,2.73202984,1.04237679,0.04358935,1.76125683,0.80231315,0.04358123,1.0
2448715.798415,0.923,2.73201599,1.04241597,0.04358992,1.76125829,0.80228567,0.0435818,1.0
2448715.8118,0.955,2.73196936,1.04254787,0.04359185,1.76126323,0.80219316,0.04358372,1.0
2448715.8160650004,0.97,2.7319545,1.0425898999999998,0.04359246,1.76126481,0.80216369,0.04358433,1.0
2448715.824028,0.998,2.73192676,1.04266837,0.0435936,1.76126778,0.80210866,0.04358547,1.0
2448715.8276400003,1.014,2.73191417,1.04270396,0.04359412,1.76126913,0.8020837,0.04358599,1.0
2448715.837286,1.039,2.73188056,1.04279901,0.04359551,1.76127276,0.80201705,0.04358737,1.0
2448715.841858,1.037,2.73186463,1.04284406,0.04359617,1.76127448,0.80198546,0.04358803,1.0
2448715.849639,1.023,2.73183751,1.04292074,0.04359729,1.76127744,0.80193171,0.04358914,1.0
2448715.854445,0.995,2.73182076,1.04296809,0.04359798,1.76127927,0.8018985,0.04358983,1.0
2448718.716963,1.056,2.72171271,1.07112074,0.04400799,1.76341002,0.78238523,0.04399824,1.0
2448718.720667,1.029,2.72169946,1.0711571000000002,0.04400852,1.76341411,0.78236035,0.04399877,1.0
2448718.727567,1.007,2.72167478,1.07122483,0.04400951,1.76342175,0.78231399,0.04399975,1.0
2448718.731317,0.961,2.72166136,1.07126165,0.04401004,1.76342591,0.78228879,0.04400028,1.0
2448718.742536,0.951,2.72162122,1.07137177,0.04401164,1.76343836,0.78221343,0.04400187,1.0
2448718.745916,0.948,2.72160913,1.07140495,0.04401212,1.76344212,0.78219072,0.04400235,1.0
2448718.753821,0.948,2.72158084,1.07148255,0.04401325,1.76345092,0.78213762,0.04400347,1.0
2448718.757426,0.961,2.72156794,1.07151793,0.04401376,1.76345494,0.78211341,0.04400399,1.0
2448718.767872,0.99,2.72153056,1.07162047,0.04401525,1.7634666,0.78204326,0.04400547,1.0
2448718.771472,1.014,2.72151768,1.07165581,0.04401576,1.76347063,0.78201908,0.04400598,1.0
2448718.778572,1.053,2.72149227,1.0717255,0.04401677,1.76347858,0.7819714,0.04400699,1.0
2448718.7819290003,1.058,2.72148025,1.07175845,0.04401725,1.76348234,0.78194886,0.04400746,1.0
2448718.791466,1.111,2.72144612,1.07185206,0.04401861,1.76349305,0.78188483,0.04400882,1.0
2448718.795222,1.099,2.72143267,1.07188893,0.04401915,1.76349727,0.78185961,0.04400935,1.0
2448718.802843,1.062,2.72140539,1.07196373,0.04402023,1.76350585,0.78180845,0.04401043,1.0
2448718.8067900003,1.052,2.72139126,1.07200247,0.044020800000000006,1.7635103,0.78178195,0.04401099,1.0
2448718.82146,1.006,2.72133874,1.07214646,0.04402289,1.76352687,0.78168349,0.04401307,1.0
2448718.82543,0.997,2.72132453,1.07218542,0.04402345,1.76353137,0.78165684,0.04401364,1.0
2448718.832404,0.959,2.72129955,1.07225387,0.04402445,1.76353927,0.78161004,0.04401463,1.0
2448718.836339,0.931,2.72128546,1.0722925,0.04402501,1.76354373,0.78158363,0.04401519,1.0
2448718.843086,0.917,2.7212613,1.07235872,0.04402597,1.7635514,0.78153836,0.04401614,1.0
2448718.846501,0.89,2.72124907,1.07239223,0.04402645,1.76355528,0.78151544,0.04401663,1.0
2451810.533594,1.077,-3.32020277,-0.84635496,-0.04547567,-2.31682021,-0.84109178,-0.04547646,1.0
2451810.537294,1.058,-3.3201940000000003,-0.84638678,-0.04547615,-2.31681281,-0.84106018,-0.04547695,1.0
2451810.541004,1.038,-3.3201852,-0.84641868,-0.04547664,-2.3168054,-0.8410285,-0.04547743,1.0
2451810.544694,1.019,-3.32017645,-0.84645041,-0.04547712,-2.31679802,-0.84099698,-0.04547792,1.0
2451810.548394,0.999,-3.32016768,-0.84648223,-0.04547761,-2.31679063,-0.84096538,-0.0454784,1.0
2451810.552104,0.983,-3.32015888,-0.84651413,-0.0454781,-2.31678323,-0.84093369,-0.04547889,1.0
2451810.555804,0.965,-3.3201501,-0.84654595,-0.04547858,-2.31677585,-0.84090209,-0.04547937,1.0
2451810.559504,0.952,-3.32014133,-0.84657777,-0.04547907,-2.31676847,-0.84087049,-0.04547986,1.0
2451810.563214,0.947,-3.32013253,-0.84660967,-0.04547956,-2.31676108,-0.8408388000000001,-0.04548035,1.0
2451810.566904,0.943,-3.32012377,-0.8466414000000001,-0.04548004,-2.31675373,-0.84080728,-0.04548083,1.0
2451810.578994,0.952,-3.32009509,-0.84674537,-0.04548163,-2.31672967,-0.84070402,-0.04548241,1.0
2451810.588614,0.988,-3.32007227,-0.84682809,-0.04548289,-2.31671055,-0.84062185,-0.04548368,1.0
2451810.5923240003,0.989,-3.32006347,-0.84685999,-0.04548338,-2.31670319,-0.84059017,-0.04548416,1.0
2451810.596014,1.001,-3.32005471,-0.84689172,-0.04548386,-2.31669587,-0.84055865,-0.04548465,1.0
2451810.599714,1.015,-3.32004593,-0.84692354,-0.04548435,-2.31668853,-0.84052705,-0.04548513,1.0
2451810.603424,1.004,-3.32003713,-0.84695544,-0.04548484,-2.31668118,-0.84049536,-0.04548562,1.0
2451810.607114,1.017,-3.32002837,-0.84698717,-0.04548532,-2.31667387,-0.84046384,-0.0454861,1.0
2451810.610814,1.044,-3.32001959,-0.84701899,-0.04548581,-2.31666654,-0.84043224,-0.04548659,1.0
2451810.616054,1.019,-3.32000716,-0.84706405,-0.0454865,-2.31665617,-0.84038748,-0.04548727,1.0
2451810.619764,1.027,-3.31999835,-0.84709595,-0.04548698,-2.31664883,-0.84035579,-0.04548776,1.0
2451810.623464,1.022,-3.31998957,-0.84712777,-0.04548747,-2.31664152,-0.84032419,-0.04548824,1.0
2451810.627154,1.01,-3.31998081,-0.8471595,-0.04548795,-2.31663423,-0.84029267,-0.04548873,1.0
2451810.630864,1.004,-3.319972,-0.8471914,-0.04548844,-2.3166269,-0.84026099,-0.04548921,1.0
2451810.634554,0.985,-3.31996325,-0.84722313,-0.04548893,-2.31661962,-0.84022947,-0.0454897,1.0
2451811.339528,1.061,-3.31828374,-0.85328354,-0.04558141,-2.3152955000000004,-0.83420729,-0.04558202,1.0
2451811.343228,1.0490000000000002,-3.31827489,-0.85331534,-0.0455819,-2.3152889,-0.83417568,-0.04558251,1.0
2451811.346928,1.046,-3.31826605,-0.85334714,-0.04558238,-2.31528231,-0.83414407,-0.04558299,1.0
2451811.3506380003,1.017,-3.31825717,-0.85337902,-0.04558287,-2.3152757,-0.83411237,-0.04558347,1.0
2451811.354338,1.014,-3.31824833,-0.85341082,-0.04558335,-2.31526912,-0.83408076,-0.04558396,1.0
2451811.358028,0.991,-3.3182395,-0.85344253,-0.04558384,-2.31526256,-0.83404924,-0.04558444,1.0
2451811.361738,0.985,-3.31823063,-0.85347442,-0.04558432,-2.31525596,-0.83401755,-0.04558493,1.0
2451811.365428,0.979,-3.31822181,-0.85350613,-0.04558481,-2.3152494,-0.83398602,-0.04558541,1.0
2451811.369128,0.973,-3.31821296,-0.85353793,-0.04558529,-2.31524283,-0.83395441,-0.04558589,1.0
2451811.3728380003,0.971,-3.31820408,-0.85356982,-0.04558578,-2.31523625,-0.83392272,-0.04558638,1.0
2451811.383618,0.986,-3.3181783,-0.85366246,-0.04558719,-2.31521714,-0.83383062,-0.04558779,1.0
2451811.393628,1.009,-3.31815435,-0.85374849,-0.0455885,-2.31519942,-0.83374511,-0.0455891,1.0
2451811.397328,1.013,-3.3181455,-0.85378029,-0.04558899,-2.31519288,-0.8337135,-0.04558958,1.0
2451811.401028,1.026,-3.31813665,-0.85381209,-0.04558947,-2.31518634,-0.83368189,-0.04559007,1.0
2451811.404728,1.035,-3.3181278,-0.85384388,-0.04558996,-2.31517981,-0.83365028,-0.04559055,1.0
2451811.408428,1.053,-3.31811894,-0.85387568,-0.04559044,-2.31517327,-0.83361867,-0.04559104,1.0
2451811.412128,1.047,-3.31811009,-0.85390748,-0.04559093,-2.31516675,-0.83358706,-0.04559152,1.0
2451811.415818,1.05,-3.31810126,-0.85393919,-0.04559141,-2.31516024,-0.83355554,-0.045592,1.0
2451811.441888,1.015,-3.31803887,-0.85416324,-0.04559483,-2.31511438,-0.83333282,-0.04559541,1.0
2451811.445578,1.005,-3.31803004,-0.85419495,-0.04559531,-2.3151079,-0.83330129,-0.0455959,1.0
2451811.449278,0.995,-3.31802118,-0.85422674,-0.045595800000000006,-2.31510141,-0.83326968,-0.04559638,1.0
2451811.452988,0.99,-3.3180123,-0.85425863,-0.04559628,-2.31509491,-0.83323799,-0.04559686,1.0
2451811.456688,0.99,-3.31800344,-0.85429042,-0.04559677,-2.31508843,-0.83320638,-0.04559735,1.0
2451811.460388,1.005,-3.31799459,-0.85432222,-0.04559725,-2.31508195,-0.83317477,-0.04559783,1.0
2451811.464098,1.013,-3.31798571,-0.8543540999999999,-0.04559774,-2.31507545,-0.83314308,-0.04559832,1.0
2451811.467788,1.013,-3.31797687,-0.85438581,-0.04559822,-2.315069,-0.83311155,-0.045598800000000016,1.0
2451811.471488,1.023,-3.31796801,-0.85441761,-0.04559871,-2.31506253,-0.83307994,-0.04559928,1.0
2451811.475198,1.015,-3.31795913,-0.85444949,-0.04559919,-2.31505605,-0.83304825,-0.04559977,1.0
2451811.478888,1.02,-3.31795029,-0.8544811999999999,-0.04559968,-2.3150496,-0.83301672,-0.04560025,1.0
2451811.482588,1.023,-3.31794144,-0.854513,-0.04560016,-2.31504315,-0.83298511,-0.04560074,1.0
2451811.486288,1.013,-3.31793258,-0.8545448,-0.04560065,-2.31503669,-0.83295351,-0.04560122,1.0
2451811.489988,1.009,-3.31792372,-0.85457659,-0.04560113,-2.31503024,-0.8329219000000001,-0.0456017,1.0
2451811.493678,1.014,-3.31791488,-0.8546083000000001,-0.04560161,-2.31502382,-0.83289037,-0.04560219,1.0
2451811.497378,1.005,-3.31790602,-0.8546401,-0.045602099999999986,-2.31501737,-0.83285876,-0.04560267,1.0
2451811.501068,0.996,-3.31789718,-0.85467181,-0.04560258,-2.31501095,-0.83282724,-0.04560315,1.0
2451811.516048,0.959,-3.3178613,-0.85480054,-0.04560454,-2.31498492,-0.83269926,-0.04560511,1.0
2451811.519758,0.944,-3.31785242,-0.85483242,-0.04560503,-2.31497848,-0.83266757,-0.0456056,1.0
2451811.523448,0.935,-3.31784358,-0.85486413,-0.04560551,-2.31497209,-0.83263604,-0.04560608,1.0
2451811.527148,0.935,-3.31783471,-0.85489592,-0.045606,-2.31496567,-0.83260443,-0.04560656,1.0
2451811.530848,0.933,-3.31782585,-0.85492772,-0.04560648,-2.31495926,-0.83257283,-0.04560705,1.0
2451811.534558,0.928,-3.31781696,-0.8549595999999999,-0.04560697,-2.31495284,-0.83254113,-0.04560753,1.0
2451811.5382580003,0.926,-3.3178081,-0.8549914000000001,-0.04560745,-2.31494644,-0.83250952,-0.04560802,1.0
2451811.541958,0.927,-3.31779923,-0.85502319,-0.04560794,-2.31494004,-0.83247791,-0.0456085,1.0
2451811.5456580003,0.946,-3.31779037,-0.85505498,-0.04560842,-2.31493365,-0.8324463,-0.04560898,1.0
2451811.552658,0.948,-3.31777359,-0.85511514,-0.04560934,-2.31492156,-0.8323865,-0.0456099,1.0
2451811.5563580003,0.968,-3.31776473,-0.85514693,-0.04560983,-2.31491518,-0.83235489,-0.04561038,1.0
2451811.560048,0.998,-3.31775589,-0.85517864,-0.04561031,-2.31490881,-0.83232337,-0.04561087,1.0
2451811.5637580003,1.021,-3.31774699,-0.85521052,-0.04561079,-2.31490242,-0.83229167,-0.04561135,1.0
2451811.567458,1.023,-3.31773813,-0.85524232,-0.04561128,-2.31489605,-0.83226006,-0.04561184,1.0
2451811.571148,1.053,-3.31772928,-0.85527402,-0.04561176,-2.3148897,-0.83222854,-0.04561232,1.0
2451811.574858,1.072,-3.31772039,-0.8553059000000001,-0.04561225,-2.31488331,-0.83219685,-0.0456128,1.0
2451811.6162880003,1.046,-3.31762107,-0.85566191,-0.04561768,-2.31481229,-0.83184291,-0.04561822,1.0
2451811.619998,1.026,-3.31761218,-0.85569379,-0.04561816,-2.31480596,-0.83181121,-0.04561871,1.0
2451811.623698,1.006,-3.31760331,-0.85572558,-0.04561865,-2.31479964,-0.8317796000000001,-0.04561919,1.0
2451811.627388,0.986,-3.31759446,-0.85575729,-0.04561913,-2.31479334,-0.83174808,-0.04561967,1.0
2451811.6310880003,0.973,-3.31758558,-0.85578908,-0.04561961,-2.31478704,-0.83171647,-0.04562016,1.0
2452308.202638,0.945,0.2134196,-3.14191465,-0.05383026,-0.46686875,-2.42876542,-0.05382311,1.0
2452308.206798,0.937,0.21345971,-3.14190877,-0.05382979,-0.46688158,-2.4288092,-0.05382264,1.0
2452308.210498,0.936,0.2134954,-3.14190353,-0.05382936,-0.46689299,-2.42884815,-0.05382221,1.0
2452308.214188,0.93,0.21353098,-3.14189831,-0.05382894,-0.46690436,-2.42888699,-0.05382179,1.0
2452308.217898,0.947,0.21356676,-3.14189306,-0.05382852,-0.4669158,-2.42892605,-0.05382137,1.0
2452308.221588,0.962,0.21360235,-3.14188784,-0.0538281,-0.46692717,-2.4289649,-0.05382095,1.0
2452308.225288,0.979,0.21363803,-3.1418826,-0.05382768,-0.46693857,-2.42900385,-0.05382053,1.0
2452308.228998,0.986,0.21367381,-3.14187735,-0.05382725,-0.46694999,-2.42904292,-0.0538201,1.0
2452308.232688,0.99,0.21370939,-3.14187213,-0.05382683,-0.46696136,-2.42908177,-0.05381968,1.0
2452308.236388,1.003,0.21374507,-3.14186689,-0.05382641,-0.46697275,-2.42912074,-0.05381926,1.0
2452308.240078,1.007,0.21378066,-3.14186167,-0.05382599,-0.4669841,-2.4291596,-0.05381884,1.0
2452308.243798,1.003,0.21381653,-3.1418564,-0.05382556,-0.46699555,-2.42919878,-0.05381841,1.0
2452308.247498,0.999,0.21385221,-3.14185116,-0.05382514,-0.46700693,-2.42923775,-0.05381799,1.0
2452308.252328,0.987,0.21389879,-3.14184432,-0.05382459,-0.46702178,-2.42928863,-0.05381744,1.0
2452308.256028,0.981,0.21393448,-3.14183908,-0.05382416,-0.46703316,-2.4293276,-0.05381702,1.0
2452308.259718,0.979,0.21397006,-3.14183386,-0.05382374,-0.4670445,-2.42936648,-0.053816599999999985,1.0
2452308.263428,0.983,0.21400584,-3.1418286,-0.05382332,-0.4670559,-2.42940557,-0.05381617,1.0
2452308.267118,1.001,0.21404142,-3.14182338,-0.053822900000000014,-0.46706723,-2.42944445,-0.05381575,1.0
2452308.270818,1.028,0.21407711,-3.14181813,-0.05382247,-0.4670786,-2.42948344,-0.05381533,1.0
2452308.274528,1.054,0.21411288,-3.14181288,-0.05382205,-0.46708999,-2.42952253,-0.05381491,1.0
2452308.278218,1.072,0.21414847,-3.14180765,-0.05382163,-0.46710132,-2.42956142,-0.05381449,1.0
2452308.281918,1.099,0.21418415,-3.14180241,-0.05382121,-0.46711267,-2.42960042,-0.05381406,1.0
2452308.285608,1.098,0.21421973,-3.14179718,-0.05382078,-0.46712399,-2.42963931,-0.05381364,1.0
2452308.289318,1.099,0.21425551,-3.14179192,-0.05382036,-0.46713537,-2.42967841,-0.05381322,1.0
2452308.293008,1.086,0.2142911,-3.14178669,-0.05381994,-0.46714669,-2.42971731,-0.0538128,1.0
2452308.297938,1.078,0.21433864,-3.1417797000000003,-0.05381937,-0.4671618,-2.42976929,-0.05381223,1.0
2452308.301638,1.057,0.21437432,-3.14177446,-0.05381895,-0.46717314,-2.4298083,-0.05381181,1.0
2452308.305348,1.0490000000000002,0.2144101,-3.1417692,-0.05381853,-0.46718451,-2.42984741,-0.05381139,1.0
2452308.309038,1.028,0.21444568,-3.14176397,-0.05381811,-0.46719581,-2.42988632,-0.05381097,1.0
2452308.312738,1.011,0.21448137,-3.14175872,-0.05381768,-0.46720714,-2.42992534,-0.05381054,1.0
2452308.316448,0.991,0.21451714,-3.14175346,-0.05381726,-0.4672185,-2.42996447,-0.05381012,1.0
2452308.320138,0.974,0.21455273,-3.14174823,-0.05381684,-0.4672298,-2.43000339,-0.0538097,1.0
2452308.323838,0.964,0.21458841,-3.14174298,-0.05381641,-0.46724112,-2.43004241,-0.05380928,1.0
2452308.327548,0.961,0.21462419,-3.14173772,-0.05381599,-0.46725247,-2.43008154,-0.05380885,1.0
2452308.331248,0.941,0.21465987,-3.14173247,-0.05381557,-0.46726379,-2.43012057,-0.05380843,1.0
2452308.334948,0.934,0.21469555,-3.14172722,-0.05381514,-0.4672751,-2.43015961,-0.05380801,1.0
2452308.338648,0.918,0.21473123,-3.14172197,-0.05381472,-0.46728641,-2.43019864,-0.05380759,1.0
2452309.19625,0.988,0.22300085,-3.14049438,-0.05371651,-0.46983057,-2.43931639,-0.05370948,1.0
2452309.20037,1.025,0.22304057,-3.14048843,-0.05371604,-0.46984241,-2.43936053,-0.05370901,1.0
2452309.20408,1.064,0.22307634,-3.14048308,-0.05371562,-0.46985308,-2.43940028,-0.05370859,1.0
2452309.20777,1.096,0.22311192,-3.14047775,-0.05371519,-0.46986368,-2.43943981,-0.05370816,1.0
2452309.21147,1.114,0.2231476,-3.1404724,-0.05371477,-0.46987431,-2.43947946,-0.05370774,1.0
2452309.21516,1.122,0.22318318,-3.14046707,-0.05371434,-0.46988491,-2.439519,-0.05370732,1.0
2452309.21887,1.166,0.22321895,-3.14046171,-0.05371392,-0.46989557,-2.43955875,-0.05370689,1.0
2452309.22257,1.168,0.22325462,-3.14045636,-0.05371349,-0.46990619,-2.43959841,-0.05370647,1.0
2452309.22626,1.156,0.2232902,-3.14045103,-0.05371307,-0.46991678,-2.43963795,-0.05370605,1.0
2452309.22997,1.156,0.22332597,-3.14044567,-0.05371265,-0.46992743,-2.43967772,-0.05370562,1.0
2452309.23366,1.154,0.22336155,-3.14044034,-0.05371222,-0.46993801,-2.43971727,-0.0537052,1.0
2452309.23736,1.146,0.22339723,-3.14043499,-0.0537118,-0.46994862,-2.43975693,-0.05370477,1.0
2452309.24107,1.114,0.223433,-3.14042963,-0.05371137,-0.46995926,-2.43979671,-0.05370435,1.0
2452309.24531,1.067,0.22347388,-3.1404235000000003,-0.05371088,-0.46997141,-2.43984216,-0.05370386,1.0
2452309.24902,1.095,0.22350965,-3.14041813,-0.05371046,-0.46998204,-2.43988194,-0.05370344,1.0
2452309.25271,1.018,0.22354523,-3.1404128,-0.05371004,-0.46999261,-2.43992151,-0.05370301,1.0
2452309.25642,0.979,0.223581,-3.14040744,-0.05370961,-0.47000324,-2.43996129,-0.05370259,1.0
2452309.26012,0.966,0.22361667,-3.14040209,-0.05370919,-0.47001383,-2.44000097,-0.05370216,1.0
2452309.26382,0.967,0.22365235,-3.14039673,-0.05370876,-0.47002442,-2.44004065,-0.05370174,1.0
2452309.26751,0.952,0.22368793,-3.1403914,-0.05370834,-0.47003498,-2.44008023,-0.05370132,1.0
2452309.27122,0.943,0.2237237,-3.14038603,-0.05370791,-0.47004559,-2.44012002,-0.05370089,1.0
2452309.27492,0.922,0.22375937,-3.14038068,-0.05370749,-0.47005617,-2.44015971,-0.05370047,1.0
2452309.27861,0.924,0.22379495,-3.14037534,-0.05370706,-0.47006672,-2.44019929,-0.05370004,1.0
2452309.28232,0.925,0.22383072,-3.14036998,-0.05370664,-0.47007732,-2.44023909,-0.05369962,1.0
2452309.28601,0.91,0.2238663,-3.14036464,-0.05370621,-0.47008787,-2.44027868,-0.0536992,1.0
2452309.29553,0.947,0.22395809,-3.14035086,-0.05370512,-0.47011506,-2.44038083,-0.0536981,1.0
2452309.29922,0.965,0.22399366,-3.14034552,-0.0537047,-0.47012559,-2.44042043,-0.05369768,1.0
2452309.30293,0.975,0.22402943,-3.14034015,-0.05370427,-0.47013618,-2.44046024,-0.05369726,1.0
2452309.30663,0.976,0.22406511,-3.1403348,-0.05370385,-0.47014673,-2.44049995,-0.05369683,1.0
2452309.31032,0.998,0.22410069,-3.14032946,-0.05370342,-0.47015726,-2.44053956,-0.05369641,1.0
2452309.31403,0.983,0.22413646,-3.14032409,-0.053703,-0.47016784,-2.44057938,-0.05369598,1.0
2452309.31772,0.999,0.22417204,-3.14031874,-0.05370257,-0.47017836,-2.44061899,-0.05369556,1.0
2452309.32142,0.982,0.22420771,-3.14031339,-0.05370215,-0.4701889,-2.44065871,-0.05369513,1.0
2452309.32513,0.975,0.22424348,-3.14030802,-0.05370172,-0.47019947,-2.44069855,-0.05369471,1.0
2452309.32882,0.967,0.22427906,-3.14030267,-0.0537013,-0.47020998,-2.44073816,-0.05369429,1.0
2452309.33252,0.967,0.22431473,-3.14029731,-0.05370087,-0.47022052,-2.44077789,-0.05369386,1.0
2452309.33622,0.972,0.22435041,-3.14029196,-0.05370045,-0.47023105,-2.44081762,-0.05369344,1.0
2452309.34025,0.99,0.22438926,-3.14028612,-0.05369999,-0.47024252,-2.4408609,-0.05369298,1.0
2452309.34396,1.014,0.22442503,-3.14028074,-0.05369956,-0.47025308,-2.44090074,-0.05369255,1.0
2452309.34766,1.032,0.22446071,-3.14027538,-0.05369914,-0.4702636,-2.44094048,-0.05369213,1.0
2452309.35136,1.045,0.22449638,-3.14027002,-0.05369871,-0.47027412,-2.44098022,-0.0536917,1.0
2452309.35507,1.073,0.22453215,-3.14026465,-0.05369829,-0.47028467,-2.44102008,-0.05369128,1.0
2452309.35876,1.078,0.22456773,-3.1402593,-0.05369786,-0.47029515,-2.44105971,-0.05369085,1.0
2452309.36246,1.078,0.2246034,-3.14025394,-0.05369744,-0.47030567,-2.44109946,-0.05369043,1.0
2452309.3661700003,1.071,0.22463917,-3.14024857,-0.05369701,-0.4703162,-2.44113932,-0.05369,1.0
2452309.36986,1.07,0.22467475,-3.14024322,-0.05369659,-0.47032668,-2.44117897,-0.05368958,1.0
2452309.37356,1.051,0.22471042,-3.14023785,-0.05369616,-0.47033719,-2.44121873,-0.05368916,1.0
2452309.37726,1.036,0.22474610000000006,-3.14023249,-0.05369574,-0.47034769,-2.44125848,-0.05368873,1.0
2452309.38096,1.017,0.22478177,-3.14022713,-0.05369531,-0.47035818,-2.44129825,-0.05368831,1.0
2452309.39105,0.963,0.22487905,-3.1402125,-0.05369415,-0.4703868,-2.44140669,-0.05368715,1.0
2452309.39476,0.952,0.22491482,-3.14020712,-0.05369373,-0.47039731,-2.44144657,-0.05368672,1.0
2452309.39845,0.942,0.2249504,-3.14020177,-0.0536933,-0.47040777,-2.44148624,-0.053686300000000006,1.0
2452309.40215,0.922,0.22498607,-3.1401964,-0.05369288,-0.47041825,-2.44152601,-0.05368588,1.0
2452309.40584,0.915,0.22502165,-3.14019105,-0.05369246,-0.4704287,-2.44156568,-0.05368545,1.0
2452309.40955,0.905,0.22505742,-3.14018567,-0.05369203,-0.4704392,-2.44160557,-0.05368503,1.0
2452309.41325,0.895,0.22509309,-3.1401803,-0.053691599999999985,-0.47044968,-2.44164536,-0.0536846,1.0
2452309.4169400004,0.888,0.22512867,-3.14017495,-0.05369118,-0.47046012,-2.44168504,-0.05368418,1.0
2452309.42065,0.892,0.22516444,-3.14016957,-0.05369075,-0.47047061,-2.44172493,-0.05368375,1.0
2452309.4243400004,0.872,0.22520002,-3.14016422,-0.05369033,-0.47048105,-2.44176462,-0.05368333,1.0
2452309.42804,0.8640000000000001,0.22523569,-3.14015885,-0.05368991,-0.47049151,-2.44180441,-0.05368291,1.0
2452309.43173,0.865,0.22527127,-3.14015349,-0.05368948,-0.47050194,-2.4418441000000004,-0.05368248,1.0
2452309.4382,0.888,0.22533365,-3.1401441,-0.05368874,-0.47052022,-2.4419137,-0.05368174,1.0
2452309.44191,0.888,0.22536942,-3.14013872,-0.05368831,-0.4705307,-2.44195361,-0.05368131,1.0
2452309.44561,0.915,0.22540509,-3.14013335,-0.05368789,-0.47054114,-2.44199341,-0.05368089,1.0
2452309.44931,0.931,0.22544076,-3.14012798,-0.05368746,-0.47055159,-2.44203322,-0.05368047,1.0
2452309.45302,0.938,0.22547653,-3.14012259,-0.05368704,-0.47056206,-2.44207314,-0.05368004,1.0
2452309.45672,0.959,0.22551221,-3.14011722,-0.05368661,-0.47057249,-2.44211296,-0.05367961,1.0
2452309.46041,0.974,0.22554778,-3.14011186,-0.05368619,-0.4705829000000001,-2.44215266,-0.05367919,1.0
2452309.46412,0.995,0.22558355,-3.14010647,-0.05368576,-0.47059336,-2.44219259,-0.05367877,1.0
2452309.46781,1.024,0.22561913,-3.14010112,-0.05368534,-0.47060376,-2.4422323,-0.05367834,1.0
2452309.47151,1.044,0.2256548,-3.14009574,-0.05368491,-0.47061419,-2.44227213,-0.05367792,1.0
2452309.47522,1.074,0.22569057,-3.14009035,-0.05368449,-0.47062464,-2.44231206,-0.05367749,1.0
2452309.47891,1.102,0.22572615,-3.14008499,-0.05368406,-0.47063503,-2.44235178,-0.05367707,1.0
2453627.325025,0.935,-3.09478601,1.40334257,-0.00369125,-2.10110606,1.24660822,-0.00369229,1.0
2453627.328975,0.941,-3.0948017999999995,1.40331069,-0.00369196,-2.10111238,1.24664322,-0.003693,1.0
2453627.332905,0.904,-3.09481751,1.40327897,-0.00369267,-2.10111866,1.24667803,-0.00369371,1.0
2453627.340795,0.918,-3.09484905,1.40321528,-0.0036941,-2.10113129,1.24674794,-0.00369513,1.0
2453627.345595,0.898,-3.09486824,1.40317654,-0.00369496,-2.10113898,1.24679047,-0.00369599,1.0
2453627.357435,0.856,-3.09491556,1.40308097,-0.00369709,-2.10115797,1.24689537,-0.00369813,1.0
2453627.361375,0.8640000000000001,-3.09493131,1.40304917,-0.00369781,-2.1011643,1.24693028,-0.00369884,1.0
2453627.365335,0.8909999999999999,-3.09494714,1.4030172,-0.00369852,-2.10117067,1.24696537,-0.00369955,1.0
2453627.374075,0.944,-3.09498207,1.40294666,-0.00370009,-2.10118473,1.24704282,-0.00370113,1.0
2453627.378035,0.967,-3.09499789,1.40291469,-0.00370081,-2.10119111,1.24707791,-0.00370184,1.0
2453627.381995,0.972,-3.09501372,1.40288273,-0.00370152,-2.1011975,1.247113,-0.00370255,1.0
2453627.385945,1.021,-3.0950295,1.40285084,-0.00370223,-2.10120387,1.247148,-0.00370327,1.0
2453627.389895,1.032,-3.09504529,1.40281896,-0.00370295,-2.10121024,1.24718301,-0.00370398,1.0
2453627.398625,1.087,-3.09508017,1.40274849,-0.00370452,-2.10122435,1.24726037,-0.00370555,1.0
2453627.402575,1.098,-3.09509596,1.4027166000000002,-0.00370523,-2.10123074,1.24729538,-0.00370626,1.0
2453627.406525,1.107,-3.09511174,1.40268472,-0.00370594,-2.10123713,1.24733038,-0.00370697,1.0
2453627.410485,1.116,-3.09512756,1.40265275,-0.00370666,-2.10124354,1.24736548,-0.00370769,1.0
2453627.414445,1.109,-3.09514339,1.40262079,-0.00370737,-2.10124996,1.24740057,-0.0037084,1.0
2453627.419205,1.099,-3.09516241,1.40258236,-0.00370823,-2.10125768,1.24744276,-0.00370926,1.0
2453627.423145,1.069,-3.09517815,1.40255056,-0.00370894,-2.10126407,1.24747768,-0.00370997,1.0
2453627.427085,1.063,-3.09519389,1.40251875,-0.00370965,-2.10127047,1.2475126,-0.00371068,1.0
2453627.431005,1.036,-3.09520955,1.40248711,-0.00371036,-2.10127684,1.24754734,-0.00371139,1.0
2453627.434945,1.039,-3.09522529,1.4024553,-0.00371107,-2.10128325,1.24758226,-0.0037121,1.0
2453627.438895,0.988,-3.09524107,1.40242341,-0.00371178,-2.10128968,1.24761727,-0.00371281,1.0
2453627.443665,0.959,-3.09526013,1.40238491,-0.00371264,-2.10129744,1.24765955,-0.00371367,1.0
2453627.447605,0.95,-3.09527587,1.4023531,-0.00371335,-2.10130386,1.24769447,-0.00371438,1.0
2453627.451565,0.958,-3.09529169,1.40232113,-0.00371406,-2.10131032,1.24772957,-0.00371509,1.0
2453627.455495,0.951,-3.09530739,1.40228941,-0.00371477,-2.10131673,1.24776441,-0.0037158,1.0
2453627.459435,0.962,-3.09532312,1.4022576,-0.00371548,-2.10132316,1.24779933,-0.00371651,1.0
2453627.463385,0.945,-3.0953389,1.40222571,-0.00371619,-2.10132962,1.24783435,-0.00371722,1.0
2453627.468175,0.936,-3.09535804,1.40218704,-0.00371706,-2.10133745,1.24787681,-0.00371809,1.0
2453627.472145,0.964,-3.09537389,1.4021549999999998,-0.00371777,-2.10134394,1.247912,-0.0037188,1.0
2453627.476105,0.986,-3.09538971,1.40212303,-0.00371849,-2.10135042,1.2479471000000002,-0.00371951,1.0
2453627.480035,0.994,-3.09540541,1.4020913000000002,-0.0037192,-2.10135686,1.24798194,-0.00372022,1.0
2453627.483985,1.003,-3.09542118,1.40205941,-0.00371991,-2.10136333,1.24801696,-0.00372093,1.0
2453627.487925,0.978,-3.09543692,1.4020276000000005,-0.00372062,-2.1013698,1.24805189,-0.00372164,1.0
2453627.492685,0.991,-3.09545593,1.40198918,-0.00372148,-2.10137761,1.24809408,-0.0037225,1.0
2453627.496635,1.008,-3.0954717,1.40195729,-0.00372219,-2.1013841,1.2481291,-0.00372321,1.0
2453627.500585,1.014,-3.09548748,1.4019254,-0.0037229,-2.10139059,1.24816412,-0.00372393,1.0
2453627.504515,1.044,-3.09550317,1.40189367,-0.00372361,-2.10139705,1.24819896,-0.00372463,1.0
2453627.508465,1.05,-3.09551895,1.40186178,-0.00372432,-2.10140355,1.24823398,-0.00372535,1.0
2453627.512395,1.057,-3.09553464,1.40183005,-0.00372503,-2.10141002,1.24826882,-0.00372605,1.0
2453627.517165,0.995,-3.09555369,1.40179154,-0.00372589,-2.10141788,1.24831111,-0.00372691,1.0
2453627.5211150004,1.017,-3.09556946,1.40175965,-0.0037266,-2.10142439,1.24834614,-0.00372763,1.0
2453627.525055,0.999,-3.0955852000000004,1.40172784,-0.00372731,-2.1014308999999995,1.24838107,-0.00372834,1.0
2453627.529005,1.009,-3.09560097,1.40169595,-0.00372802,-2.10143742,1.24841609,-0.00372905,1.0
2453627.5329650003,0.998,-3.09561678,1.40166398,-0.00372874,-2.10144396,1.2484512,-0.00372976,1.0
2453627.536895,0.996,-3.09563247,1.40163225,-0.00372945,-2.10145046,1.24848605,-0.00373047,1.0
2453627.541685,1.018,-3.0956516,1.40159358,-0.00373031,-2.10145838,1.24852852,-0.00373133,1.0
2453627.545625,1.07,-3.09566733,1.40156177,-0.00373102,-2.1014649,1.24856346,-0.00373204,1.0
2453627.549595,1.022,-3.09568318,1.40152972,-0.00373174,-2.10147148,1.24859866,-0.00373276,1.0
2453627.553535,1.051,-3.09569891,1.4014979,-0.00373245,-2.10147801,1.2486336,-0.00373347,1.0
2453627.566195,1.05,-3.09574945,1.40139569,-0.00373473,-2.10149902,1.24874586,-0.00373575,1.0
2453627.570135,1.029,-3.09576518,1.40136388,-0.00373544,-2.10150557,1.2487808,-0.00373646,1.0
2453627.574075,1.038,-3.0957809,1.40133207,-0.00373615,-2.10151212,1.24881574,-0.00373717,1.0
2453636.277239,1.112,-3.12963689,1.33066682,-0.00530392,-2.12613245,1.3267366000000005,-0.00530452,1.0
2453636.281569,1.084,-3.12965329,1.33063147,-0.0053047,-2.12614978,1.32677547,-0.005305300000000001,1.0
2453636.285869,1.079,-3.12966958,1.33059636,-0.00530548,-2.12616699,1.32681407,-0.00530608,1.0
2453636.290189,1.021,-3.12968594,1.33056109,-0.00530625,-2.12618429,1.32685285,-0.00530686,1.0
2453636.294489,0.987,-3.12970223,1.33052599,-0.00530703,-2.12620151,1.32689145,-0.00530763,1.0
2453636.299759,0.973,-3.12972219,1.33048296,-0.00530798,-2.12622262,1.32693875,-0.00530858,1.0
2453636.304079,0.957,-3.12973855,1.33044769,-0.00530875,-2.12623993,1.32697753,-0.00530935,1.0
2453636.308369,0.943,-3.1297548,1.33041266,-0.00530953,-2.12625713,1.32701604,-0.00531013,1.0
2453636.312689,0.957,-3.12977116,1.33037739,-0.0053103,-2.12627445,1.32705482,-0.0053109,1.0
2453636.316969,0.952,-3.12978737,1.33034245,-0.00531107,-2.12629162,1.32709324,-0.00531167,1.0
2453636.322149,0.943,-3.12980699,1.33030016,-0.00531201,-2.1263124,1.32713974,-0.00531261,1.0
2453636.3264490003,0.979,-3.12982327,1.33026505,-0.00531278,-2.12632966,1.32717834,-0.00531338,1.0
2453636.330749,0.981,-3.12983955,1.33022994,-0.00531355,-2.12634693,1.32721694,-0.00531415,1.0
2453636.335049,0.982,-3.12985584,1.33019483,-0.00531433,-2.12636419,1.32725554,-0.00531493,1.0
2453636.339339,1.02,-3.12987208,1.33015981,-0.0053151000000000006,-2.12638143,1.32729405,-0.0053157,1.0
2453636.348869,1.024,-3.12990817,1.330082,-0.00531682,-2.12641973,1.32737959,-0.00531741,1.0
2453636.353169,1.031,-3.12992445,1.33004689,-0.00531759,-2.12643702,1.32741819,-0.00531819,1.0
2453636.357469,1.039,-3.12994073,1.33001178,-0.00531836,-2.12645431,1.32745679,-0.00531896,1.0
2453636.361769,1.017,-3.12995701,1.32997667,-0.00531914,-2.12647161,1.32749538,-0.00531973,1.0
2453636.367019,1.0,-3.12997688,1.32993381,-0.00532008,-2.12649274,1.32754251,-0.00532068,1.0
2453636.371299,0.993,-3.12999309,1.32989886,-0.00532085,-2.12650997,1.32758093,-0.00532145,1.0
2453636.375599,0.997,-3.13000937,1.32986375,-0.00532163,-2.12652729,1.32761952,-0.00532222,1.0
2453636.384189,0.978,-3.13004188,1.32979361,-0.00532317,-2.12656189,1.32769663,-0.00532377,1.0
2453636.389419,0.992,-3.13006168,1.32975091,-0.00532411,-2.12658297,1.32774357,-0.00532471,1.0
2453636.393719,0.992,-3.13007796,1.3297158000000002,-0.00532489,-2.12660031,1.32778217,-0.00532548,1.0
2453636.398029,1.025,-3.13009427,1.3296806,-0.00532566,-2.12661769,1.32782085,-0.00532626,1.0
2453636.402329,1.017,-3.13011055,1.32964549,-0.00532644,-2.12663504,1.32785945,-0.00532703,1.0
2453636.406649,1.038,-3.1301269,1.32961022,-0.00532721,-2.12665247,1.32789822,-0.00532781,1.0
2453636.4118790003,1.0490000000000002,-3.13014669,1.32956751,-0.00532816,-2.12667358,1.32794517,-0.00532875,1.0
2453636.416169,1.041,-3.13016293,1.32953248,-0.00532893,-2.1266909,1.32798367,-0.00532952,1.0
2453636.420469,1.034,-3.13017921,1.32949737,-0.0053297,-2.12670827,1.32802227,-0.0053303000000000005,1.0
2453636.429049,1.022,-3.13021168,1.32942731,-0.00533125,-2.12674294,1.32809928,-0.00533184,1.0
2453636.434279,1.004,-3.13023147,1.3293846,-0.00533219,-2.12676408,1.32814622,-0.00533278,1.0
2453636.438569,0.999,-3.1302477000000004,1.32934957,-0.00533296,-2.12678143,1.32818473,-0.00533355,1.0
2453636.442869,0.996,-3.13026398,1.32931446,-0.00533373,-2.12679882,1.32822332,-0.00533433,1.0
2453636.447169,0.975,-3.13028025,1.32927935,-0.00533451,-2.12681622,1.32826191,-0.005335100000000001,1.0
2453636.451459,0.974,-3.13029648,1.32924432,-0.00533528,-2.12683359,1.32830042,-0.00533587,1.0
2453636.456699,0.956,-3.13031631,1.32920153,-0.00533622,-2.1268548,1.32834745,-0.00533681,1.0
2453636.461009,0.943,-3.13033262,1.32916633,-0.005337,-2.12687226,1.32838613,-0.00533759,1.0
2453636.465289,0.924,-3.13034881,1.32913138,-0.00533777,-2.1268896,1.32842455,-0.00533836,1.0
2453636.469599,0.894,-3.13036512,1.32909619,-0.00533854,-2.12690706,1.32846323,-0.00533914,1.0
2453636.473889,0.902,-3.13038135,1.32906115,-0.00533932,-2.12692445,1.32850173,-0.00533991,1.0
2453636.479119,0.906,-3.13040113,1.32901845,-0.00534026,-2.12694566,1.32854867,-0.00534085,1.0
2453636.483429,0.9,-3.13041744,1.32898325,-0.00534103,-2.12696314,1.32858735,-0.00534162,1.0
2453636.487709,0.899,-3.13043363,1.3289483,-0.0053418,-2.1269805,1.32862577,-0.00534239,1.0
2453636.492009,0.927,-3.1304499,1.32891318,-0.00534258,-2.12699795,1.32866436,-0.00534317,1.0
2453636.496309,0.931,-3.13046616,1.32887807,-0.00534335,-2.12701541,1.32870295,-0.00534394,1.0
2453636.501509,0.981,-3.13048583,1.3288356,-0.00534429,-2.12703653,1.32874962,-0.00534488,1.0
2453636.505799,1.054,-3.13050206,1.32880057,-0.00534506,-2.12705395,1.32878812,-0.00534565,1.0
2453636.510079,1.0659999999999998,-3.13051825,1.32876562,-0.00534583,-2.12707134,1.32882653,-0.00534642,1.0
2453636.5143790003,1.093,-3.13053452,1.3287305,-0.0053466,-2.12708882,1.32886513,-0.00534719,1.0
2453636.518669,1.138,-3.13055074,1.32869547,-0.00534738,-2.12710626,1.32890363,-0.00534796,1.0
2453636.523909,1.126,-3.13057056,1.32865268,-0.00534832,-2.12712757,1.32895065,-0.00534891,1.0
2453636.528209,1.152,-3.13058683,1.32861756,-0.00534909,-2.12714506,1.32898924,-0.00534968,1.0
2453993.373958,0.997,-2.9110545,-1.72839277,-0.05758873,-1.9155175,-1.87165189,-0.05759004,1.0
2453993.378378,0.98,-2.9110327000000003,-1.72842628,-0.05758912,-1.91548611,-1.87161042,-0.05759043,1.0
2453993.382088,0.982,-2.9110144,-1.72845441,-0.05758945,-1.91545976,-1.87157561,-0.05759076,1.0
2453993.385788,0.961,-2.91099615,-1.72848246,-0.05758978,-1.91543349,-1.8715409,-0.05759109,1.0
2453993.389488,0.966,-2.9109779,-1.72851051,-0.05759011,-1.91540723,-1.87150618,-0.05759142,1.0
2453993.393188,0.991,-2.91095965,-1.72853857,-0.05759044,-1.91538097,-1.87147147,-0.05759175,1.0
2453993.396888,1.009,-2.9109414,-1.72856662,-0.05759077,-1.91535471,-1.87143675,-0.05759208,1.0
2453993.400588,1.015,-2.91092315,-1.72859467,-0.057591099999999985,-1.91532846,-1.87140203,-0.05759241,1.0
2453993.404288,1.008,-2.9109049,-1.72862272,-0.05759143,-1.91530221,-1.87136731,-0.05759274,1.0
2453993.407988,1.018,-2.91088665,-1.72865077,-0.05759176,-1.91527596,-1.8713326,-0.05759306,1.0
2453993.411688,1.015,-2.9108684,-1.72867882,-0.05759209,-1.91524972,-1.87129788,-0.05759339,1.0
2453993.415388,1.016,-2.91085015,-1.72870687,-0.05759242,-1.91522348,-1.87126316,-0.05759372,1.0
2453993.4199880003,1.007,-2.91082745,-1.72874174,-0.05759283,-1.91519086,-1.87121999,-0.05759413,1.0
2453993.423678,1.032,-2.91080925,-1.72876971,-0.05759316,-1.9151647,-1.87118536,-0.05759446,1.0
2453993.427378,1.028,-2.910791,-1.72879776,-0.05759349,-1.91513847,-1.87115064,-0.05759479,1.0
2453993.431088,0.983,-2.91077269,-1.72882589,-0.05759382,-1.91511218,-1.87111582,-0.05759512,1.0
2453993.4347880003,1.006,-2.91075444,-1.72885394,-0.05759414,-1.91508596,-1.8710811,-0.05759545,1.0
2453993.438478,0.981,-2.91073623,-1.72888191,-0.05759447,-1.91505981,-1.87104646,-0.05759578,1.0
2453993.4421880003,0.981,-2.91071793,-1.72891004,-0.0575948,-1.91503353,-1.87101164,-0.05759611,1.0
2453993.445888,0.964,-2.91069968,-1.72893808,-0.05759513,-1.91500732,-1.87097692,-0.05759644,1.0
2453993.449598,0.942,-2.91068137,-1.72896621,-0.05759546,-1.91498104,-1.8709421,-0.05759677,1.0
2453993.453288,0.961,-2.91066317,-1.72899418,-0.05759579,-1.91495491,-1.87090746,-0.0575971,1.0
2453993.4569880003,0.927,-2.91064491,-1.72902223,-0.05759612,-1.91492871,-1.87087273,-0.05759742,1.0
2453993.4621880003,0.93,-2.91061925,-1.72906165,-0.05759658,-1.9148919,-1.87082392,-0.05759789,1.0
2453993.465878,0.936,-2.91060105,-1.72908962,-0.05759691,-1.91486578,-1.87078929,-0.05759822,1.0
2453993.4695880003,0.919,-2.91058274,-1.72911774,-0.05759724,-1.91483952,-1.87075446,-0.05759855,1.0
2453993.473278,0.908,-2.91056453,-1.72914571,-0.05759757,-1.91481341,-1.87071982,-0.05759887,1.0
2453993.476978,0.899,-2.91054627,-1.72917376,-0.057597900000000014,-1.91478723,-1.87068509,-0.0575992,1.0
2453993.480688,0.908,-2.91052797,-1.72920188,-0.05759823,-1.91476099,-1.87065026,-0.05759953,1.0
2453993.4843880003,0.922,-2.91050971,-1.72922993,-0.05759856,-1.91473482,-1.87061553,-0.05759986,1.0
2453993.488088,0.948,-2.91049145,-1.72925798,-0.05759889,-1.91470865,-1.87058079,-0.05760019,1.0
2453993.4917880003,0.944,-2.91047319,-1.72928602,-0.05759922,-1.91468249,-1.87054606,-0.05760052,1.0
2453993.495488,0.967,-2.91045493,-1.72931407,-0.05759955,-1.91465633,-1.87051132,-0.05760085,1.0
2453993.499198,0.982,-2.91043663,-1.72934219,-0.05759988,-1.9146301,-1.87047649,-0.05760118,1.0
2453993.502888,0.994,-2.91041842,-1.72937016,-0.0576002,-1.91460402,-1.87044185,-0.05760151,1.0
2453993.5086080004,1.054,-2.91039019,-1.72941352,-0.05760071,-1.91456359,-1.87038814,-0.05760202,1.0
2453993.512308,1.064,-2.91037193,-1.72944156,-0.05760104,-1.91453745,-1.8703534,-0.05760235,1.0
2453993.516018,1.035,-2.91035362,-1.72946968,-0.05760137,-1.91451124,-1.87031857,-0.05760268,1.0
2453993.519718,1.087,-2.91033536,-1.72949773,-0.057601699999999985,-1.9144851000000005,-1.87028383,-0.057603,1.0
2453993.5234080004,1.104,-2.91031714,-1.7295256999999995,-0.05760203,-1.91445904,-1.87024918,-0.05760333,1.0
2453993.527118,1.126,-2.91029883,-1.72955382,-0.05760236,-1.91443284,-1.87021434,-0.05760366,1.0
2453993.530818,1.121,-2.91028057,-1.72958186,-0.05760269,-1.91440672,-1.8701796,-0.05760399,1.0
2453993.534518,1.125,-2.91026231,-1.72960991,-0.05760302,-1.91438059,-1.87014485,-0.05760432,1.0
2453993.538218,1.115,-2.91024405,-1.72963795,-0.05760335,-1.91435448,-1.87011011,-0.05760465,1.0
2453993.541918,1.117,-2.91022579,-1.72966599,-0.05760367,-1.91432836,-1.87007536,-0.05760498,1.0
2453993.545628,1.088,-2.91020747,-1.72969411,-0.057604,-1.91430218,-1.87004052,-0.05760531,1.0
2453993.554008,1.051,-2.91016611,-1.72975763,-0.05760475,-1.91424306,-1.86996182,-0.05760605,1.0
2453993.557698,1.042,-2.91014789,-1.7297856,-0.05760508,-1.91421703,-1.86992717,-0.05760638,1.0
2453993.561408,1.004,-2.91012958,-1.72981371,-0.05760541,-1.91419086,-1.86989232,-0.05760671,1.0
2453993.565098,0.992,-2.91011137,-1.72984168,-0.05760574,-1.91416484,-1.86985767,-0.05760704,1.0
2453993.568798,1.0,-2.9100931,-1.72986972,-0.05760607,-1.91413876,-1.86982292,-0.05760737,1.0
2453993.5725080003,0.977,-2.91007479,-1.72989784,-0.0576064,-1.9141126,-1.86978807,-0.0576077,1.0
2453993.576198,0.976,-2.91005657,-1.72992581,-0.05760672,-1.91408659,-1.86975341,-0.05760803,1.0
2453993.579898,0.964,-2.9100383,-1.72995385,-0.05760705,-1.91406052,-1.86971866,-0.05760836,1.0
2453993.583608,0.961,-2.91001999,-1.72998197,-0.05760738,-1.91403437,-1.86968381,-0.05760869,1.0
2453993.587298,0.958,-2.91000177,-1.73000993,-0.05760771,-1.91400837,-1.86964915,-0.05760901,1.0
2453993.591758,0.992,-2.90997975,-1.73004374,-0.05760811,-1.91397695,-1.86960726,-0.05760941,1.0
2453993.595458,0.99,-2.90996149,-1.73007178,-0.05760844,-1.91395089,-1.8695725,-0.05760974,1.0
2453993.599158,0.982,-2.90994322,-1.73009982,-0.05760876,-1.91392484,-1.86953774,-0.05761007,1.0
2453993.602868,0.991,-2.9099249,-1.73012793,-0.05760909,-1.91389871,-1.86950289,-0.05761040000000001,1.0
2453993.606558,1.016,-2.90990668,-1.7301558999999995,-0.05760942,-1.91387273,-1.86946822,-0.05761073,1.0
2453993.610268,1.022,-2.90988837,-1.73018402,-0.05760975,-1.91384661,-1.86943337,-0.05761106,1.0
2453993.613968,1.02,-2.9098701,-1.73021206,-0.05761008,-1.91382057,-1.86939861,-0.05761139,1.0
2454025.326368,0.99,-2.74230608,-1.96358031,-0.06020191,-1.82626902,-1.57063425,-0.06020297,1.0
2454025.330078,0.982,-2.74228522,-1.96360675,-0.06020219,-1.82627435,-1.57060231,-0.06020324,1.0
2454025.333768,0.989,-2.74226446,-1.96363306,-0.06020246,-1.82627965,-1.57057054,-0.06020352,1.0
2454025.337478,0.988,-2.74224359,-1.96365951,-0.06020274,-1.82628498,-1.57053859,-0.06020379,1.0
2454025.341978,0.997,-2.74221828,-1.96369159,-0.06020308,-1.82629145,-1.57049985,-0.06020413,1.0
2454025.345678,1.005,-2.74219747,-1.96371796,-0.06020335,-1.82629678,-1.57046799,-0.0602044,1.0
2454025.349388,1.008,-2.7421766,-1.96374441,-0.06020363,-1.82630212,-1.57043606,-0.06020468,1.0
2454025.3530880003,1.009,-2.74215579,-1.96377079,-0.0602039,-1.82630746,-1.5704042,-0.06020496,1.0
2454025.356778,1.008,-2.74213503,-1.96379709,-0.06020418,-1.82631278,-1.57037244,-0.06020523,1.0
2454025.3604880003,1.003,-2.74211416,-1.96382354,-0.06020446,-1.82631814,-1.57034051,-0.06020551,1.0
2454025.364178,1.005,-2.7420934,-1.96384984,-0.06020473,-1.82632346,-1.57030874,-0.06020578,1.0
2454025.367878,0.997,-2.74207259,-1.96387622,-0.06020501,-1.82632881,-1.5702769,-0.06020606,1.0
2454025.371578,1.0,-2.74205177,-1.96390259,-0.06020528,-1.82633416,-1.57024505,-0.06020633,1.0
2454025.375278,0.994,-2.74203096,-1.96392896,-0.06020556,-1.82633952,-1.57021321,-0.06020661,1.0
2454025.378988,0.99,-2.74201009,-1.96395541,-0.06020583,-1.82634489,-1.57018128,-0.06020689,1.0
2454025.382678,0.978,-2.74198933,-1.96398171,-0.06020611,-1.82635024,-1.57014953,-0.06020716,1.0
2454025.387558,0.969,-2.74196188,-1.9640165,-0.06020647,-1.82635731,-1.57010754,-0.06020753,1.0
2454025.3912580004,0.947,-2.74194106,-1.96404287,-0.06020675,-1.82636268,-1.5700757,-0.0602078,1.0
2454025.394958,0.938,-2.74192024,-1.96406924,-0.06020702,-1.82636805,-1.57004386,-0.06020808,1.0
2454025.398648,0.933,-2.74189948,-1.96409555,-0.0602073,-1.82637342,-1.57001212,-0.06020835,1.0
2454025.402358,0.924,-2.74187861,-1.96412199,-0.06020758,-1.82637881,-1.5699802,-0.06020863,1.0
2454025.4060580004,0.919,-2.74185779,-1.96414836,-0.06020785,-1.82638419,-1.56994837,-0.0602089,1.0
2454025.409748,0.916,-2.74183703,-1.96417466,-0.06020813,-1.82638956,-1.56991662,-0.06020918,1.0
2454025.4134580004,0.912,-2.74181616,-1.96420111,-0.06020840000000001,-1.82639497,-1.56988471,-0.06020945,1.0
2454025.417148,0.904,-2.7417954,-1.96422741,-0.06020868,-1.82640035,-1.56985297,-0.06020973,1.0
2454025.4208580004,0.916,-2.74177452,-1.96425385,-0.06020895,-1.82640576,-1.56982106,-0.06021001,1.0
2454025.424548,0.921,-2.74175376,-1.96428015,-0.06020923,-1.82641114,-1.56978932,-0.06021028,1.0
2454025.428248,0.935,-2.74173294,-1.96430652,-0.06020951,-1.82641655,-1.56975749,-0.06021056,1.0
2454025.432728,0.959,-2.74170773,-1.96433845,-0.06020984,-1.8264231,-1.56971896,-0.06021089,1.0
2454025.4364380003,0.968,-2.74168686,-1.9643649,-0.06021012,-1.82642852,-1.56968706,-0.06021117,1.0
2454025.440138,1.003,-2.74166604,-1.96439127,-0.06021039,-1.82643394,-1.56965524,-0.06021144,1.0
2454025.443828,1.023,-2.74164527,-1.96441757,-0.06021067,-1.82643934,-1.56962351,-0.06021172,1.0
2454025.447538,1.041,-2.7416244,-1.96444401,-0.06021094,-1.82644478,-1.56959161,-0.06021199,1.0
2454025.4512380003,1.055,-2.74160358,-1.96447038,-0.06021122,-1.8264502,-1.56955979,-0.06021227,1.0
2454025.454928,1.08,-2.74158281,-1.96449668,-0.06021149,-1.82645561,-1.56952807,-0.06021254,1.0
2454025.4586380003,1.095,-2.74156193,-1.96452312,-0.06021177,-1.82646106,-1.56949617,-0.06021282,1.0
2454025.462328,1.101,-2.74154117,-1.96454942,-0.06021204,-1.82646648,-1.56946445,-0.0602131,1.0
2454025.4660380003,1.103,-2.74152029,-1.96457586,-0.06021232,-1.82647194,-1.56943255,-0.06021337,1.0
2454025.469728,1.11,-2.74149953,-1.96460215,-0.0602126,-1.82647736,-1.56940083,-0.06021365,1.0
2454025.473428,1.116,-2.7414787,-1.96462852,-0.06021287,-1.82648281,-1.56936903,-0.06021392,1.0
2454025.479068,1.089,-2.74144696,-1.96466872,-0.06021329,-1.82649112,-1.56932055,-0.06021434,1.0
2454025.482768,1.091,-2.74142614,-1.96469509,-0.06021357,-1.82649657,-1.56928874,-0.06021462,1.0
2454025.486478,1.084,-2.74140526,-1.96472153,-0.06021384,-1.82650204,-1.56925686,-0.06021489,1.0
2454025.490168,1.053,-2.74138449,-1.96474782,-0.06021412,-1.82650749,-1.56922514,-0.06021517,1.0
2454025.4938580003,1.035,-2.74136373,-1.96477412,-0.06021439,-1.82651294,-1.56919343,-0.06021544,1.0
2454025.497558,1.016,-2.7413429,-1.96480049,-0.06021467,-1.82651841,-1.56916164,-0.06021572,1.0
2454025.5012580003,0.99,-2.74132208,-1.96482685,-0.06021494,-1.82652388,-1.56912984,-0.06021599,1.0
2454025.504948,0.982,-2.74130131,-1.96485315,-0.06021522,-1.82652934,-1.56909813,-0.06021627,1.0
2454025.5086580003,0.967,-2.74128043,-1.96487959,-0.06021549,-1.82653483,-1.56906625,-0.06021655,1.0
2454025.512358,0.956,-2.7412596,-1.96490595,-0.06021577,-1.82654032,-1.56903446,-0.06021682,1.0
2454025.516048,0.955,-2.74123883,-1.96493225,-0.06021604,-1.82654579,-1.56900276,-0.0602171,1.0
2454025.519758,0.955,-2.74121795,-1.96495869,-0.06021632,-1.82655129,-1.56897089,-0.06021737,1.0
2454025.524118,0.955,-2.74119341,-1.96498976,-0.06021665,-1.82655776,-1.56893343,-0.0602177,1.0
2454025.527828,0.959,-2.74117253,-1.96501619,-0.06021692,-1.82656328,-1.56890156,-0.06021797,1.0
2454025.531528,0.961,-2.7411517000000005,-1.96504256,-0.06021720000000001,-1.82656878,-1.56886977,-0.06021825,1.0
2454025.535218,0.972,-2.74113093,-1.96506885,-0.06021747,-1.82657426,-1.56883808,-0.06021852,1.0
2454025.538928,0.993,-2.74111004,-1.96509529,-0.06021775,-1.82657979,-1.56880621,-0.0602188,1.0
2454025.542618,1.01,-2.74108927,-1.96512158,-0.06021802,-1.82658528,-1.56877452,-0.06021907,1.0
2454025.546328,1.014,-2.74106839,-1.96514802,-0.0602183,-1.82659081,-1.56874265,-0.06021935,1.0
2454025.550018,1.033,-2.74104762,-1.96517431,-0.06021857,-1.82659631,-1.56871096,-0.06021962,1.0
2454025.553718,1.032,-2.74102679,-1.96520068,-0.06021885,-1.82660183,-1.56867919,-0.060219900000000014,1.0
2454025.557428,1.033,-2.7410059,-1.96522711,-0.06021913,-1.82660737,-1.56864733,-0.06022018,1.0
2454025.561118,1.033,-2.74098513,-1.96525341,-0.0602194,-1.82661288,-1.56861564,-0.06022045,1.0
2454025.564818,1.04,-2.7409642999999995,-1.96527977,-0.06021968,-1.82661842,-1.56858387,-0.06022073,1.0
2454025.569148,1.033,-2.74093992,-1.96531062,-0.06022,-1.82662489,-1.56854669,-0.06022105,1.0
2454025.629108,1.004,-2.74060233,-1.96573782,-0.06022446,-1.82671507,-1.56803206,-0.06022551,1.0
2454025.632818,0.995,-2.74058144,-1.96576426,-0.06022474,-1.82672068,-1.56800023,-0.06022579,1.0
2454025.636508,0.992,-2.74056066,-1.96579054,-0.06022501,-1.82672626,-1.56796857,-0.06022606,1.0
2454025.640218,0.997,-2.74053977,-1.96581698,-0.06022529,-1.82673188,-1.56793674,-0.06022634,1.0
2454025.643918,0.992,-2.74051893,-1.96584333,-0.06022556,-1.82673748,-1.567905,-0.06022661,1.0
2454025.6476080003,0.98,-2.74049815,-1.96586962,-0.06022584,-1.82674308,-1.56787335,-0.06022689,1.0
2454025.651318,0.98,-2.74047726,-1.96589605,-0.06022611,-1.8267487,-1.56784153,-0.06022716,1.0
2454025.6550080003,0.981,-2.74045648,-1.96592234,-0.06022639,-1.8267543,-1.56780988,-0.06022744,1.0
2454034.239232,0.976,-2.69133776,-2.02651426,-0.06084787,-1.84887796,-1.49844224,-0.06084881,1.0
2454034.243152,0.952,-2.69131498,-2.02654167,-0.06084815,-1.84889208,-1.49841278,-0.06084908,1.0
2454034.246842,0.94,-2.69129354,-2.02656748,-0.06084841,-1.84890539,-1.49838505,-0.06084934,1.0
2454034.250532,0.931,-2.69127209,-2.02659328,-0.06084867,-1.84891869,-1.49835732,-0.0608496,1.0
2454034.254232,0.915,-2.69125058,-2.02661915,-0.06084893,-1.84893203,-1.49832951,-0.06084986,1.0
2454034.257942,0.9,-2.69122902,-2.02664509,-0.06084919,-1.84894542,-1.49830163,-0.06085012,1.0
2454034.261632,0.904,-2.69120757,-2.02667089,-0.06084945,-1.84895873,-1.49827391,-0.06085038,1.0
2454034.265342,0.912,-2.69118601,-2.02669683,-0.06084971,-1.84897212,-1.49824604,-0.06085064,1.0
2454034.269032,0.906,-2.69116456,-2.02672263,-0.06084997,-1.84898544,-1.49821831,-0.0608509,1.0
2454034.272732,0.901,-2.69114305,-2.0267485,-0.06085023,-1.8489988,-1.49819052,-0.06085116,1.0
2454034.276432,0.905,-2.69112155,-2.02677436,-0.06085049,-1.84901216,-1.49816273,-0.06085142,1.0
2454034.280132,0.91,-2.69110004,-2.02680023,-0.06085075,-1.84902552,-1.49813494,-0.06085168,1.0
2454034.283832,0.918,-2.69107853,-2.0268261,-0.06085101,-1.84903889,-1.49810715,-0.06085194,1.0
2454034.287852,0.94,-2.69105517,-2.02685421,-0.06085129,-1.84905342,-1.49807696,-0.06085223,1.0
2454034.291552,0.961,-2.69103366,-2.02688008,-0.06085155,-1.8490668,-1.49804917,-0.06085249,1.0
2454034.295262,0.985,-2.69101209,-2.02690601,-0.06085181,-1.84908021,-1.49802132,-0.06085275,1.0
2454034.298952,1.008,-2.69099064,-2.02693181,-0.06085207,-1.84909356,-1.49799361,-0.06085301,1.0
2454034.302662,1.018,-2.69096907,-2.02695775,-0.06085233,-1.84910698,-1.49796576,-0.06085327,1.0
2454034.306352,1.041,-2.69094762,-2.02698355,-0.06085259,-1.84912033,-1.49793806,-0.06085353,1.0
2454034.310052,1.057,-2.69092611,-2.02700942,-0.06085285,-1.84913372,-1.49791028,-0.06085379,1.0
2454034.313762,1.087,-2.69090455,-2.02703535,-0.06085311,-1.84914715,-1.49788243,-0.06085405,1.0
2454034.317452,1.105,-2.69088309,-2.02706115,-0.06085337,-1.84916051,-1.49785474,-0.06085431,1.0
2454034.321152,1.103,-2.69086158,-2.02708702,-0.06085363,-1.84917391,-1.49782697,-0.06085457,1.0
2454034.324852,1.109,-2.69084007,-2.02711288,-0.0608539,-1.84918732,-1.4977992,-0.06085483,1.0
2454034.328552,1.105,-2.69081856,-2.02713875,-0.06085416,-1.84920072,-1.49777144,-0.06085509,1.0
2454034.332692,1.092,-2.69079449,-2.02716769,-0.06085445,-1.84921573,-1.49774037,-0.06085538,1.0
2454034.336402,1.093,-2.69077292,-2.02719363,-0.06085471,-1.84922918,-1.49771254,-0.06085564,1.0
2454034.340092,1.079,-2.69075147,-2.02721942,-0.06085497,-1.84924256,-1.49768485,-0.0608559,1.0
2454034.343802,1.051,-2.6907299,-2.02724536,-0.06085523,-1.84925602,-1.49765702,-0.06085616,1.0
2454034.347492,1.045,-2.69070845,-2.02727115,-0.06085549,-1.8492694,-1.49762934,-0.06085642,1.0
2454034.351192,1.029,-2.69068693,-2.02729702,-0.06085575,-1.84928283,-1.49760159,-0.06085668,1.0
2454034.354902,1.008,-2.69066536,-2.02732295,-0.06085601,-1.8492963,-1.49757376,-0.06085694,1.0
2454034.358592,0.985,-2.69064391,-2.02734875,-0.06085627,-1.84930969,-1.49754609,-0.0608572,1.0
2454034.362292,0.973,-2.69062239,-2.02737461,-0.06085653,-1.84932313,-1.49751834,-0.06085746,1.0
2454034.366232,0.967,-2.69059949,-2.02740215,-0.06085681,-1.84933744,-1.4974888000000002,-0.06085774,1.0
2454034.369932,0.961,-2.69057797,-2.02742802,-0.06085707,-1.84935088,-1.49746106,-0.060858,1.0
2454034.373632,0.96,-2.69055646,-2.02745388,-0.06085733,-1.84936433,-1.49743332,-0.06085826,1.0
2454034.377332,0.962,-2.69053494,-2.02747974,-0.06085759,-1.84937778,-1.49740558,-0.06085852,1.0
2454034.381022,0.963,-2.69051349,-2.02750554,-0.06085785,-1.84939119,-1.49737792,-0.06085878,1.0
2454034.384732,0.967,-2.69049191,-2.02753147,-0.06085811,-1.84940469,-1.49735011,-0.06085904,1.0
2454034.388422,0.966,-2.69047046,-2.02755726,-0.06085837,-1.84941811,-1.49732245,-0.06085930000000001,1.0
2454034.392122,0.979,-2.69044894,-2.02758312,-0.06085863,-1.84943157,-1.49729472,-0.06085956,1.0
2454034.395832,0.994,-2.69042737,-2.02760906,-0.06085889,-1.84944507,-1.49726691,-0.06085982,1.0
2454034.399522,1.005,-2.69040591,-2.02763485,-0.06085915,-1.8494585,-1.49723926,-0.06086008,1.0
2454034.403232,1.017,-2.69038433,-2.02766078,-0.06085941,-1.84947201,-1.49721146,-0.06086034,1.0
2454034.409292,1.04,-2.69034909,-2.02770314,-0.06085983,-1.84949408,-1.49716606,-0.06086077,1.0
2454034.413012,1.042,-2.69032746,-2.02772914,-0.06086009,-1.84950763,-1.49713819,-0.06086103,1.0
2454034.416702,1.043,-2.690306,-2.02775493,-0.06086035,-1.84952108,-1.49711054,-0.06086129,1.0
2454034.420402,1.046,-2.69028448,-2.02778079,-0.06086061,-1.84953457,-1.49708283,-0.06086155,1.0
2454034.424102,1.048,-2.69026296,-2.02780665,-0.06086087,-1.84954806,-1.49705511,-0.06086181,1.0
2454034.427802,1.045,-2.69024144,-2.02783251,-0.06086113,-1.84956155,-1.4970274,-0.06086207,1.0
2454034.431492,1.045,-2.69021998,-2.0278583,-0.06086139,-1.84957501,-1.49699977,-0.06086233,1.0
2454034.435202,1.036,-2.69019841,-2.02788423,-0.06086165,-1.84958854,-1.49697198,-0.06086259,1.0
2454034.438892,1.023,-2.69017695,-2.02791002,-0.06086191,-1.84960201,-1.49694435,-0.06086285,1.0
2454034.442592,1.002,-2.69015543,-2.02793588,-0.06086217,-1.84961551,-1.49691665,-0.06086311,1.0
2454034.446302,0.999,-2.69013385,-2.02796181,-0.06086244,-1.84962906,-1.49688887,-0.06086337,1.0
2454034.449992,0.997,-2.69011239,-2.0279876,-0.06086269,-1.84964253,-1.49686125,-0.06086363,1.0
2454034.453962,0.99,-2.6900892999999995,-2.02801535,-0.06086297,-1.84965704,-1.49683153,-0.06086391,1.0
2454034.457672,1.001,-2.69006772,-2.02804127,-0.06086323,-1.84967059,-1.49680376,-0.06086417,1.0
2454034.461362,0.996,-2.69004625,-2.02806706,-0.06086349,-1.84968407,-1.49677614,-0.06086443,1.0
2454034.465062,1.009,-2.69002473,-2.02809292,-0.06086375,-1.8496976000000005,-1.49674844,-0.06086469,1.0
2454034.468762,1.007,-2.69000321,-2.02811878,-0.06086401,-1.84971113,-1.49672075,-0.06086495,1.0
2454034.472462,1.016,-2.68998169,-2.02814464,-0.06086427,-1.84972466,-1.49669307,-0.06086521,1.0
2454034.476162,1.012,-2.68996017,-2.02817049,-0.06086453,-1.84973819,-1.49666538,-0.06086547,1.0
2454034.479862,1.017,-2.68993864,-2.02819635,-0.06086479,-1.84975173,-1.49663769,-0.06086573,1.0
