2452709.426718,0.9685249,2.45086239,1.29971562,-0.6700301,1.47307855,1.47408602,-0.67002696,1.0
2452709.437029,0.9596455,2.45080153,1.29980587,-0.67001286,1.47298367,1.47400095,-0.67000973,1.0
2452709.442469,0.9614149,2.45076941,1.29985349,-0.67000377,1.47293362,1.47395606,-0.67000063,1.0
2452709.44729,0.9649634,2.45074096,1.29989568,-0.66999571,1.47288928,1.47391629,-0.66999258,1.0
2452709.45335,0.9649634,2.45070519,1.29994872,-0.66998558,1.47283354,1.47386628,-0.66998245,1.0
2452709.463671,0.9703107,2.45064426,1.30003906,-0.66996832,1.47273864,1.47378112,-0.66996519,1.0
2452709.470291,0.9623007,2.45060517,1.3000969999999998,-0.66995725,1.47267778,1.47372648,-0.66995412,1.0
2452709.475092,0.9720997,2.45057683,1.30013901,-0.66994922,1.47263366,1.47368686,-0.6699460999999999,1.0
2452709.479902,0.9774866,2.45054843,1.30018111,-0.66994118,1.47258945,1.47364716,-0.66993806,1.0
2452709.487092,0.9901724,2.45050598,1.30024404,-0.66992915,1.47252339,1.47358782,-0.66992604,1.0
2452709.494273,1.013236,2.45046359,1.30030689,-0.66991715,1.47245742,1.47352855,-0.66991403,1.0
2452709.499053,1.00951,2.45043536,1.30034872,-0.66990915,1.47241352,1.47348909,-0.66990604,1.0
2452709.503834,1.023554,2.45040713,1.30039056,-0.66990116,1.47236962,1.47344962,-0.66989805,1.0
2452709.508634,1.033977,2.45037879,1.30043257,-0.66989313,1.47232554,1.47341,-0.66989002,1.0
2452709.513434,1.033025,2.45035044,1.30047458,-0.6698851,1.47228146,1.47337037,-0.66988199,1.0
2452709.520425,1.041624,2.45030916,1.30053576,-0.66987341,1.4722173,1.47331265,-0.6698703,1.0
2452709.531976,1.038749,2.45024095,1.30063684,-0.66985409,1.47211129,1.47321728,-0.66985099,1.0
2452709.542136,1.050294,2.45018094,1.30072576,-0.6698371,1.47201808,1.47313338,-0.66983399,1.0
2452709.546917,1.032074,2.45015271,1.30076759,-0.6698291000000001,1.47197423,1.47309391,-0.669826,1.0
2452709.551887,1.032074,2.45012336,1.30081108,-0.66982078,1.47192865,1.47305286,-0.66981769,1.0
2452713.4170540003,1.003664,2.42706276,1.33450797,-0.66329167,1.4384653,1.4406694,-0.66328984,1.0
2452713.425275,0.9990532,2.42701322,1.33457936,-0.66327765,1.43839837,1.44059965,-0.66327582,1.0
2452713.437586,0.9990532,2.42693903,1.33468628,-0.66325665,1.43829816,1.44049517,-0.66325482,1.0
2452713.445216,1.008297,2.42689304,1.33475254,-0.66324364,1.43823607,1.44043041,-0.66324181,1.0
2452713.451657,1.020443,2.42685423,1.33480847,-0.66323265,1.43818368,1.44037575,-0.66323083,1.0
2452713.461607,1.023266,2.42679425,1.33489489,-0.66321568,1.43810275,1.4402913,-0.66321385,1.0
2452713.466268,1.010156,2.42676616,1.33493536,-0.66320772,1.43806486,1.44025174,-0.66320591,1.0
2452713.4709880003,1.006442,2.42673771,1.33497635,-0.66319967,1.43802648,1.44021168,-0.66319785,1.0
2452713.475668,0.9935473,2.4267095000000003,1.33501699,-0.66319169,1.43798844,1.44017195,-0.66318987,1.0
2452713.480399,0.9790132,2.42668098,1.33505807,-0.66318362,1.43795,1.44013179,-0.6631818,1.0
2452713.492079,0.9790132,2.42661057,1.3351594999999998,-0.66316369,1.43785509,1.44003264,-0.66316188,1.0
2452713.49676,0.9835321,2.42658235,1.33520014,-0.6631557,1.43781707,1.4399928999999998,-0.66315389,1.0
2452713.50141,0.9853454,2.42655432,1.33524052,-0.66314777,1.4377793,1.43995343,-0.66314596,1.0
2452713.50605,0.9926328,2.42652634,1.33528082,-0.66313985,1.43774162,1.43991403,-0.66313804,1.0
2452713.513011,1.006442,2.42648438,1.33534126,-0.66312797,1.43768511,1.43985494,-0.66312617,1.0
2452713.5214110003,1.010156,2.42643373,1.3354142,-0.66311364,1.43761693,1.43978361,-0.66311183,1.0
2452713.530382,1.006442,2.42637964,1.33549209,-0.66309833,1.43754413,1.43970744,-0.66309653,1.0
2452713.535002,1.00274,2.42635178,1.33553221,-0.66309044,1.43750665,1.43966821,-0.66308864,1.0
2452713.5396330003,0.9935473,2.42632386,1.33557241,-0.66308254,1.43746909,1.43962889,-0.66308074,1.0
2452713.542523,0.9972143,2.42630643,1.33559751,-0.66307761,1.43744565,1.43960435,-0.66307581,1.0
2452725.382517,0.9901983,2.35273838,1.43716687,-0.64227726,1.3601446,1.33706619,-0.64227929,1.0
2452725.404008,0.9811199,2.35260092,1.43734891,-0.64223843,1.36003828,1.33687898,-0.64224047,1.0
2452725.410339,1.009537,2.35256043,1.43740252,-0.64222699,1.36000699,1.33682384,-0.64222904,1.0
2452725.4151290003,1.016067,2.35252978,1.4374431,-0.64221834,1.35998331,1.33678211,-0.64222038,1.0
2452725.420519,1.019817,2.3524953,1.43748875,-0.6422085999999999,1.35995668,1.33673515,-0.64221064,1.0
2452725.4270900004,1.019817,2.35245327,1.4375444,-0.64219673,1.35992423,1.33667792,-0.64219877,1.0
2452725.43186,0.9984408,2.35242275,1.4375848,-0.64218811,1.35990067,1.33663637,-0.64219015,1.0
2452725.4366200003,0.9947688,2.3523923,1.43762512,-0.6421795,1.35987718,1.3365949,-0.64218155,1.0
2452725.441381,0.9641007,2.35236184,1.43766544,-0.6421709,1.35985368,1.33655344,-0.64217295,1.0
2452725.446141,0.9739175,2.35233139,1.43770575,-0.6421623000000001,1.3598302,1.33651197,-0.64216435,1.0
2452725.450891,0.9757136,2.352301,1.43774598,-0.64215372,1.35980677,1.3364706,-0.64215577,1.0
2452725.460122,0.9712305,2.35224194,1.43782416,-0.64213703,1.35976125,1.33639019,-0.64213909,1.0
2452725.467602,0.9829294,2.35219408,1.43788751,-0.64212351,1.35972438,1.33632504,-0.64212557,1.0
2452725.472372,0.9874663,2.35216355,1.43792791,-0.64211489,1.35970088,1.33628349,-0.64211695,1.0
2452725.477153,0.9966031,2.35213297,1.43796839,-0.64210625,1.35967734,1.33624185,-0.64210832,1.0
2452725.4819630003,1.007679,2.35210219,1.43800913,-0.64209756,1.35965365,1.33619995,-0.64209962,1.0
2452725.486753,1.01233,2.35207153,1.43804969,-0.6420889,1.35963006,1.33615823,-0.64209097,1.0
2452725.492753,1.009537,2.35203314,1.43810051,-0.64207806,1.35960053,1.33610597,-0.64208012,1.0
2452725.497564,1.031151,2.35200235,1.43814124,-0.64206936,1.35957687,1.33606407,-0.64207143,1.0
2452725.502354,1.024524,2.3519717,1.43818181,-0.6420607,1.3595533000000002,1.33602235,-0.64206277,1.0
2452725.506014,1.033052,2.35194827,1.4382128,-0.64205409,1.3595353,1.33599047,-0.64205616,1.0
2452742.3287150003,1.0001209999999998,2.23997316,1.5779101999999998,-0.61046717,1.31350717,1.19497347,-0.61047451,1.0
2452742.333626,0.9936939,2.23993923,1.57795014,-0.61045761,1.31350413,1.19493502,-0.61046495,1.0
2452742.338526,1.021534,2.23990537,1.57798999,-0.61044807,1.31350111,1.19489665,-0.61045541,1.0
2452742.347106,1.030986,2.23984607,1.57805976,-0.61043137,1.31349583,1.19482947,-0.61043871,1.0
2452742.356886,1.026249,2.23977848,1.5781393,-0.61041232,1.31348983,1.1947529,-0.61041967,1.0
2452742.369707,1.01684,2.23968988,1.57824356,-0.61038736,1.313482,1.19465254,-0.61039471,1.0
2452742.376067,1.015904,2.23964592,1.57829528,-0.61037497,1.31347814,1.19460275,-0.61038232,1.0
2452742.381197,1.011236,2.23961046,1.57833699,-0.61036498,1.31347502,1.1945626,-0.61037233,1.0
2452742.389978,1.014969,2.23954977,1.57840839,-0.61034789,1.31346971,1.19449389,-0.61035524,1.0
2452742.399368,0.987308,2.23948487,1.57848474,-0.6103295999999999,1.31346405,1.1944204,-0.61033696,1.0
2452742.405388,0.9791577,2.23944325,1.5785337,-0.61031788,1.31346043,1.1943733,-0.61032523,1.0
2452742.411398,0.9764559000000002,2.23940171,1.57858256,-0.61030617,1.31345683,1.19432628,-0.61031353,1.0
2452742.415048,0.9604011,2.23937648,1.57861224,-0.61029906,1.31345464,1.19429772,-0.61030642,1.0
2452742.439249,0.9791577,2.23920917,1.57880901,-0.61025193,1.31344024,1.19410841,-0.61025929,1.0
2452742.4440490003,0.9836773,2.23917599,1.57884804,-0.61024258,1.3134374,1.19407087,-0.61024995,1.0
2452742.44891,0.9900398,2.23914239,1.57888755,-0.61023311,1.31343453,1.19403286,-0.61024048,1.0
2452742.45373,1.001965,2.23910906,1.57892674,-0.61022372,1.31343169,1.19399517,-0.61023109,1.0
2452742.45794,1.010305,2.23907995,1.57896097,-0.61021552,1.31342922,1.19396225,-0.61022289,1.0
2452743.32567,1.0032450000000002,2.23306917,1.5860076,-0.60852217,1.31301019,1.18721222,-0.6085298000000001,1.0
2452743.333,1.011596,2.2330183,1.58606705,-0.60850784,1.31300742,1.1871555,-0.60851547,1.0
2452743.34032,1.012528,2.23296749,1.58612643,-0.60849353,1.31300467,1.18709886,-0.60850116,1.0
2452743.34521,1.0032450000000002,2.23293355,1.5861661,-0.60848397,1.31300284,1.18706103,-0.6084916,1.0
2452743.3562310003,0.9804081,2.23285706,1.58625548,-0.60846242,1.31299874,1.18697578,-0.60847006,1.0
2452743.361071,0.997716,2.23282346,1.58629474,-0.60845296,1.31299694,1.18693834,-0.6084606,1.0
2452743.365901,0.9931318,2.23278994,1.58633392,-0.60844351,1.31299516,1.18690099,-0.60845115,1.0
2452743.3707310003,0.9867495,2.23275641,1.58637309,-0.60843407,1.31299338,1.18686363,-0.60844171,1.0
2452743.380441,1.001398,2.23268901,1.58645185,-0.60841508,1.31298982,1.18678854,-0.60842273,1.0
2452743.385272,0.9876588,2.23265548,1.58649102,-0.60840563,1.31298806,1.18675119,-0.60841328,1.0
2452743.390102,0.9804081,2.23262195,1.5865302,-0.60839619,1.3129863000000002,1.18671384,-0.60840384,1.0
2452743.399482,0.9795056,2.23255683,1.58660627,-0.60837784,1.31298291,1.18664132,-0.6083854999999999,1.0
2452743.405822,0.9849335,2.23251281,1.58665769,-0.60836544,1.31298063,1.18659231,-0.6083731,1.0
2452743.413352,0.9931318,2.23246053,1.58671876,-0.60835072,1.31297793,1.1865341,-0.60835838,1.0
2452743.422683,1.005095,2.23239575,1.58679442,-0.60833247,1.3129746,1.18646198,-0.60834013,1.0
2452743.430223,1.020956,2.2323433999999995,1.58685557,-0.60831772,1.31297193,1.18640371,-0.60832538,1.0
2452743.435923,1.020016,2.23230382,1.5869018,-0.60830657,1.31296992,1.18635966,-0.60831424,1.0
2452743.440723,1.007876,2.23227049,1.58694072,-0.60829718,1.31296823,1.18632257,-0.60830485,1.0
2452743.445524,1.030403,2.23223716,1.58697965,-0.6082878,1.31296655,1.18628548,-0.60829546,1.0
2452764.33367,1.028625,2.08074813,1.75151658,-0.56567437,1.35421358,1.05222991,-0.56568763,1.0
2452764.34532,1.034325,2.08066009,1.75160552,-0.56564964,1.35426128,1.0521737,-0.5656629,1.0
2452764.35788,1.014512,2.08056518,1.7517014,-0.56562298,1.35431273,1.05211314,-0.56563624,1.0
2452764.36965,1.007064,2.08047622,1.75179125,-0.56559799,1.35436098,1.0520564,-0.56561126,1.0
2452764.3822,0.971532,2.08038137,1.75188705,-0.56557134,1.35441245,1.05199594,-0.56558461,1.0
2452764.39422,0.9877731,2.08029053,1.7519788,-0.56554582,1.35446177,1.05193805,-0.5655591,1.0
2452764.4068400003,0.9886834,2.08019514,1.75207512,-0.56551903,1.35451359,1.05187731,-0.5655323,1.0
2452764.415911,1.012645,2.08012658,1.75214435,-0.56549977,1.35455084,1.05183366,-0.56551304,1.0
2452764.430211,1.022956,2.08001848,1.75225349,-0.5654694,1.35460961,1.05176489,-0.56548268,1.0
2452764.444771,1.006137,2.07990842,1.75236461,-0.56543848,1.35466949,1.0516948999999998,-0.56545176,1.0
2452764.455081,1.004285,2.07983047,1.75244329,-0.56541658,1.35471191,1.05164536,-0.56542987,1.0
2452764.464841,1.005211,2.07975669,1.75251777,-0.56539585,1.35475209,1.05159849,-0.56540915,1.0
2452764.475081,0.9941618,2.07967927,1.75259592,-0.56537411,1.35479426,1.05154932,-0.5653874,1.0
2452764.492321,0.9760166,2.07954892,1.75272747,-0.56533749,1.3548653,1.05146659,-0.56535079,1.0
2452764.505111,0.9670681,2.07945221,1.75282506,-0.56531032,1.35491804,1.05140525,-0.56532362,1.0
2452764.517071,0.9895942,2.07936177,1.75291632,-0.56528492,1.35496738,1.05134792,-0.56529822,1.0
2452764.539381,1.030522,2.07919306,1.75308654,-0.56523752,1.35505949,1.05124103,-0.56525083,1.0
2452764.551891,1.023899,2.07909845,1.75318198,-0.56521094,1.35511118,1.05118114,-0.56522425,1.0
2452764.561791,1.005211,2.07902358,1.75325751,-0.56518991,1.35515211,1.05113376,-0.56520322,1.0
2452764.581931,0.9742203000000002,2.07887125,1.75341115,-0.56514712,1.35523542,1.05103743,-0.56516044,1.0
2452764.591651,0.9555583,2.07879773,1.7534853,-0.56512647,1.35527565,1.05099097,-0.56513979,1.0
2452765.347322,0.9871486,2.07307367,1.75924275,-0.56351856,1.3584553999999998,1.04743045,-0.56353205,1.0
2452765.358582,0.9853315,2.07298826,1.75932844,-0.56349457,1.35850355,1.04737817,-0.56350806,1.0
2452765.371242,0.990792,2.07289222,1.75942477,-0.56346759,1.35855771,1.04731942,-0.56348109,1.0
2452765.381052,0.9962826,2.07281779,1.75949942,-0.56344669,1.3585997,1.04727392,-0.56346019,1.0
2452765.391182,1.007355,2.07274094,1.7595765,-0.5634251,1.35864308,1.04722695,-0.5634385999999999,1.0
2452765.401612,1.016676,2.07266181,1.75965585,-0.56340287,1.35868776,1.04717861,-0.56341638,1.0
2452765.411602,1.035577,2.07258601,1.75973186,-0.56338158,1.35873058,1.04713233,-0.56339509,1.0
2452765.422382,1.040357,2.07250421,1.75981388,-0.56335861,1.3587768,1.04708241,-0.56337212,1.0
2452765.432412,1.026083,2.07242811,1.75989019,-0.56333723,1.35881982,1.04703598,-0.56335074,1.0
2452765.442612,1.008283,2.07235071,1.75996778,-0.56331549,1.35886359,1.04698878,-0.563329,1.0
2452765.453092,1.008283,2.07227118,1.76004751,-0.56329315,1.35890858,1.0469403,-0.56330667,1.0
2452765.462862,0.9835185,2.07219704,1.76012183,-0.56327232,1.35895054,1.04689513,-0.56328584,1.0
2452765.473432,0.955834,2.07211682,1.76020223,-0.56324979,1.35899595,1.04684628,-0.56326331,1.0
2452765.488892,0.9584786,2.07199949,1.76031983,-0.56321683,1.35906242,1.04677486,-0.56323036,1.0
2452766.358492,0.9818827,2.06538866,1.76692512,-0.56136005,1.36286844,1.04282798,-0.56137377,1.0
2452766.374622,1.014985,2.06526583,1.76704747,-0.56132555,1.36294029,1.04275608,-0.56133928,1.0
2452766.3856220003,1.02155,2.06518207,1.7671308999999995,-0.56130203,1.36298931,1.04270707,-0.56131576,1.0
2452766.396662,1.02061,2.06509799,1.76721463,-0.56127841,1.36303853,1.04265791,-0.56129214,1.0
2452766.407762,1.002904,2.06501346,1.76729881,-0.56125467,1.36308804,1.0426084999999998,-0.56126841,1.0
2452766.418692,0.992795,2.06493021,1.7673816999999998,-0.56123129,1.36313682,1.04255988,-0.56124503,1.0
2452766.429932,0.9845993,2.0648446,1.76746694,-0.56120725,1.36318699,1.04250989,-0.56122099,1.0
2452766.441172,0.9818827,2.06475899,1.76755218,-0.5611832,1.36323719,1.04245993,-0.56119695,1.0
2452766.474622,0.989144,2.06450419,1.76780582,-0.56111164,1.36338672,1.04231139,-0.56112539,1.0
2452766.4829220003,1.000137,2.06444096,1.76786875,-0.56109388,1.36342385,1.04227457,-0.56110763,1.0
2452766.497302,1.006606,2.06433141,1.76797778,-0.56106311,1.36348821,1.04221079,-0.56107687,1.0
2452766.508082,1.002904,2.06424928,1.76805951,-0.56104005,1.36353648,1.04216301,-0.56105381,1.0
2453671.338482,1.024128,-2.38546926,-2.5119497,0.64576457,-1.5659231000000002,-1.95015006,0.64577203,1.0
2453671.342392,1.018484,-2.38544931,-2.51197643,0.64575894,-1.56594228,-1.95012156,0.64576639,1.0
2453671.346312,0.9870843,-2.3854293,-2.51200324,0.64575328,-1.56596152,-1.95009299,0.64576074,1.0
2453671.350212,0.9816444,-2.3854094,-2.5120299,0.64574766,-1.56598066,-1.95006456,0.64575512,1.0
2453671.3541220003,0.954013,-2.38538945,-2.51205663,0.64574202,-1.56599985,-1.95003607,0.64574948,1.0
2453671.358982,0.9522572,-2.38536465,-2.51208986,0.64573501,-1.56602371,-1.95000065,0.64574247,1.0
2453671.362892,0.955772,-2.3853447,-2.51211659,0.64572937,-1.56604291,-1.94997217,0.64573683,1.0
2453671.366782,0.9461374,-2.38532485,-2.51214319,0.64572376,-1.56606201,-1.94994382,0.64573123,1.0
2453671.370702,0.954013,-2.38530485,-2.51216999,0.64571811,-1.56608127,-1.94991527,0.64572557,1.0
2453671.374602,0.9601834,-2.38528495,-2.51219665,0.64571248,-1.56610043,-1.94988686,0.64571995,1.0
2453671.378532,0.9280134,-2.38526489,-2.51222351,0.64570681,-1.56611974,-1.94985823,0.64571428,1.0
2453671.383392,0.9478821,-2.38524009,-2.51225674,0.64569981,-1.56614363,-1.94982284,0.64570727,1.0
2453671.387293,0.9513805,-2.38522019,-2.5122834,0.64569418,-1.56616281,-1.94979444,0.64570165,1.0
2453671.3912130003,0.9505046,-2.38520019,-2.5123102000000004,0.64568853,-1.56618208,-1.94976589,0.645696,1.0
2453671.395113,0.9496297,-2.38518028,-2.51233686,0.6456829000000001,-1.56620126,-1.94973749,0.64569037,1.0
2453671.399013,0.9646156,-2.38516038,-2.51236352,0.64567728,-1.56622044,-1.9497091,0.64568475,1.0
2453671.402923,0.9655043,-2.38514043,-2.51239025,0.64567164,-1.56623968,-1.94968063,0.64567911,1.0
2453671.407793,1.006362,-2.38511557,-2.51242354,0.64566461,-1.56626364,-1.94964518,0.64567208,1.0
2453671.411713,1.002661,-2.38509557,-2.51245034,0.64565896,-1.56628294,-1.94961665,0.64566643,1.0
2453671.415633,1.0147389999999998,-2.38507556,-2.51247714,0.6456533,-1.56630223,-1.94958812,0.64566078,1.0
2453671.419563,1.00451,-2.3850555,-2.5125040000000003,0.64564763,-1.56632158,-1.94955952,0.64565511,1.0
2453671.423483,1.0138049999999998,-2.3850355,-2.5125307999999995,0.64564198,-1.56634089,-1.949531,0.64564946,1.0
2453671.427393,1.0147389999999998,-2.38501554,-2.51255752,0.64563634,-1.56636015,-1.94950254,0.64564382,1.0
2453671.432193,0.9998947,-2.38499104,-2.51259033,0.64562942,-1.56638379,-1.94946762,0.64563689,1.0
2453671.436113,1.0194219999999998,-2.38497104,-2.51261713,0.64562376,-1.56640311,-1.9494391,0.64563124,1.0
2453671.440023,1.003585,-2.38495108,-2.51264386,0.64561812,-1.56642238,-1.94941066,0.6456255999999999,1.0
2453671.505364,1.067467,-2.38461755,-2.51309044,0.64552386,-1.56674492,-1.9489357,0.64553135,1.0
2453671.509275,1.0596299999999998,-2.38459759,-2.51311717,0.64551821,-1.56676425,-1.9489073,0.64552571,1.0
2453671.513185,1.060606,-2.38457763,-2.51314389,0.64551257,-1.56678358,-1.9488789,0.64552007,1.0
2453671.517095,1.078336,-2.38455767,-2.51317061,0.64550693,-1.56680292,-1.9488505,0.64551443,1.0
2453671.521005,1.073382,-2.38453771,-2.51319733,0.64550129,-1.56682227,-1.94882211,0.64550879,1.0
2453671.524925,1.085311,-2.38451769,-2.51322412,0.64549563,-1.56684166,-1.94879364,0.64550313,1.0
2453671.529795,1.046054,-2.38449283,-2.5132574,0.64548861,-1.56686576,-1.94875828,0.6454960999999999,1.0
2453671.533695,1.055733,-2.38447292,-2.51328405,0.64548298,-1.56688507,-1.94872997,0.64549048,1.0
2453671.537595,1.051851,-2.38445301,-2.5133107000000003,0.64547735,-1.56690438,-1.94870166,0.64548485,1.0
2453671.541515,1.047018,-2.38443299,-2.51333749,0.6454717,-1.56692379,-1.9486732,0.6454791999999999,1.0
2453671.545425,1.051851,-2.38441303,-2.51336421,0.64546605,-1.56694315,-1.94864482,0.64547355,1.0
2453671.549315,1.043168,-2.38439317,-2.51339079,0.64546044,-1.56696242,-1.94861659,0.64546794,1.0
2453671.554165,1.0194219999999998,-2.38436841,-2.51342394,0.64545344,-1.56698645,-1.9485814,0.64546094,1.0
2453671.558075,1.0147389999999998,-2.38434844,-2.51345066,0.6454478,-1.56700583,-1.94855302,0.6454553000000001,1.0
2453671.561995,0.9971357,-2.38432843,-2.51347744,0.64544214,-1.56702526,-1.94852458,0.64544965,1.0
2453671.565905,0.9971357,-2.38430846,-2.51350416,0.6454365,-1.56704464,-1.94849621,0.64544401,1.0
2453671.569816,0.9789358,-2.3842885,-2.51353088,0.64543086,-1.56706403,-1.94846785,0.64543836,1.0
2453671.573726,0.9619538,-2.38426853,-2.5135576,0.64542521,-1.56708342,-1.94843949,0.64543272,1.0
2453671.578606,0.9717492,-2.38424361,-2.51359094,0.64541817,-1.56710762,-1.94840409,0.64542568,1.0
2453671.582516,0.9522572,-2.38422365,-2.51361766,0.64541253,-1.56712702,-1.94837573,0.64542004,1.0
2453671.586426,0.9717492,-2.38420368,-2.51364438,0.64540689,-1.56714642,-1.94834738,0.6454144,1.0
2453671.590346,0.9592996,-2.38418367,-2.51367116,0.64540123,-1.56716588,-1.94831895,0.64540874,1.0
2453671.594256,0.9461374,-2.3841637,-2.51369788,0.64539559,-1.56718529,-1.9482906,0.6454031,1.0
2453671.598166,0.9417904,-2.38414373,-2.51372459,0.64538994,-1.5672046999999998,-1.94826225,0.64539746,1.0
2453671.603026,0.9487553,-2.38411892,-2.5137578,0.64538293,-1.56722883,-1.94822702,0.64539044,1.0
2453671.606946,0.9505046,-2.3840989,-2.51378458,0.64537727,-1.5672483,-1.94819861,0.64538479,1.0
2453671.610846,0.966394,-2.38407898,-2.51381123,0.64537164,-1.56726768,-1.94817034,0.64537916,1.0
2453671.614756,0.9681758,-2.38405901,-2.51383794,0.645366,-1.5672871000000002,-1.948142,0.64537352,1.0
2453671.618666,0.9816444,-2.38403905,-2.51386466,0.64536036,-1.56730653,-1.94811366,0.64536787,1.0
2453671.622596,1.0147389999999998,-2.38401898,-2.51389151,0.64535468,-1.56732607,-1.94808519,0.6453621999999999,1.0
2453671.627446,1.012871,-2.38399421,-2.51392465,0.64534768,-1.56735018,-1.94805004,0.6453552,1.0
2453671.631357,1.026016,-2.38397424,-2.51395136,0.64534204,-1.56736962,-1.94802172,0.64534956,1.0
2453671.635257,1.031702,-2.38395432,-2.51397801,0.64533641,-1.56738902,-1.94799346,0.64534393,1.0
2453671.639187,1.023185,-2.38393425,-2.51400486,0.64533074,-1.56740857,-1.94796499,0.64533826,1.0
2453671.643097,1.028855,-2.38391428,-2.51403157,0.64532509,-1.56742802,-1.94793667,0.64533262,1.0
2453671.647007,1.0147389999999998,-2.38389431,-2.51405828,0.64531945,-1.56744748,-1.94790835,0.64532697,1.0
2453671.656047,1.017547,-2.38384814,-2.51412004,0.6453064000000001,-1.56749247,-1.94784289,0.64531393,1.0
2453671.659967,1.050883,-2.38382812,-2.51414682,0.64530074,-1.56751199,-1.94781451,0.64530827,1.0
2453671.663877,1.036464,-2.38380815,-2.51417353,0.6452951,-1.56753146,-1.9477862,0.64530262,1.0
2453671.671717,1.008218,-2.3837681,-2.51422709,0.64528378,-1.56757051,-1.94772944,0.64529131,1.0
2453671.6756470003,0.9971357,-2.38374803,-2.51425394,0.64527811,-1.5675901,-1.947701,0.64528564,1.0
2453671.679847,1.008218,-2.38372658,-2.51428263,0.64527205,-1.56761103,-1.9476706,0.64527957,1.0
2453671.684037,0.979838,-2.38370518,-2.51431125,0.645266,-1.56763191,-1.94764028,0.64527353,1.0
2453671.688907,1.010076,-2.3836803,-2.51434452,0.64525897,-1.56765619,-1.94760504,0.6452665,1.0
2453671.696718,1.020362,-2.38364041,-2.51439787,0.64524769,-1.56769514,-1.94754853,0.64525522,1.0
2453672.392788,1.058588,-2.38008095,-2.51914856,0.64424176,-1.57122261,-1.94255032,0.64424944,1.0
2453672.395738,1.052753,-2.38006584,-2.51916868,0.64423749,-1.5712378,-1.9425293,0.64424517,1.0
2453672.398678,1.039266,-2.38005079,-2.51918872,0.64423324,-1.57125294,-1.94250835,0.64424092,1.0
2453672.401629,1.025951,-2.38003569,-2.51920884,0.64422897,-1.57126813,-1.94248733,0.64423665,1.0
2453672.404569,1.015609,-2.38002064,-2.51922889,0.64422472,-1.57128327,-1.94246639,0.6442324,1.0
2453672.407519,1.020297,-2.38000554,-2.5192490000000003,0.64422045,-1.57129846,-1.94244537,0.64422813,1.0
2453672.410459,1.025006,-2.37999048,-2.51926905,0.6442161999999999,-1.5713136,-1.94242443,0.64422388,1.0
2453672.4146990003,1.025951,-2.37996878,-2.51929796,0.64421006,-1.57133545,-1.94239422,0.64421774,1.0
2453672.418929,1.01374,-2.37994712,-2.51932681,0.64420394,-1.57135725,-1.94236409,0.64421163,1.0
2453672.422789,1.019358,-2.37992736,-2.51935313,0.64419836,-1.57137714,-1.9423366,0.64420604,1.0
2453672.426659,1.005372,-2.37990754,-2.51937952,0.64419276,-1.57139709,-1.94230904,0.64420044,1.0
2453672.4325490003,0.990665,-2.37987739,-2.51941968,0.64418424,-1.57142746,-1.9422671,0.64419192,1.0
2453672.436239,0.9852054,-2.3798585,-2.51944484,0.6441789000000001,-1.57144648,-1.94224083,0.64418658,1.0
2453672.439929,0.9663327,-2.3798396,-2.51947,0.64417356,-1.57146552,-1.94221456,0.64418125,1.0
2453672.443619,0.9725827,-2.37982071,-2.51949516,0.64416822,-1.57148455,-1.94218829,0.64417591,1.0
2453672.447669,0.9469495,-2.37979997,-2.51952277,0.64416236,-1.57150545,-1.94215947,0.64417005,1.0
2453672.450619,0.9296652,-2.37978487,-2.51954289,0.64415809,-1.57152067,-1.94213847,0.64416578,1.0
2453672.462589,0.9288092,-2.37972358,-2.5196245,0.64414077,-1.57158246,-1.94205328,0.64414846,1.0
2453672.47033,0.9288092,-2.37968394,-2.51967727,0.64412957,-1.57162244,-1.94199821,0.64413726,1.0
2453672.4753,0.930522,-2.37965849,-2.51971116,0.64412238,-1.57164811,-1.94196285,0.64413007,1.0
2453672.47825,0.9228405,-2.37964339,-2.51973127,0.64411811,-1.57166335,-1.94194187,0.6441258000000001,1.0
2453672.48965,0.9618929,-2.37958501,-2.519809,0.64410161,-1.57172228,-1.94186078,0.64410931,1.0
2453672.49444,0.9797759,-2.37956048,-2.51984165,0.64409468,-1.57174705,-1.94182672,0.64410238,1.0
2453672.50273,0.9861131,-2.37951803,-2.51989817,0.64408268,-1.57178992,-1.94176777,0.64409038,1.0
2453672.5099,0.9888418,-2.37948131,-2.51994705,0.6440723,-1.57182702,-1.9417168,0.64408,1.0
2453672.51286,0.9961546999999998,-2.37946615,-2.51996723,0.64406802,-1.57184234,-1.94169576,0.64407572,1.0
2453672.51581,0.9998313,-2.37945104,-2.51998734,0.64406375,-1.5718576000000002,-1.94167479,0.64407145,1.0
2453672.51875,0.9998313,-2.37943598,-2.52000739,0.64405949,-1.57187282,-1.94165389,0.6440672,1.0
2453672.52096,0.9897526,-2.37942466,-2.52002245,0.6440563,-1.57188426,-1.94163819,0.6440640000000001,1.0
2453672.53496,1.008153,-2.37935296,-2.52011789,0.64403603,-1.57195677,-1.94153871,0.64404374,1.0
2453672.539381,0.9961546999999998,-2.37933032,-2.52014802,0.64402963,-1.57197967,-1.9415073,0.64403734,1.0
2453672.542321,0.9824868,-2.37931526,-2.52016807,0.64402538,-1.5719949,-1.94148642,0.64403309,1.0
2453672.546371,0.9601222,-2.37929452,-2.52019567,0.64401952,-1.57201589,-1.94145765,0.64402722,1.0
2453672.552441,0.9752742,-2.37926343,-2.52023705,0.64401073,-1.57204736,-1.94141454,0.64401844,1.0
2453672.561841,0.9592384,-2.37921528,-2.52030113,0.64399712,-1.5720961000000002,-1.94134779,0.64400484,1.0
2453672.569941,0.9861131,-2.37917379,-2.52035634,0.6439854,-1.57213812,-1.94129028,0.64399311,1.0
2453672.573261,0.9979911,-2.37915679,-2.52037897,0.64398059,-1.57215534,-1.94126671,0.64398831,1.0
2453672.576211,1.019358,-2.37914168,-2.52039908,0.64397632,-1.57217065,-1.94124577,0.64398404,1.0
2453672.579521,1.020297,-2.37912472,-2.52042164,0.64397153,-1.57218783,-1.94122228,0.64397925,1.0
2453672.583571,1.0335379999999998,-2.37910397,-2.52044925,0.64396567,-1.57220885,-1.94119353,0.64397338,1.0
2453672.586511,1.037353,-2.37908891,-2.52046929,0.64396141,-1.57222412,-1.94117267,0.64396913,1.0
2453672.590011,1.030687,-2.37907099,-2.52049315,0.64395634,-1.57224229,-1.94114783,0.64396406,1.0
2453672.593141,1.039266,-2.37905495,-2.52051448,0.64395181,-1.57225855,-1.94112562,0.64395953,1.0
2453672.596461,1.060539,-2.37903794,-2.52053711,0.64394701,-1.57227579,-1.94110207,0.64395473,1.0
2453672.604011,1.042142,-2.37899927,-2.52058857,0.64393608,-1.57231502,-1.9410485,0.6439438,1.0
2453672.610652,1.046951,-2.37896525,-2.52063383,0.64392646,-1.57234952,-1.9410014,0.64393418,1.0
2453672.615062,1.032587,-2.37894266,-2.52066388,0.64392008,-1.57237245,-1.94097013,0.6439278,1.0
2453672.618202,1.022178,-2.37892657,-2.52068529,0.64391553,-1.57238877,-1.94094786,0.64392326,1.0
2453672.621142,1.01842,-2.37891151,-2.52070532,0.64391128,-1.57240406,-1.94092701,0.6439189999999999,1.0
2453672.624082,1.010943,-2.37889645,-2.52072536,0.64390702,-1.57241935,-1.94090616,0.64391474,1.0
2453672.625922,1.01374,-2.37888702,-2.5207379,0.64390436,-1.57242892,-1.94089312,0.64391208,1.0
2453682.409814,1.024674,-2.32800263,-2.58659786,0.62953445,-1.6337191,-1.87974694,0.62954406,1.0
2453682.412204,1.025618,-2.32799002,-2.58661375,0.62953089,-1.63373649,-1.87973416,0.62954051,1.0
2453682.414554,1.020906,-2.32797761,-2.58662937,0.62952739,-1.63375359,-1.8797216,0.62953701,1.0
2453682.4169240003,1.016215,-2.32796511,-2.58664513,0.62952386,-1.63377084,-1.87970894,0.62953348,1.0
2453682.419274,1.023731,-2.3279527,-2.58666075,0.62952035,-1.63378794,-1.87969639,0.62952998,1.0
2453682.421684,1.019966,-2.32793998,-2.58667677,0.62951676,-1.63380548,-1.87968351,0.62952639,1.0
2453682.424044,1.013411,-2.32792753,-2.58669245,0.62951325,-1.63382266,-1.8796709,0.62952287,1.0
2453682.4264040003,1.019966,-2.32791507,-2.58670814,0.62950973,-1.63383984,-1.8796583,0.62951936,1.0
2453682.428754,1.005971,-2.32790267,-2.58672376,0.62950623,-1.63385695,-1.87964574,0.62951585,1.0
2453682.4311240003,1.000428,-2.32789016,-2.58673951,0.6295026999999999,-1.6338742,-1.87963309,0.62951232,1.0
2453682.433494,1.010615,-2.32787765,-2.58675527,0.62949917,-1.63389146,-1.87962043,0.62950879,1.0
2453682.435884,0.990343,-2.32786503,-2.58677115,0.62949561,-1.63390886,-1.87960767,0.62950523,1.0
2453682.438244,0.9821678,-2.32785258,-2.58678684,0.6294920999999999,-1.63392604,-1.87959507,0.62950172,1.0
2453682.441304,0.9839787,-2.32783643,-2.58680718,0.62948754,-1.63394832,-1.87957873,0.62949716,1.0
2453682.443674,0.9848853,-2.32782392,-2.58682293,0.62948401,-1.63396558,-1.87956608,0.62949363,1.0
2453682.446024,0.9776552,-2.32781151,-2.58683855,0.62948051,-1.6339827,-1.87955354,0.62949013,1.0
2453682.448384,0.9615806,-2.32779906,-2.58685423,0.62947699,-1.63399989,-1.87954094,0.62948662,1.0
2453682.450744,0.9562813,-2.3277866,-2.58686992,0.62947347,-1.63401708,-1.87952835,0.6294831,1.0
2453682.453104,0.9589273,-2.32777414,-2.58688561,0.62946996,-1.63403427,-1.87951575,0.62947958,1.0
2453682.455464,0.9536426,-2.32776168,-2.58690129,0.62946644,-1.63405146,-1.87950316,0.62947607,1.0
2453682.457824,0.9589273,-2.32774923,-2.58691698,0.62946293,-1.63406865,-1.87949057,0.62947255,1.0
2453682.460204,0.9536426,-2.32773666,-2.58693279,0.62945938,-1.63408599,-1.87947787,0.62946901,1.0
2453682.462574,0.9388273,-2.32772415,-2.58694855,0.62945585,-1.63410326,-1.87946523,0.62946548,1.0
2453682.464944,0.9501357,-2.32771164,-2.5869643,0.62945232,-1.63412053,-1.87945259,0.62946195,1.0
2453682.467304,0.947514,-2.32769919,-2.58697998,0.6294488,-1.63413773,-1.87944,0.62945843,1.0
2453682.474164,0.9276531,-2.32766297,-2.58702558,0.62943858,-1.63418772,-1.87940342,0.62944821,1.0
2453682.476544,0.9132415,-2.32765041,-2.58704139,0.62943504,-1.63420507,-1.87939073,0.62944467,1.0
2453682.478904,0.9216917,-2.32763795,-2.58705708,0.62943152,-1.63422227,-1.87937815,0.62944115,1.0
2453682.481264,0.9501357,-2.32762549,-2.58707276,0.62942801,-1.63423948,-1.87936557,0.62943764,1.0
2453682.483624,0.947514,-2.32761304,-2.58708845,0.62942449,-1.63425668,-1.87935299,0.62943412,1.0
2453682.486014,0.9319351,-2.32760042,-2.58710433,0.62942093,-1.63427411,-1.87934025,0.62943056,1.0
2453682.488394,0.9466419,-2.32758786,-2.58712015,0.62941738,-1.63429146,-1.87932757,0.62942702,1.0
2453682.490754,0.9362367,-2.3275754,-2.58713583,0.62941387,-1.63430867,-1.87931499,0.6294234999999999,1.0
2453682.493104,0.9624667,-2.32756299,-2.58715145,0.62941036,-1.6343258,-1.87930247,0.62942,1.0
2453682.495464,0.9554008,-2.32755053,-2.58716713,0.62940685,-1.63434301,-1.8792899,0.62941648,1.0
2453682.497864,0.9821678,-2.32753786,-2.58718308,0.62940327,-1.63436052,-1.87927711,0.62941291,1.0
2453682.5002240003,0.9731631,-2.3275254000000003,-2.58719877,0.62939976,-1.63437773,-1.87926454,0.62940939,1.0
2453682.502584,0.9967487,-2.32751295,-2.58721445,0.62939624,-1.63439494,-1.87925197,0.62940588,1.0
2453682.504934,1.0022719999999998,-2.32750054,-2.58723007,0.62939274,-1.63441209,-1.87923945,0.62940237,1.0
2453682.507294,0.9867011999999998,-2.32748808,-2.58724575,0.62938922,-1.6344293,-1.87922689,0.62939886,1.0
2453682.509654,1.007826,-2.32747562,-2.58726143,0.62938571,-1.63444652,-1.87921432,0.62939534,1.0
2453682.5120240003,0.9930832,-2.32746311,-2.58727718,0.62938217,-1.63446381,-1.8792017,0.62939181,1.0
2453682.514374,1.014345,-2.3274507,-2.5872928,0.62937867,-1.63448096,-1.87918919,0.62938831,1.0
2453682.516733,1.003196,-2.32743824,-2.58730848,0.62937516,-1.63449818,-1.87917662,0.62938479,1.0
2453682.5190830003,1.003196,-2.32742584,-2.5873241,0.62937165,-1.63451532,-1.87916411,0.62938129,1.0
2453682.521443,0.9985865,-2.32741338,-2.58733978,0.62936814,-1.63453255,-1.87915155,0.62937778,1.0
2453682.523823,0.9958309,-2.32740081,-2.5873556,0.62936459,-1.63454992,-1.87913889,0.62937423,1.0
2453682.526173,1.017151,-2.3273884,-2.58737122,0.62936109,-1.63456707,-1.87912638,0.62937073,1.0
2453682.528533,0.9912555,-2.32737594,-2.5873869,0.62935757,-1.63458429,-1.87911382,0.62936721,1.0
2453682.530893,1.034155,-2.32736348,-2.58740258,0.62935406,-1.63460152,-1.87910126,0.6293637,1.0
2453682.538683,1.000428,-2.32732236,-2.58745435,0.62934245,-1.63465839,-1.87905982,0.62935209,1.0
2453682.541073,1.014345,-2.32730974,-2.58747023,0.62933889,-1.63467584,-1.87904711,0.62934853,1.0
2453682.543453,1.016215,-2.32729717,-2.58748604,0.62933534,-1.63469322,-1.87903445,0.62934498,1.0
2453682.545823,0.9767551,-2.32728466,-2.58750179,0.62933181,-1.63471053,-1.87902185,0.62934145,1.0
2453682.548183,1.0087549999999998,-2.3272722000000003,-2.58751747,0.62932829,-1.63472776,-1.8790093,0.62933794,1.0
2453682.550553,0.9876104,-2.32725968,-2.58753322,0.62932476,-1.63474507,-1.8789967,0.62933441,1.0
2453682.552323,0.9812635,-2.32725034,-2.58754498,0.62932212,-1.634758,-1.87898729,0.62933177,1.0
2453682.555273,0.9803602,-2.32723476,-2.58756458,0.62931773,-1.63477955,-1.87897161,0.62932737,1.0
2453682.557663,0.9995066,-2.32722214,-2.58758046,0.62931417,-1.6347969999999998,-1.8789589,0.62932381,1.0
2453682.560013,0.9695845,-2.32720974,-2.58759608,0.62931066,-1.63481417,-1.87894641,0.62932031,1.0
2453682.562363,0.9930832,-2.32719733,-2.58761169,0.62930716,-1.63483134,-1.87893392,0.62931681,1.0
2453682.564723,0.9794576,-2.32718487,-2.58762737,0.62930365,-1.63484858,-1.87892138,0.62931329,1.0
2453682.567103,0.9867011999999998,-2.3271723,-2.58764319,0.6293001,-1.63486597,-1.87890874,0.62930975,1.0
2453682.569473,0.990343,-2.32715978,-2.58765894,0.62929657,-1.63488329,-1.87889614,0.62930621,1.0
2453682.571843,0.9830727,-2.32714727,-2.58767468,0.62929303,-1.63490061,-1.87888355,0.62930268,1.0
2453682.574213,1.014345,-2.32713476,-2.58769043,0.6292895000000001,-1.63491793,-1.87887096,0.62929915,1.0
2453682.576573,0.9995066,-2.32712229,-2.58770611,0.62928599,-1.63493517,-1.87885843,0.62929563,1.0
2453682.578953,1.028456,-2.32710973,-2.58772192,0.62928244,-1.63495257,-1.87884578,0.62929209,1.0
2453682.581313,1.003196,-2.32709727,-2.5877376,0.62927892,-1.63496982,-1.87883325,0.62928857,1.0
2453682.5836830004,1.012478,-2.32708475,-2.58775335,0.62927539,-1.63498714,-1.87882067,0.62928504,1.0
2453682.586043,1.040844,-2.32707229,-2.58776903,0.62927187,-1.6350044,-1.87880813,0.62928152,1.0
2453682.588413,1.028456,-2.32705977,-2.58778478,0.62926834,-1.63502172,-1.87879555,0.62927799,1.0
2453682.590773,1.038929,-2.32704731,-2.58780046,0.62926482,-1.63503898,-1.87878302,0.62927447,1.0
2453682.593133,1.055324,-2.32703485,-2.58781614,0.62926131,-1.63505623,-1.87877049,0.62927096,1.0
2453682.595503,1.071977,-2.32702233,-2.58783188,0.62925777,-1.63507356,-1.87875791,0.62926743,1.0
2453682.6026330004,1.094928,-2.32698468,-2.58787926,0.62924715,-1.6351257,-1.87872007,0.6292568000000001,1.0
2453682.605003,1.06607,-2.32697217,-2.587895,0.62924362,-1.63514304,-1.8787075,0.62925327,1.0
2453682.607363,1.070991,-2.3269597,-2.58791068,0.6292401,-1.6351603,-1.87869498,0.62924975,1.0
2453682.609743,1.070005,-2.32694714,-2.58792649,0.62923655,-1.63517771,-1.87868235,0.62924621,1.0
2453682.612093,1.08489,-2.32693473,-2.58794211,0.62923305,-1.6351949,-1.87866988,0.6292426999999999,1.0
2453682.614453,1.067052,-2.32692226,-2.58795778,0.62922953,-1.63521216,-1.87865737,0.62923919,1.0
2453682.6168130003,1.058244,-2.3269098,-2.58797346,0.62922601,-1.63522943,-1.87864485,0.62923567,1.0
2453682.6191930003,1.042763,-2.32689723,-2.58798928,0.62922247,-1.63524684,-1.87863223,0.62923212,1.0
2453682.621573,1.019966,-2.32688466,-2.58800509,0.62921892,-1.63526426,-1.87861961,0.62922858,1.0
2453682.623933,1.013411,-2.3268722,-2.58802077,0.6292154000000001,-1.63528153,-1.87860709,0.62922506,1.0
2453682.626313,1.016215,-2.32685963,-2.58803658,0.62921185,-1.63529895,-1.87859447,0.62922151,1.0
2453682.628693,1.041803,-2.32684706,-2.58805239,0.62920831,-1.63531636,-1.87858186,0.62921796,1.0
2453682.6310630003,1.016215,-2.32683454,-2.58806813,0.62920477,-1.63533371,-1.87856929,0.62921443,1.0
2453682.6334430003,1.019966,-2.32682198,-2.58808394,0.62920123,-1.63535113,-1.87855668,0.62921089,1.0
2453682.635803,1.029404,-2.32680951,-2.58809962,0.62919771,-1.63536841,-1.87854417,0.62920737,1.0
2453682.638163,1.01528,-2.32679705,-2.5881153,0.62919419,-1.63538568,-1.87853166,0.62920385,1.0
2453682.640523,1.0068979999999998,-2.32678458,-2.58813098,0.62919067,-1.63540296,-1.87851916,0.62920033,1.0
2453682.642883,0.9985865,-2.32677212,-2.58814666,0.62918716,-1.63542024,-1.87850665,0.62919682,1.0
2453682.645243,1.0115459999999998,-2.32675966,-2.58816233,0.62918364,-1.63543752,-1.87849415,0.6291933000000001,1.0
2453682.647593,1.014345,-2.32674724,-2.58817795,0.62918014,-1.63545472,-1.8784817,0.6291898,1.0
2453682.649953,1.007826,-2.32673478,-2.58819362,0.62917662,-1.63547201,-1.8784692,0.62918628,1.0
2454088.348827,0.9325417,0.56364217,-3.66478724,-0.17390298,0.62058354,-2.68249699,-0.17389171,1.0
2454088.352287,0.9316833,0.56366882,-3.66478175,-0.17391031,0.62054979,-2.68248829,-0.17389903,1.0
2454088.356337,0.9316833,0.56370002,-3.66477533,-0.17391889,0.62051028,-2.6824781000000004,-0.17390761,1.0
2454088.359797,0.9394384,0.56372667,-3.66476984,-0.17392622,0.62047653,-2.6824694,-0.17391494,1.0
2454088.363257,0.9325417,0.56375332,-3.66476435,-0.17393355,0.62044279,-2.6824607000000005,-0.17392227,1.0
2454088.366717,0.9299686,0.56377997,-3.66475887,-0.17394087,0.62040904,-2.68245201,-0.17392960000000002,1.0
2454088.370177,0.9481309,0.56380662,-3.66475338,-0.17394820000000005,0.62037529,-2.68244332,-0.17393693,1.0
2454088.373637,0.9693225,0.56383327,-3.66474789,-0.17395553,0.62034154,-2.68243463,-0.17394425,1.0
2454088.377657,0.9809983,0.56386424,-3.66474151,-0.17396405,0.62030232,-2.68242454,-0.17395277,1.0
2454088.381118,0.9837128,0.56389089,-3.66473602,-0.17397137,0.62026857,-2.68241586,-0.1739601,1.0
2454088.384588,0.9891639,0.56391761,-3.66473051,-0.17397872,0.62023473,-2.68240716,-0.17396745,1.0
2454088.388058,1.012205,0.56394434,-3.66472501,-0.17398607,0.62020088,-2.68239846,-0.1739748,1.0
2454088.391518,1.0057,0.56397099,-3.66471952,-0.1739934,0.62016713,-2.6823898,-0.17398212,1.0
2454088.394978,1.039605,0.56399764,-3.66471403,-0.17400073,0.62013337,-2.68238113,-0.17398945,1.0
2454088.398968,1.053097,0.56402837,-3.664707700000001,-0.17400918,0.62009445,-2.68237114,-0.1739979,1.0
2454088.402428,1.044403,0.56405502,-3.6647022,-0.17401651,0.6200607,-2.68236248,-0.17400523,1.0
2454088.405888,1.040563,0.56408167,-3.66469671,-0.17402384,0.62002695,-2.68235383,-0.17401256,1.0
2454088.409338,1.052127,0.56410825,-3.66469124,-0.17403114,0.61999329,-2.6823452000000003,-0.17401987,1.0
2454088.412798,1.040563,0.5641349,-3.66468575,-0.17403847,0.61995954,-2.68233655,-0.17402719,1.0
2454088.416298,1.031023,0.56416186,-3.66468019,-0.17404589,0.6199254,-2.68232781,-0.17403461,1.0
2454088.420679,1.002001,0.56419559,-3.66467324,-0.17405516,0.61988267,-2.68231687,-0.17404388,1.0
2454088.424139,1.010342,0.56422224,-3.66466774,-0.17406249,0.61984892,-2.68230823,-0.17405121,1.0
2454088.427639,1.034828,0.5642491999999999,-3.66466219,-0.17406989999999994,0.61981477,-2.6822995,-0.17405863,1.0
2454088.431109,1.009412,0.56427593,-3.66465668,-0.17407725,0.61978092,-2.68229085,-0.17406597,1.0
2454088.434599,1.01969,0.56430281,-3.66465114,-0.17408464,0.61974687,-2.68228214,-0.17407337,1.0
2454088.438069,1.011273,0.56432953,-3.66464563,-0.17409199,0.61971302,-2.6822735,-0.17408072,1.0
2454088.442089,1.009412,0.5643604999999999,-3.66463925,-0.17410051,0.6196738,-2.68226348,-0.17408923,1.0
2454088.445539,1.000157,0.56438707,-3.66463377,-0.17410782,0.61964015,-2.68225489,-0.17409654,1.0
2454088.449009,1.006626,0.5644138000000001,-3.66462826,-0.17411516,0.61960629,-2.68224625,-0.17410389,1.0
2454088.452469,0.9909878,0.56444044,-3.66462276,-0.17412249,0.61957254,-2.68223764,-0.17411121,1.0
2454088.45592,0.9882533,0.56446702,-3.66461728,-0.17412979999999995,0.61953888,-2.68222906,-0.17411852,1.0
2454088.45938,0.9882533,0.56449367,-3.66461179,-0.17413713,0.61950512,-2.68222046,-0.17412585,1.0
2454088.46332,0.9764912,0.56452401,-3.66460553,-0.17414547,0.61946669,-2.68221067,-0.17413419,1.0
2454088.4668,0.9791929,0.56455082,-3.6646,-0.17415284,0.61943273,-2.68220202,-0.17414156,1.0
2454088.47027,0.9846191,0.56457754,-3.66459449,-0.17416019,0.61939888,-2.68219341,-0.17414891,1.0
2454088.4737400003,0.9964793,0.56460427,-3.66458898,-0.17416754,0.61936502,-2.6821848,-0.17415626,1.0
2454088.47721,0.9900755,0.564631,-3.66458347,-0.17417489,0.61933117,-2.68217619,-0.17416361,1.0
2454088.48069,1.003849,0.5646578,-3.66457794,-0.17418226,0.61929722,-2.68216755,-0.17417098,1.0
2454088.48468,0.9837128,0.56468853,-3.6645716,-0.17419071,0.61925829,-2.68215766,-0.17417943,1.0
2454088.48816,1.007554,0.56471533,-3.66456607,-0.17419808,0.61922434,-2.68214904,-0.1741868,1.0
2454088.49162,0.9946453000000002,0.56474198,-3.66456057,-0.17420541,0.61919058,-2.68214047,-0.17419413,1.0
2454088.495081,1.015941,0.56476863,-3.66455507,-0.17421274,0.61915682,-2.6821319,-0.17420146,1.0
2454088.498561,1.02157,0.56479543,-3.66454954,-0.17422011,0.61912286,-2.68212329,-0.17420883,1.0
2454088.5020310003,1.023454,0.56482216,-3.66454403,-0.17422746,0.61908901,-2.6821147,-0.17421618,1.0
2454088.505971,1.040563,0.56485251,-3.66453777,-0.1742358,0.61905057,-2.68210496,-0.17422452,1.0
2454088.509441,1.02157,0.56487923,-3.66453225,-0.17424315,0.61901671,-2.68209638,-0.17423187,1.0
2454088.512921,1.036736,0.56490603,-3.66452672,-0.17425052,0.61898275,-2.68208778,-0.17423924,1.0
2454088.516391,1.056984,0.56493276,-3.66452121,-0.17425787,0.6189489,-2.68207921,-0.17424659,1.0
2454088.519871,1.039605,0.56495956,-3.66451567,-0.17426524,0.61891494,-2.68207062,-0.17425396,1.0
2454088.523341,1.039605,0.56498629,-3.66451016,-0.17427259,0.61888108,-2.68206206,-0.17426131,1.0
2454088.527291,1.045366,0.56501671,-3.66450388,-0.17428096,0.61884254,-2.68205231,-0.17426967,1.0
2454088.530761,1.01969,0.56504344,-3.66449836,-0.17428829999999998,0.61880868,-2.68204375,-0.17427702,1.0
2454088.534232,1.022512,0.56507016,-3.66449285,-0.17429565,0.61877482,-2.6820352,-0.17428437,1.0
2454088.537702,1.023454,0.56509689,-3.66448733,-0.174303,0.61874096,-2.68202665,-0.17429172,1.0
2454088.541182,1.037691,0.56512369,-3.6644818,-0.17431037,0.61870701,-2.68201808,-0.17429909,1.0
2454088.544652,1.014071,0.56515042,-3.66447628,-0.17431772,0.61867315,-2.68200954,-0.17430644,1.0
2454088.548612,1.010342,0.56518092,-3.66446998,-0.17432611,0.61863451,-2.68199979,-0.17431483,1.0
2454088.552082,1.002001,0.56520764,-3.66446446,-0.17433346,0.61860065,-2.68199126,-0.17432218,1.0
2454088.555552,0.9846191,0.56523437,-3.66445895,-0.17434081,0.61856679,-2.68198272,-0.17432952,1.0
2454088.559012,0.9604356,0.56526102,-3.66445344,-0.17434813,0.61853302,-2.68197422,-0.17433685,1.0
2454088.562482,0.9411705,0.56528774,-3.66444792,-0.17435548,0.61849916,-2.68196569,-0.1743442,1.0
2454088.565942,0.9446442,0.56531439,-3.66444242,-0.17436281,0.6184654,-2.6819572,-0.17435153,1.0
2454088.569892,0.9533849,0.56534481,-3.66443614,-0.17437118,0.61842685,-2.6819475,-0.17435989,1.0
2454088.576853,0.9325417,0.56539842,-3.66442507,-0.17438592,0.61835894,-2.68193042,-0.17437463,1.0
2454088.580323,0.9411705,0.56542514,-3.66441955,-0.17439327,0.61832507,-2.68192192,-0.17438198,1.0
2454088.583803,0.9325417,0.56545194,-3.66441401,-0.17440064,0.61829111,-2.68191339,-0.17438935,1.0
2454088.587273,0.9377095,0.56547867,-3.66440849,-0.17440798,0.61825725,-2.68190489,-0.17439670000000002,1.0
2454088.591233,0.9630932,0.56550917,-3.66440219,-0.17441637,0.61821861,-2.68189519,-0.17440509,1.0
2454088.594693,0.9613208,0.56553581,-3.66439668,-0.1744237,0.61818484,-2.68188672,-0.17441242,1.0
2454088.598153,0.9764912,0.56556246,-3.66439118,-0.17443103,0.61815108,-2.68187825,-0.17441974,1.0
2454088.601603,0.9909878,0.56558903,-3.66438569,-0.17443833,0.61811741,-2.68186981,-0.17442705,1.0
2454088.605053,1.0131370000000002,0.5656156,-3.664380200000001,-0.17444564,0.61808374,-2.68186138,-0.17443436,1.0
2454088.608523,1.025341,0.56564233,-3.66437468,-0.17445299,0.61804988,-2.6818529,-0.1744417,1.0
2454088.612484,1.032924,0.56567283,-3.66436837,-0.17446137,0.61801123,-2.68184323,-0.17445009,1.0
2454088.615964,1.039605,0.56569963,-3.66436284,-0.17446874,0.61797727,-2.68183473,-0.17445746,1.0
2454088.619454,1.034828,0.56572651,-3.66435728,-0.17447614,0.61794321,-2.68182621,-0.17446485,1.0
2454088.622914,1.043442,0.56575315,-3.66435177,-0.17448346,0.61790944,-2.68181777,-0.17447218,1.0
2454088.626394,1.023454,0.56577996,-3.66434623,-0.17449083,0.61787548,-2.68180928,-0.17447955,1.0
2454088.629864,1.042481,0.56580668,-3.66434071,-0.17449818,0.61784161,-2.68180082,-0.1744869,1.0
2454088.633824,1.004774,0.56583718,-3.66433441,-0.17450657,0.61780297,-2.68179117,-0.17449528,1.0
2454088.637304,1.003849,0.56586398,-3.66432887,-0.17451394,0.617769,-2.6817827000000003,-0.17450265,1.0
2454088.640764,1.016877,0.56589063,-3.66432336,-0.17452127,0.61773523,-2.68177427,-0.17450998,1.0
2454088.644214,1.016877,0.5659172,-3.66431787,-0.17452857,0.61770156,-2.68176588,-0.17451729,1.0
2454088.647664,1.0131370000000002,0.56594377,-3.66431237,-0.17453588,0.61766789,-2.68175748,-0.17452459,1.0
2454088.651145,1.012205,0.56597057,-3.66430683,-0.17454325,0.61763393,-2.68174902,-0.17453196,1.0
2454088.6550950003,1.016877,0.56600099,-3.66430054,-0.17455161,0.61759538,-2.68173942,-0.17454033,1.0
2454088.658565,1.01969,0.56602772,-3.66429502,-0.17455896,0.61756151,-2.68173099,-0.17454768,1.0
2454088.662035,1.009412,0.56605444,-3.66428949,-0.17456631,0.61752764,-2.68172256,-0.17455503,1.0
2454088.665505,1.02157,0.56608116,-3.66428396,-0.17457366,0.61749377,-2.68171414,-0.17456237,1.0
2454088.668975,1.0057,0.56610789,-3.66427844,-0.17458101,0.61745991,-2.68170572,-0.17456972,1.0
2454088.672455,0.9937296999999998,0.56613469,-3.66427289,-0.17458838,0.61742594,-2.68169728,-0.17457709,1.0
2454088.676415,0.9702157,0.56616519,-3.66426659,-0.17459676,0.61738729,-2.68168767,-0.17458548,1.0
2454088.679875,0.9800952,0.56619183,-3.66426107,-0.17460409,0.61735352,-2.68167929,-0.1745928,1.0
2454088.6833450003,0.9809983,0.56621856,-3.66425555,-0.17461144,0.61731965,-2.68167088,-0.17460015,1.0
2454088.686815,0.9855265,0.56624528,-3.66425002,-0.17461879,0.61728578,-2.68166248,-0.1746075,1.0
2454088.6902860003,1.003849,0.566272,-3.66424449,-0.17462614,0.61725191,-2.68165408,-0.17461485,1.0
2454088.693766,1.015941,0.56629881,-3.66423895,-0.17463351,0.61721794,-2.68164566,-0.17462222,1.0
2454088.697696,1.02157,0.56632907,-3.66423269,-0.17464183,0.61717958,-2.68163615,-0.17463054,1.0
2454088.701166,0.9873436,0.5663558000000001,-3.66422716,-0.17464918,0.61714571,-2.68162777,-0.17463789,1.0
2454088.704636,1.02063,0.56638252,-3.66422163,-0.17465653,0.61711184,-2.68161938,-0.17464524,1.0
2454088.7080860003,0.9855265,0.56640909,-3.66421613,-0.17466383,0.61707817,-2.68161105,-0.17465254,1.0
2454088.711556,0.9855265,0.56643581,-3.6642106,-0.17467118,0.6170443,-2.68160267,-0.17465989,1.0
2454088.715016,0.9909878,0.56646246,-3.66420509,-0.17467851,0.61701052,-2.68159432,-0.17466722,1.0
2454088.719286,0.9964793,0.56649534,-3.66419828,-0.17468755,0.61696884,-2.68158402,-0.17467626,1.0
2454088.722766,1.017814,0.56652214,-3.66419273,-0.17469492,0.61693487,-2.68157562,-0.17468363,1.0
2455867.425052,1.038685,-1.62692629,-3.24160571,0.42796386,-0.85534818,-2.61739144,0.42796111,1.0
2455867.429462,1.081643,-1.62689665,-3.24162548,0.42795554,-0.8553675,-2.6173525,0.42795279,1.0
2455867.4329580003,1.1048,-1.62687316,-3.24164114,0.42794894,-0.85538281,-2.61732165,0.42794619,1.0
2455867.4364650003,1.127415,-1.62684959,-3.24165686,0.42794232,-0.85539819,-2.6172907000000003,0.42793957,1.0
2455867.43996,1.132619,-1.6268261,-3.24167253,0.42793572,-0.85541351,-2.61725985,0.42793297,1.0
2455867.443467,1.128454,-1.62680253,-3.24168825,0.4279291,-0.85542888,-2.6172289,0.42792635,1.0
2455867.446963,1.12534,-1.62677903,-3.24170392,0.4279225,-0.85544422,-2.61719804,0.42791975,1.0
2455867.4504580004,1.101752,-1.62675555,-3.24171958,0.4279159000000001,-0.85545955,-2.6171672000000004,0.42791315,1.0
2455867.4539650003,1.090646,-1.62673198,-3.2417353,0.42790928,-0.85547493,-2.61713625,0.42790653,1.0
2455867.457461,1.06582,-1.62670849,-3.24175097,0.42790269,-0.85549027,-2.61710542,0.42789993,1.0
2455867.460968,1.0619,-1.62668492,-3.24176669,0.42789606,-0.85550566,-2.61707447,0.42789331,1.0
2455867.464464,1.060923,-1.62666142,-3.24178236,0.42788946,-0.8555209999999999,-2.61704363,0.42788671,1.0
2455867.467959,1.057995,-1.62663793,-3.24179802,0.42788287,-0.85553634,-2.6170128,0.42788011,1.0
2455867.471466,1.053135,-1.62661436,-3.24181374,0.42787625,-0.85555174,-2.61698186,0.42787349,1.0
2455867.474961,1.039642,-1.62659087,-3.2418294,0.42786965,-0.85556709,-2.61695104,0.42786689,1.0
2455867.478468,1.029162,-1.6265673,-3.24184512,0.42786303,-0.8555825,-2.6169201,0.42786027,1.0
2455867.4819650003,1.010378,-1.6265438,-3.24186079,0.42785643,-0.85559786,-2.61688927,0.42785367,1.0
2455867.48546,0.9819376,-1.62652031,-3.24187645,0.42784983,-0.85561321,-2.61685845,0.42784708,1.0
2455867.488967,0.9711443,-1.62649674,-3.24189217,0.42784321,-0.85562862,-2.61682752,0.42784045,1.0
2455867.496675,0.9282905,-1.62644493,-3.24192671,0.42782866,-0.85566251,-2.61675956,0.4278259,1.0
2455867.500182,0.9088323,-1.62642136,-3.24194242,0.42782203,-0.85567793,-2.61672864,0.42781928,1.0
2455867.503678,0.8930667,-1.62639787,-3.24195809,0.42781544,-0.8556933000000001,-2.61669783,0.42781268,1.0
2455867.507186,0.881625,-1.62637429,-3.24197381,0.42780881,-0.85570873,-2.61666691,0.42780606,1.0
2455867.510681,0.878383,-1.6263508,-3.24198947,0.42780221,-0.85572411,-2.6166361,0.42779946,1.0
2455867.514176,0.8687282,-1.62632731,-3.24200513,0.42779562,-0.85573949,-2.6166053,0.42779286,1.0
2455867.5176830003,0.8719346,-1.62630373,-3.24202084,0.42778899,-0.85575493,-2.61657439,0.42778624,1.0
2455867.521178,0.8497355999999999,-1.62628024,-3.2420365,0.4277824000000001,-0.85577031,-2.61654359,0.42777964,1.0
2455867.524685,0.8631452,-1.62625667,-3.24205222,0.42777577,-0.85578575,-2.61651269,0.42777302,1.0
2455867.528182,0.8735421999999998,-1.62623317,-3.24206788,0.42776917,-0.85580115,-2.61648188,0.42776642,1.0
2455867.531689,0.9063246,-1.6262096,-3.2420836,0.42776255,-0.85581659,-2.61645098,0.4277598,1.0
2455867.535184,0.9180869,-1.62618611,-3.24209926,0.42775595,-0.85583199,-2.61642019,0.4277532,1.0
2455867.538679,0.9542975,-1.62616261,-3.24211492,0.42774936,-0.85584739,-2.6163894,0.4277465999999999,1.0
2455867.542186,0.9756271,-1.62613904,-3.24213063,0.42774273,-0.85586284,-2.6163585,0.42773998,1.0
2455867.545682,0.9974333,-1.62611554,-3.24214629,0.42773613,-0.85587825,-2.61632771,0.42773338,1.0
2455867.549189,1.006663,-1.62609197,-3.242162,0.42772951,-0.85589371,-2.61629682,0.42772676,1.0
2455867.552685,1.012241,-1.62606848,-3.24217766,0.42772291,-0.85590912,-2.61626604,0.42772016,1.0
2455867.55618,1.038685,-1.62604498,-3.24219332,0.42771631,-0.85592453,-2.61623526,0.42771356,1.0
2455867.5617130003,1.055076,-1.62600779,-3.24221811,0.42770587,-0.85594894,-2.61618654,0.42770311,1.0
2455867.56522,1.057021,-1.62598422,-3.24223382,0.42769925,-0.85596441,-2.61615566,0.42769649,1.0
2455867.568715,1.057021,-1.62596072,-3.24224948,0.42769265,-0.85597983,-2.61612488,0.42768989,1.0
2455867.572211,1.048296,-1.62593722,-3.24226514,0.42768605,-0.85599526,-2.6160941,0.42768329,1.0
2455867.575719,1.046366,-1.62591365,-3.24228085,0.42767942,-0.85601074,-2.61606323,0.42767667,1.0
2455867.579214,1.044441,-1.62589016,-3.24229651,0.42767282,-0.85602617,-2.61603246,0.42767007,1.0
2455867.582709,1.062879,-1.62586666,-3.24231216,0.42766623,-0.8560416,-2.6160017000000004,0.42766347,1.0
2455867.586216,1.056048,-1.62584309,-3.24232787,0.4276596,-0.85605709,-2.61597083,0.42765685,1.0
2455867.589712,1.035819,-1.62581959,-3.24234353,0.427653,-0.85607254,-2.61594007,0.42765025,1.0
2455867.593219,1.006663,-1.62579601,-3.24235924,0.42764638,-0.85608803,-2.6159092,0.42764363,1.0
2455867.596714,0.9910232,-1.62577252,-3.2423749,0.42763978,-0.85610347,-2.61587845,0.42763703,1.0
2455867.60021,0.9765263,-1.62574902,-3.24239055,0.42763318,-0.85611892,-2.61584769,0.42763043,1.0
2455867.603717,0.9429395,-1.62572545,-3.24240626,0.42762656,-0.85613442,-2.61581684,0.42762381,1.0
2455867.6072130003,0.9265819,-1.62570195,-3.24242192,0.42761996,-0.85614988,-2.61578608,0.42761721,1.0
2455867.61072,0.9240252,-1.62567837,-3.24243763,0.42761334,-0.85616539,-2.61575522,0.42761058,1.0
2455867.614215,0.9163974,-1.62565487,-3.24245329,0.42760674,-0.85618084,-2.61572448,0.42760399,1.0
2455867.617722,0.9291457,-1.62563129,-3.24246899,0.42760011,-0.85619635,-2.61569363,0.42759736,1.0
2455867.62249,0.9038239,-1.62559924,-3.24249035,0.42759111,-0.85621744,-2.6156517000000004,0.42758836,1.0
2455867.625987,0.9257289,-1.62557573,-3.24250601,0.42758451,-0.85623291,-2.61562096,0.42758176,1.0
2455867.629494,0.9257289,-1.62555215,-3.24252172,0.42757789,-0.85624843,-2.61559012,0.42757513,1.0
2455867.632989,0.9490383,-1.62552865,-3.24253737,0.42757129,-0.8562639000000001,-2.61555938,0.42756853,1.0
2455867.636484,0.9910232,-1.62550515,-3.24255303,0.42756469,-0.85627937,-2.61552865,0.42756193,1.0
2455867.639991,1.019727,-1.62548157,-3.24256874,0.42755806,-0.8562949000000001,-2.61549782,0.42755531,1.0
2455867.643487,1.030111,-1.62545807,-3.2425844,0.42755146,-0.85631038,-2.61546709,0.42754871,1.0
2455867.646994,1.080647,-1.62543449,-3.2426001,0.42754484,-0.85632591,-2.61543626,0.42754209,1.0
2455867.6504900004,1.085635,-1.62541099,-3.24261576,0.42753824,-0.85634139,-2.61540554,0.42753549,1.0
2455867.653985,1.122235,-1.62538749,-3.24263141,0.42753164,-0.85635688,-2.61537482,0.42752888,1.0
