2435193.583239,1.06361,2.3085880000000003,0.2275923,0.01035486,1.316707,0.1187331,0.01033205,1.0
2435193.5987810004,0.997199,2.308596,0.2277708,0.01035298,1.31674,0.1186448,0.01033016,1.0
2435193.613614,0.960245,2.308603,0.2279413,0.01035119,1.316771,0.1185605,0.01032835,1.0
2435193.615614,1.0394,2.308604,0.22796420000000006,0.01035095,1.316775,0.1185492,0.01032811,1.0
2435193.624656,0.966456,2.308608,0.2280681,0.01034986,1.316794,0.1184978,0.01032701,1.0
2435193.625906,1.04036,2.308609,0.2280825,0.01034971,1.316796,0.1184907,0.01032685,1.0
2435193.6314060003,0.973603,2.308611,0.22814570000000006,0.01034905,1.316808,0.1184595,0.01032618,1.0
2435193.636947,0.957595,2.308614,0.2282093,0.01034838,1.316819,0.118428,0.01032551,1.0
2435193.644489,0.940117,2.308617,0.228296,0.01034747,1.316835,0.11838519999999997,0.01032459,1.0
2435193.651739,0.939252,2.308621,0.2283793,0.0103466,1.31685,0.118344,0.010323700000000002,1.0
2435193.65803,0.939252,2.308624,0.2284516,0.01034584,1.316863,0.1183082,0.01032294,1.0
2435193.665071,0.931498,2.308627,0.2285325,0.01034499,1.316878,0.1182683,0.01032208,1.0
2435193.672071,0.940983,2.30863,0.2286129,0.01034414,1.316893,0.1182285,0.01032123,1.0
2435193.678363,0.938387,2.3086330000000004,0.22868520000000006,0.01034338,1.316906,0.1181928,0.01032046,1.0
2435193.692155,0.970917,2.30864,0.2288436,0.01034172,1.316935,0.1181144,0.01031878,1.0
2435193.699196,0.965566,2.308643,0.2289245,0.01034087,1.31695,0.1180745,0.01031792,1.0
2435193.72153,1.01574,2.308653,0.22918110000000005,0.01033817,1.316997,0.1179476,0.0103152,1.0
2435193.728571,1.05872,2.308657,0.229262,0.01033732,1.317012,0.1179077,0.01031434,1.0
2435193.734571,1.0695,2.308659,0.2293309,0.0103366,1.317024,0.1178736,0.01031361,1.0
2435193.7423630003,1.09643,2.308663,0.2294204,0.01033566,1.317041,0.1178294,0.01031266,1.0
2435193.747363,1.08538,2.308665,0.2294779,0.01033506,1.317051,0.117801,0.01031205,1.0
2435193.752655,1.08939,2.308668,0.2295387,0.01033442,1.317063,0.11777089999999997,0.010311399999999998,1.0
2435193.760196,1.08239,2.308671,0.2296253,0.01033351,1.317078,0.1177281,0.01031048,1.0
2435193.767695,1.06459,2.308675,0.2297114,0.0103326,1.317094,0.1176856,0.01030957,1.0
2435193.773987,1.07345,2.308678,0.2297837,0.01033184,1.317108,0.1176498,0.0103088,1.0
2435193.778737,1.0394,2.30868,0.2298383,0.01033127,1.317118,0.1176229,0.01030822,1.0
2435193.784529,1.04227,2.3086830000000003,0.2299048,0.01033057,1.31713,0.11759,0.01030752,1.0
2435193.78982,1.00457,2.308685,0.2299656,0.01032993,1.317141,0.11756,0.01030687,1.0
2435193.801862,1.00088,2.308691,0.230104,0.01032848,1.317167,0.11749160000000003,0.0103054,1.0
2435193.808612,0.984423,2.308694,0.2301815,0.01032766,1.317181,0.1174533,0.01030458,1.0
2435193.814654,0.960245,2.308697,0.2302509,0.01032693,1.317194,0.117419,0.01030384,1.0
2435193.820404,0.946198,2.3086990000000003,0.230317,0.01032624,1.317206,0.1173864,0.01030314,1.0
2435193.827195,0.946198,2.3087020000000003,0.230395,0.01032542,1.317221,0.1173479,0.01030231,1.0
2435193.833737,0.951441,2.308705,0.2304701,0.01032463,1.317235,0.1173107,0.01030152,1.0
2435193.839237,0.955833,2.308708,0.2305333,0.01032397,1.3172469999999998,0.1172795,0.01030085,1.0
2435193.849779,0.960245,2.308713,0.2306544,0.01032269,1.317269,0.11721969999999997,0.01029956,1.0
2435193.8565700003,0.997199,2.308716,0.2307324,0.01032187,1.317284,0.1171812,0.01029873,1.0
2435193.86182,1.01107,2.308718,0.2307927,0.01032124,1.317295,0.1171514,0.01029809,1.0
2435194.586604,1.085,2.309037,0.2391174,0.01023369,1.318912,0.1130473,0.01020968,1.0
2435194.592729,1.03426,2.309039,0.2391877,0.01023295,1.318926,0.1130127,0.01020894,1.0
2435194.597521,1.0701200000000002,2.309041,0.2392427,0.01023237,1.318937,0.1129856,0.01020835,1.0
2435194.603896,1.06815,2.309044,0.2393159,0.0102316,1.318952,0.1129496,0.01020757,1.0
2435194.609979,1.02101,2.309046,0.2393858,0.01023086,1.318966,0.1129152,0.01020683,1.0
2435194.615062,1.01072,2.3090490000000004,0.2394442,0.01023025,1.318978,0.1128865,0.01020621,1.0
2435194.6262290003,0.993187,2.309053,0.2395724,0.0102289,1.319004,0.1128234,0.01020485,1.0
2435194.630812,0.977757,2.309055,0.239625,0.01022834,1.319014,0.1127975,0.01020429,1.0
2435194.635146,0.958145,2.309057,0.2396748,0.01022782,1.319024,0.112773,0.01020376,1.0
2435194.639979,0.958145,2.309059,0.2397303,0.01022723,1.319036,0.1127457,0.01020317,1.0
2435194.645312,0.957263,2.3090610000000003,0.2397915,0.01022659,1.319048,0.1127156,0.01020252,1.0
2435194.650896,0.944128,2.309064,0.2398556,0.01022591,1.319061,0.1126841,0.01020184,1.0
2435194.655729,0.961681,2.309066,0.2399111,0.01022533,1.319072,0.1126568,0.01020125,1.0
2435194.661812,0.937197,2.309068,0.239981,0.01022459,1.319087,0.1126224,0.01020051,1.0
2435194.666896,0.916708,2.30907,0.2400394,0.01022398,1.319098,0.1125937,0.01019989,1.0
2435194.673228,0.92519,2.309073,0.2401121,0.01022321,1.319113,0.1125579,0.01019911,1.0
2435194.680603,0.940657,2.309076,0.2401968,0.01022232,1.31913,0.1125163,0.01019821,1.0
2435194.685186,0.917553,2.309078,0.2402494,0.01022177,1.319141,0.1124904,0.01019765,1.0
2435194.69002,0.92519,2.30908,0.2403049,0.01022118,1.319153,0.1124631,0.01019706,1.0
2435194.695103,0.939791,2.309082,0.2403633,0.01022057,1.319164,0.1124344,0.01019644,1.0
2435194.700436,0.94936,2.309084,0.2404245,0.01021992,1.319177,0.1124043,0.01019579,1.0
2435194.7052700003,0.970579,2.309086,0.24048000000000005,0.01021934,1.319188,0.112377,0.0101952,1.0
2435194.711103,0.975059,2.309089,0.240547,0.01021863,1.319202,0.112344,0.01019449,1.0
2435194.715936,0.978658,2.3090900000000003,0.2406025,0.01021805,1.319213,0.1123168,0.0101939,1.0
2435194.72077,0.988624,2.309092,0.240658,0.01021747,1.319225,0.1122895,0.01019331,1.0
2435194.726603,0.994102,2.309095,0.240725,0.01021676,1.319238,0.1122565,0.0101926,1.0
2435194.7319360003,1.00608,2.309097,0.2407862,0.01021612,1.319251,0.1122264,0.01019195,1.0
2435194.73827,1.02195,2.3091,0.240859,0.01021535,1.319266,0.1121907,0.01019118,1.0
2435194.744145,1.03712,2.309102,0.2409264,0.01021464,1.31928,0.1121575,0.01019046,1.0
2435194.749728,1.0642200000000002,2.309104,0.2409905,0.01021396,1.319293,0.112126,0.01018978,1.0
2435194.754561,1.06618,2.3091060000000003,0.241046,0.01021338,1.319304,0.1120987,0.01018919,1.0
2435194.7608950003,1.08301,2.309109,0.2411188,0.01021261,1.319319,0.1120629,0.01018841,1.0
2435194.766727,1.06618,2.309111,0.2411857,0.01021191,1.319333,0.11203,0.0101877,1.0
2435194.77206,1.06716,2.309114,0.241247,0.01021126,1.319346,0.1119999,0.01018705,1.0
2435194.777935,1.05738,2.309116,0.2413144,0.01021055,1.319359,0.1119667,0.01018633,1.0
2435194.782227,1.05446,2.309118,0.2413637,0.01021003,1.3193700000000002,0.1119425,0.01018581,1.0
2435194.78756,1.05446,2.30912,0.2414249,0.01020939,1.319382,0.1119124,0.01018516,1.0
2435194.793435,1.03904,2.309122,0.2414924,0.01020868,1.319396,0.1118793,0.01018444,1.0
2435194.797727,1.02762,2.309124,0.2415417,0.01020816,1.319406,0.111855,0.01018392,1.0
2435194.80231,1.00608,2.309126,0.2415943,0.01020761,1.319417,0.1118292,0.01018336,1.0
2435194.809435,1.0023799999999998,2.309129,0.2416761,0.01020674,1.319434,0.111789,0.01018249,1.0
2435194.81681,0.984988,2.309132,0.2417608,0.01020585,1.319451,0.1117473,0.01018159,1.0
2435194.822394,0.963454,2.309134,0.2418249,0.01020518,1.319465,0.11171580000000003,0.01018091,1.0
2435198.578425,0.990104,2.310277,0.28491009999999994,0.00974923,1.33007,0.09080856,0.00972096,1.0
2435198.583467,1.02821,2.310278,0.2849679,0.00974862,1.330087,0.09078093,0.00972034,1.0
2435198.5897580003,1.02443,2.310279,0.2850399,0.00974785,1.330107,0.09074647,0.00971957,1.0
2435198.595092,1.032,2.31028,0.2851011,0.0097472,1.330125,0.09071725,0.00971891,1.0
2435198.601133,1.04347,2.310282,0.2851703,0.00974646,1.330144,0.09068416,0.00971817,1.0
2435198.607216,1.04443,2.310283,0.28524,0.00974572,1.330164,0.09065084,0.00971743,1.0
2435198.612507,1.05216,2.310284,0.2853006,0.00974508,1.330182,0.09062186,0.00971677,1.0
2435198.621341,1.05216,2.310286,0.28540190000000004,0.009744,1.330211,0.09057348,0.00971569,1.0
2435198.627382,1.06581,2.310287,0.2854711,0.00974326,1.330231,0.0905404,0.00971495,1.0
2435198.633466,1.06876,2.310288,0.2855408,0.00974252,1.330251,0.09050708,0.0097142,1.0
2435198.640007,1.06679,2.310289,0.28561570000000003,0.00974173,1.330272,0.09047127,0.00971339,1.0
2435198.644841,1.05313,2.31029,0.2856711,0.00974114,1.330288,0.0904448,0.0097128,1.0
2435198.650382,1.0113,2.310291,0.28573459999999995,0.00974046,1.330306,0.09041446,0.00971212,1.0
2435198.656966,0.992843,2.310293,0.2858101,0.00973966,1.330328,0.09037842,0.00971131,1.0
2435198.663007,0.991929,2.310294,0.28587929999999995,0.00973893,1.330348,0.09034535,0.00971057,1.0
2435198.668048,0.980123,2.310295,0.285937,0.00973831,1.330364,0.09031775,0.00970995,1.0
2435198.677131,0.944671,2.3102970000000003,0.28604109999999994,0.0097372,1.330394,0.09026803,0.00970883,1.0
2435198.682715,0.956931,2.310298,0.2861051,0.00973652,1.3304120000000002,0.09023746,0.00970814,1.0
2435198.690298,0.9386,2.310299,0.286192,0.0097356,1.330437,0.09019596,0.00970721,1.0
2435198.694048,0.933428,2.3103,0.286235,0.00973514,1.33045,0.09017544,0.00970675,1.0
2435198.699881,0.934288,2.310301,0.2863018,0.00973443,1.330469,0.09014352,0.00970603,1.0
2435198.706173,0.928284,2.310302,0.2863739,0.00973367,1.33049,0.09010909,0.00970526,1.0
2435198.7120060003,0.909663,2.310303,0.2864407,0.00973295,1.330509,0.09007717,0.00970454,1.0
2435198.716048,0.8988360000000001,2.310304,0.286487,0.00973246,1.330522,0.09005506,0.00970404,1.0
2435198.72159,0.8930600000000001,2.310305,0.2865505,0.00973179,1.330541,0.09002474,0.00970336,1.0
2435198.72638,0.8971819999999999,2.310306,0.2866054,0.0097312,1.3305559999999998,0.08999852,0.00970277,1.0
2435198.731672,0.913021,2.310307,0.2866661,0.00973056,1.330574,0.08996957,0.00970212,1.0
2435198.738505,0.911341,2.310309,0.2867444000000001,0.00972972,1.330597,0.08993219,0.00970128,1.0
2435198.743297,0.929139,2.31031,0.2867993,0.00972914,1.330612,0.08990598,0.00970069,1.0
2435198.747839,0.928284,2.31031,0.2868513,0.00972859,1.330627,0.08988114,0.00970014,1.0
2435198.753422,0.95517,2.310312,0.2869153,0.00972791,1.330646,0.0898506,0.00969945,1.0
2435198.758964,0.949906,2.3103130000000003,0.2869788,0.00972723,1.3306639999999998,0.08982029,0.00969877,1.0
2435198.764755,0.973825,2.310314,0.28704509999999994,0.00972653,1.330683,0.08978862,0.00969806,1.0
2435198.769297,0.984647,2.310315,0.2870972,0.00972597,1.330699,0.08976378,0.0096975,1.0
2435198.77638,0.99559,2.310316,0.2871783,0.00972511,1.330722,0.08972505,0.00969663,1.0
2435198.7834630003,1.00573,2.310317,0.2872595,0.00972425,1.330746,0.08968631,0.00969576,1.0
2435198.791796,1.02537,2.310319,0.2873549,0.00972323,1.330773,0.08964075,0.00969473,1.0
2435198.796588,1.05216,2.31032,0.2874098,0.00972265,1.330789,0.08961455,0.00969414,1.0
2435198.802629,1.06975,2.310321,0.2874791,0.00972191,1.330809,0.08958153,0.0096934,1.0
2435198.807463,1.09265,2.310322,0.2875344,0.00972132,1.330825,0.0895551,0.0096928,1.0
2435198.813254,1.08463,2.310323,0.2876008,0.00972062,1.330844,0.08952345,0.00969209,1.0
2435198.818546,1.08763,2.310324,0.2876614,0.00971997,1.330862,0.08949452,0.00969144,1.0
2435198.8238790003,1.09366,2.310325,0.2877225,0.00971932,1.3308799999999998,0.08946537,0.00969078,1.0
2435198.829671,1.07172,2.310326,0.2877889,0.00971861,1.330899,0.08943371,0.00969007,1.0
2435198.8347130003,1.04925,2.310327,0.2878467,0.009718,1.330916,0.08940616,0.00968945,1.0
2435198.839254,1.05216,2.310328,0.2878987,0.00971745,1.330931,0.08938134,0.00968889,1.0
2435198.843795,1.03295,2.3103290000000003,0.2879507,0.00971689,1.330946,0.08935652,0.00968833,1.0
2435198.848878,1.01691,2.31033,0.288009,0.00971627,1.330963,0.08932875,0.00968771,1.0
2435198.85392,0.991929,2.310331,0.2880667,0.00971566,1.3309799999999998,0.0893012,0.00968709,1.0
2435214.573472,0.909225,2.306654,0.4671706,0.00777356,1.41154,0.01282443,0.00771669,1.0
2435214.582888,0.927836,2.3066470000000003,0.4672772,0.00777238,1.411605,0.01278592,0.00771549,1.0
2435214.589054,0.935559,2.306643,0.467347,0.00777161,1.411647,0.01276071,0.00771471,1.0
2435214.594638,0.913421,2.30664,0.4674102,0.00777091,1.411685,0.01273788,0.007714,1.0
2435214.599304,0.943346,2.306637,0.4674631,0.00777033,1.411717,0.01271881,0.00771341,1.0
2435214.604221,0.968883,2.306634,0.4675187,0.00776971,1.411751,0.01269872,0.00771278,1.0
2435214.608303,0.959116,2.3066310000000003,0.4675649000000001,0.007769199999999999,1.411779,0.01268204,0.00771226,1.0
2435214.612553,0.955589,2.306628,0.467613,0.00776867,1.411808,0.01266467,0.00771172,1.0
2435214.617262,0.978749,2.306625,0.4676663,0.00776808,1.41184,0.01264544,0.00771113,1.0
2435214.623678,1.00247,2.306621,0.467739,0.00776728,1.411884,0.01261923,0.00771031,1.0
2435214.627762,0.992364,2.306618,0.4677852,0.00776677,1.411912,0.01260256,0.00770979,1.0
2435214.631387,0.996027,2.306616,0.4678262,0.00776632,1.411937,0.01258776,0.00770933,1.0
2435214.638219,1.00247,2.306611,0.4679036,0.00776546,1.411984,0.01255986,0.00770847,1.0
2435214.640969,1.02866,2.30661,0.4679347,0.00776512,1.412003,0.01254863,0.00770812,1.0
2435214.644427,1.0565,2.306607,0.4679738000000001,0.00776468,1.412027,0.01253452,0.00770768,1.0
2435214.647594,1.05943,2.306605,0.4680097,0.00776429,1.412048,0.0125216,0.00770728,1.0
2435214.651886,1.05845,2.3066020000000003,0.4680583,0.00776375,1.4120780000000002,0.01250408,0.00770673,1.0
2435214.655094,1.09414,2.3066,0.4680946,0.00776335,1.4121,0.01249099,0.00770632,1.0
2435214.658926,1.11859,2.306598,0.468138,0.00776287,1.412126,0.01247535,0.00770584,1.0
2435214.662551,1.1022299999999998,2.306595,0.468179,0.00776242,1.412151,0.01246057,0.00770538,1.0
2435214.665343,1.09313,2.306594,0.4682106,0.00776207,1.41217,0.01244918,0.00770502,1.0
2435214.672176,1.10834,2.306589,0.4682879,0.00776121,1.412217,0.01242131,0.00770415,1.0
2435214.675593,1.07813,2.306587,0.4683266,0.00776079,1.412241,0.01240738,0.00770372,1.0
2435214.679468,1.07714,2.306584,0.4683705,0.007760300000000001,1.412267,0.01239158,0.00770323,1.0
2435214.682635,1.07615,2.306582,0.4684063,0.007759899999999998,1.412289,0.01237867,0.00770283,1.0
2435214.692259,1.06628,2.306576,0.4685153,0.0077587,1.412355,0.01233943,0.00770161,1.0
2435214.7008,1.04875,2.30657,0.4686119000000001,0.00775763,1.4124139999999998,0.01230463,0.00770052,1.0
2435214.707217,1.00339,2.306566,0.4686846,0.00775683,1.412458,0.01227849,0.00769971,1.0
2435214.711924,1.02393,2.306563,0.4687378,0.00775624,1.412491,0.01225931,0.00769911,1.0
2435214.716216,0.992364,2.30656,0.4687864000000001,0.0077557,1.41252,0.01224183,0.00769856,1.0
2435214.719424,0.997864,2.3065580000000003,0.4688227,0.0077553,1.412542,0.01222876,0.00769816,1.0
2435214.727299,0.954709,2.306553,0.4689119000000001,0.00775432,1.412597,0.0121967,0.00769716,1.0
2435214.731591,0.962656,2.30655,0.4689604,0.00775378,1.412626,0.01217923,0.00769661,1.0
2435214.736507,0.938148,2.306547,0.4690161,0.00775317,1.41266,0.01215921,0.00769599,1.0
2435214.740132,0.95383,2.306544,0.4690571,0.00775271,1.412685,0.01214446,0.00769553,1.0
2435214.7439650004,0.942478,2.306542,0.4691005,0.00775223,1.412711,0.01212886,0.00769504,1.0
2435214.747382,0.939877,2.30654,0.4691392,0.0077518,1.412735,0.01211496,0.00769461,1.0
2435214.751465,0.932119,2.306537,0.4691854,0.00775129,1.412763,0.01209834,0.00769409,1.0
2435214.754673,0.945957,2.306535,0.4692217000000001,0.00775089,1.412785,0.01208529,0.00769368,1.0
2435214.759132,0.939012,2.306532,0.4692722,0.00775033,1.412816,0.01206716,0.00769312,1.0
2435214.761922,0.949448,2.30653,0.4693037000000001,0.00774999,1.412835,0.012055799999999998,0.00769276,1.0
2435214.762339,0.952075,2.30653,0.4693085,0.00774993,1.4128379999999998,0.01205411,0.00769271,1.0
2435214.7657560003,0.962656,2.306528,0.4693471,0.00774951,1.412861,0.01204021,0.00769227,1.0
2435214.769839,1.00155,2.306525,0.4693933,0.007749,1.41289,0.01202361,0.00769176,1.0
2435214.774089,1.00339,2.306522,0.4694414000000001,0.00774846,1.412919,0.01200633,0.00769122,1.0
2435214.777756,1.01923,2.30652,0.4694829,0.007748,1.412944,0.01199142,0.00769075,1.0
2435214.781797,1.03436,2.306517,0.4695287,0.007747499999999998,1.412972,0.011975,0.00769024,1.0
2435223.58565,1.05386,2.298681,0.5687312,0.00663964,1.48156,-0.01857715,0.00657204,1.0
2435223.590942,1.08338,2.298675,0.5687905,0.00663897,1.481606,-0.01859207,0.00657137,1.0
2435223.594734,1.06361,2.298671,0.5688331,0.00663849,1.481638,-0.01860276,0.00657089,1.0
2435223.6048990004,1.06361,2.298659,0.5689470999999999,0.0066372,1.481726,-0.018631400000000003,0.0065696,1.0
2435223.609566,1.05386,2.298654,0.5689994,0.00663661,1.481767,-0.01864455,0.006569,1.0
2435223.6131080003,1.05386,2.29865,0.5690390999999999,0.00663616,1.481797,-0.01865452,0.00656855,1.0
2435223.616648,1.03462,2.298646,0.5690788,0.00663572,1.481828,-0.01866449,0.0065681,1.0
2435223.619982,1.01574,2.298642,0.5691162,0.00663529,1.481857,-0.01867387,0.00656768,1.0
2435223.6241900004,1.01574,2.298638,0.5691634,0.00663476,1.481893,-0.01868572,0.00656714,1.0
2435223.629523,1.02514,2.298632,0.5692232,0.00663409,1.48194,-0.01870072,0.00656646,1.0
2435223.645481,0.952316,2.298614,0.5694022,0.00663207,1.482078,-0.01874559,0.00656443,1.0
2435223.649022,0.952316,2.29861,0.5694419,0.00663162,1.482108,-0.01875554,0.00656398,1.0
2435223.652772,0.970021,2.298606,0.5694839,0.00663114,1.482141,-0.01876608,0.00656351,1.0
2435223.661646,0.934934,2.298596,0.5695835,0.00663002,1.482218,-0.018791,0.00656238,1.0
2435223.6680630003,0.934934,2.298589,0.5696554,0.00662921,1.482273,-0.01880901,0.00656156,1.0
2435223.673396,0.926363,2.2985830000000003,0.5697151999999999,0.00662853,1.48232,-0.01882398,0.00656088,1.0
2435223.679145,0.91787,2.298576,0.5697797,0.00662781,1.482369,-0.01884011,0.00656015,1.0
2435223.683604,0.909455,2.298571,0.5698297,0.00662724,1.482408,-0.01885262,0.00655959,1.0
2435223.690895,0.901117,2.298563,0.5699114000000001,0.00662632,1.482471,-0.01887306,0.00655866,1.0
2435223.698894,0.892855,2.298554,0.5700012,0.00662531,1.482541,-0.01889548,0.00655764,1.0
2435223.7061860003,0.909455,2.298546,0.5700829000000001,0.00662439,1.482604,-0.018915900000000003,0.00655671,1.0
2435223.710644,0.91787,2.298541,0.5701329,0.00662382,1.482643,-0.01892839,0.00655615,1.0
2435223.717268,0.934934,2.2985330000000004,0.5702071999999999,0.00662298,1.4827,-0.01894693,0.0065553,1.0
2435223.723685,0.952316,2.298526,0.5702791,0.00662217,1.482756,-0.01896489,0.00655449,1.0
2435223.728143,0.970021,2.298521,0.5703291,0.00662161,1.482794,-0.01897736,0.00655392,1.0
2435223.733893,0.970021,2.298515,0.5703936,0.00662088,1.482844,-0.01899344,0.00655319,1.0
2435223.746101,1.01574,2.298501,0.5705305,0.00661933,1.48295,-0.01902757,0.00655164,1.0
2435223.750517,1.02514,2.298496,0.57058,0.00661878,1.482989,-0.01903991,0.00655107,1.0
2435223.7556,1.04419,2.29849,0.570637,0.00661813,1.483033,-0.01905411,0.00655043,1.0
2435223.759808,1.05386,2.298485,0.5706842,0.0066176,1.483069,-0.01906586,0.00654989,1.0
2435223.76935,1.07345,2.298475,0.5707911999999999,0.00661639,1.483152,-0.01909249,0.00654868,1.0
2435223.77535,1.08338,2.298468,0.5708585,0.00661563,1.4832040000000002,-0.01910923,0.00654792,1.0
2435223.780015,1.08338,2.298463,0.5709108,0.00661504,1.483245,-0.01912225,0.00654732,1.0
2435223.785557,1.08338,2.2984560000000003,0.5709729,0.00661434,1.483293,-0.0191377,0.00654662,1.0
2435223.7897650003,1.07345,2.298452,0.5710201,0.00661381,1.483329,-0.01914943,0.00654608,1.0
2435223.795723,1.05386,2.298445,0.5710869000000001,0.00661305,1.4833809999999998,-0.01916604,0.00654533,1.0
2435242.583111,0.90257,2.268363,0.7792544,0.00421267,1.675687,-0.03965721,0.00412176,1.0
2435242.590193,0.886912,2.268348,0.7793318,0.00421176,1.6757689999999998,-0.03965169,0.00412084,1.0
2435242.59536,0.895119,2.268338,0.7793883,0.004211100000000001,1.675829,-0.03964765,0.00412016,1.0
2435242.598985,0.920197,2.26833,0.779428,0.00421063,1.675871,-0.03964482,0.00411969,1.0
2435242.603067,0.925296,2.268322,0.7794726,0.0042101000000000005,1.675918,-0.03964162,0.00411916,1.0
2435242.606942,0.917658,2.268314,0.779515,0.0042096,1.675963,-0.03963858,0.00411866,1.0
2435242.610817,0.925296,2.268306,0.7795574000000001,0.00420911,1.6760080000000002,-0.03963554,0.00411816,1.0
2435242.6134,0.946849,2.2683,0.7795856,0.00420877,1.676038,-0.03963351,0.00411782,1.0
2435242.618524,0.958254,2.2682900000000004,0.7796416,0.00420811,1.6760970000000002,-0.03962948,0.00411715,1.0
2435242.621316,0.965341,2.268284,0.7796721999999999,0.00420775,1.67613,-0.03962729,0.00411679,1.0
2435242.624566,0.976069,2.268277,0.7797076999999999,0.00420733,1.6761669999999995,-0.03962473,0.00411637,1.0
2435242.628858,0.984194,2.268268,0.7797546,0.00420678,1.6762169999999998,-0.03962134,0.00411581,1.0
2435242.632482,0.97877,2.268261,0.7797943,0.00420632,1.676259,-0.03961848,0.00411534,1.0
2435242.634857,1.00805,2.268256,0.7798202,0.00420601,1.676287,-0.03961661,0.00411503,1.0
2435242.63894,1.00527,2.268248,0.7798649000000001,0.00420548,1.676334,-0.03961338,0.0041145,1.0
2435242.641732,1.02584,2.268242,0.7798954,0.00420512,1.676366,-0.03961117,0.00411414,1.0
2435242.647314,1.05361,2.26823,0.7799564,0.0042044,1.6764310000000002,-0.03960674,0.00411341,1.0
2435242.655272,1.10428,2.268214,0.7800434,0.00420338,1.676523,-0.03960043,0.00411238,1.0
2435242.662146,1.10632,2.2682,0.7801186,0.00420249,1.6766029999999998,-0.03959496,0.00411148,1.0
2435242.665355,1.09114,2.268193,0.7801537,0.00420208,1.67664,-0.039592400000000014,0.00411107,1.0
2435242.672855,1.10225,2.268177,0.7802357,0.00420112,1.676727,-0.03958642,0.00411009,1.0
2435242.679979,1.12068,2.268163,0.7803135999999999,0.004200199999999999,1.67681,-0.03958073,0.00410916,1.0
2435242.685562,1.09719,2.268151,0.7803746,0.00419948,1.676875,-0.03957625,0.00410844,1.0
2435242.689187,1.1104,2.268144,0.7804143,0.00419901,1.6769169999999998,-0.03957335,0.00410797,1.0
2435242.693269,1.10938,2.268135,0.7804589,0.00419849,1.676964,-0.03957007,0.00410744,1.0
2435242.697144,1.09416,2.268127,0.7805013000000001,0.00419799,1.677009,-0.03956696,0.00410693,1.0
2435242.701228,1.0982,2.268119,0.7805459,0.00419746,1.677056,-0.03956368,0.0041064,1.0
2435242.704644,1.07024,2.268112,0.7805833000000001,0.00419702,1.677096,-0.03956093,0.00410596,1.0
2435242.708935,1.05848,2.268103,0.7806301999999999,0.00419647,1.6771459999999998,-0.03955747,0.0041054,1.0
2435242.7123930003,1.03724,2.268095,0.780668,0.00419602,1.677186,-0.03955468,0.00410495,1.0
2435242.716477,1.04011,2.268087,0.7807126,0.0041955,1.6772330000000002,-0.03955138,0.00410442,1.0
2435242.719893,1.01177,2.26808,0.78075,0.00419506,1.677273,-0.03954862,0.00410398,1.0
2435242.726351,1.01644,2.268067,0.7808206,0.00419422,1.677348,-0.03954339,0.00410314,1.0
2435242.733017,0.980575,2.268053,0.7808935,0.00419337,1.677425,-0.03953798,0.00410227,1.0
2435242.737308,0.956491,2.268044,0.7809404000000001,0.00419281,1.677475,-0.0395345,0.00410171,1.0
2435242.740725,0.95561,2.268037,0.7809776999999999,0.00419237,1.677515,-0.03953172,0.00410127,1.0
2435242.745016,0.937304,2.268028,0.7810246,0.00419182,1.6775639999999998,-0.03952823,0.00410071,1.0
2435242.7493080003,0.948595,2.268019,0.7810716,0.00419127,1.677614,-0.03952473,0.00410015,1.0
2435242.753182,0.941631,2.268011,0.7811139,0.00419077,1.677659,-0.03952157,0.00409965,1.0
2435242.7566400003,0.927856,2.268004,0.7811517,0.00419032,1.677699,-0.03951875,0.0040992,1.0
2435242.760265,0.935579,2.267996,0.7811914000000001,0.00418986,1.677741,-0.03951579,0.00409873,1.0
2435242.765014,0.948595,2.267986,0.7812433000000001,0.00418924,1.6777959999999998,-0.0395119,0.00409811,1.0
2435242.769098,0.960021,2.267978,0.7812879,0.00418872,1.677844,-0.03950856,0.00409758,1.0
2435242.772514,0.945977,2.267971,0.7813253000000001,0.00418828,1.677884,-0.03950576,0.00409714,1.0
2435242.777014,0.993301,2.267961,0.7813745,0.0041877,1.677936,-0.03950207,0.00409655,1.0
2435242.78218,1.0249,2.267951,0.7814309,0.00418703,1.6779959999999998,-0.03949782,0.00409588,1.0
2436228.553318,1.01439,-0.5160278,-2.026948,0.01890489,-1.08296,-1.222033,0.01897603,1.0
2436228.558735,1.04473,-0.5159606,-2.026962,0.01890541,-1.08297,-1.2221,0.01897654,1.0
2436228.563068,1.0631700000000002,-0.5159068,-2.026972,0.01890582,-1.082979,-1.2221540000000002,0.01897695,1.0
2436228.567942,1.08494,-0.5158462,-2.026984,0.01890628,-1.0829879999999998,-1.222215,0.01897741,1.0
2436228.574442,1.09397,-0.5157655,-2.027,0.01890689,-1.083001,-1.222295,0.01897802,1.0
2436228.580942,1.10104,-0.5156847999999999,-2.027015,0.01890751,-1.083013,-1.222376,0.01897863,1.0
2436228.589858,1.10104,-0.5155741,-2.027037,0.01890836,-1.08303,-1.222486,0.01897947,1.0
2436228.597441,1.08894,-0.5154799,-2.027055,0.01890907,-1.083045,-1.22258,0.01898019,1.0
2436228.6025650003,1.06808,-0.5154162,-2.027067,0.01890956,-1.083055,-1.222644,0.01898067,1.0
2436228.609357,1.07005,-0.5153319000000001,-2.027084,0.0189102,-1.083068,-1.222728,0.01898131,1.0
2436228.612607,1.04473,-0.5152915,-2.027092,0.01891051,-1.083074,-1.222769,0.01898161,1.0
2436228.6163560003,1.04569,-0.515245,-2.027101,0.01891087,-1.083081,-1.222815,0.01898197,1.0
2436228.6193560003,1.03611,-0.5152077,-2.027108,0.01891115,-1.083087,-1.222852,0.01898225,1.0
2436228.623689,1.04089,-0.5151539,-2.027119,0.01891156,-1.083095,-1.222906,0.01898266,1.0
2436228.630439,0.996791,-0.5150701,-2.027135,0.0189122,-1.083108,-1.22299,0.01898329,1.0
2436228.63423,1.00047,-0.515023,-2.027144,0.01891256,-1.083115,-1.2230370000000002,0.01898365,1.0
2436228.637188,0.986743,-0.5149862000000001,-2.027151,0.01891284,-1.083121,-1.223074,0.01898393,1.0
2436228.640438,0.994041,-0.5149459,-2.027159,0.01891315,-1.083127,-1.223114,0.01898423,1.0
2436228.64398,0.9795,-0.5149019,-2.027168,0.01891348,-1.083134,-1.223158,0.01898457,1.0
2436228.64723,0.956322,-0.5148615,-2.027175,0.01891379,-1.08314,-1.223198,0.01898487,1.0
2436228.653729,0.952805,-0.5147808,-2.027191,0.01891441,-1.083152,-1.223279,0.01898549,1.0
2436228.658312,0.938867,-0.5147239,-2.027202,0.01891484,-1.083161,-1.223336,0.01898592,1.0
2436228.663187,0.918342,-0.5146632999999999,-2.027214,0.0189153,-1.083171,-1.223396,0.01898638,1.0
2436228.667228,0.9116,-0.5146130999999999,-2.0272240000000004,0.01891568,-1.083178,-1.223447,0.01898676,1.0
2436228.674019,0.905741,-0.5145288,-2.02724,0.01891633,-1.083191,-1.223531,0.0189874,1.0
2436228.680228,0.902411,-0.5144517,-2.027255,0.01891691,-1.083203,-1.223608,0.01898798,1.0
2436228.686185,0.8900290000000001,-0.5143777,-2.027269,0.01891748,-1.083214,-1.223682,0.01898854,1.0
2436228.69456,0.875395,-0.5142736,-2.0272900000000003,0.01891827,-1.08323,-1.223786,0.01898933,1.0
2436228.705392,0.906576,-0.5141391,-2.027316,0.0189193,-1.083251,-1.2239209999999998,0.01899035,1.0
2436228.715683,0.916651,-0.5140113000000001,-2.02734,0.01892027,-1.0832700000000002,-1.224049,0.01899132,1.0
2436228.723225,0.954562,-0.5139176,-2.027359,0.01892099,-1.083285,-1.224142,0.01899203,1.0
2436228.730016,0.993126,-0.5138332,-2.027375,0.01892163,-1.083297,-1.224227,0.01899266,1.0
2436228.7343490003,0.996791,-0.5137794,-2.027385,0.01892204,-1.083306,-1.22428,0.01899307,1.0
2436228.740807,1.03135,-0.5136992,-2.027401,0.01892265,-1.083318,-1.224361,0.01899368,1.0
2436228.752181,1.07598,-0.5135579,-2.027428,0.01892373,-1.083339,-1.224502,0.01899475,1.0
2437673.963603,0.982065,0.4858584,-2.001979,0.02420925,0.161512,-1.073605,0.02428742,1.0
2437673.967145,0.974855,0.4859025,-2.001968,0.02420938,0.16149760000000002,-1.073615,0.02428755,1.0
2437673.969353,0.968591,0.4859300999999999,-2.001961,0.02420946,0.1614886,-1.073621,0.02428763,1.0
2437673.97352,0.98569,0.485982,-2.001949,0.02420961,0.16147170000000002,-1.073632,0.02428778,1.0
2437673.976436,0.967699,0.4860184,-2.0019400000000003,0.02420972,0.1614599,-1.07364,0.02428789,1.0
2437673.978978,0.966808,0.48605,-2.001932,0.02420981,0.1614496,-1.073647,0.02428798,1.0
2437673.98252,0.971271,0.4860942,-2.001922,0.02420994,0.1614352,-1.073657,0.02428811,1.0
2437673.986978,0.983876,0.4861498,-2.001908,0.02421011,0.1614171,-1.073669,0.02428828,1.0
2437673.99052,0.98297,0.4861939,-2.001898,0.02421024,0.1614027,-1.073679,0.02428841,1.0
2437673.9975610003,1.01051,0.4862817,-2.001877,0.0242105,0.1613741,-1.073698,0.02428867,1.0
2437674.000478,1.01424,0.486318,-2.001868,0.02421061,0.1613623,-1.073706,0.02428877,1.0
2437674.003352,1.0274,0.4863539000000001,-2.001859,0.02421071,0.1613506,-1.0737139999999998,0.02428888,1.0
2437674.010394,1.04843,0.4864416,-2.001838,0.02421097,0.161322,-1.073733,0.02428914,1.0
2437674.013269,1.05813,0.4864775,-2.0018290000000003,0.02421108,0.1613104,-1.073741,0.02428925,1.0
2437674.01681,1.05911,0.4865216,-2.001819,0.02421121,0.161296,-1.073751,0.02428938,1.0
2437674.019685,1.06792,0.4865574,-2.00181,0.02421131,0.1612843,-1.073759,0.02428948,1.0
2437674.02706,1.08578,0.4866493,-2.001788,0.02421158,0.1612544,-1.073779,0.02428975,1.0
2437674.032519,1.0788,0.4867174,-2.001771,0.02421178,0.1612323,-1.073794,0.02428995,1.0
2437674.042435,1.07384,0.486841,-2.001742,0.02421215,0.1611921,-1.0738219999999998,0.02429032,1.0
2437674.045977,1.09582,0.4868851,-2.001731,0.02421228,0.1611777,-1.073832,0.02429045,1.0
2437674.048519,1.09683,0.4869168,-2.001723,0.02421237,0.1611674,-1.073839,0.02429054,1.0
2437674.050769,1.08578,0.4869448,-2.001717,0.02421245,0.16115829999999998,-1.0738450000000002,0.02429063,1.0
2437674.054935,1.07979,0.4869968,-2.001704,0.02421261,0.1611414,-1.073856,0.02429078,1.0
2437674.05781,1.08079,0.4870326,-2.001695,0.02421271,0.1611297,-1.073864,0.02429088,1.0
2437674.061685,1.08878,0.4870809,-2.001684,0.02421286,0.161114,-1.073875,0.02429103,1.0
2437674.065185,1.0465,0.4871245,-2.001673,0.02421298,0.1610999,-1.073885,0.02429116,1.0
2437674.068102,1.035,0.4871609000000001,-2.001664,0.02421309,0.161088,-1.073893,0.02429126,1.0
2437674.071602,1.03214,0.4872045,-2.0016540000000003,0.02421322,0.1610739,-1.073902,0.02429139,1.0
2437674.076435,1.01424,0.4872647,-2.001639,0.024213400000000003,0.16105429999999998,-1.073916,0.02429157,1.0
2437674.079935,0.997563,0.4873083,-2.001629,0.02421353,0.16104010000000002,-1.073925,0.0242917,1.0
2437674.084101,0.981161,0.4873603,-2.001616,0.02421368,0.16102320000000006,-1.073937,0.02429185,1.0
2437674.088268,0.973061,0.4874122,-2.001604,0.02421383,0.1610063,-1.073948,0.024292,1.0
2437674.092143,0.943931,0.4874605,-2.001592,0.02421397,0.16099059999999998,-1.073959,0.02429215,1.0
2437674.098226,0.953543,0.4875363,-2.001574,0.0242142,0.160966,-1.073976,0.02429237,1.0
2437674.101101,0.950036,0.4875721,-2.0015650000000003,0.0242143,0.1609544,-1.073984,0.02429248,1.0
2437674.104934,0.950036,0.4876199000000001,-2.001554,0.02421444,0.1609388,-1.073995,0.02429262,1.0
2437674.108143,0.938729,0.4876599,-2.001544,0.02421456,0.16092579999999998,-1.0740040000000002,0.02429274,1.0
2437674.111976,0.943062,0.4877077,-2.001532,0.0242147,0.16091029999999998,-1.074014,0.02429288,1.0
2437674.116809,0.938729,0.4877679,-2.001518,0.02421488,0.1608908,-1.074028,0.02429305,1.0
2437674.120976,0.932696,0.4878198,-2.001505,0.02421503,0.1608739,-1.074039,0.02429321,1.0
2437674.124809,0.918206,0.4878676,-2.001494,0.02421517,0.16085839999999998,-1.07405,0.02429335,1.0
2437674.136351,0.910626,0.4880114,-2.001459,0.0242156,0.16081170000000006,-1.074082,0.02429377,1.0
2437674.139559,0.902278,0.4880514,-2.001449,0.02421571,0.16079870000000002,-1.074091,0.02429389,1.0
2437674.144684,0.905608,0.4881153,-2.001434,0.0242159,0.1607779,-1.074105,0.02429408,1.0
2437674.147893,0.8948290000000001,0.4881553,-2.001424,0.02421602,0.16076500000000002,-1.074114,0.0242942,1.0
2437674.151101,0.8849940000000001,0.4881952,-2.001414,0.02421614,0.160752,-1.074123,0.02429431,1.0
2437674.156226,0.8793059999999999,0.4882591,-2.001399,0.02421632,0.1607313,-1.074137,0.0242945,1.0
2437674.161351,0.886626,0.488323,-2.001383,0.02421651,0.1607105,-1.074151,0.02429469,1.0
2437674.165517,0.905608,0.4883749,-2.001371,0.02421667,0.16069370000000002,-1.074163,0.02429484,1.0
2437674.1703080004,0.913146,0.4884346,-2.001356,0.02421684,0.1606743,-1.074176,0.02429502,1.0
2437674.1741830003,0.932696,0.4884829000000001,-2.001345,0.02421698,0.1606586,-1.074187,0.02429516,1.0
2437674.17835,0.933556,0.4885348,-2.001332,0.02421714,0.1606418,-1.074199,0.02429531,1.0
2437674.182808,0.953543,0.4885904,-2.001319,0.0242173,0.16062379999999998,-1.074211,0.02429548,1.0
2437674.186975,0.953543,0.4886423,-2.001306,0.02421745,0.1606069,-1.074223,0.02429563,1.0
2437674.192767,0.957062,0.4887144000000001,-2.001289,0.02421766,0.1605835,-1.074239,0.02429584,1.0
2437674.1991830003,0.98569,0.4887944,-2.001269,0.0242179,0.1605576,-1.074257,0.02429608,1.0
2437674.203642,1.00587,0.48885,-2.001256,0.02421806,0.1605396,-1.074269,0.02429624,1.0
2437674.207183,1.03786,0.4888941,-2.001245,0.02421819,0.16052529999999998,-1.074279,0.02429637,1.0
2437674.211683,1.03882,0.4889502000000001,-2.001232,0.02421836,0.1605071,-1.074292,0.02429654,1.0
2437674.21585,1.05521,0.4890021,-2.001219,0.02421851,0.1604902,-1.074304,0.02429669,1.0
2437674.220642,1.06302,0.4890618,-2.001205,0.02421868,0.16047089999999994,-1.074317,0.02429686,1.0
2437674.2261,1.08079,0.4891298,-2.001188,0.02421888,0.16044879999999995,-1.074332,0.02429706,1.0
2437674.2306,1.08378,0.4891859000000001,-2.001174,0.02421905,0.1604307,-1.074345,0.02429723,1.0
2437674.234767,1.10902,0.4892378,-2.001162,0.0242192,0.1604138,-1.074357,0.02429738,1.0
2437674.238933,1.08478,0.4892897,-2.0011490000000003,0.02421935,0.160397,-1.074368,0.02429753,1.0
2437674.244057,1.08478,0.4893536,-2.001134,0.02421954,0.1603763,-1.074383,0.02429772,1.0
2437674.252391,1.08778,0.4894574,-2.001109,0.02421985,0.1603427,-1.074406,0.02429803,1.0
2437674.254641,1.08478,0.4894854,-2.001102,0.02421993,0.1603336,-1.074412,0.02429811,1.0
2437674.907966,1.06691,0.4976223,-1.999113,0.02424365,0.1577155,-1.076293,0.02432184,1.0
2437674.9127990003,1.06789,0.4976825,-1.999098,0.02424383,0.15769629999999998,-1.076307,0.02432201,1.0
2437674.916633,1.0748,0.4977302,-1.999086,0.02424396,0.15768110000000002,-1.076319,0.02432215,1.0
2437674.920466,1.0484,0.4977779000000001,-1.999074,0.0242441,0.1576658,-1.07633,0.02432229,1.0
2437674.924633,1.04454,0.4978298,-1.999062,0.02424425,0.15764920000000002,-1.076342,0.02432244,1.0
2437674.927841,1.04647,0.4978697,-1.999052,0.02424437,0.1576365,-1.076352,0.02432256,1.0
2437674.932007,1.05908,0.4979216,-1.999039,0.02424452,0.15761989999999998,-1.076364,0.02432271,1.0
2437674.938423,1.00306,0.4980015,-1.999019,0.02424475,0.1575944,-1.076383,0.02432294,1.0
2437674.94259,1.02265,0.4980532999999999,-1.999007,0.0242449,0.1575778,-1.076395,0.02432309,1.0
2437674.945798,0.99478,0.4980933,-1.998997,0.02424501,0.1575651,-1.0764049999999998,0.0243232,1.0
2437674.950298,0.979326,0.4981493,-1.998983,0.02424518,0.15754720000000005,-1.076418,0.02432336,1.0
2437674.954757,0.958798,0.4982048,-1.998969,0.02424534,0.15752950000000002,-1.076431,0.02432353,1.0
2437674.95959,0.96767,0.4982649,-1.998954,0.02424551,0.1575103,-1.076446,0.0243237,1.0
2437674.961507,0.98294,0.4982888,-1.998949,0.02424558,0.1575027,-1.076451,0.02432377,1.0
2437674.964048,0.987477,0.4983204000000001,-1.998941,0.02424567,0.1574926,-1.076459,0.02432386,1.0
2437674.965965,0.96767,0.4983443,-1.998935,0.02424574,0.157485,-1.076465,0.02432393,1.0
2437674.970132,0.955272,0.4983962000000001,-1.998922,0.02424589,0.1574684,-1.076477,0.02432408,1.0
2437674.974298,0.968561,0.498448,-1.998909,0.02424604,0.1574519,-1.076489,0.02432423,1.0
2437674.980423,0.961451,0.4985243,-1.99889,0.02424626,0.1574275,-1.076507,0.02432445,1.0
2437674.983923,0.941298,0.4985678,-1.99888,0.02424639,0.1574136,-1.076518,0.02432457,1.0
2437674.98809,0.948259,0.4986197,-1.998867,0.02424654,0.1573971,-1.07653,0.02432472,1.0
2437674.992257,0.955272,0.4986716,-1.998854,0.02424669,0.1573805,-1.076543,0.02432487,1.0
2437674.996423,0.951759,0.4987234,-1.998841,0.02424684,0.157364,-1.076555,0.02432502,1.0
2437675.0054220003,0.965889,0.4988354999999999,-1.998814,0.02424716,0.15732829999999998,-1.076582,0.02432535,1.0
2437675.009256,0.984753,0.4988832,-1.998802,0.0242473,0.1573131,-1.076593,0.02432548,1.0
2437675.012131,0.976623,0.498919,-1.998793,0.0242474,0.15730170000000002,-1.076602,0.02432559,1.0
2437675.016631,1.00769,0.498975,-1.998779,0.02424756,0.1572838,-1.076615,0.02432575,1.0
2437675.019839,1.00955,0.4990149,-1.998769,0.02424768,0.1572711,-1.076625,0.02432587,1.0
2437675.0240060003,1.02926,0.4990668,-1.998756,0.02424783,0.15725450000000002,-1.076637,0.02432601,1.0
2437675.028797,1.00862,0.4991264,-1.998742,0.024248,0.1572355,-1.076651,0.02432619,1.0
2437675.032631,1.03306,0.4991741,-1.99873,0.02424814,0.1572203,-1.076663,0.02432632,1.0
2437675.035839,1.03021,0.4992141,-1.99872,0.02424825,0.1572076,-1.076672,0.02432644,1.0
2437674.907966,1.06691,0.4976223,-1.999113,0.02424365,0.1577155,-1.076293,0.02432184,1.0
2437674.9127990003,1.06789,0.4976825,-1.999098,0.02424383,0.15769629999999998,-1.076307,0.02432201,1.0
2437674.916633,1.0748,0.4977302,-1.999086,0.02424396,0.15768110000000002,-1.076319,0.02432215,1.0
2437674.920466,1.0484,0.4977779000000001,-1.999074,0.0242441,0.1576658,-1.07633,0.02432229,1.0
2437674.924633,1.04454,0.4978298,-1.999062,0.02424425,0.15764920000000002,-1.076342,0.02432244,1.0
2437674.927841,1.04647,0.4978697,-1.999052,0.02424437,0.1576365,-1.076352,0.02432256,1.0
2437674.932007,1.05908,0.4979216,-1.999039,0.02424452,0.15761989999999998,-1.076364,0.02432271,1.0
2437674.938423,1.00306,0.4980015,-1.999019,0.02424475,0.1575944,-1.076383,0.02432294,1.0
2437674.94259,1.02265,0.4980532999999999,-1.999007,0.0242449,0.1575778,-1.076395,0.02432309,1.0
2437674.945798,0.99478,0.4980933,-1.998997,0.02424501,0.1575651,-1.0764049999999998,0.0243232,1.0
2437674.950298,0.979326,0.4981493,-1.998983,0.02424518,0.15754720000000005,-1.076418,0.02432336,1.0
2437674.954757,0.958798,0.4982048,-1.998969,0.02424534,0.15752950000000002,-1.076431,0.02432353,1.0
2437674.95959,0.96767,0.4982649,-1.998954,0.02424551,0.1575103,-1.076446,0.0243237,1.0
2437674.961507,0.98294,0.4982888,-1.998949,0.02424558,0.1575027,-1.076451,0.02432377,1.0
2437674.964048,0.987477,0.4983204000000001,-1.998941,0.02424567,0.1574926,-1.076459,0.02432386,1.0
2437674.965965,0.96767,0.4983443,-1.998935,0.02424574,0.157485,-1.076465,0.02432393,1.0
2437674.970132,0.955272,0.4983962000000001,-1.998922,0.02424589,0.1574684,-1.076477,0.02432408,1.0
2437674.974298,0.968561,0.498448,-1.998909,0.02424604,0.1574519,-1.076489,0.02432423,1.0
2437674.980423,0.961451,0.4985243,-1.99889,0.02424626,0.1574275,-1.076507,0.02432445,1.0
2437674.983923,0.941298,0.4985678,-1.99888,0.02424639,0.1574136,-1.076518,0.02432457,1.0
2437674.98809,0.948259,0.4986197,-1.998867,0.02424654,0.1573971,-1.07653,0.02432472,1.0
2437674.992257,0.955272,0.4986716,-1.998854,0.02424669,0.1573805,-1.076543,0.02432487,1.0
2437674.996423,0.951759,0.4987234,-1.998841,0.02424684,0.157364,-1.076555,0.02432502,1.0
2437675.0054220003,0.965889,0.4988354999999999,-1.998814,0.02424716,0.15732829999999998,-1.076582,0.02432535,1.0
2437675.009256,0.984753,0.4988832,-1.998802,0.0242473,0.1573131,-1.076593,0.02432548,1.0
2437675.012131,0.976623,0.498919,-1.998793,0.0242474,0.15730170000000002,-1.076602,0.02432559,1.0
2437675.016631,1.00769,0.498975,-1.998779,0.02424756,0.1572838,-1.076615,0.02432575,1.0
2437675.019839,1.00955,0.4990149,-1.998769,0.02424768,0.1572711,-1.076625,0.02432587,1.0
2437675.0240060003,1.02926,0.4990668,-1.998756,0.02424783,0.15725450000000002,-1.076637,0.02432601,1.0
2437675.028797,1.00862,0.4991264,-1.998742,0.024248,0.1572355,-1.076651,0.02432619,1.0
2437675.032631,1.03306,0.4991741,-1.99873,0.02424814,0.1572203,-1.076663,0.02432632,1.0
2437675.035839,1.03021,0.4992141,-1.99872,0.02424825,0.1572076,-1.076672,0.02432644,1.0
2437695.973263,1.13212,0.7554839,-1.9196990000000005,0.02481933,0.1006755,-1.183469,0.02487519,1.0
2437695.978721,1.12484,0.7555494,-1.919675,0.02481943,0.1006692,-1.183508,0.02487529,1.0
2437695.991846,1.07719,0.755707,-1.919616,0.02481967,0.1006543,-1.1836,0.02487552,1.0
2437695.996679,1.06143,0.7557649999999999,-1.919595,0.02481976,0.1006488,-1.183634,0.02487561,1.0
2437696.006262,1.0585,0.75588,-1.919552,0.02481994,0.1006379,-1.183701,0.02487578,1.0
2437696.012387,1.02871,0.7559535,-1.919525,0.02482005,0.100631,-1.183744,0.02487588,1.0
2437696.01847,1.01273,0.7560265,-1.919497,0.02482016,0.1006241,-1.183787,0.02487599,1.0
2437696.023261,0.988764,0.756084,-1.919476,0.02482025,0.1006187,-1.183821,0.02487608,1.0
2437696.030011,0.9743,0.756165,-1.919446,0.02482038,0.1006111,-1.183869,0.0248762,1.0
2437696.036386,0.979699,0.7562415,-1.919417,0.0248205,0.1006039,-1.183913,0.02487631,1.0
2437696.041844,0.952999,0.756307,-1.919393,0.0248206,0.1005977,-1.183952,0.02487641,1.0
2437696.047927,0.951246,0.75638,-1.919366,0.02482071,0.1005908,-1.183995,0.02487651,1.0
2437696.05276,0.957398,0.756438,-1.919344,0.0248208,0.1005854,-1.184029,0.0248766,1.0
2437696.05851,0.956517,0.7565069999999999,-1.919319,0.0248209,0.1005789,-1.184069,0.0248767,1.0
2437696.063343,0.939924,0.7565649999999999,-1.919297,0.02482099,0.1005735,-1.184103,0.02487679,1.0
2437696.075842,0.8910309999999999,0.7567149999999999,-1.919241,0.02482122,0.1005595,-1.184192,0.02487701,1.0
2437696.083217,0.877188,0.7568035,-1.919208,0.02482136,0.1005512,-1.184244,0.02487714,1.0
2437696.087676,0.8643559999999999,0.756857,-1.919188,0.02482144,0.1005462,-1.184275,0.02487722,1.0
2437696.093759,0.862765,0.75693,-1.919161,0.02482156,0.1005394,-1.184318,0.02487733,1.0
2437696.098883,0.8779959999999999,0.7569915,-1.919138,0.02482165,0.1005337,-1.184354,0.02487742,1.0
2437696.103716,0.8943190000000001,0.7570495,-1.919116,0.02482174,0.1005283,-1.184388,0.0248775,1.0
2437696.109466,0.932165,0.7571185,-1.919091,0.02482185,0.1005218,-1.1844290000000002,0.0248776,1.0
2437696.118466,0.944262,0.7572265,-1.919051,0.02482201,0.1005118,-1.184492,0.02487776,1.0
2437696.124882,0.947748,0.7573035,-1.919022,0.02482213,0.1005047,-1.1845370000000002,0.02487788,1.0
2437696.130632,0.986036,0.7573725,-1.918996,0.02482224,0.1004983,-1.184578,0.02487798,1.0
2437696.136715,1.0155299999999998,0.7574455,-1.918969,0.02482235,0.1004915,-1.184621,0.02487808,1.0
2437696.144715,1.05267,0.7575414,-1.918933,0.02482249,0.1004826,-1.184677,0.02487823,1.0
2437696.152756,1.09722,0.7576379,-1.918897,0.02482264,0.1004737,-1.184734,0.02487837,1.0
2437696.159173,1.08416,0.7577149000000001,-1.918868,0.02482276,0.1004666,-1.18478,0.02487848,1.0
2437696.166214,1.10737,0.7577994,-1.918837,0.02482289,0.1004588,-1.184829,0.0248786,1.0
2437696.173255,1.09621,0.7578838999999999,-1.918805,0.02482302,0.100451,-1.184879,0.02487873,1.0
2437696.179338,1.09621,0.7579569,-1.918778,0.02482313,0.1004443,-1.184922,0.02487884,1.0
2437696.185422,1.10635,0.7580298000000001,-1.918751,0.02482324,0.10043760000000003,-1.184965,0.02487894,1.0
2437696.190547,1.06241,0.7580913,-1.918728,0.02482334,0.100432,-1.185001,0.02487903,1.0
2437696.199546,1.02682,0.7581993,-1.918688,0.0248235,0.100422,-1.185065,0.02487919,1.0
2437696.206921,1.00993,0.7582878000000001,-1.918655,0.02482364,0.1004139,-1.185117,0.02487932,1.0
2437696.213337,0.9915,0.7583647,-1.918626,0.02482376,0.1004069,-1.185162,0.02487943,1.0
2445623.311289,1.01871,-2.089281,-0.9322537,-0.00152652,-1.165546,-0.5570472,-0.00150835,1.0
2445623.319372,1.00381,-2.0892310000000003,-0.9323337,-0.00152538,-1.165551,-0.5569988,-0.00150719,1.0
2445623.3263310003,1.00566,-2.089188,-0.9324025,-0.00152439,-1.165555,-0.5569571999999999,-0.0015062,1.0
2445623.337956,0.973761,-2.089116,-0.9325175,-0.00152274,-1.165562,-0.5568877,-0.00150454,1.0
2445623.345373,0.964833,-2.089071,-0.9325908000000002,-0.00152169,-1.165567,-0.5568433,-0.00150349,1.0
2445623.349373,0.955988,-2.089046,-0.9326304,-0.00152112,-1.165569,-0.5568194000000001,-0.00150292,1.0
2445623.356248,0.942003,-2.089004,-0.9326983,-0.00152015,-1.165573,-0.5567783000000001,-0.00150194,1.0
2445623.363998,0.941136,-2.088956,-0.932775,-0.00151905,-1.165578,-0.556732,-0.00150083,1.0
2445623.369332,0.946351,-2.088923,-0.9328277,-0.0015183,-1.165581,-0.5567001,-0.00150007,1.0
2445623.373623,0.942003,-2.088896,-0.9328702,-0.00151769,-1.165584,-0.5566745,-0.00149946,1.0
2445623.382582,0.938539,-2.088841,-0.9329587,-0.00151642,-1.165589,-0.556621,-0.00149818,1.0
2445623.391165,0.983676,-2.088788,-0.9330436,-0.0015152000000000002,-1.1655950000000002,-0.5565697,-0.00149696,1.0
2445623.397957,1.01497,-2.088746,-0.9331108,-0.00151424,-1.165599,-0.5565291,-0.00149599,1.0
2445623.405332,1.01871,-2.088701,-0.9331837,-0.0015132,-1.1656030000000002,-0.556485,-0.00149494,1.0
2445623.412623,1.01871,-2.0886560000000003,-0.9332558,-0.00151216,-1.165608,-0.5564415,-0.0014939,1.0
2445623.420582,1.02059,-2.088607,-0.9333345,-0.00151104,-1.165613,-0.5563939999999999,-0.00149277,1.0
2445623.431416,1.03384,-2.08854,-0.9334416,-0.0015095,-1.16562,-0.5563293,-0.00149122,1.0
2445623.438666,1.05209,-2.088495,-0.9335132,-0.00150848,-1.165624,-0.556286,-0.00149019,1.0
2445623.445791,1.06378,-2.088451,-0.9335837,-0.00150747,-1.165629,-0.5562435,-0.00148917,1.0
2445623.455833,1.06085,-2.088389,-0.933683,-0.00150604,-1.165635,-0.5561835,-0.00148774,1.0
2445623.4639990004,1.04919,-2.088339,-0.9337637,-0.00150489,-1.16564,-0.5561348,-0.00148658,1.0
2445623.474666,1.00566,-2.088273,-0.9338692,-0.00150337,-1.165647,-0.5560710999999999,-0.00148506,1.0
2445623.484999,0.988217,-2.088209,-0.9339713,-0.00150191,-1.165653,-0.5560095,-0.00148358,1.0
2445623.491499,0.986398,-2.088169,-0.9340356,-0.00150099,-1.165658,-0.5559706999999999,-0.00148266,1.0
2445623.497291,0.982771,-2.088134,-0.9340928,-0.00150017,-1.165661,-0.5559360999999999,-0.00148183,1.0
2445623.503916,0.964833,-2.088093,-0.9341583,-0.00149923,-1.165666,-0.5558966,-0.00148089,1.0
2445623.511249,0.956868,-2.088047,-0.9342308,-0.00149819,-1.16567,-0.5558529000000001,-0.00147984,1.0
2445623.519167,0.94374,-2.087999,-0.9343091,-0.00149707,-1.165675,-0.5558057,-0.00147871,1.0
2445623.525167,0.924809,-2.087961,-0.9343684,-0.00149622,-1.165679,-0.5557699,-0.00147786,1.0
2445623.529334,0.921409,-2.087936,-0.9344096,-0.00149563,-1.165682,-0.5557451,-0.00147726,1.0
2445623.538375,0.929934,-2.08788,-0.9344989,-0.00149435,-1.1656879999999998,-0.5556911999999999,-0.00147598,1.0
2445623.546334,0.936812,-2.087831,-0.9345776,-0.00149322,-1.165693,-0.5556437,-0.00147484,1.0
2445623.554709,0.968394,-2.0877790000000003,-0.9346604,-0.00149204,-1.165698,-0.5555938,-0.00147365,1.0
2445623.563042,0.981866,-2.087728,-0.9347427,-0.00149085,-1.165704,-0.5555441999999999,-0.00147246,1.0
2445623.570459,1.00196,-2.087682,-0.934816,-0.0014898,-1.165709,-0.5555,-0.0014714,1.0
2445623.577042,1.01684,-2.087641,-0.9348811,-0.00148887,-1.165713,-0.5554607,-0.00147047,1.0
2445623.586375,1.0367,-2.087584,-0.9349733,-0.00148755,-1.165719,-0.5554051999999999,-0.00146914,1.0
2445623.594292,1.04533,-2.087535,-0.9350516,-0.00148643,-1.165724,-0.555358,-0.00146801,1.0
2445623.6,1.05403,-2.087499,-0.935108,-0.00148562,-1.165728,-0.5553239999999999,-0.00146719,1.0
2445623.608793,1.06182,-2.087445,-0.9351949,-0.00148437,-1.165734,-0.5552716,-0.00146594,1.0
2445623.621085,1.09057,-2.087369,-0.9353164,-0.00148263,-1.165742,-0.5551984999999999,-0.00146419,1.0
2445623.627168,1.06182,-2.087332,-0.9353765,-0.00148177,-1.165746,-0.5551621999999999,-0.00146332,1.0
2445623.633626,1.05306,-2.087292,-0.9354403,-0.00148085,-1.165751,-0.5551238000000001,-0.0014624,1.0
2445623.64021,1.04725,-2.087251,-0.9355054,-0.00147992,-1.165755,-0.5550845999999999,-0.00146146,1.0
2445666.309146,1.08833,-1.77744,-1.332249,0.0045523,-1.363784,-0.4365204000000001,0.00458244,1.0
2445666.314271,1.07935,-1.777398,-1.332293,0.00455302,-1.363823,-0.4365279,0.00458316,1.0
2445666.320146,1.0734,-1.777349,-1.332343,0.00455384,-1.363868,-0.4365366,0.00458398,1.0
2445666.331103,1.04511,-1.7772580000000002,-1.332438,0.00455537,-1.363951,-0.4365527,0.00458552,1.0
2445666.33627,1.03839,-1.7772150000000002,-1.332482,0.00455609,-1.36399,-0.4365603,0.00458624,1.0
2445666.342145,1.02226,-1.777166,-1.332533,0.00455692,-1.364035,-0.436569,0.00458706,1.0
2445666.34852,1.00824,-1.7771130000000002,-1.332588,0.00455781,-1.364083,-0.4365784,0.00458796,1.0
2445666.35306,0.988011,-1.777075,-1.332627,0.00455844,-1.364117,-0.4365851,0.00458859,1.0
2445666.367019,0.95403,-1.776959,-1.332748,0.0045604,-1.364223,-0.4366057,0.00459055,1.0
2445666.373685,0.942675,-1.776904,-1.332805,0.00456133,-1.364274,-0.4366156,0.00459148,1.0
2445666.380018,0.921217,-1.7768509999999995,-1.33286,0.00456222,-1.364322,-0.436625,0.00459237,1.0
2445666.386809,0.922066,-1.7767939999999998,-1.332918,0.00456317,-1.364373,-0.4366351,0.00459332,1.0
2445666.390101,0.908577,-1.7767669999999998,-1.332947,0.00456363,-1.364398,-0.43664,0.00459378,1.0
2445666.4021,0.911091,-1.7766669999999998,-1.33305,0.00456531,-1.3644889999999998,-0.4366579,0.00459546,1.0
2445666.40785,0.923766,-1.776619,-1.3331,0.00456611,-1.364533,-0.4366664000000001,0.00459627,1.0
2445666.413017,0.941807,-1.776576,-1.333144,0.00456683,-1.364572,-0.4366741,0.00459699,1.0
2445666.417225,0.95667,-1.776541,-1.33318,0.00456742,-1.3646040000000002,-0.4366804,0.00459758,1.0
2445666.4220990003,0.964633,-1.776501,-1.333222,0.0045681,-1.364641,-0.4366877000000001,0.00459826,1.0
2445666.432891,1.00824,-1.776411,-1.333315,0.00456961,-1.364723,-0.4367038,0.00459977,1.0
2445666.440099,1.01476,-1.7763509999999998,-1.333377,0.00457062,-1.364778,-0.4367146,0.00460078,1.0
2445666.444515,1.03267,-1.776314,-1.333416,0.00457124,-1.364811,-0.4367213,0.004601399999999999,1.0
2445666.449848,1.048,-1.77627,-1.333462,0.00457199,-1.364852,-0.4367293,0.00460215,1.0
2445666.455098,1.0616,-1.776226,-1.333507,0.00457272,-1.364892,-0.4367371,0.00460288,1.0
2445666.4664720003,1.09638,-1.776131,-1.333605,0.00457431,-1.364978,-0.4367542,0.00460448,1.0
2445666.47368,1.11471,-1.776071,-1.333667,0.00457532,-1.365033,-0.4367651,0.00460549,1.0
2445666.480722,1.10551,-1.776013,-1.333728,0.00457631,-1.365086,-0.4367757,0.00460647,1.0
2445666.502471,1.0547799999999998,-1.775832,-1.333915,0.00457935,-1.365252,-0.4368086,0.00460952,1.0
2445666.508096,1.03839,-1.775785,-1.333963,0.00458014,-1.365294,-0.4368171,0.00461031,1.0
2445666.515345,1.02132,-1.775724,-1.334026,0.00458115,-1.365349,-0.4368281,0.00461132,1.0
2445666.520178,1.01196,-1.775684,-1.334068,0.00458183,-1.365386,-0.4368354,0.004612,1.0
2445666.532969,0.985285,-1.775578,-1.334178,0.00458362,-1.365483,-0.4368549,0.00461379,1.0
2445666.537761,0.973558,-1.775538,-1.334219,0.00458429,-1.36552,-0.4368622,0.00461446,1.0
2445666.545511,0.950522,-1.775473,-1.334286,0.00458537,-1.365579,-0.436874,0.00461555,1.0
2445666.559676,0.925469,-1.775355,-1.334408,0.00458735,-1.365686,-0.4368956,0.00461753,1.0
2445666.566551,0.929741,-1.775298,-1.334467,0.00458831,-1.365739,-0.4369061,0.00461849,1.0
2445666.572843,0.93748,-1.775246,-1.3345209999999998,0.00458919,-1.3657860000000002,-0.4369157,0.00461938,1.0
2446148.363621,1.09731,2.293094,0.6210263,0.00603615,1.29782,0.5622564,0.00603271,1.0
2446148.366921,1.10746,2.293089,0.6210631,0.00603573,1.297818,0.5622363,0.00603229,1.0
2446148.370421,1.07629,2.293085,0.6211021,0.00603528,1.297816,0.5622149999999999,0.00603183,1.0
2446148.374061,1.0963,2.29308,0.6211426999999999,0.00603481,1.297814,0.5621928,0.00603136,1.0
2446148.377732,1.05957,2.293075,0.6211837,0.00603434,1.2978120000000002,0.5621704000000001,0.00603088,1.0
2446148.382542,1.0364,2.293068,0.6212373000000001,0.00603372,1.297809,0.5621411999999999,0.00603026,1.0
2446148.385342,1.04792,2.2930650000000004,0.6212686,0.00603336,1.297807,0.5621241,0.0060299,1.0
2446148.392932,1.01655,2.293055,0.6213531999999999,0.00603239,1.297803,0.5620779,0.00602891,1.0
2446148.397292,1.03736,2.2930490000000003,0.6214019000000001,0.00603183,1.2978,0.5620513,0.00602835,1.0
2446148.402062,0.993408,2.293042,0.6214550999999999,0.00603121,1.297797,0.5620223000000001,0.00602773,1.0
2446148.405612,0.965446,2.293038,0.6214947,0.00603076,1.297795,0.5620006999999999,0.00602727,1.0
2446148.408892,0.994324,2.2930330000000003,0.6215312,0.00603034,1.297793,0.5619807,0.00602684,1.0
2446148.414262,0.983394,2.293026,0.6215911,0.00602965,1.29779,0.561948,0.00602615,1.0
2446148.418802,0.924544,2.2930200000000003,0.6216418,0.00602906,1.297788,0.5619203,0.00602556,1.0
2446148.422642,0.921145,2.293015,0.6216845999999999,0.00602857,1.297785,0.5618969,0.00602506,1.0
2446148.426682,0.952199,2.29301,0.6217296999999999,0.00602805,1.297783,0.5618723000000001,0.00602454,1.0
2446148.431732,0.967226,2.293003,0.621786,0.0060274,1.29778,0.5618416,0.00602388,1.0
2446148.4357330003,0.955714,2.292997,0.6218306,0.00602689,1.297778,0.5618171999999999,0.00602336,1.0
2446148.438873,0.939134,2.292993,0.6218656,0.00602648,1.297776,0.5617981,0.00602295,1.0
2446148.442713,0.937406,2.292988,0.6219085,0.00602599,1.297774,0.5617747,0.00602246,1.0
2446148.446103,0.918603,2.292984,0.6219463000000001,0.00602556,1.297772,0.5617541,0.00602202,1.0
2446148.449653,0.912699,2.292979,0.6219859000000001,0.0060251,1.29777,0.5617325,0.00602156,1.0
2446148.4532830003,0.8911030000000001,2.292974,0.6220264,0.00602463,1.297768,0.5617104,0.00602109,1.0
2446148.458503,0.924544,2.292967,0.6220846,0.00602396,1.297765,0.5616786,0.00602041,1.0
2446148.462633,0.946952,2.292961,0.6221306,0.00602343,1.297762,0.5616534000000001,0.00601987,1.0
2446148.466423,0.928812,2.292956,0.6221729,0.00602294,1.29776,0.5616303,0.00601938,1.0
2446148.472203,0.954834,2.292949,0.6222373999999999,0.0060222,1.297757,0.5615951,0.00601863,1.0
2446148.475563,0.954834,2.292944,0.6222749,0.00602177,1.297755,0.5615747,0.0060182,1.0
2446148.4814130003,1.00537,2.292936,0.6223401,0.00602102,1.297752,0.5615391,0.00601744,1.0
2446148.484083,1.02218,2.292933,0.6223699,0.00602067,1.29775,0.5615228,0.00601709,1.0
2446148.487153,1.0431,2.292929,0.6224041,0.00602028,1.297748,0.5615041000000001,0.00601669,1.0
2446148.490823,1.08624,2.292924,0.6224451,0.00601981,1.2977459999999998,0.5614818,0.00601622,1.0
2446148.497064,1.11771,2.2929150000000003,0.6225145999999999,0.00601901,1.297743,0.5614438,0.00601541,1.0
2446148.4996740003,1.10746,2.292912,0.6225438,0.00601867,1.297741,0.5614279000000001,0.00601507,1.0
2446148.503054,1.11257,2.292907,0.6225815,0.00601824,1.29774,0.5614073,0.00601463,1.0
2446646.346597,1.07245,-1.490628,2.282612,-0.03308257,-0.8198457,1.521313,-0.03310755,1.0
2446646.348977,1.03938,-1.4906469999999998,2.282598,-0.03308252,-0.8198341,1.521326,-0.0331075,1.0
2446646.357727,1.03366,-1.490715,2.282547,-0.03308235,-0.8197918,1.521374,-0.03310732,1.0
2446646.359097,1.09239,-1.490726,2.282539,-0.03308232,-0.8197851,1.521382,-0.033107300000000006,1.0
2446646.361437,1.05871,-1.490744,2.282526,-0.03308228,-0.8197738000000001,1.521395,-0.03310725,1.0
2446646.368847,1.08237,-1.490801,2.282483,-0.03308213,-0.8197379000000001,1.521436,-0.0331071,1.0
2446646.370897,1.11269,-1.490817,2.282471,-0.03308209,-0.819728,1.521447,-0.03310706,1.0
2446646.378637,1.06359,-1.490878,2.282426,-0.03308194,-0.8196905000000001,1.52149,-0.03310691,1.0
2446646.384056,1.02701,-1.49092,2.282395,-0.03308183,-0.8196643,1.52152,-0.033106800000000006,1.0
2446646.385396,1.05481,-1.49093,2.282387,-0.03308181,-0.8196578000000001,1.521527,-0.03310677,1.0
2446646.395516,1.02418,-1.491009,2.282328,-0.03308161,-0.8196088,1.521583,-0.03310657,1.0
2446646.401936,0.99169,-1.491059,2.282291,-0.03308148,-0.8195777,1.521619,-0.03310645,1.0
2446646.403646,0.996267,-1.491072,2.282281,-0.03308145,-0.8195695,1.521628,-0.03310641,1.0
2446646.404976,0.994434,-1.491083,2.282274,-0.03308142,-0.8195629999999999,1.521636,-0.03310639,1.0
2446646.420846,0.950552,-1.491206,2.282182,-0.03308111,-0.8194863000000001,1.521723,-0.03310607,1.0
2446646.427556,0.913642,-1.491259,2.282143,-0.03308098,-0.8194539000000001,1.521761,-0.03310594,1.0
2446646.441396,0.889561,-1.491366,2.282063,-0.03308071,-0.8193870000000001,1.521837,-0.03310566,1.0
2446646.446146,0.8510909999999999,-1.491403,2.282035,-0.03308062,-0.8193640999999999,1.521863,-0.03310557,1.0
2446646.452555,0.890381,-1.491453,2.281998,-0.03308049,-0.8193331,1.521899,-0.03310544,1.0
2446646.4538950003,0.889561,-1.491464,2.28199,-0.03308047,-0.8193266,1.521906,-0.03310541,1.0
2446646.458975,0.908606,-1.491503,2.281961,-0.03308037,-0.8193021,1.521935,-0.03310531,1.0
2446646.468725,0.918704,-1.491579,2.281904,-0.03308018,-0.819255,1.521989,-0.03310511,1.0
2446646.478515,1.01292,-1.491655,2.281848,-0.03307999,-0.8192078000000002,1.522043,-0.03310492,1.0
2446646.486305,1.01013,-1.491716,2.281802,-0.03307983,-0.8191702,1.522086,-0.03310476,1.0
2446646.494055,1.03175,-1.491776,2.281757,-0.03307968,-0.8191329,1.522129,-0.03310461,1.0
2446646.502805,1.06164,-1.491844,2.281707,-0.03307951,-0.8190907,1.522178,-0.03310444,1.0
2446646.508555,1.07245,-1.491889,2.281673,-0.0330794,-0.819063,1.52221,-0.03310432,1.0
2446646.513595,1.06949,-1.491928,2.281644,-0.0330793,-0.8190387,1.522238,-0.03310422,1.0
2448646.576353,0.999509,1.10755,-1.757502,0.02533944,0.5507434,-0.9456978,0.02535698,1.0
2448646.602402,1.0572700000000002,1.107838,-1.757337,0.02533925,0.5506545,-0.9457885,0.02535679,1.0
2448646.604939,1.06313,1.107866,-1.757321,0.02533923,0.5506458000000001,-0.9457973,0.02535677,1.0
2448646.6168810003,1.0899,1.107998,-1.757246,0.02533914,0.5506051,-0.9458389,0.02535667,1.0
2448646.619069,1.09493,1.108023,-1.757232,0.02533912,0.5505976,-0.9458465,0.02535666,1.0
2448646.631327,1.09594,1.108158,-1.757155,0.02533903,0.5505559,-0.9458893,0.02535656,1.0
2448646.635527,1.09594,1.1082040000000002,-1.7571279999999998,0.025339,0.5505415,-0.9459039,0.02535653,1.0
2448646.649152,1.0899,1.108355,-1.7570419999999998,0.0253389,0.5504951,-0.9459515,0.02535643,1.0
2448646.651098,1.08689,1.108377,-1.75703,0.02533888,0.5504885,-0.9459583,0.02535641,1.0
2448646.662185,1.03225,1.108499,-1.75696,0.0253388,0.5504508,-0.945997,0.02535633,1.0
2448646.665044,1.02091,1.108531,-1.7569419999999998,0.02533878,0.550441,-0.946007,0.0253563,1.0
2448646.687348,0.97048,1.108777,-1.7568009999999998,0.02533861,0.5503650999999999,-0.946085,0.02535613,1.0
2448646.689348,0.968694,1.108799,-1.756788,0.02533859,0.5503583000000001,-0.946092,0.02535612,1.0
2448646.6971400003,0.959813,1.108885,-1.756739,0.02533854,0.5503319000000001,-0.9461193,0.02535605,1.0
2448646.698852,0.97048,1.108904,-1.7567279999999998,0.02533852,0.550326,-0.9461253,0.02535604,1.0
2448646.706769,0.956284,1.108992,-1.756678,0.02533846,0.5502991,-0.946153,0.02535598,1.0
2448646.709348,0.95189,1.10902,-1.756662,0.02533844,0.5502904000000001,-0.946162,0.02535596,1.0
2448646.71811,0.931937,1.109117,-1.756606,0.02533838,0.5502606,-0.9461927,0.02535589,1.0
2448646.721535,0.923393,1.109155,-1.7565849999999998,0.02533835,0.550249,-0.9462047,0.02535587,1.0
2448646.730993,0.933656,1.109259,-1.756525,0.02533828,0.5502169,-0.9462379,0.02535579,1.0
2448646.732855,0.920845,1.1092799999999998,-1.756513,0.02533827,0.5502104999999999,-0.9462444,0.02535578,1.0
2448646.756014,0.937102,1.109536,-1.7563669999999998,0.02533809,0.550132,-0.9463257,0.0253556,1.0
2448646.75753,0.936239,1.109553,-1.756357,0.02533808,0.5501268,-0.9463311,0.02535558,1.0
2448646.764314,0.950138,1.109627,-1.756314,0.02533803,0.5501038,-0.9463549,0.02535553,1.0
2448646.766938,0.962469,1.109656,-1.756298,0.02533801,0.5500949,-0.9463641,0.02535551,1.0
2448647.566066,0.940232,1.118473,-1.751227,0.02533167,0.5474296999999999,-0.9492344,0.02534894,1.0
2448647.591194,0.996403,1.118749,-1.751067,0.02533146,0.5473473000000001,-0.9493266,0.02534872,1.0
2448647.616202,1.0608,1.119025,-1.750908,0.02533125,0.5472654,-0.9494186,0.025348500000000003,1.0
2448647.6180310003,1.07161,1.119045,-1.750896,0.02533124,0.5472594,-0.9494253,0.02534849,1.0
2448647.619886,1.06767,1.119066,-1.750884,0.02533122,0.5472534,-0.9494321,0.02534847,1.0
2448647.6217150004,1.07754,1.119086,-1.7508720000000002,0.02533121,0.5472474,-0.9494388,0.02534846,1.0
2448647.642927,1.08751,1.119319,-1.750737,0.02533103,0.5471779999999999,-0.9495169,0.02534827,1.0
2448647.655869,1.08152,1.1194620000000002,-1.750655,0.02533092,0.5471357,-0.9495646,0.02534816,1.0
2448647.6793400003,1.02999,1.11972,-1.750505,0.02533073,0.547059,-0.9496512,0.02534795,1.0
2448647.681169,1.02055,1.119741,-1.750493,0.02533071,0.5470531,-0.9496579,0.02534794,1.0
2448647.683194,1.02999,1.1197629999999998,-1.7504810000000002,0.02533069,0.5470465,-0.9496654,0.02534792,1.0
2448647.685036,1.01306,1.119783,-1.7504689999999998,0.02533068,0.5470404999999999,-0.9496722,0.025347900000000003,1.0
2448647.6868720003,1.01306,1.119803,-1.750457,0.02533066,0.5470345,-0.949679,0.02534789,1.0
2448647.688714,1.0093299999999998,1.119824,-1.750445,0.02533065,0.5470284000000001,-0.9496858,0.02534787,1.0
2448647.690556,1.001,1.119844,-1.750434,0.02533063,0.5470224,-0.9496926,0.02534786,1.0
2448647.692393,0.986359,1.119864,-1.750422,0.02533062,0.5470164000000001,-0.9496994,0.02534784,1.0
2448647.694222,0.996403,1.119884,-1.7504099999999998,0.0253306,0.5470105,-0.9497061,0.02534782,1.0
2448647.696076,0.987268,1.119905,-1.750398,0.02533059,0.5470044,-0.949713,0.02534781,1.0
2448647.697906,0.97193,1.119925,-1.750387,0.02533057,0.5469984999999999,-0.9497197,0.02534779,1.0
2448647.699755,0.975517,1.119945,-1.750375,0.02533055,0.5469924,-0.9497266,0.02534778,1.0
2448647.714085,0.956831,1.120103,-1.750284,0.02533043,0.5469457,-0.9497795,0.02534765,1.0
2448647.715926,0.969248,1.120123,-1.750272,0.02533042,0.5469397,-0.9497863,0.02534763,1.0
2448647.717764,0.964795,1.120144,-1.75026,0.0253304,0.5469337,-0.9497931,0.02534762,1.0
2448647.719593,0.969248,1.120164,-1.750248,0.02533039,0.5469278000000001,-0.9497999,0.0253476,1.0
2448647.7214470003,0.970141,1.120184,-1.7502369999999998,0.02533037,0.5469217,-0.9498067,0.02534759,1.0
2448647.723276,0.95507,1.120204,-1.750225,0.02533036,0.5469158000000001,-0.9498135,0.02534757,1.0
2448647.725126,0.949806,1.120225,-1.750213,0.02533034,0.5469096999999999,-0.9498204,0.02534755,1.0
2448647.726968,0.947186,1.1202450000000002,-1.750201,0.02533033,0.5469036999999999,-0.9498272,0.02534754,1.0
2448647.728805,0.941098,1.120265,-1.75019,0.02533031,0.5468976999999999,-0.949834,0.02534752,1.0
2448647.730647,0.941966,1.120285,-1.7501779999999998,0.0253303,0.5468917,-0.9498408000000002,0.0253475,1.0
2448647.732489,0.923921,1.120306,-1.750166,0.02533028,0.5468857,-0.9498476,0.02534749,1.0
2448647.734326,0.925625,1.120326,-1.750155,0.02533026,0.5468798,-0.9498544,0.02534747,1.0
2448647.736155,0.926478,1.1203459999999998,-1.750143,0.02533025,0.5468738000000001,-0.9498612,0.02534746,1.0
2448647.73801,0.920524,1.120367,-1.750131,0.02533023,0.5468678000000001,-0.949868,0.02534744,1.0
2448647.739847,0.923071,1.120387,-1.7501189999999998,0.02533022,0.5468618000000001,-0.9498748,0.02534742,1.0
2448647.7417220003,0.917984,1.120407,-1.750107,0.0253302,0.5468557,-0.9498818,0.02534741,1.0
2448647.759164,0.917984,1.120599,-1.749996,0.02533006,0.5467989000000001,-0.9499464,0.02534725,1.0
2448647.761006,0.91883,1.1206200000000002,-1.749984,0.02533004,0.5467929,-0.9499532,0.02534724,1.0
2448647.7628470003,0.93333,1.12064,-1.749973,0.02533002,0.5467869000000001,-0.94996,0.02534722,1.0
2448647.764685,0.938502,1.12066,-1.749961,0.02533001,0.5467810000000001,-0.9499668,0.02534721,1.0
2448647.766526,0.93505,1.12068,-1.7499490000000002,0.02532999,0.546775,-0.9499737,0.02534719,1.0
2448647.768368,0.931612,1.120701,-1.749937,0.02532998,0.546769,-0.9499805,0.02534717,1.0
2448647.7701970004,0.938502,1.120721,-1.749926,0.02532996,0.546763,-0.9499873,0.02534716,1.0
2448647.772047,0.948058,1.120741,-1.749914,0.02532995,0.5467569999999999,-0.9499940999999998,0.02534714,1.0
2448647.773876,0.946314,1.120761,-1.749902,0.02532993,0.5467510999999999,-0.9500009,0.02534712,1.0
2448647.775726,0.952434,1.120782,-1.7498900000000002,0.02532992,0.546745,-0.9500078000000002,0.02534711,1.0
2448647.777568,0.962133,1.120802,-1.7498790000000002,0.0253299,0.5467390999999999,-0.9500146,0.02534709,1.0
2448647.77941,0.968356,1.120822,-1.7498669999999998,0.02532988,0.5467331,-0.9500214,0.02534708,1.0
2448647.781247,0.973722,1.120843,-1.749855,0.02532987,0.5467271,-0.9500283000000002,0.02534706,1.0
2448647.8076,1.0608,1.121133,-1.749687,0.02532965,0.5466415,-0.9501261,0.02534683,1.0
2448647.809454,1.07161,1.121153,-1.749675,0.02532963,0.5466354999999999,-0.950133,0.02534681,1.0
2448647.811409,1.08252,1.121175,-1.7496630000000002,0.02532961,0.5466291,-0.9501402,0.02534679,1.0
2448647.813484,1.0885200000000002,1.121197,-1.7496490000000002,0.0253296,0.5466224000000001,-0.950148,0.02534677,1.0
2448647.815367,1.10366,1.121218,-1.749637,0.02532958,0.5466163,-0.9501549,0.02534676,1.0
2448647.817442,1.10978,1.121241,-1.749624,0.02532956,0.5466095,-0.9501627,0.02534674,1.0
2448647.819442,1.12314,1.121263,-1.749611,0.02532955,0.5466031,-0.9501701,0.02534672,1.0
2448647.82135,1.14087,1.121284,-1.749599,0.02532953,0.5465969,-0.9501772,0.0253467,1.0
2448647.823621,1.13563,1.121309,-1.749585,0.02532951,0.5465895000000001,-0.9501856,0.02534668,1.0
2448647.826005,1.13563,1.121335,-1.74957,0.02532949,0.5465818,-0.9501945,0.02534666,1.0
2448647.8281,1.15248,1.121358,-1.749556,0.02532947,0.546575,-0.9502023,0.02534664,1.0
