2438904.32977,0.9978827,1.15824437,2.92407131,0.02255646,0.69758252,2.02219918,0.02246767,1.0
2438904.341978,0.9662277,1.15814093,2.92412851,0.0225579,0.69766273,2.02216008,0.02246911,1.0
2438904.348437,0.9769658,1.15808621,2.92415877,0.02255867,0.69770517,2.02213941,0.02246987,1.0
2438904.355187,0.99147,1.15802902,2.9241904,0.02255947,0.69774953,2.02211782,0.02247066,1.0
2438904.361645,0.9556075,1.1579743,2.92422065,0.02256023,0.69779198,2.02209717,0.02247142,1.0
2438904.369437,0.9805716,1.15790828,2.92425716,0.02256115,0.6978432,2.02207226,0.02247233,1.0
2438904.376187,1.0614,1.15785109,2.92428878,0.02256195,0.69788758,2.0220507,0.02247313,1.0
2438904.380937,1.075175,1.15781084,2.92431103,0.02256251,0.69791881,2.02203554,0.02247369,1.0
2438904.39177,1.073197,1.15771905,2.92436178,0.02256379,0.69799006,2.02200097,0.02247496,1.0
2438904.398895,1.089129,1.15765868,2.92439515,0.02256463,0.69803692,2.02197825,0.0224758,1.0
2438904.40602,1.064338,1.1575983,2.92442852,0.02256548,0.69808379,2.02195554,0.02247664,1.0
2438904.412103,1.044911,1.15754676,2.92445702,0.02256619,0.69812381,2.02193616,0.02247735,1.0
2438904.418895,1.008044,1.15748921,2.92448883,0.022567,0.6981685000000001,2.02191453,0.02247815,1.0
2438904.4256450003,0.9896452,1.15743201,2.92452044,0.0225678,0.69821292,2.02189304,0.02247895,1.0
2438904.432437,1.001566,1.15737446,2.92455225,0.0225686,0.69825762,2.02187143,0.02247974,1.0
2438904.43852,0.9751677,1.15732291,2.92458073,0.02256932,0.69829766,2.02185209,0.02248046,1.0
2438904.445645,1.023951,1.15726254,2.9246141,0.02257016,0.69834456,2.02182945,0.0224813,1.0
2438904.452395,1.025839,1.15720534,2.9246457,0.02257096,0.698389,2.021808,0.02248209,1.0
2438904.45852,1.015499,1.15715343,2.92467438,0.02257168,0.69842933,2.02178855,0.02248281,1.0
2438904.465645,0.9832851,1.15709306,2.92470775,0.02257252,0.69847625,2.02176594,0.02248365,1.0
2438904.472062,0.9760667,1.15703868,2.92473779,0.02257328,0.69851852,2.02174559,0.0224844,1.0
2438904.477812,0.9671178,1.15698995,2.92476471,0.02257396,0.69855639,2.02172735,0.02248508,1.0
2438904.484271,0.9778663,1.15693523,2.92479494,0.02257473,0.69859893,2.02170689,0.02248584,1.0
2438904.494771,1.000644,1.15684624,2.9248441,0.02257597,0.69866811,2.02167363,0.02248707,1.0
2438904.501521,0.9823801,1.15678904,2.9248757000000003,0.02257676,0.69871259,2.02165226,0.02248787,1.0
2438904.508313,0.959134,1.15673148,2.92490749,0.02257757,0.69875736,2.02163077,0.02248867,1.0
2438904.514729,0.9547278,1.15667711,2.92493752,0.02257833,0.69879965,2.02161048,0.02248942,1.0
2438904.524896,0.9742701,1.15659095,2.92498511,0.02257953,0.69886667,2.02157835,0.02249062,1.0
2438904.532021,0.9796689,1.15653057,2.92501846,0.02258037,0.69891365,2.02155584,0.02249145,1.0
2438904.538813,0.9626745,1.15647301,2.92505025,0.02258117,0.69895843,2.0215344,0.02249225,1.0
2438904.545896,0.9841908,1.15641298,2.9250834,0.02258201,0.69900515,2.02151205,0.02249309,1.0
2438904.5526880003,1.010833,1.15635542,2.92511518,0.02258281,0.69904994,2.02149063,0.02249388,1.0
2438904.5598130003,1.005262,1.15629503,2.92514852,0.02258365,0.69909695,2.02146817,0.02249472,1.0
2438904.566229,1.008044,1.15624065,2.92517855,0.02258441,0.69913927,2.02144796,0.02249548,1.0
2438904.573021,0.9932977,1.15618309,2.92521033,0.02258522,0.69918409,2.02142657,0.02249627,1.0
2438904.579771,0.99147,1.15612588,2.92524191,0.02258601,0.69922863,2.02140533,0.02249707,1.0
2438904.586229,1.001566,1.15607115,2.92527213,0.02258678,0.69927125,2.02138501,0.02249783,1.0
2438904.593688,1.014564,1.15600793,2.92530703,0.02258766,0.69932049,2.02136156,0.0224987,1.0
2438904.599771,0.9769658,1.15595637,2.92533548,0.02258838,0.69936064,2.02134244,0.02249942,1.0
2438904.606896,0.9671178,1.15589599,2.92536882,0.02258922,0.69940768,2.02132006,0.02250026,1.0
2443372.603985,1.019247,-2.39418139,2.58723105,0.04679726,-1.57104983,1.99787683,0.04676308,1.0
2443372.610318,1.00714,-2.39422267,2.58719588,0.04679721,-1.57102947,1.99792985,0.04676303,1.0
2443372.61836,1.015554,-2.3942751,2.58715122,0.04679714,-1.57100362,1.99799718,0.04676297,1.0
2443372.624985,1.017452,-2.39431829,2.58711442,0.04679708,-1.57098233,1.99805266,0.04676292,1.0
2443372.629859,1.019348,-2.39435007,2.58708735,0.04679704,-1.57096668,1.99809349,0.04676288,1.0
2443372.632734,1.016546,-2.39436881,2.58707138,0.04679701,-1.57095745,1.99811757,0.04676286,1.0
2443372.636484,1.019373,-2.39439326,2.58705055,0.04679698,-1.57094541,1.99814898,0.04676283,1.0
2443372.640775,1.007257,-2.39442123,2.58702672,0.04679694,-1.57093164,1.99818492,0.04676279,1.0
2443372.64565,1.005421,-2.39445301,2.58699964,0.0467969,-1.570916,1.99822576,0.04676275,1.0
2443372.647692,0.9989683,-2.39446632,2.5869883,0.04679688,-1.57090945,1.99824287,0.04676274,1.0
2443372.652859,0.9971502,-2.39450001,2.5869596,0.04679683,-1.57089288,1.99828616,0.0467627,1.0
2443372.655442,0.9907509,-2.39451684,2.58694526,0.04679681,-1.5708846,1.9983078,0.04676268,1.0
2443372.6609,0.9925991,-2.39455242,2.58691494,0.04679676,-1.57086711,1.99835354,0.04676263,1.0
2443372.663775,0.9926094,-2.39457116,2.58689897,0.04679674,-1.5708579,1.99837763,0.04676261,1.0
2443372.668649,0.9926283,-2.39460294,2.58687189,0.04679669,-1.57084229,1.99841848,0.04676257,1.0
2443372.672108,0.98808,-2.39462549,2.58685268,0.04679666,-1.57083121,1.99844747,0.04676255,1.0
2443372.676983,0.983559,-2.39465727,2.5868256,0.04679662,-1.5708156,1.99848834,0.04676251,1.0
2443372.679858,0.9709687,-2.39467601,2.58680963,0.0467966,-1.5708064,1.99851244,0.04676249,1.0
2443372.684441,0.971881,-2.39470588,2.58678417,0.04679656,-1.57079174,1.99855086,0.04676245,1.0
2443372.688191,0.9683205,-2.39473032,2.58676334,0.04679652,-1.57077974,1.99858229,0.04676242,1.0
2443372.693649,0.955935,-2.3947659,2.58673302,0.04679647,-1.57076229,1.99862806,0.04676238,1.0
2443372.697108,0.952432,-2.39478844,2.58671381,0.04679644,-1.57075123,1.99865706,0.04676235,1.0
2443372.701982,0.9559651,-2.39482022,2.58668672,0.0467964,-1.57073566,1.99869794,0.04676231,1.0
2443372.706273,0.9683875,-2.39484819,2.58666289,0.04679636,-1.57072195,1.99873393,0.04676228,1.0
2443372.7103150003,0.9746661,-2.39487453,2.58664043,0.04679633,-1.57070904,1.99876783,0.04676225,1.0
2443372.7160650003,0.9837062,-2.39491201,2.58660849,0.04679628,-1.57069068,1.99881605,0.0467622,1.0
2443372.723232,0.9992579,-2.39495872,2.58656867,0.04679621,-1.57066781,1.99887618,0.04676215,1.0
2443372.7286900003,1.031066,-2.39499429,2.58653835,0.04679617,-1.5706504,1.99892197,0.0467621,1.0
2443372.732148,1.041579,-2.39501683,2.58651914,0.04679614,-1.57063937,1.99895098,0.04676208,1.0
2443372.737607,1.044483,-2.39505241,2.58648881,0.04679609,-1.57062197,1.99899679,0.04676203,1.0
2443372.7413560003,1.044498,-2.39507685,2.58646797,0.04679605,-1.57061001,1.99902826,0.046762,1.0
2443372.746231,1.047407,-2.39510862,2.58644089,0.04679601,-1.57059448,1.99906917,0.04676197,1.0
2443372.7528560003,1.045506,-2.3951518,2.58640408,0.04679595,-1.57057338,1.99912477,0.04676191,1.0
2443372.756022,1.039757,-2.39517243,2.58638649,0.04679593,-1.5705633,1.99915135,0.04676189,1.0
2443372.760606,1.030243,-2.3952023,2.58636102,0.04679589,-1.57054871,1.99918983,0.04676185,1.0
2443372.763481,1.018931,-2.39522104,2.58634505,0.04679586,-1.57053956,1.99921396,0.04676183,1.0
2443372.768939,1.006824,-2.39525661,2.58631472,0.04679581,-1.5705222,1.99925979,0.04676179,1.0
2443372.7723970003,0.996688,-2.39527914,2.5862955000000003,0.04679578,-1.57051121,1.99928882,0.04676176,1.0
2443372.776106,0.9902971,-2.39530331,2.5862749,0.04679575,-1.57049941,1.99931997,0.04676173,1.0
2443372.779855,0.9921377,-2.39532775,2.58625406,0.04679572,-1.57048749,1.99935146,0.0467617,1.0
2443372.785896,0.9839703000000002,-2.39536712,2.58622049,0.04679566,-1.5704683000000002,1.99940219,0.04676165,1.0
2443372.788188,0.9794578000000002,-2.39538205,2.58620776,0.04679564,-1.57046102,1.99942144,0.04676164,1.0
2443372.795938,0.9749869,-2.39543256,2.58616469,0.04679557,-1.57043641,1.99948654,0.04676157,1.0
2443372.802855,0.9669638,-2.39547763,2.58612625,0.04679551,-1.57041445,1.99954464,0.04676152,1.0
2444223.40265,1.000316,-0.15359979,-2.88527626,-0.02999076,-0.04400517,-1.90720033,-0.0299301,1.0
2444223.40713,1.013298,-0.15355283,-2.88527358,-0.0299911,-0.04403606,-1.90718936,-0.02993044,1.0
2444223.41262,1.0255040000000002,-0.15349528,-2.8852703,-0.02999152,-0.04407393,-1.90717593,-0.02993086,1.0
2444223.41792,1.027395,-0.15343973,-2.88526714,-0.02999192,-0.04411048,-1.90716297,-0.02993126,1.0
2444223.42276,1.002161,-0.153389,-2.88526424,-0.02999229,-0.04414386,-1.90715114,-0.02993163,1.0
2444223.42818,0.986591,-0.15333218,-2.885261,-0.0299927,-0.04418125,-1.9071379,-0.02993204,1.0
2444223.43972,0.9668014,-0.15321122,-2.8852541,-0.02999358,-0.04426084,-1.90710974,-0.02993292,1.0
2444223.44399,0.9605884,-0.15316646,-2.88525154,-0.0299939,-0.044290300000000005,-1.90709933,-0.02993324,1.0
2444223.50016,0.9938876,-0.15257768,-2.88521786,-0.02999817,-0.0446778,-1.90696283,-0.0299375,1.0
2444223.50729,0.9948036,-0.15250294,-2.88521358,-0.02999871,-0.04472699,-1.90694556,-0.02993805,1.0
2444223.52478,1.000316,-0.15231961,-2.88520306,-0.03000003,-0.04484768,-1.90690326,-0.02993937,1.0
2444223.54525,0.9902325,-0.15210504,-2.88519074,-0.03000159,-0.04498893,-1.90685386,-0.02994093,1.0
2444223.56614,1.003084,-0.15188606,-2.88517815,-0.03000317,-0.0451331,-1.90680357,-0.02994251,1.0
2444223.5849900004,1.020792,-0.15168847,-2.88516678,-0.0300046,-0.04526321,-1.90675828,-0.02994394,1.0
2444223.61031,1.014231,-0.15142306,-2.88515149,-0.03000653,-0.04543798,-1.9066976,-0.02994586,1.0
2448717.1569330003,1.018791,2.75437029,0.49101815,-0.01629481,1.78910822,0.22817951,-0.01630369,1.0
2448717.164704,0.9974629,2.75436269,0.49110184,-0.01629385,1.78913357,0.22813371,-0.01630274,1.0
2448717.167183,1.009486,2.75436026,0.49112853,-0.01629355,1.78914165,0.2281191,-0.01630243,1.0
2448717.180011,0.9901921,2.7543477000000003,0.49126668,-0.01629196,1.78918354,0.2280435,-0.01630086,1.0
2448717.182253,0.9966045,2.7543455000000003,0.49129082,-0.01629168,1.78919086,0.22803029,-0.01630058,1.0
2448717.184703,1.024535,2.7543431000000003,0.4913172000000001,-0.01629138,1.78919886,0.22801586,-0.01630028,1.0
2448717.212953,1.009644,2.75431541,0.4916214,-0.01628789,1.78929126,0.22784943,-0.0162968,1.0
2448717.2157400004,1.008725,2.75431268,0.49165141,-0.01628755,1.78930039,0.22783302,-0.01629646,1.0
2448717.218632,1.009665,2.75430984,0.49168255,-0.01628719,1.78930986,0.22781598,-0.01629611,1.0
2448717.23044,0.987631,2.75429825,0.4918097,-0.01628573,1.78934856,0.22774644,-0.01629465,1.0
2448717.232874,0.9894602,2.75429587,0.49183591,-0.01628543,1.78935654,0.22773211,-0.01629435,1.0
2448717.235232,0.9822045,2.75429355,0.4918613,-0.01628514,1.78936428,0.22771822,-0.01629406,1.0
2448717.237461,0.9696283,2.75429136,0.4918853,-0.01628486,1.78937159,0.2277051,-0.01629379,1.0
2448717.240039,0.9714248,2.75428883,0.49191307,-0.01628455,1.78938005,0.22768991,-0.01629347,1.0
2448717.24841,0.9714522,2.75428061,0.49200321,-0.01628351,1.78940752,0.22764062,-0.01629244,1.0
2448717.25126,0.9652195,2.75427781,0.4920339,-0.01628316,1.78941688,0.22762384,-0.01629209,1.0
2448717.253873,0.9625646,2.75427525,0.49206204,-0.01628284,1.78942546,0.22760846,-0.01629177,1.0
2448717.2561310004,0.9590327,2.75427303,0.49208635,-0.01628256,1.78943288,0.22759517,-0.01629149,1.0
2448717.258573,0.9625805,2.75427063,0.49211265,-0.01628226,1.7894409,0.22758079,-0.01629119,1.0
2448717.275123,0.9644097,2.75425436,0.49229085,-0.01628021,1.78949531,0.22748337,-0.01628916,1.0
2448717.277573,0.9661965,2.75425196,0.49231723,-0.01627991,1.78950337,0.22746895,-0.01628886,1.0
2448717.279652,0.9787425,2.75424991,0.49233962,-0.01627965,1.78951022,0.22745672,-0.0162886,1.0
2448717.28191,0.9914523,2.75424769,0.49236393,-0.01627937,1.78951765,0.22744343,-0.01628832,1.0
2448717.289931,1.012707,2.7542398,0.4924503,-0.01627838,1.78954406,0.22739623,-0.01628734,1.0
2448717.292302,1.022086,2.75423747,0.49247583,-0.01627809,1.78955187,0.22738227,-0.01628705,1.0
2448717.295039,1.021155,2.75423478,0.4925053,-0.01627775,1.78956088,0.22736617,-0.01628671,1.0
2448717.297452,1.023989,2.7542324,0.49253128,-0.01627745,1.78956883,0.22735197,-0.01628641,1.0
2448717.300002,1.030621,2.7542299,0.49255874,-0.01627714,1.78957724,0.22733696,-0.016286099999999998,1.0
2448717.307231,1.045948,2.75422278,0.49263657,-0.01627624,1.78960107,0.22729443,-0.01628521,1.0
2448717.309801,1.042111,2.75422025,0.49266426,-0.01627593,1.78960955,0.22727931,-0.01628489,1.0
2448717.31223,1.045003,2.75421786,0.49269041,-0.01627563,1.78961756,0.22726502,-0.01628459,1.0
2448717.314772,1.037341,2.75421536,0.49271778,-0.01627531,1.78962595,0.22725006,-0.01628428,1.0
2448717.317309,1.029734,2.75421286,0.4927451,-0.016275,1.78963432,0.22723514,-0.01628397,1.0
2448717.339988,0.9771461,2.75419052,0.49298929,-0.01627219,1.78970923,0.22710174,-0.01628118,1.0
2448717.342951,0.9798593,2.7541876,0.49302119,-0.01627183,1.78971903,0.22708432,-0.01628081,1.0
2448717.346038,0.9825815,2.75418456,0.49305443,-0.01627145,1.78972923,0.22706616,-0.01628043,1.0
2448717.34878,0.9844018,2.75418185,0.49308395,-0.01627111,1.7897383000000002,0.22705004,-0.016280100000000002,1.0
2448717.351322,0.9889549,2.75417935,0.49311132,-0.01627079,1.78974671,0.22703509,-0.01627978,1.0
2448717.36193,0.9953877,2.75416889,0.49322554,-0.01626948,1.78978183,0.22697272,-0.01627848,1.0
2448717.364801,0.9990718,2.75416606,0.49325645,-0.01626913,1.78979133,0.22695584,-0.01627813,1.0
2448717.367438,0.991747,2.75416345,0.49328485,-0.0162688,1.78980007,0.22694033,-0.0162778,1.0
2448717.3702720003,1.000933,2.75416066,0.49331536,-0.01626845,1.78980946,0.22692367,-0.01627745,1.0
2448717.372972,1.0037120000000002,2.75415799,0.49334443,-0.01626812,1.7898183999999997,0.2269078,-0.01627712,1.0
2448717.380929,1.006517,2.75415014,0.49343011,-0.01626714,1.78984478,0.22686102,-0.01627614,1.0
2448717.383937,1.014905,2.75414717,0.4934625,-0.01626676,1.78985476,0.22684334,-0.01627577,1.0
2448717.386787,1.009323,2.75414436,0.49349319,-0.01626641,1.78986421,0.22682659,-0.01627542,1.0
2448717.389458,1.009332,2.75414172,0.49352195,-0.01626608,1.78987308,0.22681089,-0.01627509,1.0
2448717.392308,1.006558,2.75413891,0.49355263,-0.01626573,1.78988253,0.22679414,-0.01627474,1.0
2448717.400637,1.023413,2.75413068,0.49364231,-0.016264700000000003,1.78991018,0.22674519,-0.01627372,1.0
2448717.403529,1.013107,2.75412783,0.49367345,-0.01626434,1.78991979,0.22672819,-0.01627336,1.0
2448717.406508,1.011253,2.75412488,0.49370552,-0.01626397,1.78992969,0.22671069,-0.016273,1.0
2448717.409308,1.002915,2.75412212,0.49373567,-0.01626363,1.78993899,0.22669423,-0.01627265,1.0
2448717.4125,1.001081,2.75411896,0.49377003,-0.01626323,1.7899496,0.22667548,-0.01627226,1.0
2454918.43131,1.008919,2.32432888,1.85276373,0.00176522,1.33424401,1.7265197,0.00176814,1.0
2454918.439273,1.013529,2.32428626,1.8528331,0.0017663,1.33421652,1.7264526000000002,0.00176922,1.0
2454918.446276,1.025417,2.32424878,1.8528941000000003,0.00176724,1.33419236,1.72639361,0.00177017,1.0
2454918.454042,0.9964336,2.32420721,1.85296174,0.00176829,1.33416557,1.72632816,0.00177122,1.0
2454918.461763,1.005431,2.32416588,1.85302899,0.00176933,1.33413897,1.72626312,0.00177226,1.0
2454918.468927,0.9731333,2.32412753,1.85309139,0.0017703,1.33411429,1.72620276,0.00177323,1.0
2454918.475976,0.9907232,2.3240898,1.85315279,0.00177125,1.33409002,1.72614337,0.00177419,1.0
2454918.48306,1.004746,2.32405187,1.85321449,0.00177221,1.33406565,1.72608369,0.00177515,1.0
2454918.48997,0.9981512,2.32401488,1.85327467,0.00177315,1.33404189,1.72602547,0.00177608,1.0
2454918.497609,1.032924,2.32397398,1.8533412,0.00177418,1.33401564,1.72596112,0.00177711,1.0
2454918.503617,1.006256,2.32394182,1.85339353,0.00177499,1.33399501,1.72591051,0.00177793,1.0
2454918.509682,1.002565,2.32390935,1.85344635,0.00177581,1.33397418,1.72585942,0.00177875,1.0
2454918.51577,1.010174,2.32387675,1.85349937,0.00177663,1.33395329,1.72580813,0.00177957,1.0
2454918.521858,1.011468,2.32384415,1.85355239,0.00177745,1.33393241,1.72575684,0.0017804,1.0
2454918.526893,1.009839,2.32381719,1.85359624,0.00177813,1.33391515,1.72571442,0.00178108,1.0
2454918.531998,1.0036459999999998,2.32378986,1.8536407,0.00177882,1.33389765,1.72567142,0.00178177,1.0
2454918.537762,0.9992551,2.32375899,1.85369089,0.0017796,1.33387791,1.72562286,0.00178255,1.0
2454918.543607,0.9913165,2.32372769,1.85374179,0.00178039,1.33385789,1.72557362,0.00178334,1.0
2454918.548688,0.9931169,2.32370048,1.85378604,0.00178108,1.3338405,1.72553082,0.00178403,1.0
2454918.553723,0.9777872,2.32367352,1.85382989,0.00178176,1.33382328,1.72548841,0.00178471,1.0
2454918.559603,0.9733216,2.32364203,1.85388109,0.00178255,1.33380317,1.72543888,0.00178551,1.0
2454918.564604,0.9918554,2.32361525,1.85392464,0.00178323,1.33378608,1.72539676,0.00178618,1.0
2454918.5686310004,1.0146879999999998,2.32359368,1.85395971,0.00178377,1.33377232,1.72536283,0.00178673,1.0
2454918.572636,1.007035,2.32357223,1.85399458,0.00178432,1.33375863,1.72532909,0.00178727,1.0
2454918.577405,0.9988502,2.32354669,1.85403611,0.00178496,1.33374235,1.72528893,0.00178792,1.0
2454918.5821040003,1.029827,2.32352152,1.85407703,0.0017855999999999996,1.33372631,1.72524935,0.00178855,1.0
2454918.586167,1.027705,2.32349976,1.8541124,0.00178614,1.33371245,1.72521512,0.0017890999999999996,1.0
2454918.59023,1.018939,2.323478,1.85414778,0.00178669,1.33369859,1.72518091,0.00178965,1.0
2454918.594223,1.035,2.32345661,1.85418255,0.00178723,1.33368497,1.72514727,0.00179019,1.0
2454918.598216,1.06291,2.32343522,1.85421732,0.00178777,1.33367136,1.72511364,0.00179073,1.0
2454918.60221,1.056351,2.32341383,1.8542521,0.00178831,1.33365775,1.72508001,0.00179127,1.0
2454918.606191,1.030938,2.32339251,1.85428676,0.00178885,1.33364419,1.72504647,0.00179181,1.0
2454918.622407,1.00274,2.32330564,1.85442795,0.00179104,1.33358898,1.72490989,0.00179401,1.0
2454918.625394,1.001134,2.32328964,1.85445396,0.00179144,1.33357883,1.72488474,0.00179441,1.0
2454918.628368,0.9844108,2.32327371,1.85447985,0.00179185,1.33356871,1.72485968,0.00179481,1.0
2454918.631389,0.9667192,2.32325752,1.85450615,0.00179225,1.33355844,1.72483424,0.00179522,1.0
2454918.634376,0.9445922,2.32324152,1.85453216,0.00179266,1.33354829,1.72480909,0.00179563,1.0
2454918.637385,0.9662385,2.3232254,1.85455836,0.00179306,1.33353806,1.72478374,0.00179603,1.0
2454918.640475,0.9692869,2.32320884,1.85458526,0.00179348,1.33352756,1.72475772,0.00179645,1.0
2454957.290145,0.9557023,2.0975005,2.17482641,0.00698681,1.38786079,1.45794188,0.00700675,1.0
2454957.293004,0.9927288,2.09748249,2.17484885,0.00698719,1.38787694,1.45792955,0.00700714,1.0
2454957.295863,1.000402,2.09746448,2.1748713,0.00698757,1.38789309,1.45791723,0.00700752,1.0
2454957.29871,0.978432,2.09744655,2.17489364,0.00698795,1.38790917,1.45790495,0.007007899999999999,1.0
2454957.301569,0.9962369,2.09742854,2.17491608,0.00698833,1.38792532,1.45789263,0.00700828,1.0
2454957.304393,0.9966132,2.09741075,2.17493825,0.00698871,1.38794128,1.45788046,0.00700866,1.0
2454957.307275,0.989224,2.0973926,2.17496087,0.00698909,1.38795756,1.45786805,0.00700904,1.0
2454957.310145,1.006669,2.09737452,2.1749834,0.00698948,1.38797378,1.45785568,0.00700943,1.0
2454957.314046,1.014338,2.09734995,2.17501401,0.0069900000000000006,1.38799582,1.45783888,0.00700995,1.0
2454957.316858,1.0394290000000002,2.09733224,2.17503608,0.00699037,1.38801172,1.45782677,0.00701033,1.0
2454957.319717,1.022423,2.09731423,2.17505852,0.00699075,1.38802789,1.45781446,0.00701071,1.0
2454957.322541,1.024563,2.09729644,2.17508069,0.00699113,1.38804385,1.4578023,0.00701109,1.0
2454957.3254580004,1.026272,2.09727806,2.17510358,0.00699152,1.38806034,1.45778974,0.00701148,1.0
2454957.328397,1.052036,2.09725955,2.17512665,0.00699191,1.38807696,1.45777709,0.00701187,1.0
2454957.335157,1.048998,2.09721696,2.17517971,0.00699281,1.38811519,1.45774799,0.00701278,1.0
2454957.341094,1.032007,2.09717956,2.1752263,0.006993600000000001,1.38814877,1.45772245,0.00701357,1.0
2454957.347078,1.030734,2.09714187,2.17527326,0.0069944,1.38818263,1.45769671,0.00701437,1.0
2454957.353085,1.013899,2.09710402,2.17532041,0.0069952,1.38821662,1.45767088,0.00701517,1.0
2454957.359126,0.9968243,2.09706596,2.17536782,0.006996,1.38825081,1.4576448999999998,0.00701598,1.0
2454957.3650990003,0.9907649,2.09702833,2.17541469,0.0069968,1.38828462,1.45761923,0.00701678,1.0
2454957.371036,0.9938175,2.09699093,2.17546128,0.00699759,1.38831824,1.45759372,0.00701758,1.0
2454957.376939,1.014422,2.09695374,2.1755076,0.00699838,1.38835166,1.45756836,0.00701837,1.0
2454957.383652,1.0112219999999998,2.09691144,2.17556028,0.00699927,1.38838969,1.45753953,0.00701926,1.0
2454957.389566,1.013936,2.09687418,2.17560669,0.00700006,1.38842319,1.45751413,0.00702006,1.0
2454957.395492,1.016199,2.09683684,2.17565319,0.00700085,1.38845677,1.4574887,0.00702085,1.0
2454957.401476,1.019743,2.09679914,2.17570015,0.00700165,1.38849068,1.45746302,0.00702165,1.0
2454957.407436,1.022442,2.09676158,2.17574691,0.00700244,1.38852447,1.45743744,0.00702245,1.0
2454957.413351,1.002653,2.09672431,2.17579333,0.00700323,1.388558,1.45741207,0.00702324,1.0
2454957.419381,1.0014809999999998,2.09668631,2.17584064,0.00700403,1.3885922,1.45738621,0.00702405,1.0
2454957.425318,0.960264,2.0966489,2.17588722,0.00700482,1.38862587,1.45736076,0.00702484,1.0
2454957.431209,0.9746095,2.09661178,2.17593345,0.00700561,1.38865929,1.45733551,0.00702563,1.0
2454957.437112,0.9650252,2.09657458,2.17597976,0.0070064,1.38869278,1.45731021,0.00702642,1.0
2454957.443096,0.9541543,2.09653687,2.17602671,0.00700719,1.38872674,1.45728458,0.00702722,1.0
2454957.449045,0.9691135,2.09649938,2.17607338,0.00700799,1.3887605,1.4572591,0.00702801,1.0
2454957.455746,0.9573938,2.09645715,2.17612596,0.00700888,1.38879855,1.45723041,0.00702891,1.0
2454957.4616610003,0.964643,2.09641987,2.17617236,0.00700967,1.38883213,1.45720509,0.0070297,1.0
2454957.467841,0.9339565,2.09638092,2.17622085,0.00701049,1.38886723,1.45717864,0.00703053,1.0
2454957.473744,0.9623978,2.09634371,2.17626716,0.00701128,1.38890076,1.45715339,0.00703132,1.0
2454957.48085,0.9721440999999998,2.09629893,2.1763229,0.00701222,1.38894114,1.45712299,0.00703227,1.0
2454957.490364,0.9893424,2.09623896,2.17639754,0.00701349,1.38899521,1.45708232,0.00703354,1.0
2454957.499843,1.012508,2.09617921,2.1764719,0.00701475,1.38904909,1.45704181,0.00703481,1.0
2454957.509357,1.022461,2.09611924,2.17654653,0.00701602,1.38910319,1.45700116,0.00703608,1.0
2454957.519658,1.023752,2.09605431,2.17662733,0.00701739,1.38916179,1.45695717,0.00703746,1.0
2454957.529866,1.003244,2.09598996,2.1767074,0.00701875,1.38921987,1.4569136,0.00703883,1.0
2454957.53938,0.9681767,2.09592998,2.17678203,0.00702002,1.38927402,1.45687301,0.007040100000000001,1.0
2454957.548882,0.9893789,2.09587008,2.17685656,0.00702129,1.38932812,1.45683249,0.00704137,1.0
2454957.559855,0.9945958,2.0958009,2.17694262,0.00702275,1.38939062,1.45678571,0.00704284,1.0
2454957.5693220003,1.020983,2.09574121,2.17701687,0.00702401,1.38944455,1.45674537,0.0070441,1.0
2454964.292713,1.052099,2.05284836,2.2292169,0.00791808,1.43164011,1.43240772,0.00793858,1.0
2454964.298708,1.050308,2.05280967,2.22926297,0.00791888,1.43168105,1.43238999,0.00793937,1.0
2454964.304692,1.080052,2.05277105,2.22930895,0.00791967,1.43172191,1.4323723,0.00794017,1.0
2454964.310699,1.058816,2.05273228,2.22935511,0.00792047,1.43176294,1.43235456,0.00794096,1.0
2454964.318465,1.059441,2.05268216,2.22941478,0.0079215,1.431816,1.43233162,0.00794199,1.0
2454964.325514,1.069283,2.05263666,2.22946895,0.00792243,1.43186416,1.43231081,0.00794292,1.0
2454964.334125,1.0399120000000002,2.05258108,2.22953511,0.00792358,1.431923,1.43228541,0.00794406,1.0
2454964.341208,1.023068,2.05253536,2.22958954,0.00792452,1.43197142,1.43226452,0.007945,1.0
2454964.3482560003,1.025191,2.05248987,2.22964369,0.00792545,1.4320196000000005,1.43224375,0.00794593,1.0
2454964.355305,1.043741,2.05244437,2.22969785,0.00792639,1.43206779,1.43222299,0.00794687,1.0
2454964.361312,1.033277,2.05240559,2.229744,0.00792718,1.43210887,1.4322053,0.00794766,1.0
2454964.368846,1.0487229999999998,2.05235696,2.22980188,0.00792818,1.4321604,1.43218313,0.00794866,1.0
2454964.375571,1.027469,2.05231354,2.22985355,0.00792908,1.43220641,1.43216334,0.00794955,1.0
2454964.381705,1.011786,2.05227395,2.22990067,0.00792989,1.43224837,1.43214531,0.00795036,1.0
2454964.387723,0.9919291,2.05223509,2.22994691,0.00793069,1.43228955,1.43212762,0.00795116,1.0
2454964.393684,0.9975912,2.05219661,2.2299927000000004,0.00793148,1.43233034,1.43211011,0.00795195,1.0
2454964.399714,1.005988,2.05215768,2.23003902,0.00793228,1.43237161,1.4320924,0.00795274,1.0
2454964.404714,0.9868534,2.0521254,2.23007743,0.00793294,1.43240584,1.43207773,0.00795341,1.0
2454964.410489,0.9725605,2.05208812,2.2301218,0.00793371,1.43244538,1.43206078,0.00795417,1.0
2454964.416183,0.9597732,2.05205135,2.23016554,0.00793447,1.43248437,1.43204408,0.00795492,1.0
2454964.4212060003,0.9546246,2.05201892,2.23020412,0.00793513,1.43251876,1.43202935,0.00795559,1.0
2454964.42623,0.9384791,2.05198648,2.23024271,0.0079358,1.43255316,1.43201462,0.00795625,1.0
2454964.431287,0.9512543,2.05195383,2.23028156,0.00793647,1.43258781,1.4319998,0.00795692,1.0
2454964.437074,0.9389547,2.05191647,2.23032601,0.00793724,1.43262745,1.43198286,0.00795769,1.0
2454964.441171,0.9526396,2.05189001,2.23035748,0.00793778,1.43265552,1.43197086,0.00795823,1.0
2454964.445164,0.9457245,2.05186423,2.23038815,0.00793831,1.43268288,1.43195917,0.00795876,1.0
2454964.449169,0.950046,2.05183837,2.23041891,0.00793884,1.43271032,1.43194745,0.00795929,1.0
2454964.453891,0.9471453,2.05180788,2.23045518,0.00793947,1.43274268,1.43193364,0.00795992,1.0
2454964.458602,0.9485334,2.05177746,2.23049137,0.00794009,1.43277496,1.43191986,0.00796054,1.0
2454964.463764,0.9620921,2.05174412,2.23053101,0.00794078,1.43281034,1.43190477,0.00796122,1.0
2454964.46896,0.9819031,2.05171057,2.23057092,0.00794147,1.43284597,1.43188958,0.00796191,1.0
2454964.474145,0.9890463,2.05167709,2.23061074,0.00794216,1.43288152,1.43187444,0.0079626,1.0
2454964.479319,1.004515,2.05164368,2.23065048,0.00794284,1.43291699,1.43185933,0.00796328,1.0
2454964.48352,1.008409,2.05161655,2.23068275,0.0079434,1.4329458000000002,1.43184706,0.00796384,1.0
2454964.487722,1.019466,2.05158941,2.23071502,0.00794396,1.43297461,1.4318348,0.00796439,1.0
2454964.491888,0.9860175,2.05156251,2.23074701,0.00794451,1.43300319,1.43182264,0.00796494,1.0
2454964.532038,0.9832334,2.05130319,2.23105534,0.00794984,1.43327872,1.43170568,0.00797026,1.0
2454964.535927,0.9887002,2.05127808,2.2310852000000003,0.00795035,1.43330541,1.43169437,0.00797077,1.0
2454964.539758,0.9832244,2.05125333,2.23111462,0.00795086,1.43333172,1.43168323,0.00797128,1.0
2454964.542941,0.9903316,2.05123277,2.23113906,0.00795129,1.43335357,1.43167398,0.0079717,1.0
2454964.546112,0.984357,2.05121229,2.23116341,0.00795171,1.43337536,1.43166476,0.00797212,1.0
2454964.5492720003,1.005951,2.05119188,2.23118768,0.00795213,1.43339705,1.43165558,0.00797254,1.0
2454964.552408,1.013166,2.05117162,2.23121176,0.00795254,1.4334186000000002,1.43164647,0.00797295,1.0
2454970.282544,0.9639634,2.01380334,2.27481934,0.00871141,1.47521747,1.41844217,0.00872966,1.0
2454970.287567,0.9650472,2.01377027,2.27485722,0.00871207,1.47525614,1.41843369,0.00873032,1.0
2454970.292624,0.9846379,2.01373698,2.27489536,0.00871274,1.4752951,1.41842516,0.00873099,1.0
2454970.299928,1.005126,2.0136889,2.27495044,0.0087137,1.47535134,1.41841285,0.00873195,1.0
2454970.3123580003,1.013334,2.01360707,2.27504418,0.00871535,1.47544709,1.41839193,0.00873359,1.0
2454970.319533,1.001024,2.01355983,2.27509829,0.0087163,1.47550238,1.41837987,0.00873454,1.0
2454970.331698,1.037836,2.01347974,2.27519002,0.0087179,1.47559612,1.41835944,0.00873614,1.0
2454970.337866,1.048104,2.01343913,2.27523653,0.00871872,1.47564366,1.4183491,0.00873696,1.0
2454970.350864,0.9759343,2.01335355,2.27533454,0.00872044,1.47574385,1.41832733,0.00873867,1.0
2454970.358329,0.9660877,2.0133044,2.27539082,0.00872142,1.47580141,1.41831484,0.00873965,1.0
2454970.364324,0.979798,2.01326493,2.27543602,0.00872222,1.47584763,1.41830483,0.00874045,1.0
2454970.370377,0.9694213,2.01322507,2.27548166,0.00872302,1.47589431,1.41829472,0.00874124,1.0
2454970.376372,0.9553457,2.0131856,2.27552686,0.00872381,1.47594055,1.41828472,0.00874203,1.0
2454970.382391,0.9631115,2.01314596,2.27557224,0.0087246,1.47598697,1.41827468,0.00874283,1.0
2454970.387414,0.9775896,2.01311289,2.27561011,0.00872527,1.47602571,1.41826632,0.00874349,1.0
2454970.39246,0.9891373,2.01307966,2.27564815,0.00872593,1.47606464,1.41825791,0.00874416,1.0
2454970.398872,0.9963239,2.01303743,2.27569649,0.00872678,1.47611411,1.41824725,0.008745000000000001,1.0
2454970.403918,1.003036,2.01300421,2.27573453,0.00872745,1.47615305,1.41823886,0.00874567,1.0
2454970.408964,1.013474,2.01297098,2.27577257,0.00872812,1.47619199,1.41823048,0.00874633,1.0
2454970.413987,1.012448,2.0129379000000003,2.27581044,0.00872878,1.47623075,1.41822214,0.008747,1.0
2454970.419786,1.0226540000000002,2.01289971,2.27585415,0.00872955,1.47627551,1.41821252,0.00874776,1.0
2454970.424751,1.019156,2.01286701,2.27589158,0.0087302,1.47631383,1.41820429,0.00874842,1.0
2454970.428825,1.011413,2.01284018,2.27592229,0.00873074,1.47634528,1.41819754,0.00874895,1.0
2454970.432829,1.004682,2.01281381,2.27595247,0.00873127,1.4763761999999998,1.41819091,0.00874948,1.0
2454970.437551,0.9909336,2.01278271,2.27598807,0.00873189,1.47641265,1.4181831,0.0087501,1.0
2454970.442216,0.9920843,2.01275198,2.27602323,0.00873251,1.47644866,1.41817539,0.00875072,1.0
2454970.447412,0.9822014,2.01271776,2.2760624,0.0087332,1.47648879,1.4181668,0.00875141,1.0
2454970.452586,0.9845382,2.01268368,2.2761014,0.00873388,1.47652875,1.41815825,0.00875209,1.0
2454970.457805,0.9882358,2.01264931,2.27614074,0.00873457,1.47656906,1.41814964,0.00875278,1.0
2454970.463095,0.9876625,2.01261447,2.27618061,0.00873527,1.47660991,1.41814092,0.00875347,1.0
2454970.467273,1.000923,2.01258695,2.2762121,0.00873582,1.47664218,1.41813403,0.00875403,1.0
2454970.4714740003,1.016671,2.01255928,2.27624377,0.00873638,1.47667464,1.41812711,0.00875458,1.0
2454970.475687,1.01939,2.01253153,2.27627552,0.00873693,1.47670719,1.41812017,0.00875514,1.0
2454970.481439,1.024549,2.01249364,2.27631887,0.00873769,1.47675163,1.41811071,0.00875589,1.0
2454970.485687,1.007907,2.01246566,2.27635089,0.00873826,1.47678446,1.41810373,0.00875645,1.0
2454970.490791,1.027109,2.01243204,2.27638936,0.00873893,1.4768239,1.41809534,0.00875713,1.0
2454970.495004,1.009989,2.01240428,2.27642111,0.00873949,1.47685646,1.41808842,0.00875768,1.0
2454970.49917,1.018386,2.01237684,2.27645251,0.00874004,1.47688865,1.41808159,0.00875823,1.0
2454970.504401,1.02435,2.01234238,2.27649193,0.00874073,1.47692909,1.41807301,0.00875892,1.0
2454970.508637,1.020508,2.01231448,2.27652385,0.00874129,1.47696184,1.41806606,0.00875948,1.0
2454970.512885,1.019841,2.01228649,2.27655587,0.00874185,1.47699468,1.41805911,0.00876004,1.0
2454970.517063,1.0047469999999998,2.01225897,2.27658735,0.008742399999999999,1.47702698,1.41805227,0.00876059,1.0
2454970.522075,0.9989335,2.01222595,2.27662512,0.00874306,1.47706573,1.41804407,0.00876125,1.0
2454970.52697,0.9925412,2.0121937,2.27666201,0.00874371,1.47710358,1.41803606,0.0087619,1.0
2454971.267136,1.032578,2.00731171,2.28223319,0.0088415,1.4828633999999998,1.41688699,0.00885954,1.0
2454971.273745,1.0437459999999998,2.00726806,2.28228287,0.00884238,1.48291514,1.41687728,0.00886041,1.0
2454971.278779,1.059807,2.00723482,2.28232072,0.00884304,1.48295457,1.41686989,0.00886107,1.0
2454971.283791,1.068068,2.00720172,2.28235839,0.008843700000000001,1.48299383,1.41686254,0.00886173,1.0
2454971.288814,1.079113,2.00716855,2.28239616,0.00884437,1.48303317,1.41685518,0.0088624,1.0
2454971.29467,1.0771959999999998,2.00712987,2.28244018,0.00884514,1.48307904,1.4168466,0.00886317,1.0
2454971.3007,1.0513,2.00709005,2.28248551,0.00884594,1.48312628,1.41683778,0.00886397,1.0
2454971.306718,1.033958,2.0070503,2.28253074,0.00884673,1.48317344,1.41682898,0.00886476,1.0
2454971.314345,1.021003,2.00699993,2.28258808,0.00884774,1.4832332,1.41681784,0.00886577,1.0
2454971.320364,0.9874311,2.00696018,2.28263332,0.00884853,1.48328037,1.41680906,0.00886656,1.0
2454971.326521,0.9984511,2.00691951,2.2826796000000003,0.00884935,1.48332863,1.41680008,0.00886737,1.0
2454971.332586,0.985968,2.00687945,2.28272519,0.00885015,1.48337617,1.41679125,0.00886817,1.0
2454971.338639,0.9915961,2.00683947,2.28277068,0.00885095,1.48342362,1.41678245,0.00886897,1.0
2454971.345502,1.001186,2.00679414,2.28282227,0.00885185,1.48347743,1.41677247,0.00886988,1.0
2454971.352388,0.9967513,2.00674866,2.28287402,0.00885276,1.48353142,1.41676247,0.00887078,1.0
2454971.359263,1.012761,2.00670324,2.2829257000000003,0.00885367,1.48358533,1.4167525,0.00887169,1.0
2454971.3652580003,0.9960539,2.00666364,2.28297075,0.00885446,1.48363236,1.41674381,0.00887248,1.0
2454971.371242,0.9987915,2.00662411,2.28301573,0.00885525,1.48367928,1.41673515,0.00887327,1.0
2454971.377237,1.00939,2.00658451,2.28306078,0.00885604,1.48372632,1.41672648,0.00887406,1.0
2454971.38226,0.9916509,2.00655133,2.28309853,0.00885671,1.48376572,1.41671922,0.00887472,1.0
2454971.3872720003,0.995201,2.00651822,2.2831362,0.00885737,1.48380504,1.41671199,0.00887539,1.0
2454971.392989,0.9814288,2.00648045,2.28317916,0.00885813,1.4838499,1.41670374,0.00887614,1.0
2454971.398672,0.9558348,2.00644291,2.28322187,0.00885888,1.48389449,1.41669555,0.00887689,1.0
2454971.403649,0.9527848,2.00641003,2.28325927,0.00885953,1.48393355,1.41668838,0.00887755,1.0
2454971.408625,0.938095,2.00637715,2.28329666,0.00886019,1.48397261,1.41668122,0.008878200000000001,1.0
2454971.413614,0.9329424,2.00634419,2.28333415,0.00886085,1.48401176,1.41667404,0.00887886,1.0
2454971.4278490003,0.9327362,2.00625014,2.28344112,0.00886273,1.48412352,1.4166536,0.00888074,1.0
2454971.441379,0.9522847,2.00616075,2.28354278,0.00886452,1.48422975,1.41663422,0.00888252,1.0
2454971.44668,0.969721,2.00612572,2.28358261,0.00886522,1.48427138,1.41662664,0.00888322,1.0
2454971.451865,0.9798302,2.00609146,2.28362157,0.0088659,1.4843121,1.41661922,0.00888391,1.0
2454971.457073,0.9928847,2.00605705,2.2836607000000004,0.00886659,1.48435302,1.41661178,0.00888459,1.0
2454971.462351,0.9915139,2.00602217,2.28370036,0.00886729,1.48439448,1.41660425,0.00888529,1.0
2454971.466552,1.00692,2.00599441,2.28373192,0.00886784,1.48442748,1.41659826,0.00888584,1.0
2454971.470753,0.9832474,2.00596665,2.28376348,0.0088684,1.48446049,1.41659227,0.0088864,1.0
2454971.475637,0.9945321,2.00593438,2.28380018,0.00886904,1.48449887,1.41658532,0.00888704,1.0
2454971.480579,0.9777207,2.00590172,2.28383731,0.00886969,1.4845377,1.41657828,0.0088877,1.0
2454971.484804,0.9751486,2.0058738000000003,2.28386905,0.00887025,1.48457089,1.41657228,0.00888825,1.0
2454971.489781,0.9693103,2.00584091,2.28390644,0.00887091,1.48461,1.41656521,0.00888891,1.0
2454971.493982,0.9641993,2.00581315,2.283938,0.00887146,1.48464302,1.41655924,0.00888946,1.0
2454971.4982060003,0.9635335,2.00578524,2.28396973,0.00887202,1.48467623,1.41655325,0.00889002,1.0
2454971.503438,0.9565393,2.00575066,2.28400904,0.00887271,1.48471735,1.41654583,0.00889071,1.0
2454971.507674,0.9792348,2.00572267,2.28404086,0.00887327,1.48475066,1.41653982,0.00889127,1.0
2454971.511863,0.9833108,2.00569498,2.28407233,0.00887382,1.48478359,1.41653389,0.00889182,1.0
2454971.516817,0.9999973,2.00566224,2.28410954,0.00887448,1.48482254,1.41652688,0.00889248,1.0
2454971.52184,1.003938,2.00562904,2.28414728,0.00887514,1.48486203,1.41651978,0.00889314,1.0
2454971.526064,1.002801,2.00560113,2.28417901,0.0088757,1.48489526,1.41651381,0.008893700000000001,1.0
2454978.247895,1.021734,1.96070319,2.33412572,0.00976122,1.54045756,1.41220696,0.00978141,1.0
2454978.254435,1.046024,1.96065905,2.33417378,0.00976208,1.54051402,1.41220794,0.00978228,1.0
2454978.259469,1.037399,1.96062508,2.33421077,0.00976274,1.54055749,1.4122087,0.00978294,1.0
2454978.264527,1.0464870000000002,1.96059094,2.33424794,0.00976341,1.54060116,1.41220947,0.00978361,1.0
2454978.269561,1.036424,1.96055697,2.33428493,0.00976407,1.54064464,1.41221024,0.00978428,1.0
2454978.275406,1.050707,1.96051751,2.33432789,0.00976483,1.54069512,1.41221115,0.00978505,1.0
2454978.281482,1.047673,1.9604765,2.33437253,0.00976563,1.5407476,1.4122121,0.00978585,1.0
2454978.287489,1.023382,1.96043596,2.33441667,0.00976642,1.54079948,1.41221304,0.00978665,1.0
2454978.2951740003,0.9946485,1.96038409,2.33447314,0.00976743,1.54086586,1.41221427,0.00978766,1.0
2454978.301204,0.9876831,1.96034338,2.33451745,0.00976822,1.54091796,1.41221524,0.00978846,1.0
2454978.30721,0.9762693,1.96030284,2.33456158,0.00976901,1.54096985,1.41221622,0.00978925,1.0
2454978.313229,0.9889211,1.96026221,2.3346058,0.0097698,1.54102185,1.4122172,0.00979005,1.0
2454978.319305,1.002143,1.9602212,2.33465044,0.0097706,1.54107435,1.41221821,0.00979085,1.0
2454978.3261450003,1.010029,1.96017502,2.3347007,0.0097715,1.54113346,1.41221935,0.00979175,1.0
2454978.332962,1.022788,1.960129,2.33475078,0.0097724,1.54119237,1.4122205,0.00979265,1.0
2454978.339825,1.005944,1.96008267,2.3348012,0.0097733,1.54125168,1.41222167,0.00979356,1.0
2454978.345878,1.002983,1.96004181,2.33484567,0.00977409,1.541304,1.41222271,0.00979436,1.0
2454978.352024,0.9988715,1.96000032,2.33489082,0.0097749,1.54135712,1.41222377,0.00979517,1.0
2454978.3580650003,0.9880289,1.95995953,2.3349352000000003,0.0097757,1.54140934,1.41222483,0.00979597,1.0
2454978.363088,0.9883019,1.95992562,2.3349721000000003,0.00977636,1.54145277,1.41222571,0.00979663,1.0
2454978.368088,0.9724911,1.95989186,2.33500883,0.00977701,1.54149599,1.4122266,0.00979729,1.0
2454978.373851,0.9730735,1.95985296,2.33505116,0.00977777,1.54154583,1.41222763,0.00979806,1.0
2454978.379638,0.9436385,1.95981388,2.33509367,0.00977853,1.54159586,1.41222867,0.00979882,1.0
2454978.384696,0.9570126,1.95977973,2.33513083,0.00977919,1.5416396,1.41222959,0.00979949,1.0
2454978.389684,0.9497857,1.95974606,2.33516747,0.00977985,1.54168273,1.4122305,0.00980015,1.0
2454978.394696,0.9451868,1.95971221,2.33520428,0.00978051,1.54172607,1.41223142,0.00980081,1.0
2454978.400506,0.938127,1.95967299,2.33524696,0.00978127,1.54177632,1.41223249,0.00980158,1.0
2454978.404498,0.9428305,1.95964603,2.33527628,0.0097818,1.54181085,1.41223324,0.00980211,1.0
2454978.408514,0.9396576,1.95961891,2.33530578,0.00978232,1.54184559,1.41223399,0.00980264,1.0
2454978.412519,0.9474791,1.95959187,2.33533519,0.00978285,1.54188023,1.41223474,0.00980317,1.0
2454978.418005,0.9549346,1.95955483,2.33537549,0.00978357,1.54192768,1.41223578,0.00980389,1.0
2454978.422009,0.9648896,1.95952779,2.33540489,0.0097841,1.54196233,1.41223654,0.00980442,1.0
2454978.4271830004,0.9952533,1.95949285,2.3354429,0.00978478,1.54200708,1.41223753,0.0098051,1.0
2454978.432541,1.004176,1.95945667,2.33548225,0.00978548,1.54205344,1.41223856,0.00980581,1.0
2454978.437715,0.9975752,1.95942173,2.33552025,0.00978616,1.5420982,1.41223957,0.00980649,1.0
2454978.4429,1.017967,1.95938672,2.33555833,0.00978684,1.54214307,1.41224058,0.00980718,1.0
2454978.447089,1.0197969999999998,1.95935843,2.33558909,0.00978739,1.54217932,1.4122414,0.00980773,1.0
2454978.451279,1.021564,1.95933013,2.33561986,0.00978794,1.54221558,1.41224223,0.00980829,1.0
2454978.4561630003,1.016243,1.95929715,2.33565573,0.00978858,1.54225785,1.4122431999999998,0.00980893,1.0
2454978.461094,0.9953542,1.95926385,2.33569194,0.00978923,1.54230051,1.41224418,0.00980958,1.0
2454978.4652830004,1.0060639999999998,1.95923556,2.3357227000000003,0.00978978,1.54233677,1.41224502,0.00981014,1.0
2454978.47026,1.010736,1.95920195,2.33575925,0.00979044,1.54237985,1.41224603,0.00981079,1.0
2454978.474461,1.002143,1.95917358,2.3357901,0.00979099,1.54241621,1.41224688,0.00981135,1.0
2454978.478639,0.9692095,1.95914536,2.33582078,0.00979154,1.54245239,1.41224773,0.0098119,1.0
2454978.483813,1.001174,1.95911042,2.33585878,0.00979222,1.54249717,1.41224879,0.00981259,1.0
2454978.488002,0.9947951,1.95908212,2.33588954,0.00979277,1.54253344,1.41224965,0.00981314,1.0
2454978.492215,1.001543,1.95905367,2.33592047,0.00979332,1.54256991,1.41225053,0.0098137,1.0
2454978.497122,1.027859,1.95902053,2.3359565,0.00979397,1.5426124,1.41225155,0.00981434,1.0
2454978.502192,1.033193,1.95898628,2.33599373,0.00979463,1.54265629,1.41225261,0.00981501,1.0
2454978.5064970003,1.0334219999999998,1.95895721,2.33602534,0.0097952,1.54269358,1.41225352,0.00981558,1.0
2454978.510768,1.032879,1.95892836,2.3360567000000003,0.00979576,1.54273055,1.41225442,0.00981615,1.0
2455000.196475,1.015334,1.80780875,2.48947132,0.01261861,1.74576426,1.47536285,0.01263822,1.0
2455000.199496,1.011964,1.80778708,2.48949187,0.012619,1.74579362,1.47538002,0.01263861,1.0
2455000.202481,0.9969581,1.80776566,2.48951218,0.01261938,1.74582265,1.47539699,0.012639,1.0
2455000.205479,0.9985847,1.80774414,2.48953257,0.01261977,1.74585179,1.47541403,0.01263938,1.0
2455000.208511,0.9918018,1.80772239,2.4895532000000005,0.01262016,1.74588126,1.47543126,0.01263977,1.0
2455000.21152,1.003175,1.8077008,2.48957367,0.01262055,1.74591051,1.47544837,0.01264016,1.0
2455000.215386,1.013437,1.80767306,2.48959997,0.01262105,1.74594809,1.47547035,0.01264066,1.0
2455000.219413,1.02128,1.80764416,2.48962736,0.01262156,1.74598724,1.47549326,0.01264118,1.0
2455000.223418,1.032212,1.80761542,2.48965461,0.01262208,1.74602616,1.47551604,0.01264169,1.0
2455000.228313,1.022353,1.80758029,2.4896879000000003,0.01262271,1.74607375,1.4755439,0.01264232,1.0
2455000.233081,1.016775,1.80754608,2.48972034,0.01262333,1.74612011,1.47557104,0.01264294,1.0
2455000.237132,1.048376,1.80751701,2.48974789,0.01262385,1.74615948,1.47559409,0.01264346,1.0
2455000.241148,1.055283,1.80748819,2.48977521,0.01262436,1.74619852,1.47561696,0.01264397,1.0
2455000.245129,1.066333,1.80745962,2.48980229,0.01262488,1.74623722,1.47563962,0.01264449,1.0
2455000.2490990004,1.051025,1.80743113,2.48982929,0.01262539,1.74627581,1.47566223,0.012645,1.0
2455000.253184,1.064008,1.80740182,2.48985708,0.01262592,1.74631552,1.47568551,0.01264552,1.0
2455000.257154,1.06952,1.80737333,2.48988408,0.01262643,1.74635411,1.47570813,0.01264604,1.0
2455000.261205,1.060173,1.80734425,2.48991163,0.01262695,1.74639349,1.47573121,0.01264656,1.0
2455000.266019,1.054059,1.80730971,2.48994438,0.01262757,1.74644029,1.47575865,0.01264718,1.0
2455000.270822,1.0155299999999998,1.80727524,2.48997704,0.01262819,1.74648698,1.47578603,0.0126478,1.0
2455000.275532,1.015128,1.80724143,2.49000908,0.0126288,1.74653277,1.47581289,0.0126484,1.0
2455000.279525,0.9969214,1.80721278,2.49003623,0.01262931,1.74657159,1.47583567,0.01264892,1.0
2455000.283483,0.9630679,1.80718437,2.49006315,0.01262982,1.74661006,1.47585824,0.01264943,1.0
2455000.28758,0.9753959,1.80715497,2.49009102,0.01263035,1.74664989,1.47588162,0.01264995,1.0
2455000.291619,0.9931273000000002,1.80712598,2.49011848,0.01263087,1.74668916,1.47590467,0.01265047,1.0
2455000.29567,0.9882546999999998,1.8070969,2.49014603,0.01263139,1.74672852,1.47592778,0.01265099,1.0
2455000.299651,0.9785002,1.80706833,2.49017311,0.0126319,1.74676723,1.47595052,0.01265151,1.0
2455000.303679,0.984675,1.80703942,2.4902005000000003,0.01263242,1.74680638,1.47597351,0.01265203,1.0
2455000.307671,0.9897304,1.80701077,2.49022765,0.01263294,1.7468452,1.47599631,0.01265254,1.0
2455000.31244,0.9954809,1.80697654,2.49026008,0.01263355,1.74689154,1.47602355,0.01265315,1.0
2455000.317173,1.000583,1.80694257,2.49029226,0.01263416,1.74693756,1.47605059,0.01265376,1.0
2455000.321166,1.008985,1.80691391,2.49031942,0.01263468,1.74697637,1.47607341,0.01265428,1.0
2455000.325147,0.9885552,1.80688534,2.49034649,0.01263519,1.74701508,1.47609616,0.01265479,1.0
2455000.32914,1.011256,1.80685667,2.49037364,0.0126357,1.74705389,1.47611899,0.0126553,1.0
2455000.333144,1.001827,1.80682793,2.49040086,0.01263622,1.74709281,1.47614188,0.01265582,1.0
2455000.3379470003,0.9823921999999998,1.80679346,2.49043352,0.01263684,1.74713951,1.47616935,0.01265644,1.0
2455000.341975,0.9789509,1.80676455,2.49046091,0.01263736,1.74717865,1.47619238,0.01265696,1.0
2455000.345979,0.9761957,1.80673581,2.49048814,0.01263787,1.74721758,1.47621529,0.01265747,1.0
2455000.350076,0.968057,1.8067064,2.49051599,0.0126384,1.74725741,1.47623873,0.012658,1.0
2455000.354787,0.9542472,1.80667258,2.49054802,0.01263901,1.7473032,1.47626569,0.01265861,1.0
2455000.3596240003,0.9535795,1.80663786,2.49058091,0.01263963,1.74735023,1.47629338,0.01265923,1.0
2455000.364821,0.971621,1.80660055,2.49061625,0.012640299999999998,1.74740074,1.47632314,0.012659899999999998,1.0
2455000.370075,0.9672192,1.80656284,2.49065197,0.01264098,1.74745182,1.47635322,0.01266057,1.0
2455000.375329,0.9568082,1.80652512,2.49068769,0.01264166,1.7475029,1.47638332,0.01266125,1.0
2455000.380514,0.9467448,1.8064879,2.49072294,0.01264232,1.7475533,1.47641303,0.01266192,1.0
2455000.3847270003,0.9525788,1.80645766,2.49075158,0.01264287,1.74759425,1.47643717,0.01266246,1.0
2455000.388951,0.9332477,1.80642733,2.4907803,0.01264341,1.74763531,1.47646138,0.012663,1.0
2455000.393881,0.9451765,1.80639194,2.49081381,0.01264405,1.74768324,1.47648965,0.01266364,1.0
2455000.3988,0.9582899,1.80635663,2.49084725,0.01264468,1.74773105,1.47651786,0.01266427,1.0
2455000.402989,0.9821298,1.80632655,2.49087573,0.01264522,1.74777178,1.47654189,0.01266481,1.0
2455000.407862,0.9864996,1.80629157,2.49090886,0.01264585,1.74781915,1.47656984,0.01266544,1.0
2455000.4120400003,0.9873904,1.80626157,2.49093726,0.01264639,1.74785976,1.47659382,0.01266598,1.0
2455000.4162520003,1.010148,1.80623134,2.49096589,0.01264693,1.74790071,1.47661799,0.01266652,1.0
2455000.42146,1.014623,1.80619394,2.49100129,0.0126476,1.74795134,1.47664789,0.01266719,1.0
2455000.425604,1.008809,1.80616419,2.49102946,0.01264813,1.74799162,1.47667168,0.01266772,1.0
2455000.429782,1.034811,1.8061342,2.49105786,0.01264867,1.74803223,1.47669567,0.01266826,1.0
2455000.433994,1.007917,1.80610396,2.49108649,0.01264921,1.74807318,1.47671987,0.0126688,1.0
2455000.439631,1.019344,1.80606348,2.4911248,0.01264994,1.74812796,1.47675224,0.01266953,1.0
2455000.443832,0.9910622,1.80603332,2.49115336,0.01265048,1.74816881,1.47677639,0.01267007,1.0
2455000.448044,0.9925146,1.80600308,2.49118199,0.01265102,1.74820976,1.4768006,0.01267061,1.0
2455001.196179,1.009603,1.80062638,2.49625983,0.01274738,1.7554819,1.4811741000000005,0.01276695,1.0
2455001.199616,1.015937,1.80060165,2.49628313,0.01274782,1.7555153,1.48119453,0.01276739,1.0
2455001.205206,1.010031,1.80056144,2.49632102,0.01274854,1.75556963,1.48122776,0.01276811,1.0
2455001.208609,0.9955855,1.80053696,2.49634408,0.01274898,1.7556026999999998,1.481248,0.01276855,1.0
2455001.216988,1.020748,1.80047668,2.49640087,0.01275006,1.75568414,1.48129784,0.01276962,1.0
2455001.221432,1.027398,1.80044471,2.49643099,0.01275063,1.75572733,1.48132428,0.0127702,1.0
2455001.230575,1.006567,1.80037894,2.49649295,0.0127518,1.7558162,1.4813787,0.01277137,1.0
2455001.2350310003,0.9831925,1.80034688,2.49652315,0.01275238,1.75585951,1.48140522,0.01277195,1.0
2455001.242611,0.9856769,1.80029234,2.49657452,0.01275335,1.75593318,1.48145036,0.01277292,1.0
2455001.247078,0.9646695,1.80026021,2.49660479,0.01275393,1.75597659,1.48147697,0.0127735,1.0
2455001.254751,0.9984873,1.8002049999999998,2.49665678,0.01275492,1.75605117,1.48152269,0.01277449,1.0
2455001.259184,1.019808,1.80017311,2.49668682,0.01275549,1.75609425,1.48154911,0.01277506,1.0
2455001.268339,1.027473,1.80010724,2.49674886,0.01275667,1.75618323,1.48160368,0.01277624,1.0
2455001.273523,1.009333,1.80006994,2.49678399,0.01275733,1.75623362,1.4816346000000002,0.0127769,1.0
2455001.281069,1.008311,1.80001564,2.49683512,0.0127583,1.75630695,1.48167961,0.01277788,1.0
2455001.28549,1.06225,1.79998383,2.49686507,0.01275887,1.75634993,1.48170599,0.01277845,1.0
2455001.293059,1.07666,1.79992937,2.49691635,0.01275985,1.75642348,1.48175116,0.01277942,1.0
2455001.29748,1.078079,1.79989756,2.49694631,0.01276042,1.75646645,1.48177755,0.01277999,1.0
2455001.304991,1.070007,1.79984352,2.4969972,0.01276138,1.75653945,1.48182241,0.01278096,1.0
2455001.310141,1.052957,1.79980646,2.49703209,0.01276205,1.7565895,1.48185317,0.01278162,1.0
2455001.318312,1.023308,1.79974766,2.49708745,0.0127631,1.75666892,1.48190199,0.01278267,1.0
2455001.3227560003,1.023865,1.79971568,2.49711755,0.01276367,1.7567121,1.48192855,0.01278324,1.0
2455001.330302,0.9786842,1.79966138,2.49716867,0.01276464,1.75678545,1.48197366,0.01278422,1.0
2455001.335545,0.9906188,1.79962365,2.49720419,0.01276532,1.7568364,1.48200501,0.01278489,1.0
2455001.343137,0.997017,1.79956902,2.49725562,0.01276629,1.75691018,1.48205041,0.01278587,1.0
2455001.347593,1.002099,1.79953695,2.49728581,0.01276687,1.75695348,1.48207707,0.01278644,1.0
2455001.35677,1.009426,1.79947091,2.49734797,0.01276805,1.75704267,1.482132,0.01278762,1.0
2455001.362372,0.9808228,1.79943059,2.49738592,0.01276877,1.75709711,1.48216553,0.01278835,1.0
2455001.372603,0.9720007,1.79935696,2.49745522,0.01277009,1.75719655,1.4822268,0.01278966,1.0
2455001.378285,0.9862126,1.79931607,2.4974937,0.01277082,1.75725177,1.48226085,0.0127904,1.0
2455001.386155,0.9704889,1.79925943,2.49754701,0.01277183,1.75732825,1.482308,0.01279141,1.0
2455001.391513,0.9823869,1.79922087,2.4975833,0.01277252,1.75738033,1.48234013,0.0127921,1.0
2455001.400089,0.9621141,1.79915914,2.49764138,0.01277363,1.75746367,1.48239154,0.0127932,1.0
2455001.405425,0.9597598,1.79912074,2.49767752,0.01277431,1.75751552,1.48242355,0.01279389,1.0
2455001.413318,0.928262,1.79906393,2.49773098,0.01277533,1.75759222,1.4824708999999998,0.01279491,1.0
2455001.418942,0.9675971,1.79902345,2.49776906,0.01277605,1.75764689,1.48250466,0.01279563,1.0
2455001.426916,0.9653628,1.79896605,2.49782306,0.01277708,1.75772438,1.48255253,0.01279666,1.0
2455001.431546,0.9238438,1.79893273,2.49785442,0.01277767,1.75776938,1.48258033,0.01279725,1.0
2455001.441001,0.9400578000000002,1.79886467,2.49791845,0.01277889,1.75786127,1.48263712,0.01279847,1.0
2455359.423937,1.0837450000000002,-1.27804391,3.21461,0.04443658,-1.44137252,2.21239098,0.04445943,1.0
2455359.43013,1.049124,-1.27809565,3.21459397,0.04443681,-1.44132079,2.21235741,0.04445966,1.0
2455359.437294,1.01018,-1.2781555,3.21457543,0.04443708,-1.44126095,2.21231859,0.04445993,1.0
2455359.443464,1.000661,-1.27820705,3.21455946,0.04443731,-1.44120941,2.21228517,0.04446017,1.0
2455359.449645,1.011773,-1.27825868,3.21454346,0.04443754,-1.44115777,2.2122517000000004,0.0444604,1.0
2455359.45733,0.9887874,-1.27832288,3.21452357,0.04443783,-1.44109357,2.21221009,0.04446069,1.0
2455359.463511,0.9916603,-1.27837452,3.21450757,0.04443806,-1.44104192,2.21217664,0.04446093,1.0
2455359.475908,0.9622655,-1.27847808,3.21447547,0.04443852,-1.44093835,2.21210958,0.044461400000000005,1.0
2455359.481857,0.9718493,-1.27852778,3.21446007,0.04443874,-1.44088864,2.21207741,0.04446162,1.0
2455359.486996,0.9631522,-1.27857071,3.21444677,0.04443894,-1.4408457,2.21204964,0.04446182,1.0
2455359.494751,0.964697,-1.27863549,3.21442668,0.04443923,-1.4407809,2.21200773,0.04446211,1.0
2455359.501719,0.9363256,-1.2786937,3.21440864,0.04443949,-1.44072266,2.21197009,0.04446238,1.0
2455359.5079,0.9155096,-1.27874533,3.21439263,0.04443972,-1.44067101,2.21193671,0.04446261,1.0
2455359.5140810004,0.9216519,-1.27879696,3.21437662,0.04443995,-1.44061935,2.21190334,0.04446285,1.0
2455359.520262,0.9439368,-1.2788486,3.21436062,0.04444018,-1.4405677,2.21186999,0.04446308,1.0
2455359.525459,0.9600435,-1.27889201,3.21434715,0.04444037,-1.44052426,2.21184195,0.04446328,1.0
2455359.530644,0.9792891,-1.27893532,3.21433372,0.04444056,-1.44048092,2.21181398,0.04446347,1.0
2455359.536767,0.9973852,-1.27898647,3.21431786,0.04444079,-1.44042974,2.21178096,0.04446371,1.0
2455359.542624,0.9631611,-1.27903539,3.21430269,0.04444101,-1.44038078,2.21174938,0.04446393,1.0
2455359.547798,0.9830303,-1.27907861,3.21428929,0.0444412,-1.44033753,2.2117215,0.04446412,1.0
2455359.552972,1.000891,-1.27912183,3.21427588,0.0444414,-1.44029428,2.21169362,0.04446432,1.0
2455359.558157,0.999445,-1.27916514,3.21426245,0.04444159,-1.44025093,2.21166569,0.04446452,1.0
2455359.564118,1.028023,-1.27921493,3.2142470000000003,0.04444181,-1.44020109,2.21163358,0.04446474,1.0
2455359.568204,1.022556,-1.27924906,3.21423641,0.04444196,-1.44016693,2.21161159,0.0444649,1.0
2455359.572278,1.028686,-1.27928309,3.21422586,0.04444212,-1.44013287,2.21158965,0.04446505,1.0
2455359.577244,1.03432,-1.27932457,3.21421299,0.0444423,-1.44009135,2.21156293,0.04446524,1.0
2455359.58214,1.007579,-1.27936547,3.2142003,0.04444248,-1.44005042,2.21153659,0.04446543,1.0
2455359.586203,1.040531,-1.2793994,3.21418977,0.04444264,-1.44001644,2.21151473,0.04446558,1.0
2455359.590254,1.011121,-1.27943324,3.21417927,0.04444279,-1.43998257,2.21149294,0.04446573,1.0
2455359.594351,1.018167,-1.27946746,3.21416865,0.04444294,-1.43994831,2.21147091,0.04446589,1.0
2455359.598414,1.008293,-1.2795014,3.21415812,0.04444309,-1.43991433,2.21144907,0.04446604,1.0
2455359.602535,1.03617,-1.27953582,3.21414744,0.04444324,-1.43987988,2.21142692,0.0444662,1.0
2455359.606609,1.02395,-1.27956985,3.21413688,0.0444434,-1.4398458,2.21140502,0.04446635,1.0
2455359.610683,1.013535,-1.27960388,3.21412632,0.04444355,-1.43981173,2.21138313,0.04446651,1.0
2455359.614781,1.012556,-1.27963811,3.2141157,0.0444437,-1.43977747,2.21136112,0.04446666,1.0
2455359.619619,0.9966781,-1.27967852,3.21410316,0.04444388,-1.439737,2.21133514,0.04446685,1.0
2455359.624445,0.9842443,-1.27971882,3.21409065,0.04444406,-1.43969663,2.21130922,0.04446703,1.0
2455359.628531,0.9768208,-1.27975295,3.21408005,0.04444421,-1.43966246,2.21128729,0.04446719,1.0
2455359.632617,1.003309,-1.27978708,3.21406946,0.04444437,-1.43962829,2.21126536,0.04446734,1.0
2455359.648544,0.9508038,-1.27992011,3.21402816,0.04444496,-1.43949506,2.21117992,0.04446794,1.0
2455359.652676,0.969123,-1.27995462,3.21401745,0.04444511,-1.4394605,2.21115776,0.0444681,1.0
2455359.6584400004,0.9329512,-1.28000276,3.2140025000000003,0.04444533,-1.43941228,2.21112686,0.04446832,1.0
2455391.323725,1.000598,-1.53960828,3.12053934,0.04546556,-1.17239523,2.17263868,0.0454883,1.0
2455391.329559,1.010331,-1.53965516,3.12052006,0.04546572,-1.17235012,2.17265532,0.04548846,1.0
2455391.335542,0.9903296,-1.53970324,3.12050029,0.04546588,-1.17230387,2.17267239,0.04548862,1.0
2455391.340762,1.003875,-1.53974519,3.12048304,0.04546602,-1.17226352,2.1726873,0.04548877,1.0
2455391.3459240003,1.009847,-1.53978667,3.12046598,0.04546616,-1.17222361,2.17270204,0.04548891,1.0
2455391.352105,1.007543,-1.53983634,3.12044555,0.04546633,-1.17217584,2.17271971,0.04548908,1.0
2455391.358286,1.011402,-1.539886,3.12042513,0.0454665,-1.17212807,2.17273738,0.04548925,1.0
2455391.365276,1.002203,-1.53994217,3.12040202,0.04546669,-1.17207404,2.17275738,0.04548944,1.0
2455391.37236,0.9924023,-1.5399991000000002,3.12037861,0.04546688,-1.17201931,2.17277765,0.04548964,1.0
2455391.378506,0.9794534,-1.54004848,3.12035829,0.04546704,-1.17197182,2.17279526,0.04548981,1.0
2455391.384698,0.98315,-1.54009824,3.12033782,0.04546721,-1.17192397,2.172813,0.04548998,1.0
2455391.391816,0.9777319,-1.54015543,3.12031429,0.04546741,-1.17186897,2.17283342,0.04549017,1.0
2455391.396966,0.9821454,-1.54019681,3.12029727,0.04546755,-1.17182919,2.17284819,0.04549031,1.0
2455391.403112,0.9576433,-1.5402462,3.12027695,0.04546771,-1.17178171,2.17286583,0.04549048,1.0
2455391.411561,0.9446866,-1.54031408,3.12024901,0.04546794,-1.17171645,2.1728901,0.04549072,1.0
2455391.4177650004,0.9630565,-1.54036393,3.1202285,0.04546811,-1.17166854,2.17290793,0.04549089,1.0
2455391.423981,0.9403375,-1.54041388,3.12020795,0.04546828,-1.17162054,2.1729258,0.04549106,1.0
2455391.430659,0.9704111,-1.54046754,3.12018587,0.04546846,-1.17156897,2.17294501,0.04549124,1.0
2455391.435809,1.000801,-1.54050891,3.12016884,0.0454686,-1.1715292,2.17295984,0.04549138,1.0
2455391.441018,0.994342,-1.54055077,3.12015161,0.04546874,-1.17148899,2.17297484,0.04549152,1.0
2455391.446365,1.037146,-1.54059373,3.12013393,0.04546889,-1.1714477,2.17299024,0.04549167,1.0
2455391.452974,1.057917,-1.54064683,3.12011207,0.04546907,-1.17139668,2.1730093,0.04549185,1.0
2455391.459143,1.069458,-1.54069639,3.12009167,0.04546923,-1.17134906,2.17302709,0.04549202,1.0
2455391.465335,1.0920530000000002,-1.54074614,3.12007119,0.0454694,-1.17130127,2.17304496,0.04549219,1.0
2455391.471516,1.064584,-1.5407958000000002,3.12005075,0.04546957,-1.17125356,2.1730628,0.04549236,1.0
2455391.476643,1.0699610000000002,-1.540837,3.12003379,0.04546971,-1.17121399,2.17307761,0.0454925,1.0
2455391.482442,1.047196,-1.54088359,3.12001461,0.04546987,-1.17116924,2.17309437,0.04549266,1.0
2455391.487569,1.023368,-1.54092478,3.11999765,0.04547,-1.17112967,2.17310919,0.045492800000000014,1.0
2455391.494328,1.000571,-1.54097908,3.11997529,0.04547019,-1.17107752,2.17312875,0.04549299,1.0
2455391.499479,1.009903,-1.54102047,3.11995825,0.04547033,-1.17103778,2.17314365,0.04549313,1.0
2455391.504583,0.981874,-1.54106147,3.11994136,0.04547047,-1.1709983999999998,2.17315843,0.04549327,1.0
2455391.509757,1.005448,-1.54110304,3.11992424,0.04547061,-1.17095849,2.17317342,0.04549341,1.0
2455391.515891,0.9904482,-1.54115232,3.11990395,0.04547077,-1.17091117,2.1731912,0.04549358,1.0
2455391.52206,0.9871787,-1.54120188,3.11988354,0.04547094,-1.17086358,2.17320908,0.04549375,1.0
2455391.528264,0.9990697,-1.54125172,3.11986301,0.04547111,-1.17081574,2.17322708,0.04549392,1.0
2455391.536157,0.9994102,-1.54131513,3.11983689,0.04547132,-1.17075486,2.17325,0.04549414,1.0
2455391.542326,0.9905851,-1.54136469,3.11981648,0.04547149,-1.17070729,2.17326791,0.04549431,1.0
2455391.549178,0.9737776,-1.54141974,3.11979381,0.04547167,-1.17065445,2.17328783,0.04549449,1.0
2455391.555301,0.9625777,-1.54146893,3.11977354,0.04547184,-1.17060725,2.17330563,0.04549466,1.0
2455391.561435,0.9982419,-1.5415181999999998,3.11975324,0.04547201,-1.17055995,2.17332348,0.04549483,1.0
2455391.567616,0.9858067,-1.54156786,3.11973278,0.04547217,-1.17051231,2.17334147,0.045495,1.0
2456214.748027,1.009941,-1.48644565,-2.6445158,-0.01660275,-0.5560823,-2.28516609,-0.01660545,1.0
2456214.754998,1.018348,-1.48638087,-2.6445423,-0.01660354,-0.55606268,-2.28508117,-0.01660624,1.0
2456214.7596380003,1.023048,-1.48633774,-2.64455994,-0.01660406,-0.55604963,-2.28502464,-0.01660676,1.0
2456214.765069,1.022106,-1.48628726,-2.64458058,-0.01660467,-0.55603436,-2.28495849,-0.01660737,1.0
2456214.771259,1.019286,-1.48622973,-2.64460411,-0.01660537,-0.55601696,-2.28488309,-0.01660807,1.0
2456214.77668,1.019286,-1.48617934,-2.64462471,-0.01660598,-0.55600174,-2.28481706,-0.01660868,1.0
2456214.78133,1.014603,-1.48613612,-2.64464239,-0.0166065,-0.55598869,-2.28476042,-0.0166092,1.0
2456214.78752,1.0155379999999998,-1.48607858,-2.64466592,-0.0166072,-0.55597132,-2.28468502,-0.0166099,1.0
2456214.793711,0.9960841,-1.48602104,-2.64468944,-0.01660789,-0.55595396,-2.28460963,-0.01661059,1.0
2456214.801461,0.9878616,-1.485949,-2.64471889,-0.01660877,-0.55593224,-2.28451523,-0.01661147,1.0
2456214.808432,0.9779036,-1.48588421,-2.64474538,-0.01660955,-0.55591272,-2.28443034,-0.01661225,1.0
2456214.813852,0.9644864,-1.48583382,-2.64476598,-0.01661016,-0.55589755,-2.28436434,-0.01661286,1.0
2456214.822373,0.9725146,-1.48575462,-2.64479835,-0.01661112,-0.55587372,-2.28426058,-0.01661382,1.0
2456214.827013,0.955644,-1.48571149,-2.64481598,-0.01661164,-0.55586075,-2.28420407,-0.01661434,1.0
2456214.832444,0.951253,-1.48566101,-2.64483661,-0.01661225,-0.55584557,-2.28413795,-0.01661495,1.0
2456214.837864,0.9521297,-1.48561062,-2.64485721,-0.01661286,-0.55583044,-2.28407195,-0.01661556,1.0
2456214.842514,0.9442697,-1.48556739,-2.64487487,-0.01661338,-0.55581746,-2.28401533,-0.01661609,1.0
2456214.847165,0.960055,-1.48552416,-2.64489254,-0.01661391,-0.55580448,-2.28395872,-0.01661661,1.0
2456214.851815,0.9716193,-1.48548094,-2.6449102000000004,-0.01661443,-0.55579152,-2.2839021,-0.01661713,1.0
2456214.856465,0.9824174,-1.48543771,-2.64492787,-0.01661495,-0.55577855,-2.28384549,-0.01661766,1.0
2456214.861116,1.002527,-1.48539448,-2.64494553,-0.01661548,-0.5557656,-2.28378887,-0.01661818,1.0
2456214.865756,1.0016040000000002,-1.48535134,-2.64496316,-0.016616,-0.55575267,-2.28373238,-0.0166187,1.0
2456214.871186,1.007154,-1.48530086,-2.64498378,-0.01661661,-0.55573755,-2.28366628,-0.01661931,1.0
2456214.875827,1.018348,-1.48525772,-2.64500141,-0.01661713,-0.55572464,-2.28360979,-0.01661984,1.0
2456214.8812470003,1.021165,-1.48520733,-2.64502199,-0.01661774,-0.55570957,-2.28354381,-0.01662045,1.0
2456214.8858970003,1.019286,-1.4851641000000002,-2.64503965,-0.01661827,-0.55569664,-2.28348721,-0.01662097,1.0
2456214.890538,1.008082,-1.48512096,-2.64505728,-0.01661879,-0.55568375,-2.28343073,-0.01662149,1.0
2456214.895188,0.9942509,-1.48507773,-2.64507494,-0.01661931,-0.55567083,-2.28337413,-0.01662202,1.0
2456214.899838,0.9997606,-1.48503449,-2.64509259,-0.01661983,-0.55565792,-2.28331753,-0.01662254,1.0
2456214.9044790003,0.9896827,-1.48499135,-2.64511021,-0.01662036,-0.55564504,-2.28326105,-0.01662306,1.0
2456214.9091290003,0.9905947,-1.48494812,-2.64512787,-0.01662088,-0.55563215,-2.28320446,-0.01662358,1.0
2456214.9137790003,0.9815131,-1.48490489,-2.64514553,-0.0166214,-0.55561925,-2.28314787,-0.01662411,1.0
2456214.91842,0.9951673,-1.48486175,-2.64516315,-0.01662192,-0.55560639,-2.2830914,-0.01662463,1.0
2456214.92307,0.9960841,-1.48481851,-2.6451808,-0.01662245,-0.55559351,-2.28303481,-0.01662515,1.0
2456214.92772,1.014603,-1.48477528,-2.64519846,-0.01662297,-0.55558063,-2.28297822,-0.01662568,1.0
2456214.932361,1.023048,-1.48473214,-2.64521608,-0.01662349,-0.55556779,-2.28292175,-0.0166262,1.0
2456214.937011,1.021165,-1.4846889,-2.64523373,-0.01662402,-0.55555493,-2.28286517,-0.01662672,1.0
2456214.9416610003,1.023991,-1.48464566,-2.64525138,-0.01662454,-0.55554207,-2.28280858,-0.01662725,1.0
2456214.946302,1.02777,-1.48460252,-2.645269,-0.01662506,-0.55552924,-2.28275213,-0.01662777,1.0
2456214.950952,1.023048,-1.48455928,-2.64528665,-0.01662558,-0.55551639,-2.28269555,-0.01662829,1.0
2456214.955602,1.023048,-1.48451605,-2.6453043,-0.01662611,-0.55550355,-2.28263897,-0.01662881,1.0
2456214.960243,1.019286,-1.4844729,-2.64532192,-0.01662663,-0.55549074,-2.28258251,-0.01662934,1.0
2456214.964893,1.011803,-1.48442967,-2.64533957,-0.01662715,-0.55547791,-2.28252594,-0.01662986,1.0
2456214.969533,1.014603,-1.48438652,-2.64535718,-0.01662767,-0.55546511,-2.28246949,-0.01663038,1.0
2456214.974184,1.012735,-1.48434328,-2.64537483,-0.016628200000000003,-0.55545229,-2.28241292,-0.01663091,1.0
2456214.978834,1.010872,-1.48430005,-2.64539248,-0.01662872,-0.55543948,-2.28235635,-0.01663143,1.0
2456214.9834740004,1.007154,-1.4842569,-2.64541009,-0.01662924,-0.5554266999999999,-2.2822999,-0.01663195,1.0
2456214.988125,1.005301,-1.48421366,-2.64542773,-0.01662977,-0.55541389,-2.28224334,-0.01663247,1.0
2456214.993545,1.0016040000000002,-1.48416326,-2.6454482999999995,-0.01663037,-0.55539898,-2.28217741,-0.01663308,1.0
2456214.998186,0.9979209,-1.48412011,-2.64546591,-0.016630900000000004,-0.55538622,-2.28212097,-0.01663361,1.0
2456215.002836,0.9970019,-1.48407687,-2.64548356,-0.01663142,-0.55537343,-2.28206441,-0.01663413,1.0
2456229.674122,1.01039,-1.34601183,-2.69810085,-0.01826159,-0.54215366,-2.11473647,-0.0182648,1.0
2456229.682672,0.9937774,-1.34593042,-2.69812972,-0.01826253,-0.54216107,-2.11464683,-0.01826573,1.0
2456229.689642,1.020679,-1.34586406,-2.69815324,-0.01826329,-0.54216711,-2.11457376,-0.0182665,1.0
2456229.696613,1.031072,-1.3457977,-2.69817677,-0.01826406,-0.54217317,-2.1145007,-0.01826726,1.0
2456229.702803,1.041572,-1.34573876,-2.69819766,-0.01826474,-0.54217856,-2.11443582,-0.01826794,1.0
2456229.710544,1.039655,-1.34566507,-2.69822379,-0.01826559,-0.54218532,-2.11435471,-0.01826879,1.0
2456229.716744,1.039655,-1.34560603,-2.69824471,-0.01826627,-0.54219074,-2.11428973,-0.01826947,1.0
2456229.722944,1.021619,-1.3455469999999998,-2.69826563,-0.01826695,-0.54219616,-2.11422477,-0.01827015,1.0
2456229.729135,1.014119,-1.34548806,-2.69828652,-0.01826763,-0.54220159,-2.11415991,-0.01827083,1.0
2456229.736875,0.9819494,-1.34541436,-2.69831264,-0.01826848,-0.54220839,-2.11407883,-0.01827168,1.0
2456229.744616,0.9892114,-1.34534066,-2.69833875,-0.01826932,-0.5422151999999999,-2.11399775,-0.01827253,1.0
2456229.750816,0.9901229,-1.34528162,-2.69835967,-0.01827,-0.54222067,-2.11393281,-0.01827321,1.0
2456229.7570060003,1.004822,-1.34522268,-2.69838055,-0.01827068,-0.54222614,-2.11386798,-0.01827389,1.0
2456229.763207,0.9974453,-1.34516365,-2.69840147,-0.01827136,-0.54223162,-2.11380305,-0.01827457,1.0
2456229.7693970003,1.01039,-1.3451046999999998,-2.69842235,-0.01827204,-0.54223711,-2.11373823,-0.01827525,1.0
2456229.775597,1.006675,-1.34504566,-2.69844326,-0.01827272,-0.54224261,-2.11367332,-0.01827593,1.0
2456229.7825680003,1.006675,-1.34497929,-2.69846677,-0.01827349,-0.54224881,-2.11360034,-0.0182767,1.0
2456229.789538,1.002973,-1.34491292,-2.69849028,-0.01827425,-0.54225501,-2.11352738,-0.01827746,1.0
2456229.796509,1.002049,-1.34484655,-2.69851379,-0.01827502,-0.54226123,-2.11345442,-0.01827822,1.0
2456229.802709,0.9937774,-1.34478751,-2.6985347,-0.0182757,-0.54226677,-2.11338953,-0.01827891,1.0
2456229.809679,0.9783384,-1.34472113,-2.6985582000000004,-0.01827646,-0.54227301,-2.11331658,-0.01827967,1.0
2456229.81587,0.9675849,-1.34466219,-2.69857907,-0.01827714,-0.54227856,-2.11325181,-0.01828035,1.0
2456229.82207,0.9578315,-1.34460314,-2.69859998,-0.01827782,-0.54228413,-2.11318693,-0.01828103,1.0
2456229.82826,0.9560687,-1.3445442,-2.69862085,-0.0182785,-0.5422897,-2.11312217,-0.01828171,1.0
2456229.8344610003,0.9613667,-1.34448515,-2.69864175,-0.01827918,-0.54229528,-2.1130572999999995,-0.01828239,1.0
2456229.8414310003,0.9446895,-1.34441877,-2.69866525,-0.01827994,-0.54230157,-2.11298439,-0.01828315,1.0
2456229.847622,0.9481763,-1.34435982,-2.69868612,-0.01828062,-0.54230717,-2.11291965,-0.01828383,1.0
2456229.8538220003,0.9666941,-1.34430078,-2.69870701,-0.0182813,-0.54231278,-2.1128548,-0.01828451,1.0
2456229.860012,0.9864819,-1.34424183,-2.69872788,-0.01828198,-0.54231839,-2.11279006,-0.01828519,1.0
2456229.866983,1.000205,-1.34417545,-2.69875137,-0.01828275,-0.54232472,-2.11271718,-0.01828596,1.0
2456229.873173,1.012253,-1.3441165000000002,-2.69877223,-0.01828342,-0.54233035,-2.11265246,-0.01828664,1.0
2456229.879373,1.029175,-1.34405745,-2.69879313,-0.0182841,-0.5423359999999999,-2.11258763,-0.01828732,1.0
2456229.885574,1.026335,-1.3439983999999998,-2.69881402,-0.01828478,-0.54234166,-2.11252282,-0.018288,1.0
2456229.892544,1.017862,-1.34393202,-2.69883751,-0.01828555,-0.54234803,-2.11244996,-0.01828876,1.0
2456229.900295,0.9937774,-1.3438582,-2.69886362,-0.0182864,-0.54235513,-2.11236895,-0.01828961,1.0
2456229.907265,0.9873908,-1.34379182,-2.69888711,-0.01828716,-0.54236152,-2.11229611,-0.01829037,1.0
2456229.915005,0.9810454,-1.3437181,-2.69891318,-0.01828801,-0.54236863,-2.11221523,-0.01829122,1.0
2456229.921196,0.9810454,-1.34365915,-2.69893404,-0.01828869,-0.54237433,-2.11215055,-0.0182919,1.0
2456229.927406,0.9883007,-1.3436,-2.69895496,-0.01828937,-0.54238006,-2.11208566,-0.01829258,1.0
2456229.933596,1.002049,-1.34354104,-2.69897581,-0.01829005,-0.54238577,-2.112021,-0.01829326,1.0
2456229.939797,1.006675,-1.34348199,-2.69899669,-0.01829073,-0.54239151,-2.11195623,-0.01829394,1.0
2456229.945987,1.017862,-1.34342303,-2.69901754,-0.01829141,-0.54239724,-2.11189157,-0.01829462,1.0
2456229.952188,1.016925,-1.34336397,-2.69903842,-0.01829209,-0.54240299,-2.11182682,-0.0182953,1.0
2456229.958378,1.026335,-1.34330501,-2.69905927,-0.01829277,-0.54240874,-2.11176217,-0.01829598,1.0
2456229.964578,1.024446,-1.34324596,-2.69908015,-0.01829345,-0.54241451,-2.11169743,-0.01829666,1.0
2456229.970769,1.0188,-1.343187,-2.69910099,-0.01829413,-0.54242028,-2.1116328,-0.01829734,1.0
2456229.977739,1.013186,-1.34312061,-2.69912446,-0.01829489,-0.54242679,-2.11156002,-0.0182981,1.0
2456229.983939,1.014119,-1.34306155,-2.69914534,-0.01829557,-0.54243258,-2.1114953,-0.01829878,1.0
2456229.9901400004,1.006675,-1.34300249,-2.69916621,-0.01829625,-0.54243839,-2.11143058,-0.01829946,1.0
2456229.99634,0.9992844,-1.34294343,-2.69918709,-0.01829693,-0.5424441999999999,-2.11136586,-0.01830014,1.0
2456230.00253,1.000205,-1.34288447,-2.69920793,-0.01829761,-0.54245002,-2.11130126,-0.01830082,1.0
2456230.008731,0.9965271,-1.34282541,-2.6992288,-0.01829829,-0.54245585,-2.11123656,-0.0183015,1.0
2456257.591221,0.9917702,-1.07490036,-2.78075837,-0.02124112,-0.64300491,-1.89339513,-0.02124476,1.0
2456257.599191,1.000026,-1.07482153,-2.78077859,-0.02124195,-0.64305161,-1.89335586,-0.02124559,1.0
2456257.607091,1.019556,-1.07474339,-2.78079863,-0.02124277,-0.64309791,-1.89331695,-0.0212464,1.0
2456257.614991,1.022377,-1.07466525,-2.78081867,-0.02124359,-0.64314421,-1.89327805,-0.02124722,1.0
2456257.622891,1.027096,-1.07458711,-2.7808387000000003,-0.0212444,-0.64319053,-1.89323917,-0.02124804,1.0
2456257.630801,1.025205,-1.07450887,-2.78085876,-0.02124522,-0.64323691,-1.89320026,-0.02124886,1.0
2456257.639492,1.0204950000000002,-1.07442291,-2.7808808,-0.02124612,-0.64328787,-1.89315752,-0.02124976,1.0
2456257.650552,0.9991051,-1.07431351,-2.78090884,-0.02124727,-0.64335274,-1.89310316,-0.021250900000000003,1.0
2456257.660042,0.9935989,-1.07421964,-2.78093289,-0.02124825,-0.64340842,-1.89305654,-0.02125189,1.0
2456257.668732,0.9991051,-1.07413368,-2.78095492,-0.02124915,-0.64345941,-1.89301386,-0.02125279,1.0
2456257.676632,1.01768,-1.07405553,-2.78097494,-0.02124997,-0.64350577,-1.89297509,-0.02125361,1.0
2456257.684532,1.016743,-1.07397739,-2.78099496,-0.02125079,-0.64355215,-1.89293632,-0.02125442,1.0
2456257.6932220003,1.012071,-1.07389142,-2.78101698,-0.02125169,-0.64360316,-1.8928937,-0.02125532,1.0
2456257.701123,1.000947,-1.07381328,-2.781037,-0.0212525,-0.64364955,-1.89285497,-0.02125614,1.0
2456257.709813,0.9917702,-1.07372731,-2.78105902,-0.0212534,-0.64370059,-1.89281239,-0.02125704,1.0
2456257.7177130003,0.9808688,-1.07364916,-2.78107903,-0.02125422,-0.64374699,-1.89277369,-0.02125786,1.0
2456257.7256130003,0.96652,-1.07357101,-2.78109904,-0.02125504,-0.6437934000000001,-1.892735,-0.02125868,1.0
2456257.733513,0.9506287,-1.07349286,-2.78111905,-0.02125586,-0.64383982,-1.89269633,-0.0212595,1.0
2456257.742203,0.9497538,-1.07340689,-2.78114105,-0.02125676,-0.64389089,-1.89265382,-0.02126039,1.0
2456257.750103,0.9515045,-1.07332874,-2.78116106,-0.02125758,-0.64393733,-1.89261518,-0.02126121,1.0
2456257.758003,0.9558965,-1.07325059,-2.78118106,-0.02125839,-0.64398377,-1.89257656,-0.02126203,1.0
2456257.765904,0.9656305,-1.07317243,-2.78120106,-0.02125921,-0.64403022,-1.89253795,-0.02126285,1.0
2456257.773814,0.979064,-1.07309418,-2.78122108,-0.02126003,-0.64407673,-1.89249931,-0.02126367,1.0
2456257.7817240003,1.000947,-1.07301592,-2.78124111,-0.02126085,-0.64412326,-1.89246068,-0.02126449,1.0
2456257.789614,1.030887,-1.07293786,-2.78126108,-0.02126167,-0.64416967,-1.89242217,-0.0212653,1.0
2456257.797514,1.022377,-1.07285971,-2.78128107,-0.02126248,-0.64421615,-1.89238363,-0.02126612,1.0
2456257.805424,1.028043,-1.07278145,-2.78130109,-0.0212633,-0.64426269,-1.89234505,-0.02126694,1.0
2456257.813324,1.005567,-1.07270329,-2.78132107,-0.02126412,-0.64430919,-1.89230653,-0.02126776,1.0
2456257.8212240003,0.9808688,-1.07262513,-2.78134106,-0.02126494,-0.64435569,-1.89226803,-0.02126858,1.0
2456257.829135,0.9709817,-1.07254687,-2.78136107,-0.02126576,-0.64440226,-1.89222949,-0.02126939,1.0
2456257.837025,0.9772619,-1.07246881,-2.78138103,-0.02126657,-0.64444872,-1.89219107,-0.02127021,1.0
2456257.844925,0.9935989,-1.07239065,-2.78140101,-0.02126739,-0.64449524,-1.89215262,-0.02127103,1.0
2456257.852825,0.9981852,-1.07231248,-2.78142099,-0.02126821,-0.64454177,-1.89211418,-0.02127185,1.0
2456257.860735,1.015806,-1.07223422,-2.78144099,-0.02126903,-0.64458837,-1.8920757,-0.02127267,1.0
2456257.868635,1.013937,-1.07215606,-2.78146097,-0.02126985,-0.64463492,-1.89203729,-0.02127348,1.0
2456257.876535,1.003716,-1.07207789,-2.78148094,-0.02127066,-0.64468147,-1.8919989,-0.0212743,1.0
2456257.884435,1.003716,-1.07199973,-2.78150091,-0.02127148,-0.64472803,-1.89196052,-0.02127512,1.0
2456257.892336,0.9963483,-1.07192156,-2.78152088,-0.0212723,-0.6447746,-1.89192216,-0.02127594,1.0
2456257.900246,0.9991051,-1.07184329,-2.78154087,-0.02127312,-0.64482124,-1.89188376,-0.02127675,1.0
2456257.908136,0.9945141,-1.07176522,-2.78156081,-0.02127393,-0.64486776,-1.89184547,-0.02127757,1.0
2456257.916036,1.008349,-1.07168706,-2.78158078,-0.02127475,-0.64491436,-1.89180715,-0.02127839,1.0
2456257.923946,0.9863044,-1.07160879,-2.78160077,-0.02127557,-0.64496101,-1.8917688,-0.02127921,1.0
2456257.931846,0.981773,-1.07153062,-2.78162073,-0.02127639,-0.64500762,-1.89173051,-0.02128003,1.0
2456257.939746,1.003716,-1.07145245,-2.78164068,-0.02127721,-0.64505423,-1.89169224,-0.02128084,1.0
2456257.947646,1.010208,-1.07137427,-2.78166064,-0.02127802,-0.64510086,-1.89165398,-0.02128166,1.0
2456257.962667,1.040425,-1.07122565,-2.78169858,-0.02127958,-0.64518952,-1.89158129,-0.02128321,1.0
2456257.972147,1.034692,-1.07113184,-2.78172252,-0.02128056,-0.64524549,-1.89153543,-0.0212842,1.0
2456257.980847,1.028043,-1.07104575,-2.78174448,-0.02128146,-0.64529687,-1.89149337,-0.0212851,1.0
2456257.989537,1.009278,-1.07095975,-2.78176642,-0.02128236,-0.64534819,-1.89145137,-0.02128599,1.0
2456257.998227,1.000947,-1.07087376,-2.78178836,-0.02128326,-0.64539953,-1.89140939,-0.02128689,1.0
2456279.5318130003,1.012938,-0.85518045,-2.82884352,-0.02345326,-0.79204656,-1.84689652,-0.02345674,1.0
2456279.539733,1.011073,-0.85510022,-2.8288581,-0.02345403,-0.79210453,-1.84690288,-0.02345752,1.0
2456279.547632,1.008284,-0.8550201999999999,-2.82887264,-0.02345481,-0.79216235,-1.84690923,-0.02345829,1.0
2456279.555532,0.9853323,-0.85494018,-2.82888718,-0.02345558,-0.79222017,-1.84691561,-0.02345907,1.0
2456279.564222,0.9981198,-0.85485215,-2.82890317,-0.02345643,-0.79228377,-1.84692264,-0.02345992,1.0
2456279.572912,1.003651,-0.85476412,-2.82891916,-0.02345728,-0.79234737,-1.84692969,-0.02346077,1.0
2456279.583202,1.012938,-0.85465988,-2.8289381,-0.02345829,-0.79242269,-1.84693807,-0.02346178,1.0
2456279.591101,1.03082,-0.85457986,-2.82895263,-0.02345906,-0.79248051,-1.84694452,-0.02346255,1.0
2456279.599001,1.052889,-0.85449983,-2.82896716,-0.02345984,-0.79253834,-1.84695098,-0.02346332,1.0
2456279.606901,1.036532,-0.8544198000000001,-2.82898168,-0.02346061,-0.79259616,-1.84695747,-0.0234641,1.0
2456279.6163810003,1.041316,-0.85432377,-2.82899912,-0.02346154,-0.79266555,-1.84696527,-0.02346503,1.0
2456279.6242810003,1.021369,-0.85424374,-2.82901364,-0.02346231,-0.79272338,-1.84697179,-0.0234658,1.0
2456279.632181,0.9917053,-0.85416371,-2.82902816,-0.02346309,-0.7927812,-1.84697833,-0.02346657,1.0
2456279.6400900004,0.9990396,-0.85408358,-2.8290427000000005,-0.02346386,-0.7928390999999999,-1.8469849,-0.02346735,1.0
2456279.64798,1.013871,-0.85400365,-2.8290572,-0.02346463,-0.79289686,-1.84699146,-0.02346812,1.0
2456279.65589,1.0270290000000002,-0.85392351,-2.82907173,-0.02346541,-0.79295476,-1.84699806,-0.02346889,1.0
2456279.66379,1.025139,-0.85384348,-2.82908624,-0.02346618,-0.79301259,-1.84700467,-0.02346967,1.0
2456279.67169,1.024195,-0.85376345,-2.82910076,-0.02346696,-0.79307042,-1.84701129,-0.02347044,1.0
2456279.6795900003,1.005501,-0.85368342,-2.82911526,-0.02346773,-0.79312825,-1.84701793,-0.02347121,1.0
2456279.687489,0.9981198,-0.85360338,-2.82912977,-0.0234685,-0.79318608,-1.84702459,-0.02347199,1.0
2456279.695389,0.9990396,-0.85352335,-2.82914428,-0.02346928,-0.79324391,-1.84703126,-0.02347276,1.0
2456279.7040790003,0.9753998,-0.85343531,-2.82916023,-0.02347013,-0.79330752,-1.84703863,-0.02347361,1.0
2456279.712769,0.9602463,-0.85334727,-2.82917618,-0.02347098,-0.79337114,-1.84704601,-0.02347446,1.0
2456279.720679,0.9523195,-0.85326713,-2.8291907000000003,-0.02347175,-0.79342904,-1.84705275,-0.02347524,1.0
2456279.728579,0.9558345,-0.85318709,-2.82920519,-0.02347253,-0.79348688,-1.84705949,-0.02347601,1.0
2456279.736478,0.9593624,-0.85310706,-2.82921969,-0.0234733,-0.79354471,-1.84706626,-0.02347678,1.0
2456279.744368,0.9620169,-0.85302712,-2.82923416,-0.02347407,-0.79360247,-1.84707303,-0.02347756,1.0
2456279.753068,0.9771982,-0.85293898,-2.82925012,-0.02347492,-0.79366616,-1.84708052,-0.02347841,1.0
2456279.760968,0.9944494,-0.85285894,-2.82926461,-0.0234757,-0.793724,-1.84708733,-0.02347918,1.0
2456279.768858,1.012938,-0.8527790000000001,-2.82927908,-0.02347647,-0.79378176,-1.84709416,-0.02347995,1.0
2456279.776757,1.026083,-0.85269896,-2.82929356,-0.02347724,-0.7938396,-1.84710101,-0.02348073,1.0
2456279.784657,1.0270290000000002,-0.85261891,-2.82930805,-0.02347802,-0.79389743,-1.84710787,-0.0234815,1.0
2456279.792557,1.01574,-0.85253887,-2.82932253,-0.02347879,-0.79395527,-1.84711476,-0.02348227,1.0
2456279.800457,0.9935339,-0.85245883,-2.829337,-0.02347956,-0.79401311,-1.84712166,-0.02348305,1.0
2456279.808387,0.979902,-0.85237848,-2.82935154,-0.02348034,-0.79407117,-1.8471286,-0.02348382,1.0
2456279.817067,0.979902,-0.85229054,-2.82936744,-0.02348119,-0.79413472,-1.84713623,-0.02348467,1.0
2456279.824966,0.980805,-0.85221049,-2.82938191,-0.02348196,-0.79419256,-1.84714318,-0.02348544,1.0
2456279.832866,0.9944494,-0.85213045,-2.82939638,-0.02348274,-0.7942504,-1.84715015,-0.02348622,1.0
2456279.840766,0.9944494,-0.8520504000000001,-2.82941085,-0.02348351,-0.79430824,-1.84715714,-0.02348699,1.0
2456279.848666,1.011073,-0.85197035,-2.82942531,-0.02348428,-0.79436608,-1.84716414,-0.02348776,1.0
2456279.856576,1.009213,-0.85189021,-2.8294398,-0.02348506,-0.794424,-1.84717118,-0.02348854,1.0
2456279.864476,1.003651,-0.85181016,-2.82945426,-0.02348583,-0.79448184,-1.84717821,-0.02348931,1.0
2456279.874745,0.9953657,-0.8517061,-2.82947306,-0.02348683,-0.79455703,-1.84718739,-0.02349032,1.0
2456279.882645,0.997201,-0.85162605,-2.82948751,-0.02348761,-0.79461488,-1.84719447,-0.02349109,1.0
2456279.890555,0.9944494,-0.8515459000000001,-2.82950199,-0.02348838,-0.79467279,-1.84720157,-0.02349186,1.0
2456279.898455,0.987149,-0.85146585,-2.82951644,-0.02348915,-0.79473064,-1.84720869,-0.02349264,1.0
2456279.906355,0.9862402,-0.85138579,-2.82953089,-0.02348993,-0.79478848,-1.84721582,-0.02349341,1.0
2456279.914255,0.9780987,-0.85130574,-2.82954534,-0.0234907,-0.79484633,-1.84722296,-0.02349418,1.0
2456279.922944,0.9853323,-0.85121769,-2.82956123,-0.02349155,-0.79490996,-1.84723084,-0.02349503,1.0
2456279.930854,1.013871,-0.85113753,-2.8295757000000004,-0.02349232,-0.79496788,-1.84723803,-0.02349581,1.0
2456301.5334240003,0.9971275,-0.63012728,-2.8614156000000004,-0.02554045,-0.94603367,-1.93014651,-0.02554335,1.0
2456301.540394,0.9907195,-0.63005536,-2.86142337,-0.02554109,-0.94607725,-1.93019325,-0.02554399,1.0
2456301.5458130003,1.002653,-0.62999943,-2.86142941,-0.02554158,-0.94611114,-1.93022961,-0.02554449,1.0
2456301.551233,1.00173,-0.6299435,-2.86143545,-0.02554208,-0.94614502,-1.93026597,-0.02554498,1.0
2456301.556653,1.0175379999999998,-0.62988757,-2.86144149,-0.02554258,-0.9461789,-1.93030235,-0.02554548,1.0
2456301.562082,1.011931,-0.62983154,-2.86144754,-0.02554307,-0.94621284,-1.93033879,-0.02554598,1.0
2456301.567502,1.021294,-0.62977561,-2.86145358,-0.02554357,-0.94624671,-1.93037518,-0.02554647,1.0
2456301.572922,1.029795,-0.62971968,-2.86145962,-0.02554407,-0.94628058,-1.93041157,-0.02554697,1.0
2456301.578342,1.04894,-0.62966375,-2.86146565,-0.02554456,-0.94631445,-1.93044798,-0.02554747,1.0
2456301.583761,1.049907,-0.62960782,-2.86147169,-0.02554506,-0.94634831,-1.93048439,-0.02554796,1.0
2456301.589191,1.047975,-0.62955179,-2.86147773,-0.02554556,-0.94638223,-1.93052087,-0.02554846,1.0
2456301.5946110003,1.040281,-0.62949586,-2.86148377,-0.02554605,-0.94641609,-1.93055729,-0.02554896,1.0
2456301.600031,1.026008,-0.62943993,-2.8614898,-0.02554655,-0.94644995,-1.93059373,-0.02554945,1.0
2456301.60545,1.019414,-0.629384,-2.86149583,-0.02554705,-0.9464838,-1.93063017,-0.02554995,1.0
2456301.61088,1.009138,-0.62932796,-2.86150187,-0.02554755,-0.94651771,-1.93066668,-0.02555045,1.0
2456301.6162900003,0.9870761999999998,-0.62927213,-2.86150789,-0.02554804,-0.94655149,-1.93070307,-0.02555094,1.0
2456301.621719,0.9934605,-0.6292161000000001,-2.86151393,-0.02554854,-0.94658539,-1.9307396,-0.02555144,1.0
2456301.627139,0.9998863,-0.62916017,-2.86151995,-0.02554904,-0.94661923,-1.93077607,-0.02555194,1.0
2456301.632559,1.010068,-0.62910424,-2.86152598,-0.02554953,-0.94665307,-1.93081254,-0.02555243,1.0
2456301.638769,1.0063540000000002,-0.62904015,-2.86153288,-0.0255501,-0.94669183,-1.93085435,-0.025553,1.0
2456301.644178,1.013796,-0.62898432,-2.8615389,-0.0255506,-0.9467256,-1.93089077,-0.0255535,1.0
2456301.6511580003,1.020354,-0.62891229,-2.86154665,-0.02555124,-0.94676916,-1.93093778,-0.02555414,1.0
2456301.656578,1.01473,-0.62885636,-2.86155268,-0.02555173,-0.94680298,-1.93097429,-0.02555463,1.0
2456301.662007,1.015666,-0.62880032,-2.86155871,-0.02555223,-0.94683686,-1.93101088,-0.02555513,1.0
2456301.667427,1.009138,-0.62874439,-2.86156473,-0.02555273,-0.94687068,-1.9310474,-0.02555563,1.0
2456301.673627,0.9998863,-0.6286804,-2.86157161,-0.02555329,-0.94690935,-1.93108919,-0.02555619,1.0
2456301.679046,0.9888963,-0.62862447,-2.86157763,-0.02555379,-0.94694316,-1.93112574,-0.02555669,1.0
2456301.684476,0.9771261,-0.62856843,-2.86158366,-0.02555429,-0.94697703,-1.93116235,-0.02555719,1.0
2456301.689886,0.9699532,-0.6285126,-2.86158966,-0.02555478,-0.94701077,-1.93119884,-0.02555768,1.0
2456301.695316,0.9584087,-0.62845656,-2.86159569,-0.02555528,-0.94704463,-1.93123547,-0.02555818,1.0
2456301.700735,0.9628326,-0.62840063,-2.8616017000000005,-0.02555578,-0.94707843,-1.93127205,-0.02555868,1.0
2456301.706155,0.9522495,-0.62834469,-2.86160772,-0.02555627,-0.94711222,-1.93130863,-0.02555917,1.0
2456301.711585,0.9513725,-0.62828866,-2.86161374,-0.02555677,-0.94714607,-1.93134528,-0.02555967,1.0
2456301.717775,0.953127,-0.62822477,-2.8616206,-0.02555734,-0.94718466,-1.93138707,-0.02556024,1.0
2456301.723204,0.9426505,-0.62816874,-2.86162662,-0.02555784,-0.9472185,-1.93142374,-0.02556073,1.0
2456301.728624,0.9400497,-0.6281128,-2.86163263,-0.02555833,-0.94725228,-1.93146035,-0.02556123,1.0
2456301.734044,0.9753282,-0.62805686,-2.86163864,-0.02555883,-0.94728606,-1.93149697,-0.02556173,1.0
2456301.739473,0.9780268,-0.62800082,-2.86164466,-0.02555933,-0.9473199,-1.93153367,-0.02556222,1.0
2456301.744893,1.002653,-0.62794489,-2.86165066,-0.02555982,-0.94735367,-1.9315703,-0.02556272,1.0
2456301.7503130003,1.010068,-0.62788895,-2.86165667,-0.02556032,-0.94738744,-1.93160694,-0.02556322,1.0
2456301.756513,1.015666,-0.62782496,-2.86166354,-0.02556089,-0.94742606,-1.93164886,-0.02556378,1.0
2456301.762712,1.01473,-0.62776098,-2.8616704,-0.02556145,-0.94746468,-1.93169079,-0.02556435,1.0
2456301.768132,1.007281,-0.62770504,-2.8616764,-0.02556195,-0.94749844,-1.93172746,-0.02556485,1.0
2456301.773562,0.9989659,-0.627649,-2.86168242,-0.02556245,-0.94753225,-1.9317642,-0.02556534,1.0
2456301.778981,0.9962095,-0.62759306,-2.86168842,-0.02556294,-0.947566,-1.93180088,-0.02556584,1.0
2456301.784401,0.9888963,-0.62753712,-2.86169441,-0.02556344,-0.94759975,-1.93183757,-0.02556634,1.0
2456301.789831,0.994376,-0.62748108,-2.86170042,-0.02556394,-0.94763356,-1.93187433,-0.02556683,1.0
2456301.795251,0.9690599,-0.62742514,-2.86170642,-0.02556443,-0.9476673,-1.93191103,-0.02556733,1.0
2456301.80145,0.9798297,-0.62736115,-2.86171328,-0.025565,-0.94770589,-1.93195303,-0.0255679,1.0
2456301.80764,1.009138,-0.62729727,-2.86172012,-0.02556557,-0.94774442,-1.93199496,-0.02556846,1.0
2456301.81384,0.9870761999999998,-0.62723328,-2.86172698,-0.02556614,-0.947783,-1.93203698,-0.02556903,1.0
2456301.823129,1.013796,-0.6271374,-2.86173725,-0.02556699,-0.94784081,-1.93209995,-0.02556988,1.0
2456301.8293290003,0.9998863,-0.62707341,-2.8617441,-0.02556755,-0.94787939,-1.93214199,-0.02557045,1.0
2456301.836308,1.026953,-0.62700137,-2.86175182,-0.02556819,-0.94792281,-1.93218933,-0.02557109,1.0
2456301.844828,1.0175379999999998,-0.62691343,-2.86176123,-0.02556897,-0.94797581,-1.93224713,-0.02557187,1.0
2456301.851798,0.9998863,-0.62684149,-2.86176893,-0.02556961,-0.94801916,-1.93229442,-0.0255725,1.0
