2453215.460218,0.9849403,-1.83849755,2.55714547,-0.6236838,-1.23998487,1.73700023,-0.62369767,1.0
2453215.467058,0.9723216,-1.83854756,2.55710964,-0.62368203,-1.23994174,1.73703333,-0.62369591,1.0
2453215.473898,0.9876656,-1.83859756,2.5570738,-0.62368027,-1.23989862,1.73706644,-0.62369414,1.0
2453215.480748,0.9977229,-1.83864763,2.55703791,-0.6236785,-1.23985543,1.73709961,-0.62369237,1.0
2453215.486218,0.9786105,-1.83868762,2.55700925,-0.62367708,-1.23982096,1.73712611,-0.62369095,1.0
2453215.492028,0.9528179,-1.83873009,2.5569788,-0.62367558,-1.23978434,1.73715425,-0.62368945,1.0
2453215.498868,0.9337055,-1.83878009,2.55694296,-0.62367381,-1.23974124,1.7371874,-0.62368768,1.0
2453215.506738,0.9397448,-1.83883762,2.55690172,-0.62367178,-1.23969166,1.73722555,-0.62368564,1.0
2453215.512218,0.9337055,-1.83887767,2.556873,-0.62367036,-1.23965715,1.73725212,-0.62368423,1.0
2453215.517688,0.9380152,-1.83891766,2.55684434,-0.62366895,-1.2396227,1.73727865,-0.62368281,1.0
2453215.523168,0.9903984,-1.83895771,2.55681562,-0.62366753,-1.23958819,1.73730524,-0.62368139,1.0
2453215.528988,0.985848,-1.83900025,2.55678512,-0.62366602,-1.23955154,1.73733348,-0.62367989,1.0
2453215.535478,1.018146,-1.83904769,2.55675111,-0.62366434,-1.23951069,1.73736498,-0.62367821,1.0
2453215.542668,1.020023,-1.83910024,2.55671342,-0.62366248,-1.23946543,1.73739989,-0.62367634,1.0
2453215.549848,1.022845,-1.83915272,2.55667579,-0.62366062,-1.23942024,1.73743476,-0.62367448,1.0
2453215.557378,1.025676,-1.83920776,2.55663633,-0.62365868,-1.23937286,1.73747134,-0.62367253,1.0
2453215.5638880003,1.008811,-1.83925534,2.5566022,-0.62365699,-1.23933191,1.73750298,-0.62367085,1.0
2453215.572438,1.019084,-1.83931782,2.55655739,-0.62365478,-1.23927813,1.73754454,-0.62366863,1.0
2453215.577918,1.049567,-1.83935787,2.55652866,-0.62365336,-1.23924367,1.73757119,-0.62366721,1.0
2453215.5833880003,1.038987,-1.83939785,2.55649999,-0.62365194,-1.23920927,1.7375978,-0.62366579,1.0
2453215.590578,1.078972,-1.8394504,2.5564623,-0.62365008,-1.23916407,1.73763278,-0.62366393,1.0
2453215.597078,1.066129,-1.8394979,2.55642822,-0.62364839,-1.23912321,1.73766441,-0.62366225,1.0
2453215.607348,1.041862,-1.83957296,2.55637438,-0.62364573,-1.23905867,1.73771441,-0.62365958,1.0
2453215.625138,1.014402,-1.83970296,2.55628112,-0.62364112,-1.2389469,1.73780107,-0.62365497,1.0
2453229.62781,1.0056459999999998,-1.94039054,2.48064448,-0.6194655,-1.16771482,1.82513356,-0.61946927,1.0
2453229.630681,1.000104,-1.94041084,2.48062852,-0.61946453,-1.16770397,1.82515509,-0.6194683000000001,1.0
2453229.633574,0.9964261,-1.94043129,2.48061244,-0.61946356,-1.16769304,1.82517678,-0.61946733,1.0
2453229.637869,1.027176,-1.94046166,2.48058857,-0.61946211,-1.16767682,1.82520898,-0.61946588,1.0
2453229.640717,1.024342,-1.9404818,2.48057274,-0.61946115,-1.16766607,1.82523033,-0.61946492,1.0
2453229.642141,1.034773,-1.94049187,2.48056482,-0.61946067,-1.16766069,1.82524101,-0.61946444,1.0
2453229.643583,1.030968,-1.94050206,2.48055681,-0.61946018,-1.16765525,1.82525183,-0.61946396,1.0
2453229.645021,1.050135,-1.94051223,2.48054881,-0.6194597,-1.16764982,1.82526261,-0.61946347,1.0
2453229.646446,1.043386,-1.94052231,2.48054089,-0.61945922,-1.16764444,1.8252733,-0.61946299,1.0
2453229.649828,1.020575,-1.94054622,2.48052209,-0.61945808,-1.16763168,1.82529866,-0.61946185,1.0
2453229.668481,1.043386,-1.94067811,2.48041839,-0.61945179,-1.16756132,1.8254386,-0.61945556,1.0
2453229.6775080003,1.0290700000000002,-1.94074193,2.48036821,-0.61944875,-1.1675273000000002,1.82550634,-0.61945252,1.0
2453229.678956,1.039549,-1.94075217,2.48036016,-0.61944826,-1.16752184,1.8255172,-0.61945203,1.0
2453229.686143,1.055954,-1.94080298,2.4803202,-0.61944583,-1.16749477,1.82557114,-0.61944961,1.0
2453229.6904490003,1.038592,-1.94083342,2.48029626,-0.61944438,-1.16747855,1.82560347,-0.61944815,1.0
2453229.722612,1.0290700000000002,-1.94106081,2.48011743,-0.61943353,-1.16735754,1.825845,-0.6194373000000001,1.0
2453229.724047,1.010288,-1.94107095,2.48010945,-0.61943305,-1.16735215,1.82585578,-0.61943682,1.0
2453229.725493,1.006572,-1.94108117,2.48010141,-0.61943256,-1.16734671,1.82586664,-0.61943633,1.0
2453229.72694,1.0028709999999998,-1.9410914,2.48009336,-0.61943207,-1.16734128,1.82587751,-0.61943584,1.0
2453229.728375,1.025286,-1.94110155,2.48008538,-0.61943159,-1.16733588,1.8258883,-0.61943536,1.0
2453229.731245,1.0028709999999998,-1.94112184,2.48006942,-0.61943062,-1.1673251,1.82590986,-0.61943439,1.0
2453229.7326700003,0.9973440999999998,-1.94113191,2.4800615,-0.61943014,-1.16731975,1.82592057,-0.61943391,1.0
2453229.738411,1.027176,-1.94117249,2.48002957,-0.6194281999999999,-1.16729818,1.8259637,-0.61943197,1.0
2453229.758826,1.011219,-1.94131681,2.47991604,-0.61942131,-1.16722155,1.82611716,-0.61942507,1.0
2453229.766466,0.9836602,-1.94137081,2.47987355,-0.61941873,-1.16719289,1.8261746,-0.61942249,1.0
2453229.767912,0.9746419,-1.94138104,2.47986551,-0.61941824,-1.16718747,1.82618547,-0.61942201,1.0
2453229.769382,0.980946,-1.94139143,2.47985733,-0.61941774,-1.16718196,1.82619653,-0.61942151,1.0
2453229.770828,0.9863819,-1.94140165,2.47984929,-0.61941726,-1.16717653,1.8262074,-0.61942102,1.0
2453229.782287,0.9927618,-1.94148264,2.47978556,-0.61941339,-1.16713359,1.82629358,-0.61941715,1.0
2453229.792623,0.97554,-1.9415557,2.47972807,-0.61940989,-1.16709487,1.82637134,-0.61941366,1.0
2453229.795492,0.9701638,-1.94157598,2.47971211,-0.61940892,-1.16708412,1.82639293,-0.61941269,1.0
2453229.796939,0.9719526,-1.94158621,2.47970406,-0.61940844,-1.16707871,1.82640382,-0.6194122,1.0
2453229.798374,0.9498281,-1.94159635,2.47969608,-0.61940795,-1.16707333,1.82641461,-0.61941172,1.0
2453229.799786,0.9782392,-1.94160633,2.47968822,-0.61940747,-1.16706805,1.82642524,-0.61941124,1.0
2453229.801256,0.963929,-1.94161672,2.47968005,-0.61940698,-1.16706255,1.8264363,-0.61941074,1.0
2453229.802702,0.9683785,-1.94162694,2.4796720000000003,-0.61940649,-1.16705713,1.82644718,-0.61941025,1.0
2453229.804137,0.9648173,-1.94163709,2.47966402,-0.619406,-1.16705176,1.82645798,-0.61940977,1.0
2453229.805573,0.962155,-1.94164724,2.47965604,-0.61940552,-1.16704639,1.82646879,-0.61940928,1.0
2453229.80702,0.9836602,-1.94165746,2.47964799,-0.61940503,-1.16704097,1.82647968,-0.61940879,1.0
2453229.808443,0.9657064,-1.94166752,2.47964007,-0.61940455,-1.16703565,1.82649039,-0.61940831,1.0
2453229.80989,0.9728481,-1.94167775,2.47963202,-0.61940406,-1.16703024,1.82650128,-0.61940782,1.0
2453229.814416,0.9900226,-1.94170974,2.47960685,-0.61940253,-1.16701331,1.82653534,-0.61940629,1.0
2453229.815862,0.9568526,-1.94171996,2.4795988,-0.61940204,-1.1670079,1.82654623,-0.6194058000000001,1.0
2453229.817297,0.9719526,-1.9417301,2.47959082,-0.61940156,-1.16700253,1.82655703,-0.61940532,1.0
2453229.824414,0.9782392,-1.9417804,2.47955123,-0.61939915,-1.16697592,1.82661061,-0.61940291,1.0
2453229.82584,0.9872909,-1.94179048,2.4795433,-0.61939867,-1.16697059,1.82662134,-0.61940243,1.0
2453229.827286,1.008428,-1.9418007,2.47953526,-0.61939818,-1.16696518,1.82663223,-0.61940194,1.0
2453229.828714,1.0056459999999998,-1.94181079,2.47952731,-0.6193976999999999,-1.16695985,1.82664298,-0.61940146,1.0
2453229.830132,0.963929,-1.94182081,2.47951942,-0.61939722,-1.16695455,1.82665366,-0.61940098,1.0
2453229.831579,0.9991831,-1.94183104,2.47951137,-0.61939673,-1.16694914,1.82666456,-0.61940049,1.0
2453229.833015,0.9900226,-1.94184118,2.47950339,-0.61939624,-1.16694377,1.82667537,-0.61940001,1.0
2453229.835873,0.9991831,-1.94186138,2.47948749,-0.61939528,-1.1669331,1.82669689,-0.61939904,1.0
2453229.837309,1.015886,-1.94187154,2.47947949,-0.61939479,-1.16692773,1.82670771,-0.61939855,1.0
2453229.838755,1.00472,-1.94188176,2.47947145,-0.6193943000000001,-1.16692233,1.8267186,-0.61939807,1.0
2453229.840193,0.9991831,-1.94189192,2.47946345,-0.61939382,-1.16691696,1.82672943,-0.61939758,1.0
2453229.841624,0.9964261,-1.94190203,2.47945549,-0.61939333,-1.16691161,1.82674021,-0.61939709,1.0
2453229.843038,1.025286,-1.94191203,2.47944762,-0.61939285,-1.16690633,1.82675086,-0.61939662,1.0
2453229.844496,1.009358,-1.94192233,2.47943951,-0.61939236,-1.16690089,1.82676184,-0.61939612,1.0
2453233.613575,1.00505,-1.96843562,2.45831372,-0.61807807,-1.15429459,1.85628171,-0.61808163,1.0
2453233.6164450003,1.019032,-1.96845572,2.45829752,-0.61807704,-1.15428613,1.85630502,-0.6180806,1.0
2453233.620693,1.032257,-1.96848546,2.45827353,-0.61807552,-1.15427362,1.85633953,-0.61807907,1.0
2453233.623517,1.015285,-1.96850523,2.45825759,-0.6180745,-1.1542653,1.85636247,-0.61807806,1.0
2453233.626387,1.031307,-1.96852532,2.45824138,-0.61807347,-1.15425684,1.85638579,-0.61807702,1.0
2453233.6292560003,1.031307,-1.96854541,2.45822517,-0.61807244,-1.15424839,1.85640911,-0.61807599,1.0
2453233.632103,1.037977,-1.96856534,2.4582091,-0.61807142,-1.15424001,1.85643224,-0.61807497,1.0
2453233.6367220003,1.029408,-1.96859768,2.45818301,-0.61806976,-1.15422642,1.85646978,-0.61807331,1.0
2453233.642451,1.017157,-1.96863779,2.45815066,-0.6180677,-1.15420956,1.85651633,-0.61807125,1.0
2453233.648192,1.015285,-1.96867798,2.45811824,-0.61806564,-1.15419268,1.85656299,-0.61806919,1.0
2453233.651051,1.013416,-1.96869799,2.4581021,-0.61806461,-1.15418427,1.85658623,-0.61806816,1.0
2453233.658567,0.9776597,-1.96875061,2.45805965,-0.61806191,-1.15416219,1.85664733,-0.61806546,1.0
2453233.661432,0.9704825,-1.96877066,2.45804347,-0.61806088,-1.15415377,1.85667062,-0.61806443,1.0
2453233.664302,0.9562858,-1.96879076,2.45802726,-0.61805984,-1.15414534,1.85669397,-0.6180634,1.0
2453233.699348,1.01155,-1.96903609,2.45782931,-0.61804724,-1.15404255,1.85697901,-0.61805079,1.0
2453233.705357,1.015285,-1.96907815,2.45779537,-0.61804508,-1.15402495,1.8570279,-0.61804863,1.0
2453233.708212,1.005976,-1.96909814,2.45777924,-0.61804405,-1.15401659,1.85705113,-0.6180475999999999,1.0
2453233.711083,1.004124,-1.96911823,2.45776303,-0.61804302,-1.15400819,1.85707449,-0.61804657,1.0
2453233.7139540003,0.9976714,-1.96913833,2.45774681,-0.61804199,-1.15399978,1.85709785,-0.61804554,1.0
2453233.721118,0.9912608,-1.96918847,2.45770634,-0.61803941,-1.15397883,1.85715616,-0.61804296,1.0
2453233.723977,0.9985912,-1.96920848,2.45769019,-0.61803838,-1.15397047,1.85717943,-0.61804193,1.0
2453233.729983,1.007831,-1.96925052,2.45765627,-0.61803622,-1.15395291,1.85722831,-0.61803977,1.0
2453233.732853,1.020911,-1.96927061,2.45764005,-0.61803519,-1.15394452,1.85725169,-0.61803874,1.0
2453233.735712,1.026568,-1.96929062,2.4576239,-0.61803416,-1.15393617,1.85727496,-0.61803771,1.0
2453233.7385830004,1.025623,-1.96931072,2.45760768,-0.61803313,-1.15392778,1.85729833,-0.61803667,1.0
2453233.741441,1.013416,-1.96933072,2.45759153,-0.6180321,-1.15391943,1.8573216,-0.61803564,1.0
2453233.7442880003,1.024678,-1.96935065,2.45757545,-0.61803107,-1.15391112,1.85734478,-0.61803462,1.0
2453233.747148,1.01062,-1.96937066,2.45755929,-0.61803004,-1.15390277,1.85736807,-0.61803359,1.0
2453233.751712,0.9958358,-1.96940261,2.45753351,-0.6180284,-1.15388945,1.85740524,-0.61803195,1.0
2453233.754578,0.9930874,-1.96942266,2.45751731,-0.61802737,-1.15388109,1.85742858,-0.61803091,1.0
2453233.757449,0.974962,-1.96944276,2.45750109,-0.61802634,-1.15387271,1.85745196,-0.61802988,1.0
2453233.760318,0.9589317,-1.96946284,2.45748489,-0.6180253000000001,-1.15386435,1.85747533,-0.61802885,1.0
2453233.763176,0.9713767,-1.96948284,2.45746874,-0.61802427,-1.15385601,1.8574986,-0.61802782,1.0
2453233.766035,0.9510158,-1.96950285,2.45745258,-0.61802324,-1.15384768,1.8575219,-0.61802679,1.0
2453233.768893,0.9536471,-1.96952285,2.45743643,-0.61802221,-1.15383935,1.85754518,-0.61802576,1.0
2453233.771752,0.9422968,-1.96954286,2.45742028,-0.61802119,-1.15383102,1.85756847,-0.61802473,1.0
2453233.776567,0.9276576,-1.96957656,2.45739308,-0.61801945,-1.15381699,1.8576077,-0.618023,1.0
2453233.780849,0.944904,-1.96960653,2.45736888,-0.61801791,-1.15380452,1.85764259,-0.61802145,1.0
2453233.788015,0.957167,-1.96965668,2.45732839,-0.61801533,-1.15378366,1.85770098,-0.61801887,1.0
2453233.790885,0.9405626,-1.96967676,2.45731218,-0.61801429,-1.15377531,1.85772437,-0.61801784,1.0
2453233.793743,0.9642457,-1.96969676,2.45729603,-0.61801327,-1.15376699,1.85774766,-0.61801681,1.0
2453233.798269,1.005976,-1.96972844,2.45727045,-0.61801163,-1.15375383,1.85778455,-0.61801518,1.0
2453233.80255,0.9776597,-1.9697584,2.45724626,-0.61801009,-1.15374138,1.85781945,-0.61801364,1.0
2453233.805421,1.022792,-1.96977849,2.45723003,-0.61800906,-1.15373303,1.85784285,-0.6180126,1.0
2453233.808279,1.005976,-1.96979849,2.45721388,-0.61800803,-1.15372473,1.85786615,-0.61801157,1.0
2453233.812562,1.029408,-1.96982846,2.45718968,-0.61800649,-1.15371228,1.85790106,-0.61801003,1.0
2453233.816879,1.012483,-1.96985867,2.45716529,-0.61800493,-1.15369975,1.85793626,-0.61800847,1.0
2453233.823071,1.044691,-1.969902,2.4571303,-0.6180026999999999,-1.15368177,1.85798675,-0.61800624,1.0
2453233.825929,1.041809,-1.969922,2.45711415,-0.61800167,-1.15367347,1.85801005,-0.61800521,1.0
2453233.8288,1.019032,-1.96994209,2.45709792,-0.61800063,-1.15366514,1.85803346,-0.61800418,1.0
2453233.831658,1.032257,-1.96996208,2.45708177,-0.6179996,-1.15365685,1.85805677,-0.61800315,1.0
2453250.361701,1.026167,-2.08317592,2.36069443,-0.61128858,-1.13706927,2.01018899,-0.61129506,1.0
2453250.368931,1.031853,-2.08322434,2.36065099,-0.61128532,-1.13707651,2.01026173,-0.61129179,1.0
2453250.376181,1.014888,-2.08327289,2.36060743,-0.61128205,-1.13708379,2.01033467,-0.61128852,1.0
2453250.38389,1.010225,-2.08332452,2.36056111,-0.61127857,-1.13709154,2.01041225,-0.61128503,1.0
2453250.3911200003,0.9927003,-2.08337293,2.36051767,-0.6112753000000001,-1.13709882,2.010485,-0.61128177,1.0
2453250.39837,0.9908734,-2.08342148,2.36047411,-0.61127203,-1.13710614,2.01055796,-0.61127849,1.0
2453250.406069,0.9872296,-2.08347304,2.36042784,-0.61126855,-1.13711392,2.01063545,-0.61127501,1.0
2453250.413339,0.981789,-2.08352172,2.36038415,-0.61126526,-1.13712129,2.01070861,-0.61127172,1.0
2453250.420598,0.9835992,-2.08357033,2.36034053,-0.61126198,-1.13712866,2.01078168,-0.61126844,1.0
2453250.428268,0.9567934,-2.08362169,2.36029444,-0.61125852,-1.13713645,2.01085888,-0.61126498,1.0
2453250.435508,0.9290052,-2.08367017,2.36025093,-0.61125525,-1.13714383,2.01093176,-0.6112616999999999,1.0
2453250.442767,0.941929,-2.08371877,2.3602072999999995,-0.61125197,-1.13715124,2.01100484,-0.61125842,1.0
2453250.450407,0.93933,-2.08376993,2.36016139,-0.61124851,-1.13715905,2.01108176,-0.61125497,1.0
2453250.4576970004,0.9576751,-2.08381873,2.36011758,-0.61124522,-1.13716651,2.01115515,-0.61125167,1.0
2453250.464926,0.9890498,-2.08386714,2.36007413,-0.61124195,-1.13717393,2.01122794,-0.6112484,1.0
2453250.472596,1.028059,-2.08391849,2.36002803,-0.61123848,-1.13718182,2.01130517,-0.61124493,1.0
2453250.479845,1.072551,-2.08396702,2.35998445,-0.61123521,-1.13718928,2.01137817,-0.61124165,1.0
2453250.487125,1.0539459999999998,-2.08401576,2.3599407,-0.61123191,-1.13719679,2.01145148,-0.61123836,1.0
2453250.494795,1.031853,-2.08406711,2.3598946,-0.61122845,-1.13720472,2.01152872,-0.61123489,1.0
2453250.502034,1.080484,-2.08411557,2.35985108,-0.61122517,-1.13721222,2.01160164,-0.61123161,1.0
2453254.34445,1.037058,-2.10970048,2.33659809,-0.60944693,-1.14308697,2.05084356,-0.60945238,1.0
2453254.348989,1.032293,-2.10973054,2.33657044,-0.60944478,-1.14309616,2.05089051,-0.60945023,1.0
2453254.353529,1.01813,-2.10976061,2.33654278,-0.60944263,-1.14310537,2.05093746,-0.60944808,1.0
2453254.358089,1.026604,-2.1097908,2.3365150000000003,-0.60944047,-1.14311461,2.05098463,-0.60944592,1.0
2453254.362649,0.9876502,-2.109821,2.33648722,-0.60943831,-1.14312387,2.05103179,-0.60944376,1.0
2453254.367608,1.014386,-2.10985384,2.336457,-0.60943597,-1.14313394,2.05108309,-0.60944141,1.0
2453254.372158,0.986741,-2.10988397,2.33642928,-0.60943381,-1.14314319,2.05113015,-0.60943926,1.0
2453254.376708,0.9967889,-2.1099141,2.33640156,-0.60943166,-1.14315244,2.05117722,-0.6094371000000001,1.0
2453254.381237,1.015321,-2.10994409,2.33637396,-0.60942951,-1.14316165,2.05122407,-0.60943496,1.0
2453254.385777,1.0209469999999998,-2.10997415,2.3363463,-0.60942736,-1.14317089,2.05127104,-0.60943281,1.0
2453254.390747,1.006939,-2.11000706,2.33631602,-0.60942501,-1.14318101,2.05132245,-0.60943045,1.0
2453254.395287,1.00139,-2.11003712,2.33628836,-0.60942286,-1.14319027,2.05136942,-0.6094283,1.0
2453254.399826,0.9940385,-2.11006718,2.3362607000000004,-0.60942071,-1.14319952,2.05141638,-0.60942615,1.0
2453254.404366,0.94668,-2.11009724,2.33623304,-0.60941856,-1.14320879,2.05146335,-0.609424,1.0
2453254.408926,0.9405962,-2.11012743,2.33620525,-0.6094164000000001,-1.1432181,2.05151053,-0.60942184,1.0
2453254.413896,0.952803,-2.11016033,2.33617497,-0.60941405,-1.14322825,2.05156195,-0.60941948,1.0
2453254.418435,0.9294011,-2.11019039,2.33614731,-0.6094119,-1.14323753,2.05160892,-0.60941733,1.0
2453254.422975,0.9536808,-2.11022045,2.33611964,-0.60940974,-1.14324681,2.05165589,-0.60941518,1.0
2453254.427515,0.966948,-2.11025051,2.33609198,-0.60940759,-1.1432561,2.05170287,-0.60941303,1.0
2453254.432055,0.9660578000000002,-2.11028056,2.33606431,-0.60940544,-1.1432653999999998,2.05174984,-0.60941087,1.0
2453254.436994,0.9785952,-2.11031327,2.33603421,-0.6094031,-1.14327552,2.05180096,-0.60940853,1.0
2453254.441544,0.9977074,-2.11034339,2.33600649,-0.60940095,-1.14328484,2.05184804,-0.60940638,1.0
2453254.446114,1.041845,-2.11037364,2.33597864,-0.60939878,-1.14329422,2.05189533,-0.60940421,1.0
2453254.455203,1.056339,-2.11043382,2.33592324,-0.60939447,-1.14331288,2.0519894,-0.6093999,1.0
2453254.460183,1.105104,-2.11046678,2.33589289,-0.60939211,-1.14332311,2.05204093,-0.60939754,1.0
2453254.473832,1.011587,-2.11055714,2.33580971,-0.60938564,-1.14335119,2.0521822,-0.60939106,1.0
2453254.478362,1.0294450000000002,-2.11058713,2.3357821,-0.6093835,-1.14336052,2.05222909,-0.60938892,1.0
2453254.483342,0.9849249,-2.11062009,2.33575175,-0.60938114,-1.14337078,2.05228063,-0.60938655,1.0
2453682.264657,0.9984243,-2.54917242,-1.30147306,-0.00324671,-1.85306885,-0.5963651,-0.00323712,1.0
2453682.273816,1.011382,-2.54912114,-1.30154868,-0.00322855,-1.85313229,-0.5963305999999999,-0.00321896,1.0
2453682.279906,0.9947528,-2.54908705,-1.30159895,-0.00321648,-1.85317448,-0.59630767,-0.00320689,1.0
2453682.286936,0.969427,-2.54904769,-1.30165698,-0.00320254,-1.85322319,-0.59628121,-0.00319295,1.0
2453682.293036,0.941272,-2.54901354,-1.30170734,-0.00319045,-1.85326546,-0.59625826,-0.00318085,1.0
2453682.299076,0.9438763,-2.54897973,-1.3017572,-0.00317848,-1.85330732,-0.59623554,-0.00316888,1.0
2453682.305135,0.9802009,-2.5489458,-1.30180722,-0.00316646,-1.85334933,-0.59621276,-0.00315686,1.0
2453682.312095,1.000265,-2.54890683,-1.30186467,-0.00315266,-1.85339758,-0.5961866,-0.00314306,1.0
2453682.318155,1.01418,-2.5488729,-1.30191469,-0.00314065,-1.8534396,-0.59616383,-0.00313105,1.0
2453682.324255,1.004882,-2.54883874,-1.30196504,-0.00312856,-1.8534819,-0.59614092,-0.00311895,1.0
2453682.331235,1.05321,-2.54879965,-1.30202266,-0.00311472,-1.85353032,-0.59611471,-0.00310511,1.0
2453682.337254,1.067862,-2.54876594,-1.30207235,-0.00310278,-1.85357208,-0.59609211,-0.00309318,1.0
2453682.343294,1.0590469999999998,-2.54873212,-1.3021222,-0.00309081,-1.85361399,-0.59606945,-0.0030812,1.0
2453682.349334,1.051272,-2.54869829,-1.30217206,-0.00307883,-1.85365591,-0.59604679,-0.00306923,1.0
2453682.3563240003,0.9811041,-2.54865914,-1.30222975,-0.00306498,-1.85370442,-0.59602058,-0.00305537,1.0
2453682.362394,0.8972535,-2.54862515,-1.30227985,-0.00305294,-1.85374656,-0.59599783,-0.00304333,1.0
2453682.368453,0.8882089,-2.5485912,-1.30232987,-0.00304093,-1.85378864,-0.59597512,-0.00303132,1.0
2453682.375443,0.9080612,-2.54855205,-1.30238756,-0.00302707,-1.85383718,-0.59594893,-0.00301746,1.0
2453682.381463,0.9223911,-2.54851833,-1.30243724,-0.00301514,-1.85387899,-0.59592639,-0.00300552,1.0
2453682.390523,1.012314,-2.54846758,-1.30251202,-0.00299718,-1.85394193,-0.59589248,-0.00298756,1.0
2453682.397522,1.07378,-2.54842837,-1.30256979,-0.0029833000000000004,-1.85399057,-0.59586628,-0.00297368,1.0
2453682.403562,1.077743,-2.54839453,-1.30261964,-0.00297132,-1.85403254,-0.59584369,-0.00296171,1.0
2453682.409622,1.095759,-2.54836058,-1.30266965,-0.00295931,-1.85407466,-0.59582103,-0.00294969,1.0
2453682.415662,1.078736,-2.54832674,-1.3027195,-0.00294734,-1.85411665,-0.59579845,-0.00293772,1.0
2453682.422642,1.075759,-2.54828764,-1.3027771,-0.0029335,-1.85416518,-0.59577237,-0.00292388,1.0
2453682.434731,1.081721,-2.5482199,-1.30287688,-0.00290953,-1.85424926,-0.59572722,-0.00289991,1.0
2453682.444791,1.0590469999999998,-2.54816353,-1.3029598999999998,-0.00288958,-1.85431924,-0.59568967,-0.00287996,1.0
2453682.450851,1.015115,-2.54812957,-1.30300991,-0.00287757,-1.8543614,-0.59566706,-0.00286794,1.0
2453682.456931,1.01605,-2.5480955,-1.30306008,-0.00286552,-1.85440371,-0.59564438,-0.00285589,1.0
2453682.46396,1.002109,-2.5480561,-1.30311809,-0.00285158,-1.85445264,-0.59561817,-0.00284195,1.0
2453682.46998,0.982913,-2.54802236,-1.30316777,-0.00283965,-1.85449455,-0.59559573,-0.00283002,1.0
2453682.47602,0.9456168,-2.54798851,-1.30321761,-0.00282767,-1.8545366,-0.59557323,-0.00281804,1.0
2453682.48206,0.9232412,-2.54795466,-1.30326745,-0.0028156999999999995,-1.85457866,-0.59555073,-0.00280606,1.0
2453682.48907,0.9721094,-2.54791537,-1.30332529,-0.0028018,-1.85462748,-0.59552463,-0.00279217,1.0
2453682.498119,0.9792985,-2.54786465,-1.30339997,-0.00278386,-1.85469053,-0.59549095,-0.00277422,1.0
2453682.504169,1.000265,-2.54783073,-1.30344989,-0.00277186,-1.85473268,-0.59546844,-0.00276223,1.0
2453682.511209,1.003957,-2.54779127,-1.30350798,-0.00275791,-1.85478174,-0.59544226,-0.00274827,1.0
2453682.517269,1.050304,-2.5477573,-1.30355798,-0.00274589,-1.85482398,-0.59541973,-0.00273625,1.0
2453682.563227,0.8784462,-2.54749962,-1.30393719,-0.00265478,-1.85514452,-0.59524909,-0.00264513,1.0
2453682.569307,0.9105736,-2.54746553,-1.30398735,-0.00264272,-1.85518695,-0.59522655,-0.00263307,1.0
2454128.922489,1.00415,1.7318741000000002,-1.76838433,0.4736897,1.1254726000000002,-0.99241117,0.47369047,1.0
2454128.926213,1.006001,1.73190544,-1.76835542,0.47368744,1.12545239,-0.99242196,0.47368821,1.0
2454128.929929,1.009714,1.7319367,-1.76832656,0.47368519,1.12543222,-0.99243274,0.47368596,1.0
2454128.93365,1.002302,1.73196801,-1.76829767,0.47368294,1.12541202,-0.99244353,0.47368371,1.0
2454128.937378,0.9931128,1.73199938,-1.76826872,0.47368068,1.12539179,-0.99245435,0.47368145,1.0
2454128.941094,1.019996,1.73203064,-1.76823987,0.47367842,1.12537163,-0.99246513,0.47367919,1.0
2454128.944808,1.011576,1.73206188,-1.76821103,0.47367617,1.12535148,-0.99247591,0.47367694,1.0
2454128.948531,1.035139,1.73209321,-1.76818212,0.47367392,1.12533129,-0.99248672,0.47367469,1.0
2454128.952246,0.9921985,1.73212446,-1.76815327,0.47367166,1.12531114,-0.99249751,0.47367243,1.0
2454128.955961,1.011576,1.73215572,-1.76812442,0.47366941,1.12529099,-0.9925083,0.47367018,1.0
2454128.959671,0.998616,1.73218693,-1.76809561,0.47366716,1.12527087,-0.99251908,0.47366793,1.0
2454128.963385,0.9740891,1.73221818,-1.76806677,0.47366491,1.12525073,-0.99252988,0.47366568,1.0
2454128.967095,0.9740891,1.73224939,-1.76803795,0.47366266,1.12523061,-0.99254067,0.47366343,1.0
2454128.970811,0.958073,1.73228065,-1.76800909,0.47366041,1.12521046,-0.99255147,0.47366118,1.0
2454128.97452,0.9484156,1.73231185,-1.76798029,0.47365816,1.12519036,-0.99256226,0.47365893,1.0
2454128.978237,0.9388552,1.73234312,-1.76795142,0.4736559,1.12517021,-0.99257308,0.47365667,1.0
2454128.981958,0.9371274,1.73237442,-1.76792252,0.47365364,1.12515004,-0.99258391,0.47365441,1.0
2454128.985673,0.959839,1.73240568,-1.76789367,0.47365139,1.12512991,-0.99259473,0.47365216,1.0
2454128.989388,0.9440576,1.73243693,-1.76786481,0.47364914,1.12510978,-0.99260555,0.47364991,1.0
2454128.99311,0.9705064,1.73246824,-1.7678359,0.47364688,1.12508962,-0.99261639,0.47364765,1.0
2454128.996838,0.9660476,1.7324996,-1.76780695,0.47364462,1.12506942,-0.99262725,0.47364539,1.0
2454129.000558,1.002302,1.73253089,-1.76777805,0.47364236,1.12504927,-0.99263809,0.47364313,1.0
2454129.004285,0.9967779,1.73256224,-1.76774911,0.4736401,1.12502908,-0.99264896,0.47364087,1.0
2454129.008,1.02754,1.73259349,-1.76772025,0.47363784,1.12500896,-0.99265979,0.47363862,1.0
2454129.011709,1.034186,1.73262469,-1.76769144,0.47363559,1.12498888,-0.99267061,0.47363637,1.0
2454129.015431,1.022819,1.73265599,-1.76766253,0.47363334,1.12496873,-0.99268147,0.47363411,1.0
2454129.019167,1.040875,1.73268742,-1.76763351,0.47363107,1.1249485,-0.99269237,0.47363184,1.0
2454129.022891,1.051474,1.73271873,-1.76760459,0.47362881,1.12492835,-0.99270324,0.47362958,1.0
2454129.026618,1.05925,1.73275008,-1.76757563,0.47362655,1.12490817,-0.99271412,0.47362732,1.0
2454129.030339,1.045679,1.73278138,-1.76754673,0.47362429,1.12488803,-0.99272499,0.47362506,1.0
2454129.034072,1.057301,1.73281277,-1.76751773,0.47362202,1.12486783,-0.9927359,0.47362279,1.0
2454129.0377990003,1.038003,1.73284412,-1.76748878,0.47361976,1.12484767,-0.99274679,0.47362053,1.0
2454129.041579,1.025649,1.73287591,-1.76745941,0.47361746,1.12482721,-0.99275784,0.47361824,1.0
2454129.045387,1.022819,1.73290794,-1.76742983,0.47361515,1.12480661,-0.99276897,0.47361592,1.0
2454129.04918,1.00415,1.73293984,-1.76740036,0.47361285,1.1247861,-0.99278006,0.47361362,1.0
2454129.052974,0.9949435,1.73297175,-1.76737088,0.47361055,1.12476558,-0.99279116,0.47361132,1.0
2454129.056777,0.9949435,1.73300373,-1.76734134,0.47360824,1.12474501,-0.99280229,0.47360901,1.0
2454129.060669,0.9812929,1.73303646,-1.7673111,0.47360587,1.12472396,-0.99281368,0.47360664,1.0
2454129.064475,1.006001,1.73306847,-1.76728153,0.47360356,1.12470338,-0.99282482,0.47360433,1.0
2454129.06828,1.024704,1.73310047,-1.76725197,0.47360125,1.12468281,-0.99283597,0.47360202,1.0
2454129.072092,1.051474,1.73313252,-1.76722235,0.47359894,1.12466221,-0.99284713,0.47359971,1.0
2454129.075889,1.073985,1.73316445,-1.76719285,0.47359663,1.12464168,-0.99285826,0.4735974,1.0
2454129.079693,1.073985,1.73319644,-1.76716329,0.47359432,1.12462113,-0.99286941,0.47359509,1.0
2454129.083537,1.070036,1.73322877,-1.76713342,0.47359198,1.12460035,-0.99288068,0.47359276,1.0
2454129.112766,1.011576,1.73347453,-1.76690631,0.47357422,1.12444249,-0.99296647,0.473575,1.0
2454129.117213,1.005075,1.73351192,-1.76687175,0.47357152,1.12441848,-0.99297953,0.47357229,1.0
2454129.121689,1.01531,1.73354956,-1.76683697,0.4735688,1.12439432,-0.99299269,0.47356957,1.0
2454129.126152,1.012508,1.73358708,-1.76680228,0.47356609,1.12437023,-0.99300582,0.47356686,1.0
2454129.130613,1.000457,1.73362459,-1.76676761,0.47356338,1.12434616,-0.99301894,0.47356415,1.0
2454129.135089,1.012508,1.73366222,-1.76673283,0.47356066,1.124322,-0.99303211,0.47356143,1.0
2454129.139557,1.006001,1.73369978,-1.7666981,0.47355794,1.1242979,-0.99304526,0.47355871,1.0
2454129.14402,0.9794864,1.73373731,-1.76666342,0.47355523,1.12427382,-0.9930584,0.473556,1.0
2454129.148495,0.9931128,1.73377493,-1.76662864,0.47355251,1.12424969,-0.99307158,0.47355328,1.0
2454129.152985,0.9749865,1.73381267,-1.76659374,0.47354978,1.12422547,-0.9930848,0.47355055,1.0
2454129.157474,0.9571911,1.73385041,-1.76655885,0.47354705,1.12420127,-0.99309803,0.47354782,1.0
2454129.16196,0.95631,1.73388812,-1.76652398,0.47354432,1.12417708,-0.99311126,0.47354509,1.0
2454129.1664360003,0.9311049,1.73392575,-1.76648919,0.4735416,1.12415295,-0.99312446,0.47354237,1.0
2454129.170893,0.9405859,1.73396322,-1.76645455,0.47353888,1.12412892,-0.9931376,0.47353966,1.0
2454129.175365,0.9423202,1.73400081,-1.76641979,0.47353616,1.12410482,-0.9931508,0.47353694,1.0
2454130.916655,1.034459,1.74858961,-1.75283521,0.47246374,1.1150007,-0.99856852,0.47246454,1.0
2454130.918838,1.061485,1.74860784,-1.75281812,0.47246238,1.11498961,-0.99857568,0.47246317,1.0
2454130.922274,1.04885,1.74863653,-1.75279122,0.47246023,1.11497216,-0.99858695,0.47246103,1.0
2454130.924306,1.038278,1.7486535,-1.75277531,0.47245897,1.11496185,-0.99859361,0.47245976,1.0
2454130.926345,1.0259200000000002,1.74867053,-1.75275934,0.47245769,1.11495149,-0.9986003,0.47245849,1.0
2454130.931214,1.020267,1.74871118,-1.75272121,0.47245466,1.11492678,-0.99861628,0.47245546,1.0
2454130.935496,1.012777,1.74874694,-1.75268769,0.47245199,1.11490504,-0.99863034,0.47245279,1.0
2454130.939767,0.9779429,1.7487826000000002,-1.75265424,0.47244932,1.11488337,-0.99864437,0.47245012,1.0
2454130.944039,0.9833626,1.74881827,-1.75262079,0.47244666,1.11486169,-0.9986584,0.47244746,1.0
2454130.948312,0.9609787,1.74885394,-1.75258733,0.47244399,1.11484001,-0.99867244,0.47244479,1.0
2454130.9525880003,0.9671938,1.74888964,-1.75255384,0.47244133,1.11481832,-0.99868649,0.47244213,1.0
2454130.95687,0.9671938,1.74892539,-1.75252031,0.47243866,1.1147966,-0.99870056,0.47243945,1.0
2454130.961159,0.9851758,1.7489612,-1.75248672,0.47243598,1.11477485,-0.99871466,0.47243678,1.0
2454130.965449,0.989723,1.74899702,-1.75245312,0.4724333,1.11475309,-0.99872877,0.4724341,1.0
2454130.969741,1.020267,1.74903285,-1.75241951,0.47243063,1.11473133,-0.99874289,0.47243142,1.0
2454130.974032,1.0278120000000002,1.74906866,-1.75238591,0.47242795,1.11470958,-0.99875701,0.47242875,1.0
2454130.978327,1.017451,1.74910452,-1.75235228,0.47242527,1.11468781,-0.99877115,0.47242607,1.0
2454130.982657,1.0183879999999998,1.74914067,-1.75231836,0.47242257,1.11466587,-0.9987854,0.47242337,1.0
2454130.987013,1.016515,1.74917703,-1.75228425,0.47241985,1.1146438,-0.99879975,0.47242065,1.0
2454130.9913560003,1.000722,1.74921329,-1.75225023,0.47241714,1.11462179,-0.99881405,0.47241794,1.0
2454130.995691,0.989723,1.74924947,-1.75221628,0.47241443,1.11459983,-0.99882834,0.47241523,1.0
2454131.00005,0.9952077,1.74928586,-1.75218214,0.47241171,1.11457775,-0.9988427,0.47241251,1.0
2454131.004393,0.9860836,1.74932211,-1.75214812,0.472409,1.11455576,-0.99885702,0.4724098,1.0
2454131.008758,0.9933761,1.74935855,-1.75211393,0.47240627,1.11453365,-0.99887141,0.47240707,1.0
2454131.013113,0.9548027,1.7493949,-1.75207982,0.47240356,1.1145116000000002,-0.99888578,0.47240436,1.0
2454131.017496,0.9752449,1.74943149,-1.75204549,0.47240082,1.11448942,-0.99890024,0.47240162,1.0
2454131.031368,0.9915477,1.74954727,-1.75193682,0.47239216,1.11441921,-0.99894603,0.47239296,1.0
2454131.035742,0.9743471,1.74958378,-1.75190256,0.47238943,1.11439708,-0.99896048,0.47239023,1.0
2454131.04014,0.9725538,1.74962049,-1.7518681,0.47238668,1.11437483,-0.99897501,0.47238748,1.0
2454131.044545,0.9716583,1.74965725,-1.7518336,0.47238393,1.11435255,-0.99898956,0.47238473,1.0
2454131.048949,0.9425699,1.74969401,-1.75179909,0.47238118,1.11433028,-0.99900412,0.47238198,1.0
2454131.05337,0.939969,1.74973091,-1.75176446,0.47237841,1.11430793,-0.99901874,0.47237922,1.0
2454131.057818,0.9330688,1.74976803,-1.75172961,0.47237564,1.11428544,-0.99903345,0.47237644,1.0
2454131.09686,1.005341,1.75009383,-1.75142372,0.47235124,1.1140882,-0.99916274,0.47235204,1.0
2454131.101136,1.022148,1.75012951,-1.75139022,0.47234857,1.11406661,-0.99917692,0.47234937,1.0
2454131.105425,1.034459,1.75016529,-1.75135661,0.47234589,1.11404496,-0.99919114,0.47234669,1.0
2454131.109717,1.028759,1.75020111,-1.75132298,0.4723432,1.11402329,-0.99920538,0.472344,1.0
2454131.1139990003,1.022148,1.75023684,-1.75128942,0.47234053,1.11400168,-0.99921959,0.47234133,1.0
2454131.1182790003,1.0259200000000002,1.75027255,-1.75125588,0.47233785,1.11398009,-0.9992338,0.47233865,1.0
2454131.122636,1.036367,1.7503089,-1.75122174,0.47233512,1.11395811,-0.99924826,0.47233593,1.0
2454131.1268990003,0.9833626,1.75034447,-1.75118833,0.47233246,1.1139366000000002,-0.99926242,0.47233326,1.0
2454131.131163,0.9869921,1.75038004,-1.75115492,0.47232979,1.1139151000000005,-0.99927659,0.47233059,1.0
2454131.135433,0.9851758,1.75041567,-1.75112145,0.47232712,1.11389356,-0.99929077,0.47232792,1.0
2454131.139702,0.9952077,1.75045129,-1.7510880000000002,0.47232445,1.11387204,-0.99930496,0.47232525,1.0
2454131.143986,0.9689771,1.75048703,-1.75105442,0.47232177,1.11385044,-0.9993192,0.47232257,1.0
2454131.149791,0.9933761,1.75053546,-1.75100893,0.47231814,1.11382118,-0.99933851,0.47231894,1.0
2454131.154137,1.003491,1.75057172,-1.75097487,0.47231542,1.11379927,-0.99935297,0.47231622,1.0
2454131.158487,1.030656,1.7506080000000002,-1.75094077,0.4723127,1.11377735,-0.99936744,0.4723135,1.0
2454131.162832,1.026866,1.75064425,-1.75090672,0.47230998,1.11375546,-0.9993819,0.47231079,1.0
2455062.342645,0.9989321,-2.35511881,2.08219551,-0.58561883,-1.51728294,1.51443073,-0.58562419,1.0
2455062.347015,0.9825079,-2.3551444,2.08216551,-0.58561582,-1.51726758,1.5144627,-0.58562119,1.0
2455062.350315,1.007247,-2.35516373,2.08214286,-0.58561355,-1.51725598,1.51448683,-0.58561892,1.0
2455062.3536150004,1.012829,-2.35518306,2.0821202000000003,-0.58561128,-1.51724439,1.51451097,-0.58561665,1.0
2455062.357255,1.01938,-2.35520437,2.08209522,-0.58560878,-1.5172316,1.5145376,-0.58561414,1.0
2455062.360555,1.020319,-2.3552237000000003,2.08207256,-0.58560651,-1.51722001,1.51456174,-0.58561187,1.0
2455062.363855,1.018441,-2.35524303,2.08204991,-0.58560424,-1.51720843,1.51458589,-0.5856096,1.0
2455062.367155,1.039288,-2.35526235,2.08202725,-0.58560197,-1.51719684,1.51461003,-0.58560733,1.0
2455062.370745,1.044086,-2.35528337,2.0820026,-0.5855994999999999,-1.51718424,1.5146363,-0.58560486,1.0
2455062.374044,1.0450469999999998,-2.3553027,2.08197995,-0.58559723,-1.51717266,1.51466045,-0.58560259,1.0
2455062.3793240003,1.02976,-2.35533362,2.0819437,-0.5855935999999999,-1.51715414,1.51469909,-0.58559896,1.0
2455062.3826240003,1.01938,-2.35535294,2.08192104,-0.58559133,-1.51714257,1.51472325,-0.58559669,1.0
2455062.3859240003,0.9934269,-2.35537227,2.08189839,-0.58558906,-1.517131,1.5147474,-0.58559442,1.0
2455062.3892240003,0.9925124,-2.35539159,2.08187573,-0.58558679,-1.51711943,1.51477156,-0.58559215,1.0
2455062.3925240003,0.9961758,-2.35541091,2.08185307,-0.58558452,-1.51710786,1.51479572,-0.58558988,1.0
2455062.395824,1.000774,-2.35543024,2.08183041,-0.58558225,-1.5170963,1.51481988,-0.58558761,1.0
2455062.399294,1.003543,-2.35545056,2.08180659,-0.58557986,-1.51708414,1.51484528,-0.58558522,1.0
2455062.402594,0.9925124,-2.35546988,2.08178393,-0.58557759,-1.51707258,1.51486944,-0.58558295,1.0
2455062.407694,1.003543,-2.35549974,2.08174892,-0.58557408,-1.51705472,1.51490679,-0.58557944,1.0
2455062.411094,0.9934269,-2.35551965,2.08172557,-0.58557174,-1.51704282,1.51493169,-0.5855771,1.0
2455062.414394,0.9980127,-2.35553897,2.08170291,-0.58556947,-1.51703127,1.51495586,-0.58557483,1.0
2455062.417694,0.9925124,-2.35555829,2.08168025,-0.5855672,-1.51701972,1.51498003,-0.58557256,1.0
2455062.420994,0.983413,-2.35557762,2.0816576,-0.58556493,-1.51700818,1.5150042,-0.58557029,1.0
2455062.424744,0.9735003,-2.35559957,2.08163185,-0.58556235,-1.51699506,1.51503167,-0.58556771,1.0
2455062.428044,0.9797966,-2.35561889,2.08160919,-0.58556008,-1.51698352,1.51505584,-0.58556544,1.0
2455062.432174,0.9557315,-2.35564307,2.08158083,-0.58555723,-1.51696908,1.5150861,-0.58556259,1.0
2455062.436304,0.9690271,-2.35566725,2.08155247,-0.58555439,-1.51695464,1.51511636,-0.58555975,1.0
2455062.439604,0.9574939,-2.35568657,2.08152981,-0.58555212,-1.51694311,1.51514054,-0.58555748,1.0
2455062.443213,0.9513403,-2.35570771,2.08150502,-0.58554963,-1.5169305,1.51516699,-0.58555499,1.0
2455062.446513,0.9469694,-2.35572703,2.08148236,-0.58554736,-1.51691897,1.51519117,-0.58555272,1.0
2455062.449813,0.9356988000000002,-2.35574635,2.0814597,-0.58554509,-1.51690744,1.51521536,-0.58555045,1.0
2455062.453113,0.9382877,-2.35576567,2.08143704,-0.58554282,-1.51689592,1.51523954,-0.58554818,1.0
2455062.456423,0.9391523,-2.35578504,2.08141431,-0.58554054,-1.51688437,1.51526381,-0.5855459,1.0
2455062.459723,0.9681354,-2.35580436,2.08139165,-0.58553827,-1.51687285,1.515288,-0.58554363,1.0
2455062.463283,0.9628001,-2.3558252,2.0813672,-0.58553582,-1.51686043,1.51531409,-0.58554118,1.0
2455062.466583,1.000774,-2.35584452,2.08134454,-0.58553355,-1.51684891,1.51533829,-0.58553891,1.0
2455062.469883,1.0175040000000002,-2.35586384,2.08132188,-0.58553128,-1.5168374,1.51536248,-0.58553664,1.0
2455062.473193,1.021259,-2.35588322,2.08129915,-0.585529,-1.51682586,1.51538675,-0.58553436,1.0
2455062.476933,1.037376,-2.35590511,2.08127347,-0.58552642,-1.51681282,1.51541417,-0.58553178,1.0
2455062.480203,1.0364209999999998,-2.35592425,2.08125101,-0.58552417,-1.51680142,1.51543815,-0.58552953,1.0
2455062.483503,1.063496,-2.35594357,2.08122835,-0.5855219,-1.51678992,1.51546235,-0.58552726,1.0
2455062.486803,1.047939,-2.35596289,2.08120568,-0.58551963,-1.51677842,1.51548655,-0.58552499,1.0
2455062.490363,1.0537459999999998,-2.35598373,2.08118124,-0.58551718,-1.51676602,1.51551267,-0.58552253,1.0
2455062.493663,1.050839,-2.35600304,2.08115857,-0.5855149000000001,-1.51675453,1.51553687,-0.58552026,1.0
2455062.496963,1.059585,-2.35602236,2.08113591,-0.58551263,-1.51674304,1.51556108,-0.58551799,1.0
2455062.500263,1.039288,-2.35604167,2.08111325,-0.58551036,-1.51673155,1.51558529,-0.58551572,1.0
2455062.503563,1.01938,-2.35606099,2.08109058,-0.58550809,-1.51672006,1.5156094999999998,-0.58551344,1.0
2455062.507013,1.0146959999999998,-2.35608118,2.08106689,-0.58550571,-1.51670806,1.51563481,-0.58551107,1.0
2455062.510453,0.983413,-2.35610132,2.08104326,-0.58550334,-1.51669609,1.51566005,-0.5855087,1.0
2455062.514112,0.9816033000000002,-2.35612274,2.08101812,-0.58550082,-1.51668336,1.51568691,-0.58550618,1.0
2455062.517422,0.9843191,-2.35614211,2.08099539,-0.58549854,-1.51667185,1.5157112,-0.5855039000000001,1.0
2455062.520722,0.9610279,-2.35616143,2.08097273,-0.58549627,-1.51666037,1.51573541,-0.58550163,1.0
2455062.524022,0.960143,-2.35618074,2.08095006,-0.585494,-1.5166489,1.51575963,-0.58549935,1.0
2455062.527762,0.9906859,-2.35620263,2.08092437,-0.58549142,-1.5166358999999998,1.51578709,-0.58549678,1.0
2455062.531072,1.008175,-2.35622201,2.08090164,-0.58548914,-1.5166244,1.51581138,-0.5854944999999999,1.0
2455062.534372,0.9943424,-2.35624132,2.08087897,-0.58548687,-1.51661294,1.51583561,-0.58549222,1.0
2455062.537252,0.9952589,-2.35625817,2.08085919,-0.58548488,-1.51660294,1.51585675,-0.58549024,1.0
2455479.489034,1.037906,-2.39927894,-1.52336756,0.05416017,-1.44130824,-1.24095658,0.05415709,1.0
2455479.492529,1.034089,-2.39925656,-1.52339463,0.05416705,-1.44130384,-1.2409262,0.05416397,1.0
2455479.496037,1.040777,-2.39923411,-1.5234218000000002,0.05417395,-1.44129944,-1.24089572,0.05417088,1.0
2455479.4995330004,1.0388620000000002,-2.39921173,-1.52344888,0.05418083,-1.44129505,-1.24086534,0.05417776,1.0
2455479.503028,1.0388620000000002,-2.39918935,-1.52347595,0.05418771,-1.44129067,-1.24083496,0.05418464,1.0
2455479.506535,1.041736,-2.3991669,-1.52350312,0.05419461,-1.44128627,-1.24080448,0.05419154,1.0
2455479.51003,1.031236,-2.39914452,-1.5235302,0.05420149,-1.44128189,-1.24077411,0.05419842,1.0
2455479.513537,1.018024,-2.39912207,-1.52355736,0.0542084,-1.4412775,-1.24074363,0.05420532,1.0
2455479.517033,0.9921055,-2.39909968,-1.52358444,0.05421528,-1.44127313,-1.24071325,0.0542122,1.0
2455479.520529,0.9668473,-2.3990773,-1.52361152,0.05422216,-1.44126876,-1.24068288,0.05421908,1.0
2455479.524036,0.9439694,-2.39905485,-1.52363868,0.05422906,-1.44126438,-1.24065241,0.05422599,1.0
2455479.528203,0.942232,-2.39902817,-1.52367096,0.05423726,-1.44125918,-1.2406162,0.05423419,1.0
2455479.531698,0.942232,-2.39900579,-1.52369803,0.05424414,-1.44125482,-1.24058583,0.05424107,1.0
2455479.535194,0.942232,-2.3989834,-1.52372511,0.05425102,-1.44125046,-1.24055546,0.05424795,1.0
2455479.538701,0.9431003,-2.39896094,-1.52375228,0.05425793,-1.4412461,-1.24052499,0.05425485,1.0
2455479.542196,0.9527038,-2.39893856,-1.52377935,0.05426481,-1.44124175,-1.24049462,0.05426173,1.0
2455479.545703,0.9677382,-2.3989161,-1.52380651,0.05427171,-1.44123739,-1.24046415,0.05426863,1.0
2455479.549199,0.9839156,-2.39889372,-1.52383358,0.05427859,-1.44123304,-1.24043379,0.05427551,1.0
2455479.552695,1.003132,-2.39887133,-1.52386066,0.05428547,-1.4412287,-1.24040341,0.054282400000000015,1.0
2455479.585462,1.0562280000000002,-2.39866148,-1.52411444,0.05434996,-1.44118816,-1.24011879,0.05434689,1.0
2455479.591087,0.9875472,-2.39862545,-1.52415801,0.05436103,-1.44118123,-1.24006994,0.05435796,1.0
2455479.594594,0.9553398,-2.39860299,-1.52418517,0.05436794,-1.44117691,-1.24003948,0.05436487,1.0
2455479.598089,0.9293042,-2.3985806,-1.52421224,0.05437482,-1.44117261,-1.24000913,0.05437174,1.0
2455479.601585,0.9098251,-2.39855822,-1.5242393,0.0543817,-1.44116832,-1.23997877,0.05437862,1.0
2455479.605092,0.9123425,-2.39853575,-1.52426646,0.0543886,-1.44116401,-1.23994832,0.05438553,1.0
2455479.6085880003,0.9165536,-2.39851336,-1.52429354,0.05439548,-1.44115972,-1.23991796,0.05439241,1.0
2455479.612095,0.9301605,-2.39849089,-1.5243207,0.05440238,-1.44115542,-1.2398875,0.05439931,1.0
2455479.61559,0.9535817,-2.3984685000000003,-1.52434776,0.05440926,-1.44115113,-1.23985716,0.05440619,1.0
2455479.619085,0.9775925,-2.39844612,-1.52437483,0.05441614,-1.44114685,-1.23982681,0.05441307,1.0
2455479.622592,1.00869,-2.39842365,-1.52440199,0.05442304,-1.44114256,-1.23979636,0.05441997,1.0
2455479.626772,1.029338,-2.39839688,-1.52443435,0.05443127,-1.44113745,-1.23976007,0.05442819999999999,1.0
2455479.630279,1.062081,-2.39837441,-1.52446151,0.05443817,-1.44113316,-1.23972962,0.0544351,1.0
2455479.633774,1.073885,-2.39835202,-1.52448858,0.05444505,-1.44112889,-1.23969927,0.05444198,1.0
2455479.637269,1.08582,-2.39832963,-1.52451564,0.05445193,-1.44112463,-1.23966893,0.05444886,1.0
2455479.640776,1.0878219999999998,-2.39830716,-1.5245428,0.05445883,-1.44112035,-1.23963848,0.05445576,1.0
2455479.644272,1.076857,-2.39828476,-1.52456987,0.05446571,-1.44111609,-1.23960813,0.05446264,1.0
2455479.647779,1.06502,-2.39826229,-1.52459703,0.05447262,-1.44111182,-1.23957768,0.05446955,1.0
2455479.6512740003,1.067967,-2.3982399,-1.52462409,0.054479499999999986,-1.44110757,-1.23954734,0.05447642,1.0
2455479.65477,1.052344,-2.39821751,-1.52465116,0.05448637,-1.44110332,-1.239517,0.054483300000000005,1.0
2455496.492601,1.036329,-2.28599634,-1.65214291,0.08750546,-1.45528218,-1.10633999,0.08750316,1.0
2455496.496317,1.037284,-2.28597062,-1.65217039,0.08751271,-1.45529261,-1.10631428,0.08751041,1.0
2455496.499118,1.034422,-2.28595124,-1.6521911,0.08751818,-1.45530047,-1.10629491,0.08751588,1.0
2455496.50193,1.037284,-2.28593178,-1.65221189,0.08752367,-1.45530836,-1.10627546,0.08752137,1.0
2455496.504731,1.032518,-2.28591239,-1.6522326,0.08752914,-1.45531622,-1.10625609,0.08752684,1.0
2455496.507543,1.030618,-2.28589293,-1.65225339,0.08753463,-1.45532412,-1.10623664,0.08753233,1.0
2455496.510344,1.026828,-2.28587355,-1.6522741,0.08754010000000001,-1.45533199,-1.10621727,0.0875378,1.0
2455496.513145,1.030618,-2.28585416,-1.65229481,0.08754557,-1.45533986,-1.1061979,0.08754327,1.0
2455496.515958,1.037284,-2.28583469,-1.65231561,0.08755106,-1.45534776,-1.10617845,0.08754876,1.0
2455496.518759,1.034422,-2.2858153,-1.65233632,0.08755653,-1.45535563,-1.10615908,0.08755423,1.0
2455496.52156,1.043993,-2.28579592,-1.65235703,0.087562,-1.45536351,-1.10613972,0.0875597,1.0
2455496.524372,1.0478459999999998,-2.28577645,-1.65237782,0.08756749,-1.45537141,-1.10612028,0.08756519,1.0
2455496.527173,1.048812,-2.28575707,-1.65239853,0.08757296,-1.45537929,-1.10610091,0.08757066,1.0
2455496.529986,1.032518,-2.2857376,-1.65241933,0.08757845,-1.4553872,-1.10608147,0.08757616,1.0
2455496.532787,1.030618,-2.28571821,-1.65244004,0.08758392,-1.45539508,-1.10606211,0.08758163,1.0
2455496.535587,1.020229,-2.28569883,-1.65246074,0.08758939,-1.45540296,-1.10604275,0.08758709,1.0
2455496.5384,1.020229,-2.28567936,-1.65248154,0.08759488,-1.45541088,-1.10602331,0.08759258,1.0
2455496.541202,1.020229,-2.28565997,-1.65250225,0.08760035,-1.45541876,-1.10600395,0.08759805,1.0
2455496.544003,1.025882,-2.28564058,-1.65252296,0.08760582,-1.45542665,-1.1059846000000002,0.08760352,1.0
2455496.546815,1.034422,-2.28562112,-1.65254375,0.08761131,-1.45543457,-1.10596516,0.08760901,1.0
2455496.549616,1.02211,-2.28560173,-1.65256445,0.08761678,-1.45544246,-1.10594581,0.08761448,1.0
2455496.552429,1.016477,-2.28558225,-1.65258525,0.08762227,-1.45545039,-1.10592637,0.08761998,1.0
2455496.55523,1.019289,-2.28556286,-1.65260596,0.08762774,-1.45545828,-1.10590702,0.08762544,1.0
2455496.558031,1.003454,-2.28554347,-1.65262667,0.08763321,-1.45546618,-1.10588767,0.08763091,1.0
2455496.561445,0.9698341,-2.28551984,-1.6526519,0.08763988,-1.45547581,-1.10586408,0.08763758,1.0
2455496.564257,0.9521329,-2.28550037,-1.65267269,0.08764537,-1.45548374,-1.10584466,0.08764307,1.0
2455496.567058,0.9408005,-2.28548098,-1.6526933999999998,0.08765083,-1.45549164,-1.10582531,0.08764854,1.0
2455496.569859,0.9296031,-2.28546159,-1.65271411,0.08765629999999999,-1.45549954,-1.10580597,0.08765401,1.0
2455496.572672,0.9338938,-2.28544212,-1.6527348999999998,0.08766180000000001,-1.45550748,-1.10578654,0.0876595,1.0
2455496.575473,0.9296031,-2.28542273,-1.65275561,0.08766726,-1.45551539,-1.10576719,0.08766497,1.0
2455496.578285,0.9364779,-2.28540326,-1.6527763999999998,0.08767276,-1.45552333,-1.10574777,0.08767046,1.0
2455496.581086,0.9296031,-2.28538387,-1.6527971,0.08767822,-1.45553124,-1.10572843,0.08767593,1.0
2455496.583887,0.9287475,-2.28536448,-1.65281781,0.08768369,-1.45553915,-1.10570909,0.08768139999999999,1.0
2455496.586699,0.9176931,-2.28534501,-1.6528386000000002,0.08768918,-1.45554709,-1.10568968,0.08768689,1.0
2455496.5895,0.9330342,-2.28532562,-1.6528593,0.08769465,-1.45555501,-1.10567034,0.08769236,1.0
2455496.592313,0.9408005,-2.28530614,-1.6528801,0.08770014,-1.45556296,-1.10565092,0.08769785,1.0
2455496.595114,0.9451431,-2.28528675,-1.6529008,0.08770561,-1.45557088,-1.10563158,0.08770332,1.0
2455496.5979150003,0.9538886,-2.28526735,-1.65292151,0.08771108,-1.4555788,-1.10561224,0.08770879,1.0
2455496.6007270003,0.9815161,-2.28524789,-1.65294229,0.08771657,-1.45558675,-1.10559283,0.08771428,1.0
2455496.603528,0.9788084,-2.28522849,-1.6529630000000002,0.08772204,-1.45559468,-1.1055735,0.08771975,1.0
2455496.60795,1.014607,-2.28519787,-1.65299569,0.08773067,-1.45560719,-1.10554298,0.08772838,1.0
2455496.61075,1.032518,-2.28517849,-1.65301638,0.08773614,-1.45561512,-1.10552366,0.08773385,1.0
2455496.613563,1.026828,-2.28515901,-1.65303718,0.08774163,-1.45562308,-1.10550425,0.08773934,1.0
2455496.616364,1.036329,-2.28513961,-1.65305788,0.0877471,-1.45563101,-1.10548492,0.08774481,1.0
2455496.619176,1.023052,-2.28512014,-1.65307866,0.08775259,-1.45563898,-1.10546552,0.0877503,1.0
2455496.621977,1.025882,-2.28510075,-1.65309937,0.08775806,-1.45564691,-1.10544619,0.08775577,1.0
2455496.624778,1.0127389999999998,-2.28508135,-1.65312007,0.08776353,-1.45565485,-1.10542687,0.08776124,1.0
2455496.627591,1.030618,-2.28506187,-1.65314086,0.08776902,-1.45566282,-1.10540746,0.08776673,1.0
2455496.630392,0.9924243,-2.28504248,-1.65316157,0.08777449,-1.45567077,-1.10538814,0.0877722,1.0
2455496.633204,0.9797099,-2.28502301,-1.65318235,0.08777998,-1.45567874,-1.10536874,0.08777769,1.0
2455956.442303,1.033349,2.13364808,-1.3120806,0.42897544,1.51034857,-0.54940526,0.42897515,1.0
2455956.445891,1.031447,2.1336713,-1.31204723,0.42897159,1.51032299,-0.54941119,0.42897129,1.0
2455956.448692,1.010758,2.13368942,-1.31202119,0.42896858,1.51030301,-0.54941583,0.42896828,1.0
2455956.451492,1.016359,2.13370754,-1.31199515,0.42896557,1.51028305,-0.54942046,0.42896527,1.0
2455956.454306,1.023875,2.13372574,-1.31196899,0.42896255,1.510263,-0.54942512,0.42896225,1.0
2455956.457107,1.012621,2.13374387,-1.31194294,0.42895954,1.51024303,-0.54942975,0.42895924,1.0
2455956.4599200003,1.012621,2.13376207,-1.31191678,0.42895651,1.51022298,-0.54943441,0.42895621,1.0
2455956.46272,1.015423,2.13378019,-1.31189075,0.4289535,1.51020302,-0.54943905,0.42895321,1.0
2455956.465533,0.9987278,2.13379839,-1.31186459,0.42895048,1.51018297,-0.54944372,0.42895018,1.0
2455956.468334,1.017295,2.13381651,-1.31183854,0.42894747,1.51016301,-0.54944836,0.42894717,1.0
2455956.471135,1.017295,2.13383464,-1.31181249,0.42894446,1.51014305,-0.54945301,0.42894416,1.0
2455956.473947,1.0144879999999998,2.13385283,-1.31178634,0.42894144,1.51012301,-0.54945768,0.42894114,1.0
2455956.476748,1.024819,2.13387095,-1.31176029,0.42893843,1.51010305,-0.54946233,0.42893813,1.0
2455956.479549,1.034301,2.13388908,-1.31173424,0.42893542,1.5100831,-0.54946698,0.42893512,1.0
2455956.482363,1.012621,2.13390728,-1.31170808,0.42893239,1.51006306,-0.54947165,0.42893209,1.0
2455956.485163,1.007041,2.13392539,-1.31168204,0.42892938,1.51004311,-0.5494763,0.42892909,1.0
2455956.487976,1.012621,2.13394359,-1.31165588,0.42892636,1.51002307,-0.54948098,0.42892606,1.0
2455956.490777,1.001491,2.13396171,-1.31162983,0.42892335,1.51000312,-0.54948564,0.42892305,1.0
2455956.493578,1.002414,2.13397983,-1.31160378,0.42892034,1.50998317,-0.5494903,0.42892004,1.0
2455956.49639,0.9859324,2.13399802,-1.31157763,0.42891731,1.50996314,-0.54949498,0.42891702,1.0
2455956.499191,0.9581801,2.13401614,-1.31155158,0.4289143,1.50994319,-0.54949964,0.42891401,1.0
2455956.501992,0.951146,2.13403426,-1.31152553,0.42891129,1.50992324,-0.54950431,0.428911,1.0
2455956.504805,0.9380957,2.13405246,-1.31149937,0.42890827,1.50990321,-0.54950899,0.42890797,1.0
2455956.509748,0.9424258,2.13408443,-1.3114534,0.42890295,1.50986802,-0.54951723,0.42890266,1.0
2455956.51256,0.9372321,2.13410262,-1.31142725,0.42889993,1.509848,-0.54952192,0.42889964,1.0
2455956.515361,0.9459042,2.13412074,-1.3114012,0.42889692,1.50982806,-0.54952659,0.42889662,1.0
2455956.518174,0.931209,2.13413893,-1.31137504,0.42889389,1.50980803,-0.54953129,0.4288936,1.0
2455956.520975,0.9450334,2.13415705,-1.31134899,0.42889088,1.50978809,-0.54953596,0.42889059,1.0
2455956.523776,0.9459042,2.13417517,-1.31132293,0.42888787,1.50976815,-0.54954064,0.42888758,1.0
2455956.526588,0.9564167,2.13419336,-1.31129678,0.42888485,1.50974814,-0.54954534,0.42888455,1.0
2455956.529389,0.9643777,2.13421148,-1.31127073,0.42888184,1.5097282,-0.54955002,0.42888154,1.0
2455956.53219,0.9759941,2.13422959,-1.31124468,0.42887882,1.50970827,-0.54955471,0.42887853,1.0
2455956.535002,0.9850248,2.13424778,-1.31121852,0.4288758,1.50968826,-0.54955941,0.42887551,1.0
2455956.537804,0.986841,2.1342659,-1.31119247,0.42887279,1.50966833,-0.54956409,0.42887249,1.0
2455956.540617,1.000569,2.13428409,-1.3111663,0.42886976,1.50964831,-0.5495688,0.42886947,1.0
2455956.543418,1.021991,2.13430221,-1.31114025,0.42886675,1.50962838,-0.54957349,0.42886646,1.0
2455956.546219,1.034301,2.13432032,-1.3111142,0.42886374,1.50960845,-0.54957818,0.42886345,1.0
2455956.549031,1.04869,2.13433851,-1.31108804,0.42886071,1.50958845,-0.54958289,0.42886042,1.0
2455956.551832,1.052561,2.13435662,-1.31106199,0.4288577,1.50956852,-0.54958759,0.42885741,1.0
2455956.5546330004,1.038119,2.13437474,-1.31103594,0.42885469,1.5095486,-0.54959229,0.4288544,1.0
2455956.557446,1.047725,2.13439293,-1.31100977,0.42885167,1.50952859,-0.549597,0.42885137,1.0
2455956.560246,1.045796,2.13441103,-1.31098372,0.42884865,1.50950867,-0.5496017,0.42884836,1.0
2455956.563059,1.033349,2.13442922,-1.31095756,0.42884563,1.50948867,-0.54960642,0.42884534,1.0
2455956.565861,1.025763,2.13444734,-1.3109315,0.42884262,1.50946875,-0.54961113,0.42884232,1.0
2455956.568662,1.024819,2.13446545,-1.31090545,0.4288396,1.50944883,-0.54961583,0.42883931,1.0
2455956.5725970003,1.0191709999999998,2.1344909,-1.31086885,0.42883537,1.50942085,-0.54962244,0.42883508,1.0
2455956.575398,1.0144879999999998,2.13450901,-1.31084279,0.42883236,1.50940093,-0.54962715,0.42883207,1.0
2455956.578199,0.9941391,2.13452712,-1.31081674,0.42882935,1.50938102,-0.54963186,0.42882905,1.0
2455956.581011,0.9823068,2.1345453,-1.31079058,0.42882632,1.50936103,-0.54963659,0.42882603,1.0
2455956.583812,0.983212,2.13456341,-1.31076452,0.42882331,1.50934111,-0.54964131,0.42882302,1.0
2455956.586613,0.959063,2.13458152,-1.31073847,0.42882029,1.5093212,-0.54964602,0.42882,1.0
2455956.589426,0.9520224,2.13459971,-1.3107123,0.42881727,1.50930121,-0.54965076,0.42881698,1.0
2455956.5922270003,0.9476482,2.13461782,-1.31068624,0.42881426,1.5092813,-0.54965548,0.42881396,1.0
2455956.595029,0.9502703,2.13463593,-1.31066019,0.42881124,1.50926139,-0.5496601999999999,0.42881095,1.0
2455956.597841,0.9697218,2.13465411,-1.31063403,0.42880822,1.50924141,-0.54966494,0.42880793,1.0
2455956.600642,0.9895715,2.13467222,-1.31060797,0.4288052,1.5092215,-0.54966966,0.42880491,1.0
2455956.603455,0.9850248,2.13469041,-1.3105818,0.42880218,1.50920152,-0.54967441,0.42880189,1.0
2455956.606255,1.009827,2.13470851,-1.31055575,0.42879916,1.50918162,-0.54967913,0.42879887,1.0
2455956.609056,1.036208,2.13472662,-1.3105296999999998,0.42879615,1.50916172,-0.54968386,0.42879586,1.0
2455956.611869,1.028601,2.13474481,-1.31050353,0.42879312,1.50914173,-0.54968861,0.42879283,1.0
2455956.61467,1.051592,2.13476291,-1.31047747,0.42879011,1.50912184,-0.54969334,0.42878982,1.0
2455956.617471,1.04869,2.13478102,-1.31045141,0.4287871,1.50910194,-0.54969808,0.42878681,1.0
2455956.620283,1.055473,2.1347992,-1.31042525,0.42878407,1.50908196,-0.54970283,0.42878378,1.0
