2447828.563841,1.044629,-2.1358490000000003,-1.129881,0.167899,-1.329773,-0.5494945,0.1679251,1.0
2447828.5688830004,1.062092,-2.135822,-1.129933,0.167889,-1.329798,-0.5494763,0.1679152,1.0
2447828.5727580003,1.037915,-2.135801,-1.129973,0.1678814,-1.329817,-0.5494624,0.16790750000000002,1.0
2447828.580383,1.043667,-2.13576,-1.130051,0.16786629999999994,-1.329855,-0.5494349000000001,0.1678925,1.0
2447828.585175,1.01991,-2.135734,-1.130101,0.1678569,-1.329879,-0.5494176,0.167883,1.0
2447828.589175,1.035051,-2.135713,-1.130142,0.167849,-1.329899,-0.5494031999999999,0.1678751,1.0
2447828.597633,0.9839251,-2.135668,-1.1302290000000002,0.1678323,-1.329941,-0.5493726999999999,0.1678584,1.0
2447828.601841,0.9579921999999998,-2.135645,-1.130272,0.167824,-1.329962,-0.5493574999999999,0.1678501,1.0
2447828.606633,0.9650769,-2.135619,-1.130321,0.1678145,-1.329986,-0.5493403,0.1678407,1.0
2447828.615883,0.9544692,-2.13557,-1.130417,0.1677963,-1.330032,-0.549307,0.16782239999999998,1.0
2447828.619674,0.9500839,-2.135549,-1.130456,0.1677888,-1.330051,-0.5492933000000001,0.1678149,1.0
2447828.625632,0.9500839,-2.135517,-1.130517,0.167777,-1.33008,-0.5492719,0.1678032,1.0
2447828.635174,0.9785027,-2.135466,-1.130615,0.16775820000000002,-1.330128,-0.5492376,0.1677843,1.0
2447828.6400900004,0.9767019,-2.13544,-1.130666,0.1677485,-1.330152,-0.5492199000000001,0.1677746,1.0
2447828.646132,0.993944,-2.135407,-1.130728,0.1677366,-1.330182,-0.5491982,0.1677627,1.0
2447828.676257,1.040787,-2.1352450000000003,-1.131038,0.1676771,-1.330333,-0.5490899,0.1677033,1.0
2447828.680548,1.038872,-2.135222,-1.131082,0.16766860000000006,-1.330354,-0.5490745,0.16769479999999998,1.0
2447828.686339,1.048485,-2.135191,-1.131141,0.1676572,-1.330383,-0.5490537,0.16768339999999998,1.0
2447828.693756,1.0660120000000002,-2.135151,-1.131218,0.1676426,-1.3304200000000002,-0.5490271,0.1676687,1.0
2447828.698631,1.050418,-2.135125,-1.131268,0.1676329,-1.330444,-0.5490096,0.1676591,1.0
2447828.7030060003,1.042706,-2.135102,-1.131313,0.1676243,-1.330466,-0.5489939,0.1676505,1.0
2447828.712798,1.037915,-2.135049,-1.131414,0.167605,-1.330515,-0.5489588000000001,0.1676311,1.0
2447828.717923,1.049451,-2.135021,-1.131466,0.1675948,-1.330541,-0.5489404999999999,0.167621,1.0
2447828.724131,1.030296,-2.134988,-1.13153,0.1675826,-1.330572,-0.5489182,0.1676088,1.0
2447828.732214,1.0284,-2.134945,-1.131613,0.1675666,-1.330612,-0.5488892,0.1675928,1.0
2447828.7411720003,1.049451,-2.134897,-1.131705,0.1675489,-1.330657,-0.5488571999999999,0.1675751,1.0
2447828.750088,1.032196,-2.134849,-1.131797,0.1675313,-1.330701,-0.5488251999999999,0.1675575,1.0
2447828.754463,1.046555,-2.134825,-1.131842,0.1675227,-1.330723,-0.5488096,0.1675489,1.0
2447828.759922,0.9803067,-2.134796,-1.1318979999999998,0.1675119,-1.330751,-0.5487901,0.1675381,1.0
2447828.768422,0.9535908,-2.13475,-1.1319860000000002,0.1674951,-1.330793,-0.5487597,0.1675214,1.0
2447828.7735880003,0.9182521,-2.134722,-1.132039,0.1674849,-1.330819,-0.5487411999999999,0.16751110000000002,1.0
2447828.77888,0.9405067,-2.134694,-1.132093,0.1674745,-1.330846,-0.5487221999999999,0.1675007,1.0
2447828.786505,0.9039867,-2.134653,-1.132172,0.1674594,-1.330884,-0.5486949999999999,0.16748570000000002,1.0
2447828.7919630003,0.9148754,-2.134624,-1.132228,0.1674487,-1.330911,-0.5486755,0.1674749,1.0
2447828.797837,0.8728950000000001,-2.134592,-1.132288,0.1674371,-1.330941,-0.5486545,0.16746329999999998,1.0
2454754.6977,1.276218,-1.527435,-1.905549,-0.01202459,-0.603489,-1.5307110000000002,-0.01202785,1.0
2454754.70489,1.101349,-1.527372,-1.905604,-0.0120398,-0.6034753,-1.530651,-0.01204306,1.0
2454754.71123,1.085237,-1.527317,-1.905652,-0.01205322,-0.6034632,-1.530598,-0.01205648,1.0
2454754.71753,1.1115389999999998,-1.5272629999999998,-1.9056990000000005,-0.01206654,-0.6034512,-1.530546,-0.0120698,1.0
2454754.72463,1.118729,-1.527201,-1.905753,-0.01208156,-0.6034377,-1.5304870000000002,-0.01208482,1.0
2454754.73094,1.058583,-1.527147,-1.905801,-0.01209491,-0.6034257,-1.530434,-0.01209817,1.0
2454754.73725,1.0469469999999998,-1.527092,-1.905848,-0.01210826,-0.6034136999999999,-1.530382,-0.01211152,1.0
2454754.74356,1.033534,-1.527037,-1.905896,-0.01212161,-0.6034016999999999,-1.530329,-0.01212487,1.0
2454754.74986,1.023116,-1.526983,-1.905944,-0.01213493,-0.6033897,-1.530277,-0.01213819,1.0
2454754.75696,1.010939,-1.526921,-1.905997,-0.01214995,-0.6033763000000001,-1.530218,-0.01215321,1.0
2454754.76405,0.9888372,-1.52686,-1.906051,-0.01216495,-0.6033628000000001,-1.530159,-0.01216821,1.0
2454754.77036,0.9645501,-1.526805,-1.906099,-0.0121783,-0.6033509,-1.530107,-0.01218156,1.0
2454754.77667,0.9408595,-1.526751,-1.906146,-0.01219165,-0.6033390000000001,-1.530054,-0.01219491,1.0
2454754.78455,0.9185965,-1.526683,-1.906206,-0.01220832,-0.6033241,-1.529989,-0.01221158,1.0
2454754.79086,0.9443322,-1.526628,-1.906254,-0.01222166,-0.6033122,-1.529936,-0.01222493,1.0
2454754.79716,0.9645501,-1.526573,-1.906301,-0.01223499,-0.6033003,-1.529884,-0.01223825,1.0
2454754.80426,0.9861087,-1.526512,-1.906355,-0.01225001,-0.6032869000000001,-1.529825,-0.01225327,1.0
2454754.81057,1.010939,-1.526457,-1.906402,-0.01226336,-0.603275,-1.529772,-0.01226662,1.0
2454754.81687,1.030682,-1.5264030000000002,-1.90645,-0.01227668,-0.6032632,-1.52972,-0.01227995,1.0
2454754.8239700003,1.033534,-1.526341,-1.906504,-0.0122917,-0.6032498000000001,-1.5296610000000002,-0.01229497,1.0
2454754.8302700003,1.029733,-1.5262870000000002,-1.906551,-0.01230503,-0.603238,-1.529609,-0.01230829,1.0
2454754.83737,1.025002,-1.526225,-1.906605,-0.01232005,-0.6032247,-1.52955,-0.01232331,1.0
2454754.84368,1.01187,-1.52617,-1.906653,-0.0123334,-0.6032128000000001,-1.529497,-0.01233666,1.0
2454754.84999,1.036394,-1.526116,-1.9067,-0.01234674,-0.603201,-1.5294450000000002,-0.01235001,1.0
2454754.85629,1.058583,-1.526061,-1.906748,-0.01236007,-0.6031892,-1.529393,-0.01236334,1.0
2454754.8626,1.053719,-1.526006,-1.906796,-0.01237342,-0.6031774000000001,-1.52934,-0.01237668,1.0
2454754.8689,1.067394,-1.525952,-1.906843,-0.01238675,-0.6031656,-1.529288,-0.01239001,1.0
2454754.87521,1.067394,-1.5258969999999998,-1.906891,-0.01240009,-0.6031538000000001,-1.529235,-0.01240336,1.0
2454754.8823,1.063469,-1.525836,-1.906944,-0.01241509,-0.6031406,-1.529177,-0.01241836,1.0
2454754.88861,1.053719,-1.525781,-1.906992,-0.01242844,-0.6031289000000001,-1.529124,-0.0124317,1.0
2454754.89491,1.042137,-1.525727,-1.90704,-0.01244177,-0.6031171,-1.529072,-0.01244503,1.0
2454754.90122,1.049844,-1.525672,-1.907087,-0.01245511,-0.6031054,-1.52902,-0.01245838,1.0
2454754.90753,1.027838,-1.525617,-1.907135,-0.01246846,-0.6030937,-1.528967,-0.01247173,1.0
2454754.91383,0.977068,-1.525563,-1.907183,-0.01248179,-0.6030819000000001,-1.528915,-0.01248505,1.0
2454754.92093,0.9906604,-1.525501,-1.907236,-0.01249681,-0.6030688,-1.528856,-0.01250007,1.0
2454754.92724,0.9681102,-1.525446,-1.907284,-0.01251015,-0.6030571,-1.528804,-0.01251342,1.0
2454754.93513,0.9339525,-1.525378,-1.907343,-0.01252684,-0.6030425,-1.528738,-0.01253011,1.0
2454754.94144,0.9356746,-1.525323,-1.907391,-0.01254019,-0.6030308000000001,-1.528686,-0.01254346,1.0
2454754.94932,0.9084997,-1.525255,-1.90745,-0.01255686,-0.6030161999999999,-1.52862,-0.01256013,1.0
2454754.95642,0.8870023000000001,-1.5251940000000002,-1.907504,-0.01257188,-0.6030031,-1.528561,-0.01257515,1.0
2454754.96273,0.8644199,-1.525139,-1.907552,-0.01258523,-0.6029914000000001,-1.528509,-0.0125885,1.0
2454754.9690400003,0.8209653,-1.525084,-1.9075990000000005,-0.01259858,-0.6029798000000001,-1.528457,-0.01260184,1.0
2454754.97613,0.8588648000000001,-1.525023,-1.907653,-0.01261357,-0.6029667,-1.528398,-0.01261684,1.0
2454754.98244,0.8478613000000002,-1.524968,-1.907701,-0.01262692,-0.6029551,-1.528345,-0.01263019,1.0
2454754.98876,0.8853699,-1.524913,-1.907748,-0.01264029,-0.6029435000000001,-1.528293,-0.01264356,1.0
2454754.99586,0.9135342,-1.524852,-1.907802,-0.01265531,-0.6029304,-1.528234,-0.01265858,1.0
2454755.00296,0.9906604,-1.52479,-1.907855,-0.01267033,-0.6029174,-1.528175,-0.0126736,1.0
2454755.0092700003,1.031632,-1.524736,-1.907903,-0.01268367,-0.6029058,-1.528123,-0.01268694,1.0
2454760.68177,0.9808901,-1.475076,-1.950093,-0.02467745,-0.596382,-1.482416,-0.02468089,1.0
2454760.68503,0.9954521,-1.475047,-1.950117,-0.02468434,-0.5963804,-1.482391,-0.02468778,1.0
2454760.68818,0.9826986,-1.47502,-1.95014,-0.024691,-0.5963789,-1.482366,-0.02469443,1.0
2454760.6913400004,0.9826986,-1.474992,-1.950163,-0.02469767,-0.5963774000000001,-1.482341,-0.02470111,1.0
2454760.69459,0.9612146,-1.474963,-1.950187,-0.02470454,-0.5963759,-1.482316,-0.02470798,1.0
2454760.69774,0.9727928,-1.474935,-1.95021,-0.0247112,-0.5963744000000001,-1.482292,-0.02471464,1.0
2454760.70089,0.9629869,-1.474907,-1.950233,-0.02471786,-0.5963729,-1.482267,-0.02472129,1.0
2454760.70405,0.9506494,-1.474879,-1.950256,-0.02472453,-0.5963714,-1.482242,-0.02472797,1.0
2454760.7072,0.937606,-1.474851,-1.950279,-0.02473119,-0.5963699,-1.482218,-0.02473463,1.0
2454760.71035,0.9419338,-1.474824,-1.950302,-0.02473785,-0.5963685000000001,-1.482193,-0.02474128,1.0
2454760.71351,0.9221899,-1.474796,-1.950325,-0.02474452,-0.596367,-1.482169,-0.02474796,1.0
2454760.71667,0.9179528,-1.474768,-1.950349,-0.0247512,-0.5963655,-1.482144,-0.02475464,1.0
2454760.71983,0.9154199,-1.47474,-1.950372,-0.02475788,-0.596364,-1.482119,-0.02476132,1.0
2454760.72299,0.9053581,-1.474712,-1.950395,-0.02476456,-0.5963625,-1.4820950000000002,-0.02476799,1.0
2454760.72614,0.8970575999999999,-1.474684,-1.950418,-0.02477121,-0.5963611,-1.48207,-0.02477465,1.0
2454760.72929,0.8954066999999999,-1.474656,-1.950441,-0.02477787,-0.5963596,-1.482046,-0.02478131,1.0
2454760.73245,0.8863808000000001,-1.474628,-1.950464,-0.02478455,-0.5963581,-1.4820209999999998,-0.02478798,1.0
2454760.73561,0.8726103999999999,-1.4746,-1.950487,-0.02479123,-0.5963567,-1.481996,-0.02479466,1.0
2454760.73876,0.8670025,-1.474572,-1.95051,-0.02479788,-0.5963552,-1.4819719999999998,-0.02480132,1.0
2454760.74192,0.8638142,-1.474544,-1.950534,-0.02480456,-0.5963538,-1.481947,-0.024808,1.0
2454760.74507,0.8654069,-1.474517,-1.950557,-0.02481122,-0.5963523000000001,-1.481923,-0.02481465,1.0
2454760.74823,0.877446,-1.474489,-1.95058,-0.02481789,-0.5963508000000001,-1.481898,-0.02482133,1.0
2454760.75138,0.8888334000000001,-1.474461,-1.950603,-0.02482455,-0.5963494,-1.481874,-0.02482799,1.0
2454760.75453,0.909537,-1.474433,-1.950626,-0.02483121,-0.5963479,-1.481849,-0.02483464,1.0
2454760.7576900003,0.9204927,-1.474405,-1.950649,-0.02483788,-0.5963465,-1.481824,-0.02484132,1.0
2454760.76084,0.9393347,-1.474377,-1.950672,-0.02484454,-0.596345,-1.4818,-0.02484798,1.0
2454760.76479,0.9701086,-1.474342,-1.950701,-0.02485289,-0.5963432,-1.481769,-0.02485633,1.0
2454760.76794,0.9772831,-1.474314,-1.950724,-0.02485954,-0.5963418,-1.481745,-0.02486298,1.0
2454760.77188,1.007443,-1.474279,-1.950753,-0.02486787,-0.59634,-1.481714,-0.02487131,1.0
2454760.77504,1.044288,-1.474252,-1.950776,-0.02487455,-0.5963385999999999,-1.481689,-0.02487799,1.0
2454760.80658,1.13768,-1.473973,-1.951007,-0.0249412,-0.5963243,-1.481444,-0.02494464,1.0
2454760.81368,1.166327,-1.47391,-1.951059,-0.0249562,-0.5963212,-1.4813889999999998,-0.02495964,1.0
2454760.81762,1.13037,-1.473875,-1.951088,-0.02496453,-0.5963194,-1.481358,-0.02496796,1.0
2454760.82077,1.158832,-1.473847,-1.951111,-0.02497118,-0.596318,-1.481333,-0.02497462,1.0
2454760.82708,1.206759,-1.473791,-1.951157,-0.02498452,-0.5963151999999999,-1.481284,-0.02498796,1.0
2454760.83496,1.143985,-1.473722,-1.951215,-0.02500117,-0.5963118000000001,-1.481223,-0.02500461,1.0
2454760.84521,1.217925,-1.473631,-1.95129,-0.02502283,-0.5963071999999999,-1.481143,-0.02502627,1.0
2454760.8483700003,1.168477,-1.473603,-1.951313,-0.0250295,-0.5963059,-1.481119,-0.02503294,1.0
2454760.85152,1.18801,-1.473575,-1.951336,-0.02503616,-0.5963045,-1.481094,-0.0250396,1.0
2454760.8546700003,1.1814639999999998,-1.473547,-1.951359,-0.02504282,-0.5963031,-1.48107,-0.02504626,1.0
2454760.85783,1.178204,-1.473519,-1.951382,-0.02504949,-0.5963016999999999,-1.4810450000000002,-0.02505293,1.0
2454760.86098,1.165254,-1.473491,-1.951405,-0.02505615,-0.5963004,-1.48102,-0.02505959,1.0
2454760.86444,1.145039,-1.473461,-1.951431,-0.02506346,-0.5962989000000001,-1.480994,-0.0250669,1.0
2454760.86744,1.134541,-1.473434,-1.951453,-0.0250698,-0.5962976,-1.48097,-0.02507324,1.0
2454760.8706,1.148207,-1.473406,-1.951476,-0.02507648,-0.5962961999999999,-1.480946,-0.02507992,1.0
2454760.87375,1.129329,-1.473378,-1.951499,-0.02508314,-0.5962948,-1.480921,-0.02508658,1.0
2454760.8769,1.121038,-1.473351,-1.951522,-0.02508979,-0.5962935,-1.480897,-0.02509323,1.0
2454760.88005,1.120006,-1.473323,-1.951545,-0.02509645,-0.5962921,-1.480872,-0.02509989,1.0
2454760.88321,1.105657,-1.473295,-1.951568,-0.02510313,-0.5962908,-1.480848,-0.02510657,1.0
2454760.88636,1.109738,-1.473267,-1.951591,-0.02510978,-0.5962894,-1.480823,-0.02511322,1.0
2454760.8911,1.0924969999999998,-1.473225,-1.951626,-0.0251198,-0.5962874,-1.4807860000000002,-0.02512324,1.0
2454760.89425,1.079494,-1.473197,-1.951649,-0.02512645,-0.596286,-1.480762,-0.02512989,1.0
2454760.89741,1.074534,-1.473169,-1.951672,-0.02513313,-0.5962847,-1.480737,-0.02513657,1.0
2454760.90056,1.055894,-1.473141,-1.951695,-0.02513979,-0.5962833000000001,-1.480713,-0.02514323,1.0
2454760.90845,1.018639,-1.473072,-1.951753,-0.02515646,-0.59628,-1.480651,-0.0251599,1.0
2454760.91318,1.02996,-1.4730299999999998,-1.951787,-0.02516645,-0.596278,-1.480615,-0.0251699,1.0
2454760.91634,1.011161,-1.473002,-1.95181,-0.02517313,-0.5962767,-1.48059,-0.02517657,1.0
2454760.91949,1.0158280000000002,-1.472974,-1.951833,-0.02517979,-0.5962753000000001,-1.480566,-0.02518323,1.0
2454760.92343,0.9638742,-1.472939,-1.951862,-0.02518811,-0.5962736999999999,-1.480535,-0.02519156,1.0
2454760.9265900003,0.9612146,-1.472911,-1.951885,-0.02519479,-0.5962724,-1.48051,-0.02519823,1.0
2454760.92974,0.9436704,-1.472883,-1.951908,-0.02520145,-0.596271,-1.480486,-0.02520489,1.0
2454760.9329,0.9255936,-1.472855,-1.951932,-0.02520812,-0.5962696999999999,-1.480461,-0.02521157,1.0
2454760.93605,0.9221899,-1.472827,-1.951955,-0.02521478,-0.5962684,-1.480437,-0.02521822,1.0
2454760.9399900003,0.9350189,-1.472792,-1.951983,-0.02522311,-0.5962668000000001,-1.480406,-0.02522655,1.0
2454760.94314,0.9196453,-1.472765,-1.952006,-0.02522976,-0.5962655,-1.480382,-0.02523321,1.0
2454760.95576,0.9683233,-1.472653,-1.9520990000000005,-0.02525643,-0.5962602,-1.480284,-0.02525987,1.0
2454760.95891,0.9727928,-1.472625,-1.952122,-0.02526309,-0.5962589,-1.480259,-0.02526653,1.0
2454760.96285,0.9963694,-1.47259,-1.952151,-0.02527141,-0.5962573,-1.480229,-0.02527485,1.0
2454760.966,0.9899662,-1.472562,-1.952174,-0.02527807,-0.596256,-1.480204,-0.02528151,1.0
2454760.97231,0.9972874,-1.472506,-1.95222,-0.0252914,-0.5962534,-1.480155,-0.02529484,1.0
2454760.97546,0.9927054,-1.472479,-1.952243,-0.02529806,-0.5962522,-1.480131,-0.0253015,1.0
2454760.97862,0.9927054,-1.472451,-1.952266,-0.02530473,-0.5962509,-1.480106,-0.02530818,1.0
2454760.98413,0.9674318,-1.472402,-1.952306,-0.02531638,-0.5962486,-1.480063,-0.02531982,1.0
2454760.98808,0.9908784,-1.472367,-1.952335,-0.02532472,-0.596247,-1.480033,-0.02532817,1.0
2454760.99832,1.018639,-1.472276,-1.95241,-0.02534636,-0.5962429,-1.479953,-0.02534981,1.0
2454761.00314,1.001891,-1.472234,-1.952445,-0.02535655,-0.596241,-1.479916,-0.02535999,1.0
2454761.00709,1.035668,-1.472199,-1.9524740000000005,-0.02536489,-0.5962394,-1.479885,-0.02536834,1.0
2454761.01024,0.9936201,-1.472171,-1.952497,-0.02537155,-0.5962381,-1.479861,-0.02537499,1.0
2454761.01418,1.011161,-1.472136,-1.952526,-0.02537987,-0.5962365,-1.47983,-0.02538332,1.0
2454765.66461,0.9963273,-1.43066,-1.986107,-0.03520014,-0.5968648,-1.444913,-0.0352037,1.0
2454765.67092,0.9844689,-1.430603,-1.986152,-0.03521346,-0.5968689,-1.444868,-0.03521701,1.0
2454765.67801,0.9808488,-1.43054,-1.986202,-0.03522842,-0.5968737,-1.444816,-0.03523197,1.0
2454765.68432,0.9890128,-1.430483,-1.986247,-0.03524173,-0.5968778,-1.4447709999999998,-0.03524529,1.0
2454765.69377,0.9890128,-1.430398,-1.986315,-0.03526167,-0.5968840999999999,-1.4447020000000002,-0.03526523,1.0
2454765.70086,0.951485,-1.430334,-1.986365,-0.03527663,-0.5968889000000001,-1.444651,-0.03528019,1.0
2454765.7071700003,0.9367033,-1.4302780000000002,-1.98641,-0.03528995,-0.5968931,-1.444605,-0.03529351,1.0
2454765.71348,0.9264075,-1.430221,-1.986455,-0.03530326,-0.5968973000000001,-1.44456,-0.03530682,1.0
2454765.71978,0.9044863,-1.430164,-1.9865,-0.03531656,-0.5969015999999999,-1.444514,-0.03532011,1.0
2454765.72609,0.877409,-1.430107,-1.986545,-0.03532987,-0.5969058,-1.444468,-0.03533343,1.0
2454765.7324,0.8653702,-1.430051,-1.98659,-0.03534319,-0.5969101,-1.444423,-0.03534674,1.0
2454765.73871,0.8495754999999999,-1.429994,-1.986635,-0.0353565,-0.5969143,-1.444377,-0.03536006,1.0
2454765.74508,0.8480122999999999,-1.429937,-1.98668,-0.03536995,-0.5969187,-1.444331,-0.0353735,1.0
2454765.75218,0.8855274999999999,-1.429873,-1.986731,-0.03538493,-0.5969234999999999,-1.44428,-0.03538848,1.0
2454765.7585,0.9179142,-1.429816,-1.986776,-0.03539826,-0.5969278,-1.444234,-0.03540182,1.0
2454765.76561,0.9629461,-1.429752,-1.986827,-0.03541327,-0.5969326,-1.444183,-0.03541682,1.0
2454765.7735,1.002771,-1.429681,-1.986883,-0.03542991,-0.596938,-1.444126,-0.03543347,1.0
2454765.77981,1.028968,-1.429625,-1.986928,-0.03544323,-0.5969423,-1.44408,-0.03544679,1.0
2454765.7861200003,1.055849,-1.429568,-1.986973,-0.03545654,-0.5969466999999999,-1.444035,-0.0354601,1.0
2454765.79401,1.067584,-1.429497,-1.987029,-0.03547319,-0.5969521,-1.443978,-0.03547675,1.0
2454765.80031,1.080443,-1.42944,-1.987074,-0.03548649,-0.5969565,-1.443932,-0.03549004,1.0
2454765.80662,1.089437,-1.429384,-1.987119,-0.035499800000000005,-0.5969608000000001,-1.443887,-0.03550336,1.0
2454765.81372,1.104592,-1.42932,-1.987169,-0.03551478,-0.5969656999999999,-1.443835,-0.03551834,1.0
2454765.82081,1.112761,-1.429256,-1.98722,-0.03552974,-0.5969707,-1.443784,-0.035533300000000004,1.0
2454765.82791,1.142884,-1.429192,-1.98727,-0.03554472,-0.5969755999999999,-1.443733,-0.03554828,1.0
2454765.83422,1.151336,-1.429135,-1.987315,-0.03555804,-0.5969800000000001,-1.4436870000000002,-0.0355616,1.0
2454765.84131,1.151336,-1.429072,-1.987366,-0.035573,-0.596985,-1.443636,-0.03557656,1.0
2454765.84761,1.160919,-1.429015,-1.987411,-0.03558629,-0.5969894,-1.443591,-0.03558985,1.0
2454765.85392,1.155586,-1.428958,-1.987456,-0.03559961,-0.5969938,-1.443545,-0.03560317,1.0
2454765.86022,1.136585,-1.428902,-1.9875,-0.0356129,-0.5969982,-1.4435,-0.03561646,1.0
2454765.86736,1.11584,-1.428837,-1.987551,-0.03562797,-0.5970033,-1.443448,-0.03563153,1.0
2454765.87367,1.103575,-1.428781,-1.987596,-0.03564128,-0.5970076999999999,-1.443403,-0.03564484,1.0
2454765.87997,1.091446,-1.428724,-1.987641,-0.03565457,-0.5970122,-1.443357,-0.03565813,1.0
2454765.88628,1.072511,-1.428667,-1.987686,-0.03566789,-0.5970167,-1.4433120000000002,-0.03567145,1.0
2454765.89258,1.045206,-1.428611,-1.987731,-0.03568118,-0.5970211999999999,-1.443266,-0.03568474,1.0
2454765.89888,1.010188,-1.428554,-1.987776,-0.03569448,-0.5970255999999999,-1.443221,-0.03569803,1.0
2454765.9051900003,0.9926633,-1.428497,-1.987821,-0.03570779,-0.5970300999999999,-1.443175,-0.03571135,1.0
2454765.9115,0.9727516,-1.42844,-1.987865,-0.0357211,-0.5970347,-1.44313,-0.03572466,1.0
2454765.9178,0.9532397,-1.428384,-1.98791,-0.0357344,-0.5970392,-1.443085,-0.03573796,1.0
2454765.92411,0.9221511999999998,-1.428327,-1.987955,-0.03574771,-0.5970437,-1.443039,-0.03575127,1.0
2454765.93199,0.9011603,-1.428256,-1.988011,-0.03576434,-0.5970494000000001,-1.442982,-0.035767900000000005,1.0
2454765.93829,0.89702,-1.4282,-1.988056,-0.03577763,-0.5970539,-1.442937,-0.03578119,1.0
2454765.9446,0.9255546,-1.428143,-1.988101,-0.03579094,-0.5970585,-1.442891,-0.03579451,1.0
2454765.95169,0.9523621,-1.428079,-1.988152,-0.0358059,-0.5970635999999999,-1.44284,-0.03580947,1.0
2454765.95799,0.9620598,-1.428022,-1.988196,-0.035819199999999995,-0.5970681999999999,-1.442795,-0.03582276,1.0
2454765.9643,0.9691746,-1.427966,-1.988241,-0.03583251,-0.5970727,-1.44275,-0.03583607,1.0
2454765.97139,0.9862839,-1.427902,-1.988292,-0.03584747,-0.5970779,-1.442699,-0.03585103,1.0
2454765.9777,0.9853759,-1.427845,-1.988337,-0.03586078,-0.5970825,-1.442653,-0.03586435,1.0
2454765.98716,0.9835628,-1.42776,-1.988404,-0.03588075,-0.5970894,-1.442585,-0.03588431,1.0
2454765.99347,0.9567577,-1.4277030000000002,-1.988449,-0.03589406,-0.597094,-1.44254,-0.03589762,1.0
2454765.99977,0.9576396,-1.427646,-1.988494,-0.03590735,-0.5970986999999999,-1.442494,-0.03591091,1.0
2454766.00607,0.9799456,-1.42759,-1.988538,-0.03592064,-0.5971033,-1.442449,-0.03592421,1.0
2454766.01317,1.00462,-1.427526,-1.988589,-0.03593562,-0.5971085,-1.4423979999999998,-0.03593919,1.0
2454779.62802,1.040114,-1.302455,-2.081686,-0.06457742,-0.6265059000000001,-1.357734,-0.06458116,1.0
2454779.6343900003,1.048772,-1.302396,-2.081728,-0.06459077,-0.6265281,-1.357701,-0.06459451,1.0
2454779.64075,1.058476,-1.3023360000000002,-2.081769,-0.0646041,-0.6265503000000001,-1.357669,-0.06460785,1.0
2454779.6471,1.066304,-1.302276,-2.081811,-0.06461741,-0.6265725000000001,-1.357636,-0.06462116,1.0
2454779.6534700003,1.090137,-1.302217,-2.081853,-0.06463076,-0.6265947,-1.357604,-0.06463451,1.0
2454779.65982,1.1083610000000002,-1.302157,-2.081894,-0.06464408,-0.6266169,-1.357571,-0.06464782,1.0
2454779.66618,1.116558,-1.302098,-2.081936,-0.06465741,-0.6266391,-1.357539,-0.06466115,1.0
2454779.67254,1.156328,-1.302038,-2.081978,-0.06467074,-0.6266613,-1.357506,-0.06467448,1.0
2454779.67889,1.160596,-1.301979,-2.082019,-0.06468405,-0.6266835,-1.357474,-0.06468779,1.0
2454779.71782,1.084129,-1.301614,-2.082275,-0.06476565,-0.6268196999999999,-1.357275,-0.06476939999999999,1.0
2454779.72418,1.064342,-1.301554,-2.082316,-0.06477898,-0.626842,-1.357243,-0.06478273,1.0
2454779.7305400004,1.046842,-1.301495,-2.082358,-0.06479231,-0.6268643,-1.35721,-0.06479606,1.0
2454779.7369,1.02113,-1.301435,-2.0824,-0.06480564,-0.6268865,-1.357178,-0.06480939,1.0
2454779.7448400003,1.002492,-1.301361,-2.082452,-0.06482229,-0.6269144,-1.357137,-0.06482603,1.0
2454779.7512,0.972481,-1.301301,-2.082493,-0.06483562,-0.6269366999999999,-1.357105,-0.06483936,1.0
2454779.75756,0.9573728,-1.301241,-2.082535,-0.06484895,-0.626959,-1.3570719999999998,-0.06485269,1.0
2454779.76471,0.93214,-1.301174,-2.082582,-0.06486394,-0.6269840999999999,-1.357036,-0.06486768,1.0
2454779.77107,0.9017395,-1.301115,-2.082624,-0.06487727,-0.6270064000000001,-1.357004,-0.06488101,1.0
2454779.7774400003,0.9009094,-1.301055,-2.082665,-0.06489062,-0.6270288,-1.356971,-0.06489436,1.0
2454779.7838,0.9287121,-1.300995,-2.082707,-0.06490395,-0.6270511999999999,-1.356939,-0.06490769,1.0
2454779.79016,0.9287121,-1.300936,-2.082749,-0.06491728,-0.6270735,-1.356906,-0.06492102,1.0
2454779.79652,0.9600219,-1.300876,-2.08279,-0.06493061,-0.6270958999999999,-1.356874,-0.06493436,1.0
2454779.80368,0.9878275,-1.300809,-2.082837,-0.06494562,-0.627121,-1.356838,-0.06494936,1.0
2454779.8100400004,0.998806,-1.300749,-2.082879,-0.06495895,-0.6271434,-1.3568049999999998,-0.06496269,1.0
2454779.81641,0.9887378,-1.30069,-2.082921,-0.06497230000000001,-0.6271659,-1.356773,-0.06497604,1.0
2454779.82277,0.9933016,-1.30063,-2.082962,-0.06498563,-0.6271882,-1.356741,-0.06498937,1.0
2454779.82914,0.972481,-1.30057,-2.0830040000000003,-0.06499898,-0.6272107,-1.356708,-0.06500273,1.0
2454779.83629,0.9564916,-1.300503,-2.083051,-0.06501397,-0.6272359000000001,-1.356672,-0.06501771,1.0
2454779.84345,0.9644531,-1.300436,-2.083098,-0.06502897,-0.6272611,-1.356636,-0.06503272,1.0
2454779.8506,0.995133,-1.300369,-2.083144,-0.06504396,-0.6272863000000001,-1.356599,-0.0650477,1.0
2454779.87365,1.055556,-1.300153,-2.083295,-0.06509227,-0.6273675999999999,-1.356482,-0.06509602,1.0
2454779.88001,1.07024,-1.300093,-2.083337,-0.0651056,-0.6273901,-1.35645,-0.06510935,1.0
2454779.88637,1.07518,-1.300034,-2.083379,-0.06511893,-0.6274125,-1.356418,-0.06512267,1.0
2454779.89352,1.056528,-1.299967,-2.083426,-0.06513391,-0.6274378,-1.356381,-0.06513766,1.0
2454779.90386,1.053613,-1.29987,-2.083493,-0.06515559,-0.6274743,-1.356329,-0.06515933,1.0
2454779.91022,1.032479,-1.29981,-2.083535,-0.06516892,-0.6274968000000001,-1.356297,-0.06517266,1.0
2454779.91737,1.031528,-1.299743,-2.083582,-0.0651839,-0.6275221,-1.35626,-0.06518765,1.0
2454779.92373,0.9896488,-1.299683,-2.083623,-0.06519723,-0.6275446,-1.356228,-0.06520098,1.0
2454779.93008,0.9942169,-1.299624,-2.0836650000000003,-0.06521054,-0.6275670999999999,-1.356196,-0.06521428,1.0
2454779.9364400003,0.97787,-1.299564,-2.0837060000000003,-0.06522387,-0.6275896,-1.356164,-0.06522761,1.0
2454779.94279,0.9520968,-1.299505,-2.083748,-0.06523718,-0.6276121,-1.356132,-0.06524092,1.0
2454779.94915,0.9252969,-1.2994450000000002,-2.08379,-0.0652505,-0.6276345999999999,-1.3561,-0.06525425,1.0
2454779.95709,0.8860966999999998,-1.2993709999999998,-2.083842,-0.06526714,-0.6276628000000001,-1.356059,-0.06527089,1.0
2454779.96345,0.8707252000000001,-1.299311,-2.083883,-0.06528047,-0.6276853,-1.356027,-0.06528422,1.0
2454779.9698,0.8869132,-1.299251,-2.083925,-0.06529378,-0.6277078,-1.355995,-0.06529753,1.0
2454779.97616,0.8992514000000001,-1.299192,-2.083966,-0.06530711,-0.6277304,-1.355963,-0.06531086,1.0
2454779.98252,0.9134424,-1.299132,-2.0840080000000003,-0.06532044,-0.627753,-1.355931,-0.06532419,1.0
2454779.98888,0.9485956,-1.299072,-2.08405,-0.06533377,-0.6277756,-1.355899,-0.06533751,1.0
2454779.99529,0.9805757,-1.299012,-2.084092,-0.0653472,-0.6277983,-1.355866,-0.06535095,1.0
2454780.00165,1.008048,-1.298953,-2.084133,-0.06536053,-0.6278209,-1.355834,-0.06536428,1.0
2454780.008,1.024899,-1.298893,-2.084175,-0.06537384,-0.6278435,-1.355802,-0.06537758,1.0
2454780.01436,1.040114,-1.298833,-2.084216,-0.06538717,-0.6278661,-1.35577,-0.06539091,1.0
2454801.5385,1.013558,-1.091284,-2.215243,-0.1101262,-0.7391955,-1.294218,-0.1101298,1.0
2454801.54527,1.044837,-1.091217,-2.215281,-0.1101402,-0.7392393,-1.294215,-0.11014369999999997,1.0
2454801.55165,1.027658,-1.0911540000000002,-2.215317,-0.1101533,-0.7392805,-1.294212,-0.1101569,1.0
2454801.55883,1.032401,-1.091083,-2.215357,-0.1101681,-0.7393269,-1.294208,-0.11017169999999997,1.0
2454801.56521,1.049659,-1.09102,-2.215393,-0.1101812,-0.7393681,-1.294206,-0.1101848,1.0
2454801.5716,1.062303,-1.090957,-2.215429,-0.1101944,-0.7394094,-1.294203,-0.110198,1.0
2454801.57801,1.086047,-1.090894,-2.215465,-0.1102076,-0.7394509,-1.2942,-0.1102111,1.0
2454801.58438,1.104202,-1.090831,-2.215501,-0.1102207,-0.739492,-1.294197,-0.1102242,1.0
2454801.59155,1.116474,-1.09076,-2.215541,-0.1102354,-0.7395384,-1.294194,-0.110239,1.0
2454801.59793,1.123695,-1.090697,-2.215577,-0.11024860000000003,-0.7395797,-1.294191,-0.1102521,1.0
2454801.60434,1.114419,-1.090633,-2.2156130000000003,-0.1102618,-0.7396210999999999,-1.294188,-0.1102653,1.0
2454801.61071,1.103185,-1.09057,-2.215649,-0.1102749,-0.7396623,-1.294186,-0.11027839999999997,1.0
2454801.6170900003,1.092065,-1.090507,-2.215685,-0.110288,-0.7397036,-1.294183,-0.11029160000000003,1.0
2454801.62346,1.084048,-1.090444,-2.215721,-0.1103011,-0.7397448,-1.29418,-0.1103047,1.0
2454801.62984,1.053533,-1.090381,-2.215757,-0.1103142,-0.7397859999999999,-1.294177,-0.1103178,1.0
2454801.63622,1.048693,-1.090318,-2.215792,-0.1103274,-0.7398273,-1.294175,-0.1103309,1.0
2454801.6426,1.0201129999999998,-1.090255,-2.215828,-0.1103405,-0.7398686,-1.294172,-0.1103441,1.0
2454801.64898,0.9895744,-1.090192,-2.215864,-0.1103536,-0.7399099,-1.294169,-0.1103572,1.0
2454801.65536,0.9786973,-1.090128,-2.2159,-0.1103668,-0.7399511999999999,-1.294166,-0.1103703,1.0
2454801.6617400004,0.9546591999999998,-1.090065,-2.215936,-0.1103799,-0.7399925,-1.294164,-0.1103835,1.0
2454801.66813,0.9537802,-1.090002,-2.2159720000000003,-0.1103931,-0.7400338000000001,-1.294161,-0.1103966,1.0
2454801.67451,0.933788,-1.089939,-2.216008,-0.1104062,-0.7400751,-1.294158,-0.1104098,1.0
2454801.68088,0.9201282,-1.089876,-2.216043,-0.1104193,-0.7401163000000001,-1.294156,-0.1104229,1.0
2454801.68725,0.8942285,-1.089813,-2.216079,-0.1104324,-0.7401576,-1.294153,-0.110436,1.0
2454801.69362,0.9016717,-1.08975,-2.2161150000000003,-0.1104455,-0.7401988,-1.29415,-0.1104491,1.0
2454801.7008,0.9209762,-1.089679,-2.216155,-0.1104603,-0.7402453,-1.294147,-0.1104639,1.0
2454801.70797,0.9372351,-1.089608,-2.216196,-0.110475,-0.7402918,-1.294144,-0.1104786,1.0
2454801.71435,0.9511486,-1.089545,-2.216232,-0.1104882,-0.7403331,-1.294142,-0.1104917,1.0
2454801.72073,0.9715124,-1.089482,-2.216267,-0.1105013,-0.7403744000000001,-1.294139,-0.1105049,1.0
2454801.7271,0.9786973,-1.089419,-2.216303,-0.1105144,-0.7404156999999999,-1.294137,-0.110518,1.0
2454801.7335,0.9805016,-1.089355,-2.216339,-0.1105276,-0.7404571,-1.294134,-0.11053110000000002,1.0
2454801.73987,0.9805016,-1.089292,-2.216375,-0.1105407,-0.7404984,-1.294131,-0.1105443,1.0
2454801.74625,0.9724079,-1.089229,-2.216411,-0.1105538,-0.7405397,-1.294129,-0.1105574,1.0
2454801.75262,0.9661586,-1.089166,-2.216447,-0.11056689999999998,-0.740581,-1.294126,-0.1105705,1.0
2454801.75901,0.9750986,-1.0891030000000002,-2.216482,-0.1105801,-0.7406224,-1.294124,-0.1105836,1.0
2454801.7654,1.002417,-1.08904,-2.216518,-0.1105932,-0.7406638000000001,-1.294121,-0.1105968,1.0
2454801.77177,1.024822,-1.088977,-2.216554,-0.1106063,-0.7407050999999999,-1.294119,-0.1106099,1.0
2454801.77815,1.038122,-1.088914,-2.21659,-0.1106195,-0.7407465,-1.294116,-0.110623,1.0
2454801.78452,1.056448,-1.088851,-2.216626,-0.1106326,-0.7407876999999999,-1.294114,-0.1106361,1.0
2454801.7909,1.054504,-1.088788,-2.216661,-0.1106457,-0.7408291,-1.294111,-0.1106493,1.0
2454801.79728,1.054504,-1.088724,-2.216697,-0.1106588,-0.7408705,-1.294109,-0.1106624,1.0
2454801.80369,1.047728,-1.088661,-2.216733,-0.110672,-0.7409121,-1.294106,-0.1106756,1.0
2454801.81165,1.038122,-1.088582,-2.216778,-0.1106884,-0.7409637,-1.294103,-0.110692,1.0
2454801.81803,1.029552,-1.088519,-2.216814,-0.1107015,-0.7410051,-1.294101,-0.1107051,1.0
2454801.82441,1.019174,-1.088456,-2.21685,-0.1107146,-0.7410464,-1.294098,-0.1107182,1.0
2454801.83078,1.002417,-1.088393,-2.216885,-0.1107278,-0.7410878000000001,-1.294096,-0.1107313,1.0
2454801.83715,0.994142,-1.08833,-2.216921,-0.1107409,-0.7411291,-1.294093,-0.1107444,1.0
2454801.84353,0.9715124,-1.088267,-2.216957,-0.110754,-0.7411705,-1.294091,-0.1107576,1.0
2454801.84991,0.9652694,-1.0882040000000002,-2.216993,-0.1107671,-0.7412119,-1.294088,-0.1107707,1.0
2454801.85629,0.9380986,-1.088141,-2.217029,-0.1107803,-0.7412533,-1.294086,-0.1107838,1.0
2454801.86267,0.9125327,-1.088077,-2.217064,-0.1107934,-0.7412947,-1.294084,-0.110797,1.0
2454801.8690400003,0.9025025,-1.088014,-2.2171,-0.1108065,-0.741336,-1.294081,-0.1108101,1.0
2454801.87541,0.8901196,-1.087951,-2.217136,-0.11081960000000002,-0.7413774000000001,-1.294079,-0.1108232,1.0
2454801.88178,0.8722648999999999,-1.087888,-2.217172,-0.1108327,-0.7414187,-1.294077,-0.1108363,1.0
2454801.88816,0.8852141,-1.087825,-2.217207,-0.1108458,-0.7414601,-1.294074,-0.1108494,1.0
2454801.89533,0.918435,-1.087754,-2.217248,-0.1108606,-0.7415067,-1.294072,-0.1108641,1.0
2454801.90171,0.9493982,-1.087691,-2.217283,-0.1108737,-0.7415480999999999,-1.294069,-0.1108773,1.0
2454801.90809,0.96794,-1.087628,-2.217319,-0.1108868,-0.7415895,-1.294067,-0.1108904,1.0
2454801.91447,0.9823098,-1.087565,-2.217355,-0.1109,-0.741631,-1.294065,-0.1109035,1.0
2454801.9208400003,1.003341,-1.087502,-2.217391,-0.1109131,-0.7416723000000001,-1.294062,-0.11091660000000003,1.0
2454801.92721,1.014491,-1.087439,-2.2174270000000003,-0.1109262,-0.7417136999999999,-1.29406,-0.1109297,1.0
2454801.93359,1.019174,-1.087375,-2.217462,-0.1109393,-0.7417552,-1.294058,-0.11094289999999997,1.0
2454801.93998,1.039079,-1.087312,-2.217498,-0.1109525,-0.7417967,-1.294056,-0.110956,1.0
2454801.94636,1.057422,-1.087249,-2.217534,-0.1109656,-0.7418381,-1.294053,-0.1109692,1.0
2454801.95273,1.057422,-1.087186,-2.2175700000000003,-0.1109787,-0.7418795,-1.294051,-0.1109823,1.0
2454801.95911,1.057422,-1.087123,-2.217605,-0.11099180000000003,-0.741921,-1.294049,-0.1109954,1.0
2454814.55246,0.9198604,-0.9608537,-2.284765,-0.136717,-0.8288832,-1.309338,-0.1367202,1.0
2454814.56035,0.8874052,-0.9607736,-2.284805,-0.136733,-0.8289399,-1.30936,-0.1367362,1.0
2454814.56665,0.8760359000000001,-0.9607097,-2.284837,-0.13674579999999995,-0.8289851,-1.3093780000000002,-0.136749,1.0
2454814.57375,0.8768431999999999,-0.9606376,-2.284872,-0.1367602,-0.8290360999999999,-1.309398,-0.1367634,1.0
2454814.58005,0.8964415000000001,-0.9605736,-2.284904,-0.1367729,-0.8290814000000001,-1.309415,-0.13677609999999998,1.0
2454814.58715,0.9404202,-0.9605016,-2.28494,-0.13678729999999995,-0.8291323,-1.309435,-0.1367905,1.0
2454814.59345,0.9456316,-0.9604376,-2.284972,-0.1368001,-0.8291776,-1.309453,-0.1368033,1.0
2454814.59976,1.002125,-0.9603736,-2.2850040000000003,-0.1368129,-0.8292229,-1.3094709999999998,-0.1368161,1.0
2454814.60764,1.032101,-0.9602936,-2.285044,-0.1368289,-0.8292795000000001,-1.309493,-0.1368321,1.0
2454814.61553,1.029252,-0.9602135,-2.285084,-0.1368448,-0.8293360999999999,-1.309516,-0.136848,1.0
2454814.66049,1.127514,-0.9597571,-2.285311,-0.136936,-0.829659,-1.309643,-0.1369392,1.0
2454814.6668,1.145307,-0.9596931,-2.285343,-0.13694879999999998,-0.8297043,-1.309661,-0.136952,1.0
2454814.67311,1.147418,-0.959629,-2.285374,-0.1369616,-0.8297496999999999,-1.309679,-0.1369648,1.0
2454814.67941,1.149534,-0.9595651,-2.285406,-0.1369743,-0.8297949,-1.309697,-0.1369775,1.0
2454814.68572,1.141095,-0.959501,-2.285438,-0.1369871,-0.8298402,-1.309715,-0.13699029999999998,1.0
2454814.69281,1.113068,-0.959429,-2.285474,-0.1370015,-0.8298912,-1.309735,-0.1370047,1.0
2454814.6999,1.094768,-0.9593571,-2.28551,-0.1370158,-0.8299421,-1.309755,-0.1370191,1.0
2454814.70621,1.096786,-0.959293,-2.285542,-0.1370286,-0.8299873999999999,-1.309773,-0.1370318,1.0
2454814.71252,1.068863,-0.9592289,-2.285573,-0.1370414,-0.8300328000000001,-1.309791,-0.13704460000000002,1.0
2454814.71883,1.039733,-0.9591649,-2.285605,-0.1370542,-0.8300780999999999,-1.309809,-0.1370574,1.0
2454814.72514,1.020757,-0.9591008,-2.285637,-0.137067,-0.8301234000000001,-1.309827,-0.13707020000000006,1.0
2454814.73145,0.9874655,-0.9590367,-2.285669,-0.13707979999999995,-0.8301688,-1.309845,-0.13708299999999998,1.0
2454814.73776,0.9587865,-0.9589727,-2.285701,-0.1370926,-0.8302141,-1.309863,-0.1370958,1.0
2454814.74407,0.9421541,-0.9589086,-2.285733,-0.1371054,-0.8302594000000001,-1.309882,-0.1371086,1.0
2454814.75038,0.9275171999999998,-0.9588446,-2.285765,-0.1371182,-0.8303048000000001,-1.3099,-0.1371214,1.0
2454814.7567,0.9047361,-0.9587804,-2.285797,-0.137131,-0.8303502,-1.309918,-0.1371342,1.0
2454814.76302,0.8915011999999999,-0.9587162,-2.285828,-0.13714379999999998,-0.8303956,-1.309936,-0.137147,1.0
2454814.77013,0.8972674999999999,-0.958644,-2.285864,-0.1371582,-0.8304466,-1.309956,-0.13716140000000002,1.0
2454814.77645,0.9156341,-0.9585799,-2.285896,-0.13717100000000002,-0.8304921000000001,-1.309974,-0.13717420000000002,1.0
2454814.78276,0.9352375,-0.9585158,-2.285928,-0.1371838,-0.8305374,-1.309993,-0.13718699999999998,1.0
2454814.78985,0.9526249,-0.9584438,-2.285964,-0.1371981,-0.8305883,-1.310013,-0.1372013,1.0
2454814.7977400003,0.9730204,-0.9583637,-2.286004,-0.1372141,-0.8306450000000001,-1.310036,-0.1372173,1.0
2454814.80406,0.9730204,-0.9582995,-2.286035,-0.1372269,-0.8306904,-1.310054,-0.13723010000000002,1.0
2454814.81194,0.9614395,-0.9582195,-2.286075,-0.13724289999999995,-0.8307471,-1.310077,-0.1372461,1.0
2454814.81825,0.9526249,-0.9581554,-2.286107,-0.1372557,-0.8307924000000001,-1.310095,-0.1372589,1.0
2454814.82772,0.9526249,-0.9580593,-2.286155,-0.1372749,-0.8308603999999999,-1.310122,-0.1372781,1.0
2454814.8364,0.957022,-0.9579711,-2.2861990000000003,-0.13729249999999998,-0.8309228000000001,-1.310147,-0.13729570000000002,1.0
2454814.8435,1.008607,-0.957899,-2.286234,-0.1373069,-0.8309738000000001,-1.310168,-0.13731,1.0
2454814.8498,1.030201,-0.9578351,-2.286266,-0.1373196,-0.8310190999999999,-1.310186,-0.1373228,1.0
2454814.85611,1.040692,-0.957771,-2.286298,-0.1373324,-0.8310645000000001,-1.310204,-0.1373356,1.0
2454814.86243,1.044533,-0.9577068,-2.28633,-0.13734520000000006,-0.8311099000000001,-1.310222,-0.13734839999999998,1.0
2454814.8687400003,1.030201,-0.9576427,-2.286362,-0.13735799999999998,-0.8311552,-1.310241,-0.13736120000000002,1.0
2454814.87583,1.027358,-0.9575707,-2.286397,-0.1373724,-0.8312062,-1.310261,-0.1373756,1.0
2454814.8821400004,1.025468,-0.9575066,-2.286429,-0.1373852,-0.8312514999999999,-1.3102790000000002,-0.1373883,1.0
2454829.53405,0.9251214,-0.8068338,-2.355526,-0.1667688,-0.9360561,-1.3807120000000002,-0.1667714,1.0
2454829.5373,0.9090731,-0.8068,-2.35554,-0.1667753,-0.9360787,-1.380733,-0.16677779999999998,1.0
2454829.54045,0.903231,-0.8067671999999999,-2.355554,-0.1667815,-0.9361005,-1.380755,-0.16678410000000002,1.0
2454829.5444,0.9007387,-0.8067261,-2.355572,-0.1667894,-0.9361279,-1.380781,-0.1667919,1.0
2454829.54755,0.8851131,-0.8066934,-2.355585,-0.16679560000000002,-0.9361497,-1.380802,-0.1667982,1.0
2454829.55071,0.8826709999999999,-0.8066605,-2.355599,-0.1668019,-0.9361716,-1.380823,-0.1668044,1.0
2454829.55387,0.8778068000000001,-0.8066276,-2.355613,-0.1668081,-0.9361935,-1.380845,-0.1668107,1.0
2454829.55702,0.8586158000000002,-0.8065948000000001,-2.355627,-0.1668144,-0.9362154,-1.380866,-0.1668169,1.0
2454829.56017,0.8641694999999999,-0.8065621000000001,-2.355641,-0.1668206,-0.9362372,-1.380887,-0.16682320000000006,1.0
2454829.56333,0.8530976999999998,-0.8065292,-2.355655,-0.1668269,-0.9362591,-1.380908,-0.16682950000000002,1.0
2454829.56728,0.8523122999999999,-0.8064880999999999,-2.355672,-0.16683470000000006,-0.9362865,-1.380935,-0.1668373,1.0
2454829.57043,0.8705601000000001,-0.8064553000000001,-2.355686,-0.16684100000000002,-0.9363083,-1.380956,-0.1668435,1.0
2454829.57359,0.8778068000000001,-0.8064225,-2.3557,-0.1668473,-0.9363302,-1.380977,-0.1668498,1.0
2454829.57674,0.8883803,-0.8063897,-2.355713,-0.16685350000000002,-0.936352,-1.380998,-0.1668561,1.0
2454829.5799,0.8974264000000001,-0.8063568,-2.355727,-0.1668598,-0.9363739,-1.38102,-0.1668623,1.0
2454829.58384,0.9132695,-0.8063158,-2.355745,-0.1668676,-0.9364012,-1.381046,-0.1668701,1.0
2454829.58699,0.9302483,-0.806283,-2.355758,-0.1668738,-0.936423,-1.381067,-0.16687639999999998,1.0
2454829.59015,0.9475428,-0.8062501,-2.355772,-0.1668801,-0.9364449,-1.381089,-0.1668826,1.0
2454829.59331,0.9624958,-0.8062173,-2.355786,-0.1668864,-0.9364668,-1.38111,-0.16688889999999998,1.0
2454829.59646,0.9821974,-0.8061845,-2.3558,-0.1668926,-0.9364886999999998,-1.381131,-0.16689520000000002,1.0
2454829.59962,0.9949446,-0.8061516,-2.355814,-0.16689890000000002,-0.9365105,-1.381152,-0.16690139999999998,1.0
2454829.60277,1.013442,-0.8061189000000001,-2.355828,-0.16690510000000006,-0.9365324,-1.381174,-0.16690770000000002,1.0
2454829.60593,1.019058,-0.806086,-2.355841,-0.16691140000000002,-0.9365543,-1.3811950000000002,-0.16691389999999998,1.0
2454829.60908,1.032283,-0.8060531999999999,-2.355855,-0.16691760000000005,-0.9365761,-1.381216,-0.16692020000000002,1.0
2454829.61224,1.043756,-0.8060203,-2.355869,-0.1669239,-0.936598,-1.381237,-0.1669265,1.0
2454829.61539,1.055356,-0.8059875,-2.3558830000000004,-0.1669302,-0.9366198,-1.381259,-0.16693270000000002,1.0
2454829.61855,1.066102,-0.8059546999999999,-2.355897,-0.1669364,-0.9366417,-1.3812799999999998,-0.166939,1.0
2454829.6217,1.069052,-0.8059219,-2.355911,-0.16694270000000005,-0.9366635,-1.381301,-0.16694520000000002,1.0
2454829.62486,1.074976,-0.8058890000000001,-2.3559240000000004,-0.1669489,-0.9366854,-1.381322,-0.1669515,1.0
2454829.62801,1.076958,-0.8058562,-2.355938,-0.16695520000000005,-0.9367072,-1.381344,-0.1669577,1.0
2454829.63117,1.074976,-0.8058234000000001,-2.355952,-0.1669615,-0.9367291,-1.381365,-0.166964,1.0
2454829.63432,1.082926,-0.8057906,-2.355966,-0.16696770000000002,-0.9367509,-1.381386,-0.1669702,1.0
2454829.63748,1.086923,-0.8057576999999999,-2.35598,-0.166974,-0.9367728,-1.381407,-0.1669765,1.0
2454829.6406400003,1.089931,-0.8057248,-2.355994,-0.16698020000000002,-0.9367947,-1.381429,-0.1669828,1.0
2454829.64458,1.106111,-0.8056838000000001,-2.356011,-0.166988,-0.936822,-1.381455,-0.1669906,1.0
2454829.64773,1.122533,-0.805651,-2.356025,-0.1669943,-0.9368438,-1.381477,-0.16699679999999995,1.0
2454829.65089,1.136053,-0.8056182,-2.356039,-0.1670006,-0.9368657,-1.381498,-0.1670031,1.0
2454829.65404,1.142349,-0.8055854,-2.356052,-0.1670068,-0.9368875,-1.381519,-0.1670094,1.0
2454829.65799,1.158241,-0.8055443,-2.35607,-0.1670146,-0.9369148000000002,-1.381546,-0.1670172,1.0
2454829.66114,1.167882,-0.8055114999999999,-2.356084,-0.16702089999999994,-0.9369367,-1.381567,-0.1670234,1.0
2454829.6650900003,1.163587,-0.8054704,-2.356101,-0.1670287,-0.936964,-1.381594,-0.1670313,1.0
2454829.66824,1.164659,-0.8054376,-2.356115,-0.167035,-0.9369858,-1.381615,-0.1670375,1.0
2454829.6713900003,1.160376,-0.8054048,-2.356128,-0.1670412,-0.9370076,-1.381636,-0.16704370000000002,1.0
2454829.67455,1.155045,-0.805372,-2.356142,-0.1670475,-0.9370295,-1.381657,-0.16705,1.0
2454829.67771,1.14868,-0.8053391,-2.356156,-0.1670537,-0.9370514,-1.381679,-0.1670563,1.0
2454829.68165,1.147622,-0.8052981,-2.356173,-0.1670616,-0.9370787,-1.381705,-0.16706410000000002,1.0
2454829.6848,1.139197,-0.8052653000000001,-2.356187,-0.1670678,-0.9371005,-1.381727,-0.1670703,1.0
2454829.68874,1.127714,-0.8052243,-2.356204,-0.16707560000000002,-0.9371278,-1.381753,-0.1670782,1.0
2454829.6919,1.128753,-0.8051914000000001,-2.356218,-0.1670819,-0.9371496,-1.381775,-0.1670844,1.0
2454829.69506,1.112241,-0.8051585,-2.356232,-0.16708810000000002,-0.9371715,-1.3817959999999998,-0.1670907,1.0
2454829.69821,1.102044,-0.8051258000000001,-2.356246,-0.1670944,-0.9371933,-1.381817,-0.1670969,1.0
2454829.70137,1.0939530000000002,-0.8050929,-2.35626,-0.16710070000000002,-0.9372152,-1.381839,-0.1671032,1.0
2454829.70531,1.0799379999999998,-0.8050519,-2.356277,-0.1671085,-0.9372425,-1.381865,-0.16711099999999998,1.0
2454829.70847,1.058276,-0.8050189999999999,-2.356291,-0.1671147,-0.9372643,-1.381887,-0.16711729999999994,1.0
2454829.71162,1.046643,-0.8049861999999999,-2.356305,-0.167121,-0.9372861,-1.381908,-0.16712349999999998,1.0
2454829.71478,1.034186,-0.8049533,-2.356319,-0.16712729999999998,-0.937308,-1.3819290000000002,-0.16712979999999994,1.0
2454829.71793,1.019997,-0.8049205,-2.356332,-0.1671335,-0.9373298,-1.381951,-0.16713599999999998,1.0
2454829.72187,1.01531,-0.8048795,-2.35635,-0.16714129999999994,-0.9373571,-1.381977,-0.16714389999999998,1.0
2454829.72503,0.9940288,-0.8048466999999999,-2.356363,-0.1671476,-0.937379,-1.381999,-0.1671501,1.0
2454829.72818,0.9776845,-0.8048139,-2.356377,-0.1671538,-0.9374008,-1.38202,-0.16715639999999998,1.0
2454829.73134,0.9705074,-0.8047810000000001,-2.356391,-0.1671601,-0.9374226,-1.382041,-0.1671626,1.0
2454829.73449,0.9616099,-0.8047482,-2.356405,-0.1671663,-0.9374444,-1.3820629999999998,-0.16716889999999998,1.0
2454829.73764,0.945799,-0.8047154000000001,-2.356419,-0.1671726,-0.9374662,-1.382084,-0.1671751,1.0
2454829.7408,0.9371277,-0.8046825,-2.356433,-0.1671788,-0.9374881,-1.382105,-0.16718139999999998,1.0
2454829.74395,0.9191765,-0.8046498000000001,-2.356446,-0.1671851,-0.9375099,-1.382127,-0.1671876,1.0
2454829.74711,0.9124286,-0.8046169,-2.35646,-0.1671913,-0.9375318,-1.382148,-0.16719389999999998,1.0
2454829.75026,0.8916591999999999,-0.8045840999999999,-2.356474,-0.1671976,-0.9375535,-1.382169,-0.1672001,1.0
2454829.75342,0.8834844999999999,-0.8045512,-2.356488,-0.1672039,-0.9375754,-1.382191,-0.16720639999999998,1.0
2454829.75657,0.8681583,-0.8045184,-2.356502,-0.1672101,-0.9375972,-1.382212,-0.1672126,1.0
2454829.75972,0.8633735999999999,-0.8044857,-2.3565150000000004,-0.1672164,-0.937619,-1.382233,-0.16721889999999998,1.0
2454829.76288,0.8625789,-0.8044528000000001,-2.356529,-0.1672226,-0.9376409,-1.382255,-0.16722520000000002,1.0
2454829.76682,0.8689583000000001,-0.8044117,-2.356546,-0.16723039999999995,-0.9376681,-1.382281,-0.167233,1.0
2454829.7699700003,0.8794249,-0.804379,-2.35656,-0.16723670000000002,-0.9376899,-1.382303,-0.1672392,1.0
2454829.77313,0.8974264000000001,-0.8043461,-2.356574,-0.16724289999999994,-0.9377118,-1.382324,-0.1672455,1.0
2454829.77786,0.9217197,-0.8042969,-2.356595,-0.1672523,-0.9377445,-1.382356,-0.16725489999999998,1.0
2454829.78102,0.9268272,-0.804264,-2.356609,-0.1672586,-0.9377664,-1.382378,-0.16726110000000002,1.0
2454829.78417,0.9336815,-0.8042312,-2.356622,-0.1672648,-0.9377882,-1.382399,-0.1672674,1.0
2453413.55162,0.9878218,2.151232,-1.845769,-0.521968,1.359151,-1.256584,-0.521965,1.0
2453413.56019,1.012695,2.151296,-1.845712,-0.5219702,1.359124,-1.256646,-0.5219672000000001,1.0
2453413.56722,1.020184,2.151348,-1.845665,-0.5219719,1.359102,-1.256697,-0.5219689000000001,1.0
2453413.57426,1.010831,2.1514,-1.845618,-0.5219737,1.3590799999999998,-1.256748,-0.5219707,1.0
2453413.58132,1.015496,2.151452,-1.845571,-0.5219755,1.359058,-1.256798,-0.5219725000000001,1.0
2453413.58838,1.008042,2.151505,-1.845524,-0.5219773,1.359036,-1.256849,-0.5219743,1.0
2453413.59542,1.0192450000000002,2.151557,-1.845477,-0.521979,1.359014,-1.2569,-0.521976,1.0
2453413.61627,1.017369,2.151712,-1.845338,-0.5219843,1.358949,-1.25705,-0.5219813,1.0
2453413.62306,1.025837,2.151762,-1.845293,-0.521986,1.358928,-1.257099,-0.521983,1.0
2453413.63009,1.018307,2.151814,-1.845246,-0.5219878,1.358906,-1.25715,-0.5219847,1.0
2453413.63713,1.017369,2.151867,-1.8451990000000005,-0.5219895,1.358884,-1.257201,-0.5219865,1.0
2453413.64402,1.017369,2.151918,-1.845153,-0.5219912999999999,1.358863,-1.257251,-0.5219883,1.0
2453413.65082,1.0145620000000002,2.151968,-1.845108,-0.521993,1.358842,-1.2573,-0.52199,1.0
2453413.65786,1.011762,2.1520200000000003,-1.845061,-0.5219947,1.35882,-1.257351,-0.5219917000000001,1.0
2453413.6648,1.015496,2.152072,-1.845015,-0.5219965,1.358798,-1.257401,-0.5219935,1.0
2453413.67184,1.020184,2.152124,-1.844968,-0.5219982,1.358777,-1.257451,-0.5219952,1.0
2453413.67927,1.027729,2.1521790000000003,-1.844918,-0.5220001,1.358754,-1.257505,-0.5219971,1.0
2453413.6866900004,1.013628,2.152234,-1.844869,-0.5220020000000001,1.358731,-1.257559,-0.521999,1.0
2453413.69377,1.013628,2.152287,-1.844821,-0.5220037000000001,1.358709,-1.25761,-0.5220007000000001,1.0
2453413.7099900004,1.015496,2.152407,-1.844713,-0.5220077999999999,1.358658,-1.257727,-0.5220047999999999,1.0
2453413.71699,1.006186,2.152459,-1.844667,-0.5220096,1.358637,-1.257778,-0.5220066,1.0
2453413.72403,1.010831,2.152511,-1.84462,-0.5220113000000001,1.358615,-1.257829,-0.5220083,1.0
2453413.73179,0.9960441,2.152569,-1.844568,-0.5220133,1.358591,-1.257885,-0.5220103,1.0
2453413.73919,1.00341,2.1526240000000003,-1.844518,-0.5220151,1.358568,-1.257938,-0.5220121,1.0
2453413.74613,1.001563,2.152675,-1.844472,-0.5220169,1.358547,-1.257988,-0.5220139,1.0
2453413.75316,0.9978801,2.152727,-1.844425,-0.5220186,1.358525,-1.258039,-0.5220156,1.0
2453413.76023,1.002486,2.15278,-1.844378,-0.5220204,1.358503,-1.25809,-0.5220174,1.0
2453413.76698,0.9960441,2.15283,-1.844333,-0.5220220999999999,1.358483,-1.258139,-0.5220191,1.0
2453413.77405,1.001563,2.152882,-1.844286,-0.5220238,1.358461,-1.25819,-0.5220208,1.0
2453413.78093,0.9969621,2.152933,-1.84424,-0.5220256,1.35844,-1.25824,-0.5220226,1.0
2453413.78762,0.9987997,2.1529830000000003,-1.844195,-0.5220273,1.358419,-1.258289,-0.5220242,1.0
2453413.79465,0.9969621,2.153035,-1.8441490000000005,-0.522029,1.358398,-1.25834,-0.522026,1.0
2453413.80172,0.9942106,2.153088,-1.844101,-0.5220308,1.358376,-1.258391,-0.5220278,1.0
2453413.80878,0.9896431999999998,2.15314,-1.844054,-0.5220325,1.358354,-1.258442,-0.5220295,1.0
2453413.8158400003,0.9878218,2.153192,-1.844007,-0.5220343,1.358332,-1.258493,-0.5220313,1.0
2453413.82288,0.985096,2.153244,-1.84396,-0.5220361,1.358311,-1.258544,-0.5220331,1.0
2453413.82973,0.9841894,2.153295,-1.843915,-0.5220378,1.35829,-1.258594,-0.5220348,1.0
2453413.8367,0.9778643,2.153347,-1.843868,-0.5220395,1.358269,-1.258644,-0.5220365,1.0
2453413.84376,0.9742683,2.1533990000000003,-1.843821,-0.5220412999999999,1.358247,-1.258695,-0.5220383,1.0
2453413.85071,0.9796671999999998,2.153451,-1.843775,-0.522043,1.358226,-1.258746,-0.52204,1.0
2453413.85757,0.9724751,2.153502,-1.843729,-0.5220447,1.358205,-1.2587959999999998,-0.5220417,1.0
2453413.86461,0.9635591999999998,2.153554,-1.843682,-0.5220465,1.358183,-1.2588469999999998,-0.5220435,1.0
2453413.87169,0.9715796999999998,2.153606,-1.843635,-0.5220483,1.358161,-1.258898,-0.5220452999999999,1.0
2453413.87875,0.9742683,2.153659,-1.843587,-0.52205,1.35814,-1.258949,-0.522047,1.0
2453413.88576,0.985096,2.153711,-1.843541,-0.5220518,1.358119,-1.259,-0.5220488,1.0
2453413.8928400003,0.9869118,2.153763,-1.843493,-0.5220535,1.358097,-1.259051,-0.5220505999999999,1.0
2453413.9009700003,0.9805699,2.153823,-1.843439,-0.5220556,1.358072,-1.25911,-0.5220526,1.0
2453413.90913,0.9932958,2.153884,-1.843385,-0.5220576,1.358047,-1.25917,-0.5220545999999999,1.0
2453413.91617,0.9878218,2.153936,-1.843338,-0.5220594,1.358026,-1.259221,-0.5220564,1.0
2453413.9231,0.9951269,2.153988,-1.843292,-0.5220611,1.358005,-1.2592709999999998,-0.5220581,1.0
2453413.93005,0.9960441,2.154039,-1.843245,-0.5220627999999999,1.357984,-1.2593219999999998,-0.5220598,1.0
2453413.93708,0.9969621,2.154091,-1.843198,-0.5220646,1.357962,-1.259373,-0.5220616,1.0
2453413.94412,0.992381,2.154143,-1.843151,-0.5220663,1.357941,-1.259424,-0.5220633,1.0
2453413.95118,1.020184,2.154196,-1.843104,-0.5220680999999999,1.357919,-1.259475,-0.5220651,1.0
2453413.96145,1.017369,2.154272,-1.843036,-0.5220706,1.357888,-1.25955,-0.5220677,1.0
2453434.5371,1.0181639999999998,2.301062,-1.7010439999999998,-0.5258388,1.345371,-1.435696,-0.5258371000000001,1.0
2453434.5416200003,1.012553,2.301093,-1.701012,-0.5258394000000001,1.34538,-1.435739,-0.5258377,1.0
2453434.5447,1.0181639999999998,2.301114,-1.7009900000000002,-0.5258397,1.345386,-1.435769,-0.525838,1.0
2453434.54778,1.0079,2.301135,-1.700968,-0.5258401,1.345392,-1.435798,-0.5258384,1.0
2453434.5513,1.0181639999999998,2.301159,-1.700943,-0.5258404999999999,1.345399,-1.435831,-0.5258388,1.0
2453434.55435,1.017227,2.30118,-1.700921,-0.5258409,1.345405,-1.435861,-0.5258392,1.0
2453434.55746,1.013486,2.301201,-1.7008990000000002,-0.5258411999999999,1.345411,-1.43589,-0.5258395,1.0
2453434.56053,1.019102,2.301222,-1.700877,-0.5258416,1.345417,-1.435919,-0.5258399,1.0
2453434.56362,1.017227,2.301244,-1.700855,-0.525842,1.345423,-1.435949,-0.5258403,1.0
2453434.56714,1.010689,2.301268,-1.7008299999999998,-0.5258424,1.34543,-1.435982,-0.5258406999999999,1.0
2453434.57022,1.013486,2.301289,-1.700808,-0.5258427,1.345436,-1.436012,-0.525841,1.0
2453434.5737400004,1.0079,2.301313,-1.7007830000000002,-0.5258431,1.345443,-1.436045,-0.5258414,1.0
2453434.57682,1.010689,2.301334,-1.700761,-0.5258435,1.345449,-1.436075,-0.5258418,1.0
2453434.57993,1.010689,2.301355,-1.700739,-0.5258439,1.345456,-1.436104,-0.5258421999999999,1.0
2453434.58306,1.000501,2.301377,-1.7007169999999998,-0.5258441999999999,1.3454620000000002,-1.436134,-0.5258425,1.0
2453434.58618,1.002346,2.301398,-1.700694,-0.5258446,1.345468,-1.436164,-0.5258429,1.0
2453434.5897,1.005119,2.301422,-1.7006689999999998,-0.525845,1.345475,-1.436197,-0.5258433000000001,1.0
2453434.59281,1.000501,2.301444,-1.700647,-0.5258454,1.345481,-1.436227,-0.5258437,1.0
2453434.59633,1.004194,2.301468,-1.700622,-0.5258458,1.345488,-1.43626,-0.5258440999999999,1.0
2453434.59942,0.996822,2.301489,-1.7006,-0.5258461999999999,1.345494,-1.43629,-0.5258444999999999,1.0
2453434.60296,0.9977404,2.301513,-1.700575,-0.5258465999999999,1.345501,-1.436324,-0.5258449000000001,1.0
2453434.6060900004,0.9949872,2.301535,-1.700553,-0.5258469,1.345507,-1.436353,-0.5258451999999999,1.0
2453434.6091,0.9885934,2.301555,-1.7005310000000002,-0.5258473000000001,1.345513,-1.436382,-0.5258456,1.0
2453434.61211,0.98224,2.301576,-1.7005099999999995,-0.5258476,1.345519,-1.436411,-0.5258459,1.0
2453434.61522,0.976827,2.301597,-1.700488,-0.525848,1.345526,-1.43644,-0.5258463000000001,1.0
2453434.61877,0.9777268,2.301621,-1.700462,-0.5258484,1.345533,-1.436474,-0.5258467,1.0
2453434.62235,0.9795295,2.301646,-1.700437,-0.5258488,1.34554,-1.436508,-0.5258470999999999,1.0
2453434.62546,0.9831451,2.301667,-1.7004150000000002,-0.5258491999999999,1.345546,-1.436538,-0.5258475,1.0
2453434.62858,0.9913284,2.301689,-1.700392,-0.5258496,1.345552,-1.436568,-0.5258479,1.0
2453434.63167,0.984958,2.30171,-1.7003700000000002,-0.5258499,1.345558,-1.436597,-0.5258482,1.0
2453434.63478,0.9777268,2.301731,-1.700348,-0.5258503000000001,1.345565,-1.436627,-0.5258486,1.0
2453434.63829,0.976827,2.301755,-1.700323,-0.5258507,1.345572,-1.43666,-0.525849,1.0
2453434.64138,0.9831451,2.301776,-1.7003009999999998,-0.5258510999999999,1.3455780000000002,-1.43669,-0.5258494,1.0
2453434.64448,0.9741314,2.301798,-1.700279,-0.5258514,1.345584,-1.436719,-0.5258497,1.0
2453434.64844,0.975029,2.301825,-1.7002509999999995,-0.5258519,1.345592,-1.436757,-0.5258501999999999,1.0
2453434.6515200003,0.9795295,2.301846,-1.700229,-0.5258523,1.3455979999999998,-1.436786,-0.5258506,1.0
2453434.69006,0.9867736,2.30211,-1.699955,-0.5258567,1.345675,-1.437153,-0.5258550999999999,1.0
2453434.6940200003,0.9931562,2.302137,-1.6999259999999998,-0.5258571999999999,1.345683,-1.437191,-0.5258555,1.0
2453434.69911,1.006972,2.302172,-1.69989,-0.5258578,1.345694,-1.43724,-0.5258560999999999,1.0
2453434.70459,1.0079,2.302209,-1.6998509999999998,-0.5258584,1.345705,-1.437292,-0.5258567,1.0
2453434.70854,0.99958,2.302236,-1.699823,-0.5258589,1.345713,-1.43733,-0.5258571999999999,1.0
2453434.71358,0.9986599,2.302271,-1.699787,-0.5258595,1.345723,-1.437378,-0.5258578,1.0
2453434.72508,0.9931562,2.30235,-1.699705,-0.5258608,1.345746,-1.4374870000000002,-0.5258590999999999,1.0
2453434.72905,0.996822,2.302377,-1.699677,-0.5258613,1.345754,-1.437525,-0.5258596,1.0
2453434.73413,1.000501,2.302412,-1.699641,-0.5258619000000001,1.345764,-1.437574,-0.5258602,1.0
2453434.73768,1.001423,2.302436,-1.699615,-0.5258623,1.3457709999999998,-1.437607,-0.5258606,1.0
2453434.74075,1.025694,2.302457,-1.6995939999999998,-0.5258626999999999,1.345778,-1.437637,-0.5258609999999999,1.0
2453434.74427,1.011621,2.302481,-1.699568,-0.5258630999999999,1.345785,-1.43767,-0.5258614,1.0
2453434.74735,1.005119,2.302502,-1.699546,-0.5258634,1.345791,-1.4377,-0.5258616999999999,1.0
2453442.54049,1.018829,2.355021,-1.64342,-0.5265785,1.369626,-1.513401,-0.5265774000000001,1.0
2453442.5467,1.017891,2.355062,-1.643375,-0.5265789000000001,1.369651,-1.513462,-0.5265778,1.0
2453442.55131,1.026363,2.355093,-1.643342,-0.5265791999999999,1.3696700000000002,-1.513507,-0.5265781,1.0
2453442.55442,1.014148,2.355113,-1.643319,-0.5265794,1.369683,-1.5135379999999998,-0.5265783,1.0
2453442.5591,1.022589,2.355144,-1.643285,-0.5265797,1.369702,-1.513584,-0.5265786,1.0
2453442.56231,1.009488,2.355166,-1.643262,-0.52658,1.369716,-1.513615,-0.5265788,1.0
2453442.56852,1.016017,2.355207,-1.643216,-0.5265804000000001,1.369741,-1.513677,-0.5265791999999999,1.0
2453442.57162,1.001155,2.355227,-1.6431939999999998,-0.5265806,1.369754,-1.513707,-0.5265794,1.0
2453442.57475,1.009488,2.355248,-1.643171,-0.5265808000000001,1.369767,-1.513738,-0.5265797,1.0
2453442.57786,1.008559,2.355269,-1.643148,-0.5265810000000001,1.369779,-1.513768,-0.5265799,1.0
2453442.58097,1.003925,2.355289,-1.643126,-0.5265812,1.369792,-1.513799,-0.5265801,1.0
2453442.5840000003,1.006703,2.355309,-1.643104,-0.5265814,1.369805,-1.513829,-0.5265803000000001,1.0
2453442.58709,1.005776,2.35533,-1.6430810000000002,-0.5265816,1.369817,-1.513859,-0.5265805,1.0
2453442.5901900004,1.008559,2.355351,-1.643059,-0.5265818,1.36983,-1.51389,-0.5265807,1.0
2453442.5933,1.001155,2.355371,-1.6430360000000002,-0.526582,1.369843,-1.5139200000000002,-0.5265809,1.0
2453442.59641,1.009488,2.355392,-1.643013,-0.5265821999999999,1.369856,-1.513951,-0.5265811,1.0
2453442.60078,1.012281,2.355421,-1.642982,-0.5265825,1.369874,-1.513994,-0.5265814,1.0
2453442.60516,1.00485,2.35545,-1.64295,-0.5265828,1.369892,-1.514037,-0.5265816999999999,1.0
2453442.60964,1.002077,2.355479,-1.6429169999999995,-0.5265831,1.36991,-1.514081,-0.526582,1.0
2453442.61272,1.00485,2.3555,-1.642895,-0.5265833000000001,1.369923,-1.514112,-0.5265821999999999,1.0
2453442.61581,1.009488,2.3555200000000003,-1.642872,-0.5265835,1.369936,-1.514142,-0.5265824,1.0
2453442.6189,1.003925,2.355541,-1.64285,-0.5265837,1.369948,-1.514172,-0.5265826,1.0
2453442.62191,1.016954,2.355561,-1.642828,-0.5265839,1.369961,-1.514202,-0.5265828,1.0
2453442.62636,1.00763,2.3555900000000003,-1.642795,-0.5265842,1.369979,-1.514246,-0.5265831,1.0
2453442.63074,1.016017,2.355619,-1.6427630000000002,-0.5265845,1.369997,-1.514289,-0.5265834,1.0
2453442.63376,1.005776,2.355639,-1.642741,-0.5265847,1.37001,-1.514319,-0.5265835999999999,1.0
2453442.6368400003,1.00763,2.35566,-1.6427189999999998,-0.5265849,1.370022,-1.514349,-0.5265838,1.0
2453442.63993,1.00485,2.35568,-1.642697,-0.5265850999999999,1.370035,-1.514379,-0.526584,1.0
2453442.64432,1.003925,2.355709,-1.642665,-0.5265854,1.370053,-1.514423,-0.5265843000000001,1.0
2453442.64743,1.005776,2.35573,-1.642642,-0.5265857,1.370066,-1.514453,-0.5265845,1.0
2453442.65051,1.003001,2.35575,-1.6426189999999998,-0.5265859,1.370079,-1.514484,-0.5265847,1.0
2453442.65363,1.002077,2.355771,-1.642597,-0.5265861,1.370092,-1.514514,-0.5265849,1.0
2453442.65674,1.00763,2.355792,-1.6425740000000002,-0.5265863000000001,1.370104,-1.514545,-0.5265850999999999,1.0
2453442.65982,1.006703,2.355812,-1.642552,-0.5265865,1.370117,-1.514575,-0.5265853,1.0
2453442.66291,1.003001,2.355833,-1.642529,-0.5265867,1.3701299999999998,-1.514606,-0.5265856,1.0
2453442.66601,1.00485,2.355853,-1.642507,-0.5265869000000001,1.370143,-1.514636,-0.5265858,1.0
2453442.66909,1.000233,2.355873,-1.642484,-0.5265871,1.370155,-1.514666,-0.526586,1.0
2453442.67218,0.997473,2.355894,-1.642462,-0.5265873000000001,1.370168,-1.514697,-0.5265861999999999,1.0
2453442.67529,0.9956374,2.355915,-1.642439,-0.5265875,1.370181,-1.514728,-0.5265864,1.0
2453442.67986,0.9919761,2.355945,-1.642406,-0.5265878,1.3702,-1.514773,-0.5265867,1.0
2453442.68438,0.9956374,2.355975,-1.642373,-0.5265880999999999,1.370219,-1.514817,-0.526587,1.0
2453442.68873,0.9947208,2.356004,-1.642341,-0.5265884,1.370237,-1.51486,-0.5265873000000001,1.0
2453442.69313,0.9901505,2.356033,-1.642309,-0.5265887,1.370255,-1.514903,-0.5265876,1.0
2453442.69614,0.9846938,2.356053,-1.6422869999999998,-0.5265889,1.370267,-1.514933,-0.5265878,1.0
2453442.6992,0.9883281,2.356073,-1.642265,-0.5265890999999999,1.37028,-1.5149629999999998,-0.5265880000000001,1.0
2453442.70231,0.9865093,2.356094,-1.6422419999999998,-0.5265893,1.370293,-1.514994,-0.5265882,1.0
2453442.70542,0.9846938,2.356114,-1.64222,-0.5265895,1.370306,-1.515024,-0.5265884,1.0
2453442.70853,0.9828816,2.356135,-1.642197,-0.5265896999999999,1.370319,-1.5150549999999998,-0.5265886,1.0
2453442.71165,0.9774649,2.356155,-1.6421740000000002,-0.5265899,1.370332,-1.515085,-0.5265888000000001,1.0
2453442.71478,0.9856011,2.356176,-1.642151,-0.5265901,1.370345,-1.515116,-0.5265890000000001,1.0
2453442.71785,0.9819767,2.3561970000000003,-1.6421290000000002,-0.5265903000000001,1.370357,-1.515147,-0.5265892,1.0
2453442.72097,0.9883281,2.356217,-1.642106,-0.5265905,1.37037,-1.515177,-0.5265894,1.0
2453442.72408,0.9865093,2.3562380000000003,-1.642084,-0.5265907,1.370383,-1.515208,-0.5265896,1.0
2453442.72718,0.9892389,2.356258,-1.642061,-0.5265909000000001,1.370396,-1.515238,-0.5265898,1.0
2453442.7302900003,0.9892389,2.356279,-1.642038,-0.5265911,1.370409,-1.515269,-0.52659,1.0
2453442.73337,0.9901505,2.3562990000000004,-1.642016,-0.5265914,1.370422,-1.515299,-0.5265901999999999,1.0
2453442.73648,0.9837873,2.35632,-1.641993,-0.5265916,1.370435,-1.5153299999999998,-0.5265904,1.0
2453442.7396,0.9883281,2.356341,-1.6419709999999998,-0.5265918,1.370448,-1.515361,-0.5265906,1.0
2453442.74268,0.997473,2.356361,-1.641948,-0.5265920000000001,1.37046,-1.515391,-0.5265909000000001,1.0
2453442.76475,0.9956374,2.356507,-1.641787,-0.5265934,1.370552,-1.515608,-0.5265923,1.0
2453442.76785,0.9947208,2.356528,-1.641765,-0.5265936,1.370565,-1.515639,-0.5265925,1.0
2453442.77095,0.9837873,2.356548,-1.6417419999999998,-0.5265938,1.370578,-1.5156690000000002,-0.5265926999999999,1.0
2453447.52917,1.020787,2.3877490000000003,-1.606865,-0.5268369,1.393433,-1.562635,-0.5268361,1.0
2453447.53299,1.01797,2.3877740000000003,-1.606837,-0.5268371000000001,1.3934540000000002,-1.562673,-0.5268363,1.0
2453447.5368,1.01797,2.387799,-1.606809,-0.5268371999999999,1.393475,-1.56271,-0.5268364000000001,1.0
2453447.54062,1.022669,2.387823,-1.606781,-0.5268374,1.3934959999999998,-1.562748,-0.5268366,1.0
2453447.54445,1.040723,2.387848,-1.606752,-0.5268375,1.393517,-1.562786,-0.5268366999999999,1.0
2453447.5482400004,1.001233,2.387873,-1.606724,-0.5268376,1.393537,-1.562823,-0.5268368,1.0
2453447.55208,1.005854,2.387898,-1.606696,-0.5268378,1.393558,-1.562861,-0.526837,1.0
2453447.55588,0.9966326,2.387922,-1.606668,-0.5268379,1.393579,-1.562899,-0.5268371000000001,1.0
2453447.55973,1.010497,2.387947,-1.60664,-0.5268381,1.3936,-1.562937,-0.5268373000000001,1.0
2453447.56356,0.9966326,2.387972,-1.606611,-0.5268381999999999,1.393621,-1.562975,-0.5268374,1.0
2453447.56741,1.001233,2.387997,-1.606583,-0.5268383000000001,1.393642,-1.563013,-0.5268375,1.0
2453447.57124,0.9929675,2.3880220000000003,-1.606555,-0.5268385,1.393663,-1.56305,-0.5268377,1.0
2453447.57505,1.002155,2.3880470000000003,-1.606527,-0.5268385999999999,1.393684,-1.5630879999999998,-0.5268378,1.0
2453447.5789,0.9902278,2.388072,-1.606498,-0.5268387,1.393705,-1.563126,-0.5268379,1.0
2453447.58255,1.022669,2.388096,-1.606471,-0.5268389,1.393725,-1.5631620000000002,-0.5268381,1.0
2453447.58637,1.004928,2.38812,-1.606443,-0.5268390000000001,1.393745,-1.5632,-0.5268381999999999,1.0
2453447.59017,0.9975511,2.388145,-1.606415,-0.5268392,1.393766,-1.563237,-0.5268384,1.0
2453447.594,0.9865863,2.38817,-1.606387,-0.5268393,1.393787,-1.563275,-0.5268385,1.0
2453447.59783,0.9893163,2.388195,-1.606359,-0.5268394000000001,1.393808,-1.563313,-0.5268385999999999,1.0
2453447.60166,1.009567,2.38822,-1.60633,-0.5268396,1.393829,-1.563351,-0.5268388,1.0
2453447.60545,1.009567,2.388244,-1.606302,-0.5268397,1.39385,-1.563388,-0.5268389,1.0
2453447.60927,0.9911403,2.388269,-1.606274,-0.5268398,1.393871,-1.563426,-0.5268390000000001,1.0
2453447.6129900003,1.004003,2.388293,-1.606247,-0.52684,1.393891,-1.5634629999999998,-0.5268392,1.0
2453447.61662,1.013293,2.388317,-1.60622,-0.5268401,1.393911,-1.563499,-0.5268393,1.0
2453447.6202700003,0.9975511,2.3883400000000004,-1.606193,-0.5268401999999999,1.393931,-1.563535,-0.5268394000000001,1.0
2453447.6241,0.9966326,2.3883650000000003,-1.606165,-0.5268403,1.393952,-1.563573,-0.5268396,1.0
2453447.62793,0.9929675,2.38839,-1.606137,-0.5268404999999999,1.393973,-1.56361,-0.5268397,1.0
2453447.63175,1.001233,2.388415,-1.606108,-0.5268406,1.393993,-1.563648,-0.5268398,1.0
2453447.63555,0.9929675,2.388439,-1.60608,-0.5268408,1.394014,-1.563686,-0.52684,1.0
2453447.63938,1.004928,2.388464,-1.606052,-0.5268409000000001,1.394035,-1.563723,-0.5268401,1.0
2453447.64317,1.008637,2.388489,-1.606024,-0.526841,1.394056,-1.563761,-0.5268401999999999,1.0
2453447.64701,0.9966326,2.388514,-1.605996,-0.5268411999999999,1.394077,-1.563799,-0.5268404000000001,1.0
2453447.65084,1.003079,2.388539,-1.605968,-0.5268413000000001,1.394098,-1.563837,-0.5268404999999999,1.0
2453447.65466,0.99939,2.388563,-1.605939,-0.5268414,1.394119,-1.563874,-0.5268406,1.0
2453447.65846,1.008637,2.388588,-1.605911,-0.5268416,1.39414,-1.5639120000000002,-0.5268408,1.0
2453447.66228,0.9957152,2.3886130000000003,-1.605883,-0.5268417,1.394161,-1.56395,-0.5268409000000001,1.0
2453447.66851,0.9957152,2.388653,-1.6058370000000002,-0.5268419,1.394195,-1.564011,-0.5268411,1.0
2453447.67234,1.018908,2.388678,-1.605809,-0.5268421,1.394216,-1.564049,-0.5268413000000001,1.0
2453447.67614,0.9911403,2.388703,-1.605781,-0.5268421999999999,1.3942370000000002,-1.564086,-0.5268414,1.0
2453447.67997,0.9884055,2.388728,-1.605753,-0.5268423000000001,1.394258,-1.564124,-0.5268415,1.0
2453447.68377,1.000311,2.388752,-1.605725,-0.5268425,1.394279,-1.564162,-0.5268417,1.0
2453447.6876,0.9975511,2.388777,-1.605696,-0.5268425999999999,1.3943,-1.5642,-0.5268418,1.0
2453447.6913900003,0.9966326,2.388802,-1.605668,-0.5268427,1.39432,-1.564237,-0.5268419,1.0
2453447.69521,0.9838639,2.388826,-1.60564,-0.5268429,1.394341,-1.564275,-0.5268421,1.0
2453447.6990400003,1.005854,2.388851,-1.605612,-0.5268430000000001,1.394362,-1.5643129999999998,-0.5268421999999999,1.0
2453447.70287,0.9874953000000002,2.388876,-1.605584,-0.5268431,1.394383,-1.56435,-0.5268423000000001,1.0
2453447.72226,0.9975511,2.389002,-1.605441,-0.5268438,1.39449,-1.564542,-0.5268430000000001,1.0
2453447.72799,1.000311,2.389039,-1.605398,-0.526844,1.394521,-1.564598,-0.5268432,1.0
2453447.7491200003,0.9802459,2.389176,-1.605242,-0.5268446999999999,1.3946379999999998,-1.564807,-0.526844,1.0
2453447.75293,0.978442,2.389201,-1.605214,-0.5268449000000001,1.394659,-1.564845,-0.5268440999999999,1.0
2453447.75675,0.9775412,2.389225,-1.605186,-0.526845,1.39468,-1.564882,-0.5268441999999999,1.0
2453427.5353200003,1.018204,2.252403,-1.7503830000000002,-0.5248598000000001,1.337923,-1.3707790000000002,-0.5248577,1.0
2453427.54174,1.011661,2.252448,-1.750339,-0.5248609000000001,1.337924,-1.370837,-0.5248588000000001,1.0
2453427.54814,1.034272,2.252493,-1.7502939999999998,-0.5248619000000001,1.337925,-1.370895,-0.5248598000000001,1.0
2453427.5544,1.041921,2.252537,-1.75025,-0.5248629,1.337926,-1.370951,-0.5248608,1.0
2453427.56072,1.00794,2.252582,-1.7502060000000002,-0.5248639,1.337927,-1.371008,-0.5248618,1.0
2453427.56714,1.020081,2.252627,-1.750162,-0.5248649999999999,1.337928,-1.371065,-0.5248629,1.0
2453427.57346,1.010729,2.252672,-1.750117,-0.5248659999999999,1.337929,-1.371122,-0.5248639,1.0
2453427.57983,1.000541,2.252717,-1.750073,-0.5248670999999999,1.3379299999999998,-1.371179,-0.5248649000000001,1.0
2453427.58612,1.00794,2.252761,-1.750029,-0.5248681,1.337932,-1.371236,-0.5248659999999999,1.0
2453427.5924400003,1.02479,2.252805,-1.749985,-0.5248691,1.337933,-1.371293,-0.524867,1.0
2453427.5988,1.019142,2.25285,-1.749941,-0.5248701,1.337934,-1.37135,-0.524868,1.0
2453427.6052200003,0.9886323,2.252895,-1.749896,-0.5248710999999999,1.337935,-1.371407,-0.5248689999999999,1.0
2453427.61162,1.005159,2.25294,-1.7498509999999998,-0.5248722,1.337936,-1.371465,-0.5248701,1.0
2453427.61793,1.051562,2.252985,-1.749807,-0.5248732,1.3379370000000002,-1.371522,-0.5248710999999999,1.0
2453427.63256,0.9768656,2.253088,-1.7497049999999998,-0.5248755999999999,1.33794,-1.371653,-0.5248735,1.0
2453427.64082,0.9822787,2.253146,-1.749648,-0.5248769,1.337942,-1.371727,-0.5248748000000001,1.0
2453427.64722,1.004234,2.253191,-1.7496029999999998,-0.5248779,1.337943,-1.371785,-0.5248758000000001,1.0
2453427.65346,1.004234,2.253235,-1.749559,-0.5248789,1.337944,-1.371841,-0.5248768,1.0
2453427.66478,0.9599195,2.253315,-1.74948,-0.5248808,1.337947,-1.371943,-0.5248786999999999,1.0
2453427.67113,0.9895433,2.25336,-1.749436,-0.5248818000000001,1.337948,-1.372,-0.5248797,1.0
2453427.67903,0.9877222,2.253415,-1.749381,-0.5248831,1.33795,-1.3720709999999998,-0.524881,1.0
2453427.68541,1.010729,2.25346,-1.749337,-0.5248841,1.337951,-1.372128,-0.524882,1.0
2453427.69166,0.9877222,2.253504,-1.749293,-0.5248851,1.337952,-1.372185,-0.524883,1.0
2453427.69807,0.9813745,2.253549,-1.749248,-0.5248861,1.337954,-1.372242,-0.524884,1.0
2453427.70439,0.971482,2.253594,-1.749204,-0.5248871,1.337955,-1.372299,-0.524885,1.0
2453427.71072,0.97417,2.253638,-1.7491599999999998,-0.5248881999999999,1.337956,-1.372356,-0.5248861,1.0
2453427.71712,0.9777656,2.253683,-1.7491150000000002,-0.5248892,1.337958,-1.372414,-0.5248871,1.0
2453427.7234400003,0.9822787,2.253728,-1.7490709999999998,-0.5248901999999999,1.337959,-1.37247,-0.5248881,1.0
2453427.72981,0.9859044,2.253773,-1.749027,-0.5248911999999999,1.33796,-1.372528,-0.5248891,1.0
2453427.73621,0.9831839,2.253818,-1.748982,-0.5248923000000001,1.337962,-1.372585,-0.5248901999999999,1.0
2453427.74262,0.9795683,2.253863,-1.748937,-0.5248933000000001,1.337963,-1.372643,-0.5248911999999999,1.0
2453427.74903,0.9822787,2.253908,-1.748893,-0.5248943,1.337965,-1.372701,-0.5248921999999999,1.0
2453427.75538,0.9868128,2.253953,-1.748848,-0.5248953000000001,1.337966,-1.372758,-0.5248932,1.0
2453427.76173,0.9941109,2.253997,-1.748804,-0.5248964,1.337967,-1.372815,-0.5248943,1.0
2453427.76787,0.9922813,2.254041,-1.748761,-0.5248974000000001,1.337969,-1.37287,-0.5248953000000001,1.0
2453427.77412,0.990455,2.254085,-1.748718,-0.5248984,1.33797,-1.372927,-0.5248961999999999,1.0
2453427.78043,0.99778,2.2541290000000003,-1.748674,-0.5248994,1.337972,-1.372983,-0.5248973000000001,1.0
2453427.78675,0.9950269,2.2541740000000003,-1.748629,-0.5249004,1.337973,-1.37304,-0.5248983,1.0
2453427.79314,0.9968614,2.254218,-1.7485849999999998,-0.5249014,1.337975,-1.373098,-0.5248993000000001,1.0
2453427.79945,1.01633,2.254263,-1.748541,-0.5249024,1.337976,-1.373155,-0.5249003000000001,1.0
2453427.80581,1.00794,2.254308,-1.7484959999999998,-0.5249034,1.337978,-1.373212,-0.5249013000000001,1.0
2453427.82454,1.001463,2.254439,-1.748366,-0.5249064,1.337982,-1.373381,-0.5249043000000001,1.0
2453427.8308900003,0.9922813,2.254484,-1.748321,-0.5249075,1.337984,-1.373438,-0.5249054,1.0
2453427.83718,1.01446,2.254528,-1.748277,-0.5249085,1.337985,-1.373495,-0.5249064,1.0
2453427.84341,1.004234,2.254572,-1.748234,-0.5249095,1.337987,-1.373551,-0.5249074,1.0
2453427.84975,1.007012,2.254617,-1.74819,-0.5249105,1.337988,-1.373608,-0.5249083999999999,1.0
2453427.85761,1.032369,2.254672,-1.7481349999999998,-0.5249117,1.33799,-1.373679,-0.5249096,1.0
2453427.86392,1.00794,2.254717,-1.748091,-0.5249128000000001,1.337992,-1.373735,-0.5249107,1.0
