2454460.664111,1.1396959999999998,0.50867656,-2.6375268,-0.18669203,0.44225612,-1.6563088,-0.18669434,1.0
2454460.665661,1.151301,0.50869273,-2.63752361,-0.1866926,0.44224525,-1.65630751,-0.18669491,1.0
2454460.668762,1.154486,0.5087251,-2.63751723,-0.18669373,0.44222351,-1.65630494,-0.18669604,1.0
2454460.671087,1.099484,0.50874935,-2.63751245,-0.18669458,0.44220722,-1.65630301,-0.18669689,1.0
2454460.674965,1.062647,0.50878982,-2.63750447,-0.186696,0.44218004,-1.6562998,-0.18669831,1.0
2454460.676514,1.033687,0.50880599,-2.63750128,-0.18669657,0.44216918,-1.65629851,-0.18669888,1.0
2454460.678065,1.065587,0.50882217,-2.63749809,-0.18669714,0.44215831,-1.65629723,-0.18669945,1.0
2454460.68194,0.996297,0.50886261,-2.63749011,-0.18669856,0.44213114,-1.65629403,-0.18670087,1.0
2454460.684269,0.9444715,0.50888692,-2.63748532,-0.18669941,0.44211482,-1.6562921000000002,-0.18670172,1.0
2454460.688141,0.8904078000000001,0.50892733,-2.63747735,-0.18670083,0.44208768,-1.65628891,-0.18670314,1.0
2454460.693568,0.8173140999999999,0.50898396,-2.63746617,-0.18670282,0.44204963,-1.65628444,-0.18670513,1.0
2454460.695118,0.8241171999999999,0.50900014,-2.63746298,-0.18670339,0.44203877,-1.65628316,-0.1867057,1.0
2454460.701318,0.7712386,0.50906484,-2.63745022,-0.18670566,0.44199531,-1.65627806,-0.18670797,1.0
2454460.70287,0.784854,0.50908104,-2.63744702,-0.18670623,0.44198443,-1.65627679,-0.18670854,1.0
2454460.705196,0.7385654,0.50910531,-2.63744223,-0.18670708,0.44196813,-1.65627488,-0.18670939,1.0
2454460.706746,0.8210866,0.50912149,-2.63743904,-0.18670765,0.44195726,-1.65627361,-0.18670996,1.0
2454460.70907,0.8083302,0.50914574,-2.63743426,-0.1867085,0.44194097,-1.65627171,-0.18671081,1.0
2454460.713723,0.8332758,0.5091943,-2.63742467,-0.1867102,0.44190836,-1.6562679,-0.18671251,1.0
2454460.715274,0.8765745,0.50921048,-2.63742148,-0.18671077,0.44189749,-1.65626663,-0.18671308,1.0
2454460.7175990003,0.8757674999999999,0.50923475,-2.63741669,-0.18671162,0.44188119,-1.65626473,-0.18671393,1.0
2454460.721477,0.9011329,0.50927522,-2.6374087000000004,-0.18671304,0.44185401,-1.65626156,-0.18671535,1.0
2454460.723029,0.9297986,0.50929141,-2.6374055,-0.18671361,0.44184313,-1.6562603,-0.18671592,1.0
2454460.726904,1.009227,0.50933185,-2.63739752,-0.18671503,0.44181597,-1.65625714,-0.18671734,1.0
2454460.7284540003,1.050966,0.50934802,-2.63739433,-0.1867156,0.44180511,-1.65625588,-0.18671791,1.0
2454460.7323290003,1.098472,0.50938846,-2.63738635,-0.18671702,0.44177794,-1.65625272,-0.18671932,1.0
2454460.735431,1.159816,0.50942083,-2.63737995,-0.18671815,0.4417562,-1.6562502,-0.18672046,1.0
2454460.737761,1.186831,0.50944514,-2.63737516,-0.18671901,0.44173988,-1.65624831,-0.18672131,1.0
2454460.74009,1.224585,0.50946944,-2.63737036,-0.18671986,0.44172355,-1.65624642,-0.18672217,1.0
2454460.74164,1.198916,0.50948562,-2.63736716,-0.18672043,0.44171269,-1.65624517,-0.18672273,1.0
2454460.7431900003,1.216715,0.50950179,-2.63736397,-0.18672099,0.44170183,-1.65624391,-0.1867233,1.0
2454460.744742,1.217836,0.50951799,-2.63736077,-0.18672156,0.44169095,-1.65624265,-0.18672387,1.0
2454460.747844,1.231371,0.50955036,-2.63735438,-0.1867227,0.44166921,-1.65624014,-0.186725,1.0
2454460.749396,1.216715,0.50956656,-2.63735118,-0.18672327,0.44165833,-1.65623889,-0.18672557,1.0
2454460.750947,1.179204,0.50958274,-2.63734798,-0.18672384,0.44164746,-1.65623763,-0.18672614,1.0
2454460.754826,1.165169,0.50962322,-2.63733999,-0.18672526,0.44162027,-1.6562345,-0.18672756,1.0
2454460.756377,1.1386459999999998,0.50963941,-2.63733679,-0.18672582,0.4416094,-1.65623325,-0.18672813,1.0
2454460.758704,1.120957,0.50966369,-2.63733199,-0.18672668,0.44159309,-1.65623137,-0.18672898,1.0
2454460.761806,1.073468,0.50969606,-2.6373256,-0.18672781,0.44157135,-1.65622887,-0.18673012,1.0
2454460.764148,1.061669,0.5097205,-2.63732077,-0.18672867,0.44155494,-1.65622699,-0.18673097,1.0
2454460.765699,1.034639,0.50973669,-2.63731757,-0.18672924,0.44154407,-1.65622574,-0.18673154,1.0
2454460.768799,0.9917194,0.50976904,-2.63731118,-0.18673037,0.44152234,-1.65622325,-0.18673268,1.0
2454460.77268,0.9161968,0.50980954,-2.63730318,-0.18673179,0.44149514,-1.65622013,-0.1867341,1.0
2454460.774234,0.9170412,0.50982575,-2.63729998,-0.18673236,0.44148425,-1.65621889,-0.18673467,1.0
2454460.77656,0.904459,0.50985002,-2.63729518,-0.18673321,0.44146795,-1.65621702,-0.18673552,1.0
2454460.778112,0.8871332000000001,0.50986622,-2.63729198,-0.18673378,0.44145707,-1.65621578,-0.18673609,1.0
2454460.77966,0.8765745,0.50988237,-2.63728879,-0.18673435,0.44144622,-1.65621454,-0.18673665,1.0
2454460.782778,0.8806208000000001,0.50991491,-2.63728236,-0.18673549,0.44142437,-1.65621205,-0.18673779,1.0
2454460.784329,0.8621618000000001,0.5099311,-2.63727916,-0.18673606,0.4414135,-1.65621081,-0.18673836,1.0
2454460.788203,0.8701393,0.50997152,-2.63727117,-0.18673748,0.44138635,-1.65620771,-0.18673978,1.0
2454460.792078,0.859783,0.51001196,-2.63726318,-0.18673889,0.44135919,-1.65620462,-0.1867412,1.0
2454460.795179,0.8487677,0.51004432,-2.63725678,-0.18674003,0.44133746,-1.65620215,-0.18674233,1.0
2454460.797504,0.8256366,0.51006858,-2.63725198,-0.18674088,0.44132116,-1.6562003,-0.18674318,1.0
2454460.799053,0.8503326999999999,0.51008474,-2.63724879,-0.18674145,0.44131031,-1.65619907,-0.18674375,1.0
2454460.802153,0.8855006999999999,0.51011709,-2.63724239,-0.18674258,0.44128858,-1.6561966,-0.18674489,1.0
2454460.805253,0.971827,0.51014944,-2.637236,-0.18674372,0.44126686,-1.65619414,-0.18674602,1.0
2454460.806808,1.00459,0.51016566,-2.63723279,-0.18674429,0.44125597,-1.65619291,-0.18674659,1.0
2454460.808359,1.030834,0.51018184,-2.63722959,-0.18674485,0.4412451,-1.65619168,-0.18674716,1.0
2454460.80991,1.074457,0.51019803,-2.63722639,-0.18674542,0.44123423,-1.65619045,-0.18674772,1.0
2454460.81146,1.057764,0.5102142,-2.63722319,-0.18674599,0.44122336,-1.65618922,-0.18674829,1.0
2454460.813011,1.104559,0.51023039,-2.63721999,-0.18674656,0.44121249,-1.65618799,-0.18674886,1.0
2454460.816117,1.151301,0.5102628,-2.63721358,-0.18674769,0.44119073,-1.65618554,-0.18675,1.0
2454460.817668,1.160884,0.51027898,-2.63721038,-0.18674826,0.44117986,-1.65618431,-0.18675056,1.0
2454460.821538,1.17595,0.51031936,-2.6372024,-0.18674968,0.44115274,-1.65618125,-0.18675198,1.0
2454460.82542,1.168393,0.51035987,-2.63719438,-0.1867511,0.44112553,-1.65617819,-0.1867534,1.0
2454460.828521,1.173786,0.51039223,-2.63718798,-0.18675223,0.4411037999999999,-1.65617575,-0.18675453,1.0
2454460.8316200003,1.160884,0.51042457,-2.63718159,-0.18675337,0.44108209,-1.65617331,-0.18675567,1.0
2454460.833945,1.155551,0.51044883,-2.63717679,-0.18675422,0.44106579,-1.65617148,-0.18675652,1.0
2454460.838596,1.068535,0.51049736,-2.63716718,-0.18675592,0.4410332,-1.65616783,-0.18675822,1.0
2454460.841699,1.00459,0.51052974,-2.63716078,-0.18675705,0.44101145,-1.65616539,-0.18675936,1.0
2454460.844025,0.9844393,0.51055401,-2.63715598,-0.18675791,0.44099516,-1.65616357,-0.18676021,1.0
2454460.8455740004,0.9576103,0.51057018,-2.63715278,-0.18675847,0.4409843,-1.65616236,-0.18676077,1.0
2454460.8479,0.9263794,0.51059445,-2.63714797,-0.18675932,0.440968,-1.65616054,-0.18676163,1.0
2454460.850226,0.897819,0.51061872,-2.63714317,-0.18676017,0.4409517,-1.65615872,-0.18676248,1.0
2454460.853329,0.8693386000000001,0.5106510999999999,-2.63713676,-0.18676131,0.44092996,-1.65615629,-0.18676361,1.0
2454460.856429,0.8621618000000001,0.51068345,-2.63713036,-0.18676244,0.44090823,-1.65615387,-0.18676475,1.0
2454460.861855,0.8574105,0.51074006,-2.63711915,-0.18676443,0.44087021,-1.65614964,-0.18676673,1.0
2454460.8641810003,0.8263975,0.51076434,-2.63711435,-0.18676528,0.44085391,-1.65614783,-0.18676758,1.0
2454460.867282,0.8317423,0.51079669,-2.63710795,-0.18676641,0.44083218,-1.65614542,-0.18676872,1.0
2454460.870383,0.8558329,0.51082905,-2.63710154,-0.18676755,0.44081045,-1.65614301,-0.18676985,1.0
2454460.872712,0.8669399,0.51085335,-2.63709673,-0.1867684,0.44079413,-1.65614121,-0.1867707,1.0
2454460.875814,0.8653443000000001,0.51088571,-2.63709032,-0.18676954,0.44077241,-1.6561388,-0.18677184,1.0
2454460.878142,0.888769,0.5109100000000001,-2.63708551,-0.18677039,0.44075609,-1.656137,-0.18677269,1.0
2454460.879693,0.8814322,0.51092619,-2.63708231,-0.18677095,0.44074522,-1.6561358,-0.18677326,1.0
2454460.882794,0.9153534,0.51095854,-2.6370759,-0.18677209,0.4407235,-1.6561334,-0.18677439,1.0
2454460.884346,0.945342,0.51097474,-2.63707269,-0.18677266,0.44071262,-1.6561322,-0.18677496,1.0
2454460.888224,1.02421,0.5110152,-2.63706468,-0.18677407,0.44068545,-1.6561292,-0.18677638,1.0
2454460.892103,1.117864,0.51105568,-2.63705666,-0.18677549,0.44065827,-1.65612621,-0.18677779,1.0
2454460.895202,1.179204,0.51108801,-2.63705026,-0.18677663,0.44063655,-1.65612383,-0.18677893,1.0
2454460.902179,1.208896,0.51116081,-2.63703584,-0.18677918,0.44058767,-1.65611846,-0.18678148,1.0
2454460.907611,1.235916,0.51121749,-2.63702461,-0.18678117,0.44054961,-1.65611429,-0.18678347,1.0
2454460.911487,1.2347780000000002,0.51125794,-2.6370166,-0.18678258,0.44052245,-1.65611133,-0.18678488,1.0
2454460.914589,1.212241,0.5112903,-2.63701018,-0.18678372,0.44050071,-1.65610895,-0.18678602,1.0
2454460.917692,1.157681,0.51132268,-2.63700377,-0.18678485,0.44047897,-1.65610658,-0.18678715,1.0
2454460.920795,1.099484,0.51135506,-2.63699735,-0.18678599,0.44045723,-1.65610421,-0.18678829,1.0
2454460.923119,1.085398,0.51137931,-2.63699254,-0.18678684,0.44044095,-1.65610244,-0.18678914,1.0
2454460.930097,0.9790139,0.51145212,-2.63697811,-0.18678939,0.44039206,-1.65609713,-0.18679169,1.0
2454460.933977,0.9427332,0.5114926,-2.63697009,-0.18679081,0.44036487,-1.65609418,-0.18679311,1.0
2454460.939406,0.8765745,0.51154925,-2.63695886,-0.18679279,0.44032684,-1.65609006,-0.18679509,1.0
2454460.940956,0.8621618000000001,0.51156542,-2.63695565,-0.18679336,0.44031598,-1.65608888,-0.18679566,1.0
2454460.942509,0.8846854,0.51158162,-2.63695244,-0.18679393,0.4403051,-1.65608771,-0.18679623,1.0
2454460.94561,0.8589915000000001,0.51161397,-2.63694603,-0.18679506,0.44028338,-1.65608536,-0.18679736,1.0
2454460.9502580003,0.8838710999999999,0.51166247,-2.63693641,-0.18679676,0.44025081,-1.65608185,-0.18679906,1.0
2454460.953358,0.8838710999999999,0.51169481,-2.63693,-0.18679789,0.44022909,-1.65607951,-0.18680019,1.0
2454460.95647,0.8417613000000002,0.51172728,-2.63692356,-0.18679903,0.44020729,-1.65607716,-0.18680133,1.0
2454460.960345,0.9052922,0.51176771,-2.63691554,-0.18680045,0.44018014,-1.65607424,-0.18680275,1.0
2454460.964224,0.9289426,0.51180819,-2.63690751,-0.18680187,0.44015297,-1.65607133,-0.18680416,1.0
2454460.9712,1.111703,0.51188097,-2.63689307,-0.18680442,0.44010409,-1.65606609,-0.18680671,1.0
2454460.973525,1.091413,0.51190523,-2.63688826,-0.18680527,0.44008781,-1.65606435,-0.18680756,1.0
2454460.976628,1.166243,0.51193761,-2.63688184,-0.1868064,0.44006607,-1.65606202,-0.1868087,1.0
2454460.981279,1.184647,0.51198613,-2.63687221,-0.1868081,0.44003348,-1.65605855,-0.1868104,1.0
2454460.98438,1.21001,0.51201849,-2.63686579,-0.18680923,0.44001176,-1.65605623,-0.18681153,1.0
2454460.9874810004,1.186831,0.51205084,-2.63685937,-0.18681037,0.43999004,-1.65605392,-0.18681266,1.0
2454460.989809,1.168393,0.51207513,-2.63685455,-0.18681122,0.43997373,-1.65605218,-0.18681351,1.0
2454460.993686,1.165169,0.51211558,-2.63684652,-0.18681264,0.43994657,-1.6560493000000005,-0.18681493,1.0
2454460.996788,1.136551,0.51214795,-2.6368401,-0.18681377,0.43992484,-1.65604699,-0.18681607,1.0
2454461.002218,1.033687,0.5122045999999999,-2.63682885,-0.18681575,0.4398868,-1.65604296,-0.18681805,1.0
2454461.003771,1.017628,0.51222081,-2.63682564,-0.18681632,0.43987592,-1.65604181,-0.18681862,1.0
2454461.006097,0.9808191,0.51224508,-2.63682082,-0.18681717,0.43985962,-1.65604009,-0.18681947,1.0
2454461.009199,0.8986463,0.51227744,-2.63681439,-0.1868183,0.43983789,-1.65603779,-0.1868206,1.0
2454461.012301,0.9077972,0.5123098,-2.63680797,-0.18681944,0.43981616,-1.6560355,-0.18682173,1.0
2454461.015405,0.8464258,0.51234218,-2.63680154,-0.18682057,0.43979443,-1.65603321,-0.18682287,1.0
2454461.017731,0.8348121999999999,0.51236645,-2.63679672,-0.18682142,0.43977813,-1.65603149,-0.18682372,1.0
2454461.021607,0.784854,0.51240689,-2.63678869,-0.18682284,0.43975098,-1.65602864,-0.18682513,1.0
2454461.027032,0.8031358000000001,0.51246349,-2.63677745,-0.18682482,0.43971298,-1.65602465,-0.18682712,1.0
2454461.030911,0.8098209,0.51250396,-2.63676941,-0.18682624,0.43968581,-1.6560218,-0.18682853,1.0
2454462.620953,0.8787056999999999,0.52908323,-2.63342404,-0.18740362,0.42857038,-1.65518991,-0.18740585,1.0
2454462.624832,0.8276438,0.52912365,-2.63341575,-0.18740502,0.42854333,-1.6551886999999998,-0.18740725,1.0
2454462.626382,0.835302,0.5291398,-2.63341244,-0.18740558,0.42853252,-1.65518822,-0.18740781,1.0
2454462.629478,0.8036066999999999,0.52917206,-2.63340583,-0.1874067,0.42851093,-1.65518726,-0.18740893,1.0
2454462.631804,0.8246004000000001,0.5291963000000001,-2.63340086,-0.18740754,0.42849471,-1.65518653,-0.18740977,1.0
2454462.634904,0.8306985,0.52922861,-2.63339424,-0.18740865,0.42847309,-1.65518558,-0.18741088,1.0
2454462.636455,0.8414794,0.52924477,-2.63339092,-0.18740921,0.42846227,-1.6551851000000002,-0.18741144,1.0
2454462.6380080003,0.8445851000000001,0.52926095,-2.63338761,-0.18740977,0.42845144,-1.65518462,-0.187412,1.0
2454462.641108,0.8594954,0.52929326,-2.63338098,-0.18741089,0.42842982,-1.65518366,-0.18741312,1.0
2454462.643433,0.8795155000000001,0.52931748,-2.63337602,-0.18741173,0.42841361,-1.65518295,-0.18741396,1.0
2454462.646541,0.8950423000000001,0.52934987,-2.63336937,-0.18741285,0.42839193,-1.655182,-0.18741508,1.0
2454462.648103,0.8917506,0.52936615,-2.63336604,-0.18741342,0.42838104,-1.65518152,-0.18741565,1.0
2454462.649667,0.9083296,0.52938244,-2.6333627,-0.18741398,0.42837013,-1.65518104,-0.18741621,1.0
2454462.652778,0.9634816,0.52941485,-2.63335605,-0.1874151,0.42834845,-1.65518009,-0.18741733,1.0
2454462.654327,1.005179,0.52943099,-2.63335274,-0.18741566,0.42833764,-1.65517962,-0.18741789,1.0
2454462.657427,1.046751,0.5294633000000001,-2.63334611,-0.18741678,0.42831603,-1.65517868,-0.18741901,1.0
2454462.658978,1.097093,0.52947946,-2.6333428,-0.18741734,0.42830521,-1.65517821,-0.18741957,1.0
2454462.662857,1.1541,0.52951988,-2.63333451,-0.18741874,0.42827816,-1.65517704,-0.18742097,1.0
2454462.6651830003,1.1701549999999998,0.52954412,-2.63332954,-0.18741958,0.42826194,-1.65517634,-0.18742181,1.0
2454462.668284,1.189716,0.52957643,-2.63332291,-0.1874207,0.42824032,-1.65517541,-0.18742293,1.0
2454462.671386,1.240062,0.52960876,-2.63331628,-0.18742182,0.42821869,-1.65517448,-0.18742404,1.0
2454462.674485,1.223048,0.52964105,-2.63330965,-0.18742293,0.42819708,-1.65517355,-0.18742516,1.0
2454462.676808,1.200725,0.52966525,-2.63330469,-0.18742377,0.42818088,-1.65517286,-0.187426,1.0
2454462.679132,1.182071,0.52968947,-2.63329972,-0.18742461,0.42816467,-1.65517217,-0.18742684,1.0
2454462.680685,1.19191,0.52970565,-2.6332964,-0.18742517,0.42815384,-1.6551717,-0.1874274,1.0
2454462.682236,1.159427,0.52972182,-2.63329308,-0.18742573,0.42814303,-1.65517124,-0.18742796,1.0
2454462.6853400003,1.126791,0.52975416,-2.63328644,-0.18742685,0.42812139,-1.65517032,-0.18742908,1.0
2454462.687665,1.110308,0.52977839,-2.63328147,-0.18742769,0.42810517,-1.65516964,-0.18742992,1.0
2454462.690765,1.06523,0.52981069,-2.63327484,-0.18742881,0.42808356,-1.65516872,-0.18743103,1.0
2454462.69309,1.028593,0.52983492,-2.63326987,-0.18742964,0.42806735,-1.65516804,-0.18743187,1.0
2454462.696196,0.9841097,0.52986728,-2.63326323,-0.18743076,0.42804569,-1.65516713,-0.18743299,1.0
2454462.698523,0.9493873,0.52989153,-2.63325825,-0.1874316,0.42802947,-1.65516645,-0.18743383,1.0
2454462.700848,0.9363612,0.52991576,-2.63325328,-0.18743244,0.42801326,-1.65516577,-0.18743467,1.0
2454462.702401,0.931201,0.52993194,-2.63324995,-0.187433,0.42800243,-1.65516532,-0.18743523,1.0
2454462.703952,0.9125224,0.5299480999999999,-2.63324664,-0.18743356,0.42799161,-1.65516487,-0.18743579,1.0
2454462.707051,0.9100045,0.52998039,-2.63324001,-0.18743468,0.42797001,-1.65516397,-0.18743691,1.0
2454462.7086,0.9158904,0.52999653,-2.63323669,-0.18743524,0.42795921,-1.65516352,-0.18743747,1.0
2454462.7109270003,0.9150471,0.53002078,-2.63323172,-0.18743608,0.42794298,-1.65516284,-0.1874383,1.0
2454462.713255,0.9033238,0.53004504,-2.63322674,-0.18743692,0.42792675,-1.65516217,-0.18743914,1.0
2454462.714804,0.9074935,0.53006118,-2.63322342,-0.18743748,0.42791595,-1.65516173,-0.1874397,1.0
2454462.716357,0.8950423000000001,0.53007736,-2.6332201,-0.18743804,0.42790512,-1.65516128,-0.18744026,1.0
2454462.720238,0.9024922,0.5301178000000001,-2.6332118,-0.18743944,0.42787807,-1.65516017,-0.18744166,1.0
2454462.721791,0.8770886,0.53013398,-2.63320847,-0.18744,0.42786724,-1.65515972,-0.18744222,1.0
2454462.7264400003,0.8778968,0.53018243,-2.63319852,-0.18744167,0.42783483,-1.65515839,-0.1874439,1.0
2454462.729544,0.9083296,0.53021477,-2.63319188,-0.18744279,0.42781319,-1.65515751,-0.18744502,1.0
2454462.7326470003,0.9643694,0.5302471,-2.63318524,-0.18744391,0.42779155,-1.65515663,-0.18744614,1.0
2454462.7342,0.9913875,0.53026328,-2.63318192,-0.18744447,0.42778073,-1.65515619,-0.1874467,1.0
2454462.735766,1.0144799999999998,0.5302796,-2.63317856,-0.18744503,0.42776981,-1.65515575,-0.18744726,1.0
2454462.737317,1.044825,0.53029576,-2.63317525,-0.18744559,0.427759,-1.65515531,-0.18744782,1.0
2454462.738866,1.0780610000000002,0.5303119000000001,-2.63317193,-0.18744615,0.4277482,-1.65515487,-0.18744838,1.0
2454462.741196,1.105207,0.53033617,-2.63316694,-0.18744699,0.42773196,-1.65515422,-0.18744922,1.0
2454462.743521,1.12783,0.5303604000000001,-2.63316197,-0.18744783,0.42771575,-1.65515357,-0.18745006,1.0
2454462.7466240004,1.163706,0.53039273,-2.63315532,-0.18744895,0.42769412,-1.6551527,-0.18745117,1.0
2454462.749728,1.197412,0.53042507,-2.63314868,-0.18745007,0.42767248,-1.65515183,-0.18745229,1.0
2454462.78152,0.8917506,0.53075633,-2.6330806,-0.18746153,0.42745086,-1.6551431,-0.18746375,1.0
2454462.785396,0.835302,0.53079672,-2.63307229,-0.18746292,0.42742385,-1.65514206,-0.18746515,1.0
2454462.788497,0.8185469,0.53082903,-2.63306565,-0.18746404,0.42740223,-1.65514123,-0.18746627,1.0
2454462.793923,0.835302,0.53088556,-2.63305402,-0.187466,0.42736441,-1.65513977,-0.18746822,1.0
2454462.7954740003,0.8299337999999999,0.53090172,-2.6330507,-0.18746656,0.4273536,-1.65513936,-0.18746878,1.0
2454462.799352,0.8422546999999999,0.53094213,-2.63304239,-0.18746795,0.42732657,-1.65513833,-0.18747018,1.0
2454462.801678,0.8634626,0.53096637,-2.63303741,-0.18746879,0.42731036,-1.65513771,-0.18747102,1.0
2454462.803227,0.8634626,0.53098251,-2.63303409,-0.18746935,0.42729956,-1.6551373,-0.18747157,1.0
2454462.804781,0.8909298000000001,0.5309986999999999,-2.63303076,-0.18746991,0.42728873,-1.65513689,-0.18747213,1.0
2454462.808655,0.8901094999999999,0.53103906,-2.63302245,-0.18747131,0.42726173,-1.65513587,-0.18747353,1.0
2454462.810205,0.9184245,0.53105521,-2.63301913,-0.18747186,0.42725093,-1.65513546,-0.18747409,1.0
2454462.813309,0.9670378,0.53108755,-2.63301248,-0.18747298,0.42722929,-1.65513465,-0.18747521,1.0
2454462.816414,1.042902,0.5311199000000001,-2.63300582,-0.1874741,0.42720765,-1.65513383,-0.18747632,1.0
2454462.820288,1.11338,0.53116027,-2.63299752,-0.1874755,0.42718065,-1.65513282,-0.18747772,1.0
2454462.825718,1.18425,0.53121684,-2.63298588,-0.18747745,0.42714281,-1.65513142,-0.18747968,1.0
2454462.828819,1.212952,0.53124914,-2.63297923,-0.18747857,0.4271212,-1.65513062,-0.18748079,1.0
2454462.832696,1.228693,0.53128954,-2.63297092,-0.18747997,0.42709418,-1.65512962,-0.18748219,1.0
2454462.835022,1.229826,0.53131377,-2.63296593,-0.18748081,0.42707797,-1.65512902,-0.18748303,1.0
2454462.836573,1.228693,0.53132993,-2.63296261,-0.18748136,0.42706716,-1.65512863,-0.18748359,1.0
2454462.838123,1.217429,0.53134608,-2.63295928,-0.18748192,0.42705636,-1.65512823,-0.18748414,1.0
2454462.841226,1.198515,0.53137841,-2.63295263,-0.18748304,0.42703473,-1.65512744,-0.18748526,1.0
2454462.842776,1.160495,0.53139456,-2.6329493,-0.1874836,0.42702393,-1.65512704,-0.18748582,1.0
2454462.844328,1.156228,0.53141073,-2.63294598,-0.18748416,0.42701312,-1.65512665,-0.18748638,1.0
2454462.84898,1.097093,0.5314591999999999,-2.632936,-0.18748583,0.4269807,-1.65512547,-0.18748806,1.0
2454462.852084,1.070147,0.53149154,-2.63292934,-0.18748695,0.42695907,-1.65512469,-0.18748917,1.0
2454462.855183,1.011681,0.53152383,-2.63292269,-0.18748807,0.42693747,-1.65512391,-0.18749029,1.0
2454462.857508,0.9688209,0.53154805,-2.63291771,-0.18748891,0.42692127,-1.65512333,-0.18749113,1.0
2454462.860611,0.9277768,0.53158038,-2.63291105,-0.18749002,0.42689964,-1.65512255,-0.18749224,1.0
2454462.862162,0.9320593,0.53159654,-2.63290772,-0.18749058,0.42688884,-1.65512217,-0.1874928,1.0
2454462.863711,0.9058235,0.53161268,-2.6329044,-0.18749114,0.42687804,-1.65512178,-0.18749336,1.0
2454462.866037,0.8950423000000001,0.53163691,-2.63289941,-0.18749198,0.42686183,-1.65512121,-0.1874942,1.0
2454462.868362,0.8852040999999999,0.53166114,-2.63289442,-0.18749282,0.42684563,-1.65512063,-0.18749504,1.0
2454462.870685,0.8706497,0.53168534,-2.63288943,-0.18749365,0.42682944,-1.65512006,-0.18749587,1.0
2454462.872236,0.8754745,0.5317015,-2.63288611,-0.18749421,0.42681864,-1.65511967,-0.18749643,1.0
2454462.874562,0.8722549999999999,0.53172573,-2.63288112,-0.18749505,0.42680243,-1.6551191000000005,-0.18749727,1.0
2454462.876114,0.8690476,0.5317419,-2.63287778,-0.18749561,0.42679161,-1.65511872,-0.18749783,1.0
2454462.877668,0.8650546999999998,0.53175809,-2.63287445,-0.18749617,0.42678079,-1.65511834,-0.18749839,1.0
2454462.879993,0.8618735000000001,0.53178232,-2.63286946,-0.187497,0.42676458,-1.65511777,-0.18749922,1.0
2454462.881543,0.8571238000000001,0.53179847,-2.63286613,-0.18749756,0.42675378,-1.65511739,-0.18749978,1.0
2454462.883097,0.8516155000000001,0.53181466,-2.6328628,-0.18749812,0.42674296,-1.65511701,-0.18750034,1.0
2454462.885427,0.836842,0.53183893,-2.6328578,-0.18749896,0.42672672,-1.65511645,-0.18750118,1.0
2454462.888526,0.8754745,0.53187122,-2.63285115,-0.18750008,0.42670513,-1.6551157,-0.1875023,1.0
2454462.890076,0.8884714,0.53188737,-2.63284782,-0.18750064,0.42669433,-1.65511532,-0.18750286,1.0
2454462.891628,0.9546485999999998,0.53190354,-2.63284449,-0.18750119,0.42668351,-1.65511495,-0.18750341,1.0
2454462.893956,0.9741897,0.53192779,-2.63283949,-0.18750203,0.42666729,-1.65511439,-0.18750425,1.0
2454462.895505,1.003329,0.53194393,-2.63283617,-0.18750259,0.4266565,-1.65511401,-0.18750481,1.0
2454462.89783,1.050615,0.53196815,-2.63283117,-0.18750343,0.4266403,-1.65511346,-0.18750565,1.0
2454462.900931,1.105207,0.53200046,-2.63282452,-0.18750454,0.42661869,-1.65511271,-0.18750676,1.0
2454462.90248,1.125754,0.5320166000000001,-2.63282119,-0.1875051,0.4266079,-1.65511234,-0.18750732,1.0
2454462.9055830003,1.164779,0.53204893,-2.63281453,-0.18750622,0.42658628,-1.65511161,-0.18750844,1.0
2454462.909458,1.153038,0.5320893,-2.63280621,-0.18750761,0.42655928,-1.65511069,-0.18750983,1.0
2454462.914107,1.160495,0.53213774,-2.63279623,-0.18750929,0.42652689,-1.65510959,-0.18751151,1.0
2454462.9156580004,1.171233,0.53215389,-2.6327929,-0.18750985,0.42651608,-1.65510923,-0.18751207,1.0
2454462.931168,0.9706072,0.53231547,-2.63275958,-0.18751543,0.42640803,-1.65510562,-0.18751765,1.0
2454462.936593,0.8966924000000001,0.53237199,-2.63274793,-0.18751738,0.42637024,-1.65510437,-0.1875196,1.0
2454462.939693,0.8399309000000001,0.53240429,-2.63274127,-0.1875185,0.42634864,-1.65510366,-0.18752072,1.0
2454462.94202,0.8539719000000001,0.53242853,-2.63273627,-0.18751934,0.42633243,-1.65510313,-0.18752155,1.0
2454462.943569,0.832997,0.53244467,-2.63273294,-0.18751989,0.42632164,-1.65510278,-0.18752211,1.0
2454462.946672,0.8337646000000001,0.5324770000000001,-2.63272628,-0.18752101,0.42630002,-1.65510207,-0.18752323,1.0
2454462.948224,0.8469223,0.53249316,-2.63272294,-0.18752157,0.42628921,-1.65510172,-0.18752379,1.0
2454462.9536490003,0.8238413,0.53254968,-2.63271128,-0.18752352,0.42625142,-1.6551005,-0.18752574,1.0
2454462.956754,0.8477024999999999,0.53258203,-2.63270461,-0.18752464,0.42622979,-1.6550998,-0.18752686,1.0
2454462.9606310003,0.8618735000000001,0.53262242,-2.63269628,-0.18752604,0.42620278,-1.65509893,-0.18752825,1.0
2454462.96218,0.8492656999999999,0.53263856,-2.63269295,-0.18752659,0.42619199,-1.65509859,-0.18752881,1.0
2454462.966836,0.8698483,0.53268707,-2.63268294,-0.18752827,0.42615956,-1.65509756,-0.18753049,1.0
2454462.96994,0.9049893,0.5327194000000001,-2.63267627,-0.18752939,0.42613793,-1.65509687,-0.1875316,1.0
2454462.973042,0.951138,0.53275172,-2.6326696,-0.1875305,0.42611633,-1.65509619,-0.18753272,1.0
2454462.974595,0.9859241,0.5327679,-2.63266626,-0.18753106,0.42610551,-1.65509585,-0.18753328,1.0
2454462.976145,1.01075,0.53278405,-2.63266293,-0.18753162,0.42609471,-1.65509551,-0.18753384,1.0
2454462.977697,1.061313,0.53280021,-2.63265959,-0.18753218,0.4260839,-1.65509517,-0.18753439,1.0
2454462.980798,1.11749,0.53283252,-2.63265292,-0.18753329,0.4260623,-1.65509449,-0.18753551,1.0
2454462.982347,1.1541,0.53284866,-2.63264959,-0.18753385,0.42605151,-1.65509415,-0.18753607,1.0
2454462.984672,1.165852,0.53287288,-2.63264459,-0.18753469,0.42603532,-1.65509365,-0.1875369,1.0
2454462.987003,1.185341,0.53289716,-2.63263958,-0.18753553,0.42601908,-1.65509315,-0.18753774,1.0
2454462.990103,1.214069,0.53292946,-2.63263292,-0.18753664,0.42599749,-1.65509248,-0.18753886,1.0
2454462.991654,1.233228,0.53294562,-2.63262958,-0.1875372,0.42598668,-1.65509214,-0.18753942,1.0
2454462.993978,1.242349,0.53296983,-2.63262458,-0.18753804,0.4259705,-1.65509165,-0.18754025,1.0
2454462.995536,1.244639,0.53298606,-2.63262123,-0.1875386,0.42595965,-1.65509131,-0.18754081,1.0
2454462.997089,1.214069,0.53300224,-2.63261789,-0.18753916,0.42594883,-1.65509098,-0.18754137,1.0
2454463.000191,1.204047,0.53303455,-2.63261122,-0.18754027,0.42592722,-1.65509032,-0.18754249,1.0
2454463.001742,1.195208,0.53305071,-2.63260788,-0.18754083,0.42591642,-1.65508999,-0.18754304,1.0
2454463.003295,1.179895,0.53306689,-2.63260454,-0.18754139,0.4259056,-1.65508966,-0.1875436,1.0
2454463.00562,1.142466,0.53309111,-2.63259954,-0.18754222,0.42588941,-1.65508917,-0.18754444,1.0
2454463.008721,1.083037,0.53312341,-2.63259287,-0.18754334,0.42586781,-1.65508852,-0.18754556,1.0
2454463.010272,1.080049,0.53313956,-2.63258954,-0.1875439,0.42585702,-1.65508819,-0.18754611,1.0
2454463.012599,1.045787,0.5331638000000001,-2.63258453,-0.18754474,0.42584081,-1.6550877,-0.18754695,1.0
2454463.014924,1.012613,0.53318802,-2.63257953,-0.18754557,0.42582462,-1.65508722,-0.18754779,1.0
2454463.018028,0.9652582,0.53322036,-2.63257285,-0.18754669,0.425803,-1.65508657,-0.1875489,1.0
2454463.021903,0.9150471,0.53326073,-2.63256451,-0.18754808,0.42577601,-1.65508577,-0.1875503,1.0
2454463.0242310003,0.9008313,0.53328498,-2.6325595,-0.18754892,0.4257598,-1.65508529,-0.18755113,1.0
2454463.027332,0.8787056999999999,0.53331729,-2.63255283,-0.18755004,0.4257382000000001,-1.65508465,-0.18755225,1.0
2454464.833873,1.106851,0.5521233,-2.62860019,-0.18819523,0.41320347,-1.65514437,-0.18819737,1.0
2454464.838526,1.124319,0.5521716999999999,-2.62858984,-0.18819688,0.41317132,-1.65514563,-0.18819902,1.0
2454464.840848,1.121216,0.55219586,-2.62858468,-0.1881977,0.41315528,-1.65514626,-0.18819984,1.0
2454464.8431720003,1.112985,0.55222003,-2.62857951,-0.18819853,0.41313922,-1.6551468999999996,-0.18820066,1.0
2454464.8455,1.09066,0.55224425,-2.62857433,-0.18819935,0.41312313,-1.65514754,-0.18820149,1.0
2454464.8478240003,1.08765,0.55226843,-2.62856916,-0.18820018,0.41310708,-1.65514817,-0.18820231,1.0
2454464.849371,1.063872,0.55228452,-2.62856572,-0.18820072,0.41309639,-1.6551486,-0.18820286,1.0
2454464.85325,1.032974,0.55232487,-2.62855709,-0.1882021,0.41306959,-1.65514967,-0.18820424,1.0
2454464.857901,0.9883012,0.55237325,-2.62854674,-0.18820375,0.41303745,-1.65515096,-0.18820589,1.0
2454464.86178,0.9300138,0.5524136,-2.62853811,-0.18820512,0.41301065,-1.65515203,-0.18820726,1.0
2454464.890463,0.8159987,0.55271197,-2.62847427,-0.18821529,0.4128125,-1.65516013,-0.18821743,1.0
2454464.892014,0.8396329,0.5527280999999999,-2.62847082,-0.18821584,0.41280178,-1.65516057,-0.18821798,1.0
2454464.894339,0.8380876,0.55275229,-2.62846564,-0.18821666,0.41278572,-1.65516124,-0.1882188,1.0
2454464.896663,0.8544552,0.55277646,-2.62846047,-0.18821749,0.41276967,-1.65516191,-0.18821962,1.0
2454464.903645,0.973844,0.55284909,-2.62844492,-0.18821996,0.41272144,-1.65516392,-0.1882221,1.0
2454464.905972,1.025391,0.55287329,-2.62843974,-0.18822079,0.41270536,-1.6551646,-0.18822292,1.0
2454464.910628,1.100752,0.55292172,-2.62842937,-0.18822244,0.4126732,-1.65516595,-0.18822457,1.0
2454464.912195,1.107872,0.55293802,-2.62842588,-0.18822299,0.41266238,-1.65516641,-0.18822513,1.0
2454464.915295,1.156883,0.55297027,-2.62841898,-0.18822409,0.41264097,-1.65516731,-0.18822622,1.0
2454464.917619,1.154754,0.55299444,-2.6284138,-0.18822491,0.41262492,-1.65516799,-0.18822705,1.0
2454464.91917,1.159016,0.55301058,-2.62841035,-0.18822546,0.4126142,-1.65516845,-0.1882276,1.0
2454464.923043,1.163294,0.55305086,-2.62840172,-0.18822683,0.41258745,-1.65516959,-0.18822897,1.0
2454464.9253700003,1.1452209999999998,0.55307507,-2.62839654,-0.18822766,0.41257138,-1.65517027,-0.18822979,1.0
2454464.93002,1.125355,0.55312344,-2.62838618,-0.18822931,0.41253926,-1.65517165,-0.18823144,1.0
2454464.933128,1.101766,0.55315577,-2.62837925,-0.18823041,0.4125178,-1.65517257,-0.18823254,1.0
2454464.937004,1.052178,0.55319608,-2.62837062,-0.18823178,0.41249103,-1.65517372,-0.18823392,1.0
2454464.940882,1.005749,0.55323642,-2.62836198,-0.18823315,0.41246425,-1.65517488,-0.18823529,1.0
2454464.943982,0.9455605,0.55326867,-2.62835507,-0.18823425,0.41244284,-1.65517581,-0.18823639,1.0
2454464.9455330004,0.9274475,0.5532848000000001,-2.62835161,-0.1882348,0.41243213,-1.65517628,-0.18823694,1.0
2454464.948638,0.8980269000000001,0.5533170999999999,-2.62834469,-0.1882359,0.41241068,-1.65517721,-0.18823804,1.0
2454464.95019,0.8759703000000001,0.55333323,-2.62834124,-0.18823645,0.41239997,-1.65517768,-0.18823859,1.0
2454464.952516,0.8655443000000002,0.55335742,-2.62833605,-0.18823728,0.41238391,-1.65517838,-0.18823941,1.0
2454464.954066,0.8528826999999999,0.55337354,-2.6283326,-0.18823782,0.41237321,-1.65517885,-0.18823996,1.0
2454464.956391,0.8497464,0.55339773,-2.62832742,-0.18823865,0.41235715,-1.65517955,-0.18824078,1.0
2454464.95872,0.8235488000000001,0.55342195,-2.62832223,-0.18823947,0.41234107,-1.65518026,-0.18824161,1.0
2454464.964928,0.8159987,0.55348653,-2.62830839,-0.18824167,0.4122982,-1.65518215,-0.18824381,1.0
2454464.967253,0.8304040000000001,0.55351071,-2.6283032000000004,-0.1882425,0.41228214,-1.65518286,-0.18824463,1.0
2454464.968805,0.8205203999999999,0.55352685,-2.62829974,-0.18824305,0.41227143,-1.65518334,-0.18824518,1.0
2454464.971909,0.8070295,0.55355914,-2.62829282,-0.18824414,0.41224999,-1.65518429,-0.18824628,1.0
2454464.976559,0.8281127,0.5536075,-2.62828246,-0.18824579,0.41221789,-1.65518572,-0.18824792,1.0
2454464.981984,0.9394838,0.55366393,-2.62827036,-0.18824771,0.41218043,-1.6551874,-0.18824985,1.0
2454464.984309,0.981046,0.55368811,-2.62826518,-0.18824854,0.41216437,-1.65518812,-0.18825067,1.0
2454464.986637,1.006675,0.55371233,-2.62825998,-0.18824936,0.4121483,-1.65518885,-0.18825149,1.0
2454464.989738,1.058984,0.55374458,-2.62825307,-0.18825046,0.41212689,-1.65518981,-0.18825259,1.0
2454464.9920630003,1.073716,0.55376877,-2.62824788,-0.18825128,0.41211084,-1.65519054,-0.18825341,1.0
2454464.994388,1.102781,0.55379295,-2.6282427000000004,-0.18825211,0.41209478,-1.65519127,-0.18825424,1.0
2454464.9967150004,1.103797,0.55381715,-2.62823751,-0.18825293,0.41207872,-1.6551919999999998,-0.18825506,1.0
2454464.999813,1.1181219999999998,0.55384937,-2.6282306,-0.18825403,0.41205733,-1.65519297,-0.18825616,1.0
2454465.001364,1.107872,0.55386551,-2.62822714,-0.18825458,0.41204662,-1.65519346,-0.18825671,1.0
2454465.003694,1.112985,0.55388974,-2.62822194,-0.1882554,0.41203053,-1.6551942,-0.18825753,1.0
2454465.006794,1.096704,0.55392199,-2.62821502,-0.1882565,0.41200913,-1.65519518,-0.18825863,1.0
2454465.00912,1.070753,0.55394618,-2.62820984,-0.18825732,0.41199307,-1.65519591,-0.18825945,1.0
2454465.010672,1.066816,0.55396232,-2.62820637,-0.18825787,0.41198236,-1.65519641,-0.18826,1.0
2454465.012996,1.034878,0.55398649,-2.62820119,-0.18825869,0.41196631,-1.65519714,-0.18826083,1.0
2454465.015321,1.007603,0.55401068,-2.628196,-0.18825952,0.41195026,-1.65519788,-0.18826165,1.0
2454465.017648,0.9649157,0.55403488,-2.62819081,-0.18826034,0.4119342,-1.65519863,-0.18826247,1.0
2454465.019199,0.955189,0.55405101,-2.62818735,-0.18826089,0.41192349,-1.65519912,-0.18826302,1.0
2454465.020751,0.924037,0.55406715,-2.62818388,-0.18826144,0.41191278,-1.65519962,-0.18826357,1.0
2454475.806916,0.8600443999999999,0.66572966,-2.60180576,-0.1919129,0.34061712,-1.67374231,-0.19191454,1.0
2454475.810016,0.8537305000000001,0.66576159,-2.60179751,-0.1919139,0.34059785,-1.6737519,-0.19191554,1.0
2454475.811565,0.8600443999999999,0.66577755,-2.6017934,-0.1919144,0.34058823,-1.67375669,-0.19191604,1.0
2454475.813887,0.8632188000000001,0.66580147,-2.60178722,-0.19191515,0.34057379,-1.67376388,-0.19191679,1.0
2454475.816212,0.8688021999999999,0.66582542,-2.60178104,-0.1919159,0.34055934,-1.67377108,-0.19191754,1.0
2454475.817773,0.8784576,0.6658415,-2.60177689,-0.19191641,0.34054964,-1.67377591,-0.19191804,1.0
2454475.820873,0.9173201,0.66587343,-2.60176864,-0.19191741,0.34053038,-1.67378551,-0.19191904,1.0
2454475.822423,0.9499942,0.66588939,-2.60176452,-0.19191791,0.34052074,-1.67379031,-0.19191955,1.0
2454475.823975,0.987463,0.66590538,-2.60176039,-0.19191841,0.3405111,-1.67379511,-0.19192005,1.0
2454475.825523,1.008605,0.66592133,-2.60175628,-0.19191891,0.34050148,-1.67379991,-0.19192055,1.0
2454475.827848,1.063949,0.66594527,-2.60175009,-0.19191966,0.34048703,-1.67380711,-0.1919213,1.0
2454475.830174,1.107952,0.66596923,-2.60174391,-0.19192041,0.34047258,-1.67381432,-0.19192205,1.0
2454475.831723,1.14425,0.66598519,-2.60173979,-0.19192091,0.34046295,-1.67381912,-0.19192255,1.0
2454475.834823,1.169825,0.66601712,-2.60173154,-0.19192191,0.34044369,-1.67382873,-0.19192355,1.0
2454475.837925,1.209263,0.66604907,-2.60172329,-0.19192291,0.34042442,-1.67383835,-0.19192455,1.0
2454475.841802,1.223829,0.66608901,-2.60171297,-0.19192416,0.34040033,-1.67385037,-0.1919258,1.0
2454475.844903,1.211493,0.66612095,-2.60170472,-0.19192517,0.34038107,-1.67385999,-0.1919268,1.0
2454475.847227,1.210377,0.66614489,-2.60169854,-0.19192592,0.34036663,-1.6738672,-0.19192755,1.0
2454475.849555,1.204816,0.66616887,-2.60169235,-0.19192667,0.34035217,-1.67387443,-0.1919283,1.0
2454475.851101,1.188286,0.6661848000000001,-2.60168823,-0.19192717,0.34034256,-1.67387923,-0.1919288,1.0
2454475.854198,1.150591,0.6662167,-2.60167999,-0.19192817,0.34032332,-1.67388884,-0.1919298,1.0
2454475.857302,1.112041,0.66624868,-2.60167173,-0.19192917,0.34030404,-1.67389848,-0.1919308,1.0
2454475.858854,1.099818,0.66626466,-2.6016676,-0.19192967,0.34029440000000005,-1.6739033,-0.1919313,1.0
2454475.862732,1.045492,0.66630461,-2.60165728,-0.19193092,0.34027031,-1.67391535,-0.19193256,1.0
2454475.864287,1.033049,0.66632062,-2.60165314,-0.19193142,0.34026066,-1.67392018,-0.19193306,1.0
2454475.865838,0.9993576,0.6663366,-2.60164902,-0.19193192,0.34025102,-1.673925,-0.19193356,1.0
2454475.871264,0.9292251,0.66639249,-2.60163458,-0.19193367,0.34021733,-1.67394187,-0.19193531,1.0
2454475.87514,0.8947895,0.66643241,-2.60162426,-0.19193493,0.34019326,-1.67395392,-0.19193656,1.0
2454475.878239,0.8857699,0.66646433,-2.60161601,-0.19193593,0.34017401,-1.67396356,-0.19193756,1.0
2454475.879791,0.8784576,0.66648032,-2.60161188,-0.19193643,0.34016438,-1.67396839,-0.19193806,1.0
2454475.882115,0.8624241,0.66650426,-2.60160569,-0.19193718,0.34014995,-1.67397562,-0.19193881,1.0
2454475.8859900003,0.8451251000000001,0.66654417,-2.60159538,-0.19193843,0.34012589,-1.67398768,-0.19194006,1.0
2454475.888317,0.8459037,0.66656814,-2.60158918,-0.19193918,0.34011144,-1.67399493,-0.19194081,1.0
2454475.890643,0.841242,0.66659209,-2.60158299,-0.19193993,0.340097,-1.67400217,-0.19194156,1.0
2454475.892194,0.8281728,0.66660807,-2.60157886,-0.19194043,0.34008737,-1.674007,-0.19194206,1.0
2454475.896844,0.8381484,0.66665597,-2.60156648,-0.19194193,0.3400585,-1.67402148,-0.19194356,1.0
2454475.898395,0.8808885000000001,0.66667194,-2.60156235,-0.19194243,0.34004888,-1.67402632,-0.19194406,1.0
2454475.901496,0.936097,0.66670388,-2.6015541,-0.19194343,0.34002963,-1.67403598,-0.19194506,1.0
2454475.904609,0.9965999,0.66673594,-2.60154581,-0.19194443,0.3400103,-1.67404568,-0.19194607,1.0
2454475.9084860003,1.059061,0.66677588,-2.60153548,-0.19194569,0.33998624,-1.67405777,-0.19194732,1.0
2454475.910814,1.100832,0.66679985,-2.60152928,-0.19194644,0.33997179,-1.67406503,-0.19194807,1.0
2454475.912365,1.116146,0.66681583,-2.60152515,-0.19194694,0.33996217,-1.67406987,-0.19194857,1.0
2454475.91547,1.126473,0.66684781,-2.60151688,-0.19194794,0.3399429,-1.67407956,-0.19194957,1.0
2454475.917021,1.1527120000000002,0.66686379,-2.60151275,-0.19194844,0.33993327,-1.6740843999999997,-0.19195007,1.0
2454475.920897,1.160168,0.66690371,-2.60150243,-0.19194969,0.33990922,-1.67409649,-0.19195132,1.0
2454475.923225,1.163378,0.66692768,-2.60149623,-0.19195044,0.33989477,-1.67410376,-0.19195207,1.0
2454475.927102,1.153774,0.66696762,-2.6014859,-0.19195169,0.33987071,-1.67411587,-0.19195332,1.0
2454475.9302080004,1.130631,0.66699961,-2.60147763,-0.19195269,0.33985144,-1.67412557,-0.19195433,1.0
2454475.931758,1.119234,0.66701557,-2.6014735,-0.19195319,0.33984183,-1.67413041,-0.19195483,1.0
2454475.9348580004,1.095774,0.6670475,-2.60146524,-0.19195419,0.33982259,-1.6741401000000002,-0.19195583,1.0
2454475.937187,1.04742,0.66707149,-2.60145904,-0.19195494,0.33980814,-1.67414738,-0.19195658,1.0
2454475.96045,0.8443468000000001,0.66731109,-2.60139705,-0.19196245,0.33966384,-1.67422016,-0.19196408,1.0
2454475.962775,0.841242,0.66733504,-2.60139085,-0.1919632,0.33964942,-1.67422744,-0.19196483,1.0
2454475.965101,0.8616301,0.667359,-2.60138465,-0.19196395,0.339635,-1.67423473,-0.19196558,1.0
2454475.968981,0.8680025,0.66739896,-2.60137431,-0.1919652,0.33961093,-1.67424688,-0.19196683,1.0
2454475.9705310003,0.8704040999999999,0.66741492,-2.60137018,-0.1919657,0.33960132,-1.67425174,-0.19196733,1.0
2454475.972854,0.8664048000000001,0.66743885,-2.60136399,-0.19196645,0.33958692,-1.67425902,-0.19196808,1.0
2454475.9751790003,0.8825127,0.66746279,-2.60135779,-0.1919672,0.3395725,-1.67426631,-0.19196883,1.0
2454475.982158,0.9224035,0.66753467,-2.60133919,-0.19196945,0.33952923,-1.6742881999999997,-0.19197108,1.0
2454475.98371,0.940418,0.66755065,-2.60133505,-0.19196995,0.33951961,-1.67429306,-0.19197158,1.0
2454475.990687,1.088732,0.66762251,-2.60131645,-0.1919722,0.33947636,-1.67431496,-0.19197383,1.0
2454487.543973,0.8866923000000001,0.78589565,-2.5678918,-0.19550153,0.27523341,-1.72667489,-0.19550257,1.0
2454487.545524,0.9624384,0.78591142,-2.56788696,-0.19550198,0.27522594,-1.726684,-0.19550302,1.0
2454487.5470720003,0.9985572,0.78592717,-2.56788213,-0.19550243,0.27521849,-1.72669309,-0.19550347,1.0
2454487.550173,1.018997,0.78595871,-2.56787246,-0.19550332,0.27520356,-1.7267113,-0.19550436,1.0
2454487.601356,0.8891458000000001,0.78647931,-2.56771276,-0.19551808,0.2749573,-1.72701228,-0.19551912,1.0
2454487.605235,0.8737212999999999,0.78651876,-2.56770066,-0.1955192,0.27493866,-1.72703512,-0.19552023,1.0
2454487.608334,0.8282719999999999,0.78655028,-2.56769098,-0.19552009,0.27492376,-1.72705336,-0.19552113,1.0
2454487.616088,0.7888109999999999,0.78662916,-2.56766678,-0.19552233,0.27488649,-1.72709902,-0.19552336,1.0
2454487.619188,0.8282719999999999,0.78666069,-2.5676571,-0.19552322,0.2748716,-1.72711728,-0.19552426,1.0
2454487.623064,0.8275094000000001,0.78670011,-2.567645,-0.19552434,0.27485297,-1.72714011,-0.19552537,1.0
2454487.630057,0.9912266,0.78677123,-2.56762317,-0.19552635,0.27481938,-1.72718131,-0.19552739,1.0
2454487.633154,1.075903,0.78680273,-2.5676135,-0.19552725,0.27480451,-1.72719956,-0.19552828,1.0
2454487.635482,1.101978,0.78682641,-2.56760623,-0.19552792,0.27479333,-1.72721328,-0.19552895,1.0
2454487.638585,1.210523,0.78685796,-2.56759654,-0.19552881,0.27477843,-1.72723157,-0.19552984,1.0
2454487.644013,1.222849,0.78691317,-2.56757959,-0.19553038,0.27475236,-1.72726357,-0.19553141,1.0
2454487.647114,1.238719,0.78694472,-2.5675699,-0.19553127,0.27473747,-1.72728186,-0.1955323,1.0
2454487.650222,1.192815,0.78697633,-2.5675602000000004,-0.19553217,0.27472255,-1.72730018,-0.1955332,1.0
2454487.651785,1.230759,0.78699222,-2.56755532,-0.19553262,0.27471505,-1.7273093999999998,-0.19553365,1.0
2454487.653353,1.193914,0.78700817,-2.56755042,-0.19553307,0.27470752,-1.72731865,-0.1955341,1.0
2454487.655682,1.133895,0.78703186,-2.56754315,-0.19553374,0.27469634,-1.72733238,-0.19553477,1.0
2454487.658007,1.154976,0.7870555,-2.56753588,-0.19553441,0.27468519,-1.7273461,-0.19553544,1.0
2454487.660334,1.062118,0.78707917,-2.56752862,-0.19553508,0.27467402,-1.72735982,-0.19553611,1.0
2454487.663435,1.036031,0.78711071,-2.56751893,-0.19553597,0.27465914,-1.72737812,-0.195537,1.0
2454487.664986,0.995802,0.78712648,-2.56751408,-0.19553642,0.27465169,-1.72738727,-0.19553745,1.0
2454487.668864,0.9327666,0.78716592,-2.56750197,-0.19553754,0.27463309,-1.72741015,-0.19553857,1.0
2454487.671963,0.9284809000000002,0.78719744,-2.56749229,-0.19553843,0.27461822,-1.72742844,-0.19553946,1.0
2454487.675839,0.8842458000000001,0.78723685,-2.56748018,-0.19553955,0.27459963,-1.72745132,-0.19554058,1.0
2454487.678938,0.8397943999999999,0.78726838,-2.5674705,-0.19554044,0.27458476,-1.72746962,-0.19554147,1.0
2454487.682814,0.8444480999999999,0.7873078,-2.56745839,-0.19554155,0.27456617,-1.7274925,-0.19554259,1.0
2454487.684365,0.8522617,0.78732357,-2.56745354,-0.195542,0.27455873,-1.72750166,-0.19554303,1.0
2454487.6859130003,0.7953769,0.78733932,-2.56744871,-0.19554245,0.27455131,-1.7275108,-0.19554348,1.0
2454487.687466,0.8444480999999999,0.78735511,-2.56744385,-0.19554289,0.27454386,-1.72751997,-0.19554393,1.0
2454487.689017,0.8259865,0.78737088,-2.56743901,-0.19554334,0.27453642,-1.72752913,-0.19554437,1.0
2454487.691342,0.8554073,0.78739453,-2.56743174,-0.19554401,0.27452528,-1.72754286,-0.19554504,1.0
2454487.694442,0.8161555,0.78742605,-2.56742206,-0.1955449,0.27451041,-1.72756117,-0.19554593,1.0
2454487.697545,0.842118,0.78745761,-2.56741236,-0.1955458,0.27449554,-1.7275794999999998,-0.19554683,1.0
2454487.7014200003,0.8850606,0.78749702,-2.56740025,-0.19554691,0.27447697,-1.72760239,-0.19554794,1.0
2454487.703748,0.8689063,0.78752069,-2.56739298,-0.19554758,0.27446581,-1.72761614,-0.19554861,1.0
2454487.705298,0.9457426,0.78753645,-2.56738813,-0.19554803,0.27445838,-1.7276253,-0.19554906,1.0
2454487.707624,0.9242149,0.78756011,-2.56738086,-0.1955487,0.27444723,-1.72763905,-0.19554973,1.0
2454487.709173,0.9821389,0.78757586,-2.56737602,-0.19554915,0.27443981,-1.7276482,-0.19555018,1.0
2454487.710723,1.047546,0.78759162,-2.56737118,-0.19554959,0.27443238,-1.72765736,-0.19555062,1.0
2454487.714603,1.084858,0.78763109,-2.56735905,-0.19555071,0.27441379,-1.7276803,-0.19555174,1.0
2454487.716153,1.187334,0.78764685,-2.5673542,-0.19555116,0.27440636,-1.72768946,-0.19555219,1.0
2454487.717702,1.208295,0.78766261,-2.56734936,-0.1955516,0.27439894,-1.72769862,-0.19555263,1.0
2454487.719252,1.171043,0.78767837,-2.56734452,-0.19555205,0.27439152,-1.72770778,-0.19555308,1.0
2454487.721592,1.228494,0.78770217,-2.5673372000000003,-0.19555272,0.27438031,-1.72772162,-0.19555375,1.0
2454487.723141,1.274597,0.78771792,-2.56733236,-0.19555317,0.27437289,-1.72773078,-0.1955542,1.0
2454487.725465,1.288763,0.78774155,-2.56732509,-0.19555384,0.27436176,-1.72774452,-0.19555487,1.0
2454487.741737,1.177533,0.78790703,-2.56727422,-0.19555852,0.27428384,-1.72784078,-0.19555955,1.0
2454487.744061,1.125571,0.78793066,-2.56726696,-0.19555919,0.27427272,-1.72785453,-0.19556022,1.0
2454487.747936,1.055293,0.78797007,-2.56725484,-0.19556031,0.27425417,-1.72787747,-0.19556133,1.0
2454487.750265,1.017122,0.78799376,-2.56724756,-0.19556098,0.27424302,-1.72789125,-0.195562,1.0
2454487.751815,0.9767264,0.78800952,-2.56724271,-0.19556142,0.2742356,-1.72790043,-0.19556245,1.0
2454487.7556970003,0.9148986,0.788049,-2.56723057,-0.19556254,0.27421703,-1.72792341,-0.19556357,1.0
2454487.758795,0.8866923000000001,0.7880805000000001,-2.56722088,-0.19556343,0.2742022,-1.72794175,-0.19556446,1.0
2454487.761121,0.8359359000000001,0.78810415,-2.56721361,-0.1955641,0.27419107,-1.72795552,-0.19556513,1.0
2455835.561077,1.080767,-2.36318151,-1.40675362,0.02487348,-1.3700906000000002,-1.27826529,0.02487091,1.0
2455835.5631770003,1.118233,-2.36316984,-1.40677208,0.02487179,-1.37008416,-1.27824806,0.02486922,1.0
2455835.565268,1.134834,-2.36315823,-1.40679046,0.02487011,-1.37007776,-1.27823091,0.02486754,1.0
2455835.567368,1.145333,-2.36314657,-1.40680892,0.02486842,-1.37007132,-1.27821367,0.02486585,1.0
2455835.5694580004,1.1569969999999998,-2.36313496,-1.40682729,0.02486674,-1.37006491,-1.27819652,0.02486417,1.0
2455835.571558,1.203738,-2.36312329,-1.40684576,0.02486505,-1.37005848,-1.27817929,0.02486248,1.0
2455835.573648,1.133789,-2.36311168,-1.40686413,0.02486336,-1.37005208,-1.27816214,0.0248608,1.0
2455835.575748,1.15062,-2.36310002,-1.40688259,0.02486167,-1.37004565,-1.2781448999999998,0.02485911,1.0
2455835.577838,1.1400709999999998,-2.36308841,-1.40690097,0.02485999,-1.37003925,-1.27812775,0.02485743,1.0
2455835.579938,1.132745,-2.36307674,-1.40691943,0.0248583,-1.37003282,-1.27811052,0.02485574,1.0
2455835.582028,1.086756,-2.36306513,-1.4069378,0.02485662,-1.37002642,-1.27809337,0.02485405,1.0
2455835.584128,1.097822,-2.36305347,-1.40695626,0.02485493,-1.37001999,-1.27807613,0.02485236,1.0
2455835.586219,1.0738219999999998,-2.36304186,-1.40697464,0.02485325,-1.37001359,-1.27805898,0.02485068,1.0
2455835.588319,0.9966259,-2.36303019,-1.4069931,0.02485156,-1.37000717,-1.27804175,0.02484899,1.0
2455835.590409,0.9820465,-2.36301858,-1.40701147,0.02484988,-1.37000078,-1.2780246000000002,0.02484731,1.0
2455835.592509,0.9820465,-2.36300691,-1.40702993,0.02484819,-1.36999435,-1.27800737,0.02484562,1.0
2455835.595919,0.9114484,-2.36298797,-1.40705991,0.02484544,-1.36998393,-1.27797939,0.02484288,1.0
2455835.598019,0.8736391,-2.3629763,-1.40707837,0.02484375,-1.36997751,-1.27796215,0.02484118,1.0
2455835.600109,0.8833485000000001,-2.36296469,-1.40709674,0.02484207,-1.36997112,-1.277945,0.0248395,1.0
2455835.602209,0.8939886999999999,-2.36295302,-1.4071152,0.02484038,-1.3699647,-1.27792777,0.02483781,1.0
2455835.604299,0.8397153,-2.36294141,-1.40713358,0.0248387,-1.36995831,-1.27791062,0.02483613,1.0
2455835.606399,0.8576933000000001,-2.36292974,-1.40715204,0.02483701,-1.3699518999999998,-1.27789339,0.02483444,1.0
2455835.60849,0.8672255999999999,-2.36291813,-1.40717041,0.02483532,-1.36994551,-1.27787624,0.02483276,1.0
2455835.61059,0.8335508,-2.36290646,-1.40718887,0.02483363,-1.3699391,-1.27785901,0.02483107,1.0
2455835.61268,0.8521814,-2.36289485,-1.40720724,0.02483195,-1.36993272,-1.27784186,0.02482939,1.0
2455835.61478,0.8490476,-2.36288318,-1.4072257,0.02483026,-1.36992631,-1.27782462,0.0248277,1.0
2455835.61687,0.8529665999999999,-2.36287157,-1.40724408,0.02482858,-1.36991993,-1.27780747,0.02482601,1.0
2455835.61897,0.8366273000000001,-2.3628599,-1.40726254,0.02482689,-1.36991352,-1.27779024,0.02482432,1.0
2455835.62106,0.8366273000000001,-2.36284829,-1.40728091,0.02482521,-1.36990714,-1.27777309,0.02482264,1.0
2455835.62315,0.8071088000000001,-2.36283668,-1.40729928,0.02482353,-1.36990077,-1.27775594,0.02482096,1.0
2455835.62525,0.8115814,-2.36282501,-1.40731774,0.02482184,-1.36989436,-1.27773871,0.02481927,1.0
2455835.62794,0.8801,-2.36281006,-1.40734138,0.02481967,-1.36988616,-1.27771664,0.0248171,1.0
2455835.6300310004,0.8857925999999999,-2.36279845,-1.40735976,0.02481799,-1.36987979,-1.27769949,0.02481542,1.0
2455835.632131,0.9623478,-2.36278678,-1.40737822,0.0248163,-1.36987339,-1.27768226,0.02481373,1.0
2455835.634221,0.9966259,-2.36277516,-1.40739659,0.02481462,-1.36986702,-1.27766511,0.02481205,1.0
2455835.636311,1.047447,-2.36276355,-1.40741496,0.02481293,-1.36986065,-1.27764796,0.02481037,1.0
2455835.638411,1.076793,-2.36275188,-1.40743342,0.02481124,-1.36985425,-1.27763073,0.02480868,1.0
2455835.640501,1.12754,-2.36274027,-1.40745179,0.02480956,-1.36984788,-1.27761358,0.024807,1.0
2455835.642601,1.18613,-2.3627286,-1.40747025,0.02480787,-1.36984149,-1.27759635,0.02480531,1.0
2455835.644691,1.201523,-2.36271698,-1.40748862,0.02480619,-1.36983512,-1.2775792,0.02480362,1.0
2455835.646791,1.226117,-2.36270531,-1.40750708,0.0248045,-1.36982873,-1.27756197,0.02480193,1.0
2455835.648881,1.240887,-2.3626937000000003,-1.40752545,0.02480282,-1.36982237,-1.27754482,0.02480025,1.0
2455835.650981,1.260469,-2.36268203,-1.40754391,0.02480113,-1.36981598,-1.27752759,0.02479856,1.0
2455835.653072,1.252368,-2.36267041,-1.40756228,0.02479945,-1.36980962,-1.27751044,0.02479688,1.0
2455835.655172,1.252368,-2.36265874,-1.40758074,0.02479776,-1.36980323,-1.27749321,0.02479519,1.0
2455835.657262,1.200417,-2.36264712,-1.40759911,0.02479607,-1.36979687,-1.27747607,0.02479351,1.0
2455835.662152,1.193801,-2.36261995,-1.40764209,0.02479214,-1.369782,-1.27743594,0.02478957,1.0
2455835.664242,1.1296190000000002,-2.36260833,-1.40766046,0.02479046,-1.36977565,-1.2774188,0.02478789,1.0
2455835.666342,1.111046,-2.36259666,-1.40767892,0.02478877,-1.36976927,-1.27740157,0.0247862,1.0
2455835.668432,1.075802,-2.36258504,-1.40769729,0.02478708,-1.36976292,-1.27738442,0.02478452,1.0
2455835.670522,1.003996,-2.36257343,-1.40771566,0.024785400000000003,-1.36975657,-1.27736727,0.02478283,1.0
2455835.6726220003,1.013286,-2.36256175,-1.40773412,0.02478371,-1.36975019,-1.27735004,0.02478114,1.0
2455835.674713,0.9378471,-2.36255014,-1.40775249,0.02478203,-1.36974384,-1.27733289,0.02477946,1.0
2455835.676813,0.9258317,-2.36253846,-1.40777094,0.02478034,-1.36973746,-1.27731566,0.02477777,1.0
2455835.678903,0.8948125,-2.36252685,-1.40778931,0.02477866,-1.36973112,-1.27729852,0.02477609,1.0
2455835.681003,0.8704264000000002,-2.36251517,-1.40780777,0.02477697,-1.36972474,-1.27728129,0.0247744,1.0
2455835.683093,0.8213571,-2.36250356,-1.40782614,0.02477528,-1.3697184,-1.27726414,0.02477272,1.0
2455835.685193,0.8274315000000001,-2.36249188,-1.4078446000000002,0.02477359,-1.36971202,-1.27724691,0.02477103,1.0
2455835.687283,0.7588083000000001,-2.36248027,-1.40786297,0.02477191,-1.36970568,-1.27722976,0.02476934,1.0
2455835.689383,0.7693643,-2.36246859,-1.40788142,0.02477022,-1.36969931,-1.27721254,0.02476765,1.0
2455835.691473,0.7931075,-2.36245698,-1.40789979,0.02476854,-1.36969297,-1.27719539,0.02476597,1.0
2455835.693573,0.8397153,-2.3624453,-1.40791825,0.02476685,-1.36968661,-1.27717816,0.02476428,1.0
2455835.695663,0.8138269,-2.36243368,-1.40793662,0.02476517,-1.36968027,-1.27716101,0.0247626,1.0
2455836.464958,1.177752,-2.35814747,-1.41469168,0.02414593,-1.36742485,-1.27085576,0.02414335,1.0
2455836.469148,1.125781,-2.35812407,-1.41472845,0.02414255,-1.36741298,-1.27082145,0.02413998,1.0
2455836.473338,1.06722,-2.35810067,-1.41476521,0.02413918,-1.36740112,-1.27078715,0.0241366,1.0
2455836.477528,0.983227,-2.35807727,-1.41480197,0.02413581,-1.36738927,-1.27075284,0.02413323,1.0
2455836.481719,0.9050108,-2.35805387,-1.41483873,0.02413243,-1.36737741,-1.27071853,0.02412986,1.0
2455836.485909,0.8163075,-2.35803047,-1.41487549,0.02412906,-1.36736557,-1.27068422,0.02412648,1.0
2455836.4900990003,0.8307184000000001,-2.35800706,-1.41491225,0.02412569,-1.36735372,-1.27064991,0.02412311,1.0
2455836.494289,0.8261403,-2.35798366,-1.414949,0.02412231,-1.36734189,-1.27061561,0.02411974,1.0
2455836.499219,0.8200755,-2.35795612,-1.41499225,0.02411834,-1.36732796,-1.27057524,0.02411577,1.0
2455836.50341,0.865075,-2.35793272,-1.41502901,0.02411497,-1.36731614,-1.27054094,0.02411239,1.0
2455836.5076,0.8414994,-2.35790931,-1.41506577,0.0241116,-1.36730431,-1.27050663,0.02410902,1.0
2455836.5117900004,0.8763019000000001,-2.3578859,-1.41510253,0.02410822,-1.36729249,-1.27047232,0.02410565,1.0
2455836.51598,0.9252387,-2.3578625,-1.41513928,0.02410485,-1.36728068,-1.27043802,0.02410227,1.0
2455836.52017,1.007984,-2.35783909,-1.41517604,0.02410148,-1.36726887,-1.27040372,0.0240989,1.0
2455836.52436,1.080075,-2.35781568,-1.4152128000000002,0.0240981,-1.36725706,-1.27036941,0.02409553,1.0
2455836.531771,1.152004,-2.35777428,-1.4152778,0.02409214,-1.3672362,-1.27030875,0.02408956,1.0
2455836.535961,1.19744,-2.35775087,-1.41531456,0.02408876,-1.3672243999999998,-1.27027444,0.02408619,1.0
2455836.540151,1.18101,-2.35772746,-1.41535131,0.02408539,-1.36721261,-1.27024014,0.02408281,1.0
2455836.544341,1.104215,-2.35770405,-1.41538807,0.02408202,-1.36720083,-1.27020584,0.02407944,1.0
2455836.548532,1.083063,-2.35768064,-1.41542482,0.02407864,-1.36718905,-1.27017154,0.02407607,1.0
2455836.552722,1.043887,-2.35765723,-1.41546157,0.02407527,-1.36717728,-1.27013724,0.02407269,1.0
2455836.556912,0.9599615,-2.35763382,-1.41549833,0.024071900000000004,-1.36716551,-1.27010293,0.02406932,1.0
2455836.561102,0.9150689,-2.3576104,-1.41553508,0.02406852,-1.36715374,-1.27006863,0.02406595,1.0
2455836.565292,0.8587244,-2.35758699,-1.41557183,0.02406515,-1.36714198,-1.27003433,0.02406257,1.0
2455836.569472,0.8391774,-2.35756363,-1.4156084999999998,0.02406178,-1.36713025,-1.27000012,0.02405921,1.0
2455836.589693,0.8453835999999999,-2.35745063,-1.41578585,0.0240455,-1.36707358,-1.2698346,0.02404293,1.0
2455836.593884,0.907515,-2.35742721,-1.4158226,0.02404213,-1.36706185,-1.2698003,0.02403955,1.0
2455836.5980740003,1.022948,-2.35740379,-1.41585935,0.02403876,-1.36705012,-1.269766,0.02403618,1.0
2455836.602264,1.0981299999999998,-2.35738037,-1.4158961,0.02403538,-1.3670383999999998,-1.26973171,0.0240328,1.0
2455836.606454,1.178837,-2.35735695,-1.41593285,0.02403201,-1.36702669,-1.26969741,0.02402943,1.0
2455836.610644,1.241234,-2.35733353,-1.4159696000000002,0.02402864,-1.36701497,-1.26966312,0.02402606,1.0
2455836.6148240003,1.248112,-2.35731017,-1.41600626,0.02402527,-1.36700329,-1.2696288999999998,0.02402269,1.0
2455836.6190150003,1.253874,-2.35728675,-1.41604301,0.0240219,-1.36699159,-1.26959461,0.02401932,1.0
2455836.623205,1.2062959999999998,-2.35726333,-1.41607976,0.02401852,-1.36697989,-1.26956031,0.02401594,1.0
2455836.628175,1.127856,-2.35723554,-1.41612335,0.02401452,-1.36696602,-1.26951963,0.02401194,1.0
2455836.632365,1.070172,-2.35721212,-1.41616009,0.02401115,-1.36695433,-1.26948534,0.02400857,1.0
2455836.636555,1.0117040000000002,-2.3571887,-1.41619684,0.02400777,-1.36694265,-1.26945105,0.0240052,1.0
2455836.640746,0.9546712,-2.35716527,-1.41623359,0.0240044,-1.36693097,-1.26941675,0.02400182,1.0
2455836.644946,0.9008527,-2.35714179,-1.41627042,0.02400102,-1.36691927,-1.26938238,0.02399844,1.0
2455836.649126,0.8133056,-2.35711842,-1.41630708,0.02399765,-1.36690763,-1.26934817,0.02399507,1.0
2455836.653316,0.8284261,-2.35709499,-1.41634383,0.02399428,-1.36689596,-1.26931388,0.0239917,1.0
2455836.6575060003,0.8579338,-2.35707157,-1.41638057,0.02399091,-1.3668843000000002,-1.26927959,0.02398833,1.0
2455836.6616970003,0.8014081999999999,-2.35704814,-1.41641732,0.02398753,-1.36687264,-1.2692453,0.02398495,1.0
2455836.665887,0.8368619,-2.35702471,-1.41645406,0.02398416,-1.36686099,-1.26921101,0.02398158,1.0
2455836.671007,0.8563549000000001,-2.35699608,-1.41649896,0.02398004,-1.36684676,-1.26916911,0.02397746,1.0
2455836.675197,0.9260913,-2.35697265,-1.4165357,0.02397666,-1.36683512,-1.26913482,0.02397408,1.0
2455836.679387,1.024834,-2.35694922,-1.41657245,0.02397329,-1.36682348,-1.26910053,0.02397071,1.0
2455836.683578,1.0721459999999998,-2.35692579,-1.41660919,0.02396991,-1.36681185,-1.26906624,0.02396734,1.0
2455836.687768,1.1446,-2.35690236,-1.41664593,0.02396654,-1.36680022,-1.26903195,0.02396396,1.0
2455836.691958,1.194136,-2.35687893,-1.41668267,0.02396317,-1.36678859,-1.26899766,0.02396059,1.0
2455836.696148,1.217458,-2.3568555,-1.41671942,0.02395979,-1.36677697,-1.26896337,0.02395721,1.0
