2440555.810908,0.8638181999999999,-0.87695611,-1.68957005,-0.09064016,-0.51313764,-0.77300925,-0.09056262,1.0
2440555.8149490003,0.8638181999999999,-0.87690946,-1.68959588,-0.09064449,-0.51315674,-0.77300969,-0.09056695,1.0
2440555.8184490004,0.8480518,-0.87686906,-1.68961826,-0.09064824,-0.51317329,-0.77301008,-0.0905707,1.0
2440555.822491,0.8527511999999999,-0.87682239,-1.6896441000000002,-0.09065257,-0.5131924,-0.77301053,-0.09057503,1.0
2440555.827241,0.9393391,-0.87676756,-1.68967446,-0.09065767,-0.51321486,-0.77301106,-0.09058012,1.0
2440555.830323,0.8880191999999999,-0.87673196,-1.68969417,-0.09066097,-0.51322944,-0.77301141,-0.09058342,1.0
2440555.834698,0.9515296999999998,-0.87668145,-1.68972213,-0.09066566,-0.51325013,-0.77301191,-0.09058811,1.0
2440555.839282,0.9745911,-0.87662853,-1.68975143,-0.09067057,-0.5132718,-0.77301243,-0.09059302,1.0
2440555.844198,1.052985,-0.87657177,-1.68978285,-0.09067584,-0.51329505,-0.7730130000000001,-0.09059829,1.0
2440555.847657,1.051048,-0.87653184,-1.68980496,-0.09067955,-0.51331141,-0.7730134,-0.09060199,1.0
2440555.8514900003,1.060773,-0.87648758,-1.68982945,-0.09068365,-0.51332955,-0.77301385,-0.0906061,1.0
2440555.856615,1.101596,-0.87642841,-1.6898622,-0.09068915,-0.51335379,-0.77301446,-0.09061159,1.0
2440555.859698,1.130375,-0.87639282,-1.6898819,-0.09069245,-0.51336837,-0.77301483,-0.09061489,1.0
2440555.86524,1.171716,-0.87632883,-1.68991732,-0.09069839,-0.51339459,-0.77301549,-0.09062083,1.0
2440555.86749,1.102611,-0.87630285,-1.68993169,-0.0907008,-0.51340524,-0.77301577,-0.09062324,1.0
2440555.87374,1.094517,-0.87623068,-1.68997163,-0.0907075,-0.51343481,-0.77301653,-0.09062993,1.0
2440555.880323,1.0765209999999998,-0.87615467,-1.69001368,-0.09071455,-0.51346596,-0.77301734,-0.09063698,1.0
2440555.882907,1.039495,-0.87612483,-1.69003019,-0.09071732,-0.51347819,-0.77301766,-0.09063975,1.0
2440555.884657,0.9772871,-0.87610463,-1.69004137,-0.09071919,-0.51348648,-0.77301788,-0.09064163,1.0
2440555.8876150004,0.9290142,-0.87607047,-1.69006027,-0.09072236,-0.51350048,-0.77301825,-0.09064479,1.0
2440555.891156,0.8815001,-0.87602957,-1.69008289,-0.09072616,-0.51351724,-0.77301869,-0.09064859,1.0
2440555.894239,0.8098831999999999,-0.87599397,-1.69010258,-0.09072946,-0.51353183,-0.77301908,-0.09065189,1.0
2440555.898447,0.8091376,-0.87594538,-1.69012946,-0.09073397,-0.51355175,-0.77301962,-0.0906564,1.0
2440555.906864,0.8402767,-0.87584818,-1.69018322,-0.09074299,-0.5135916,-0.7730206999999999,-0.09066541,1.0
2440555.908364,0.8558986999999999,-0.87583086,-1.6901928,-0.0907446,-0.5135987,-0.77302089,-0.09066702,1.0
2440555.915656,0.961219,-0.87574665,-1.69023937,-0.09075241,-0.51363323,-0.77302185,-0.09067483,1.0
2440555.920156,0.9568027,-0.87569469,-1.6902681,-0.09075723,-0.51365454,-0.77302244,-0.09067965,1.0
2440555.925072,0.9745911,-0.87563792,-1.6902994999999998,-0.0907625,-0.51367782,-0.77302309,-0.09068491,1.0
2440555.928781,0.9532842,-0.87559508,-1.69032318,-0.09076647,-0.51369538,-0.77302359,-0.09068888,1.0
2440555.932739,0.9936248,-0.87554937,-1.69034845,-0.09077071,-0.51371413,-0.77302412,-0.09069312,1.0
2440555.9371970003,1.019582,-0.87549789,-1.69037691,-0.09077549,-0.51373524,-0.77302472,-0.0906979,1.0
2440555.9401970003,1.048147,-0.87546324,-1.69039606,-0.0907787,-0.51374945,-0.77302513,-0.09070111,1.0
2440555.945406,1.11795,-0.87540308,-1.69042932,-0.09078428,-0.51377413,-0.77302584,-0.09070669,1.0
2440555.949322,1.120011,-0.87535785,-1.69045432,-0.09078848,-0.51379268,-0.77302638,-0.09071088,1.0
2440555.952321,1.1345459999999998,-0.87532321,-1.69047347,-0.09079169,-0.51380689,-0.7730268,-0.09071409,1.0
2440555.956446,1.136639,-0.87527556,-1.6904998,-0.09079611,-0.51382644,-0.77302738,-0.09071851,1.0
2440555.9599880003,1.102611,-0.87523466,-1.69052241,-0.0907999,-0.51384322,-0.77302787,-0.0907223,1.0
2440555.964821,1.130375,-0.87517884,-1.69055325,-0.09080508,-0.51386612,-0.77302856,-0.09072748,1.0
2440555.9682380003,1.083483,-0.87513937,-1.69057506,-0.09080874,-0.51388231,-0.77302904,-0.09073114,1.0
2440555.972446,1.100582,-0.87509077,-1.69060192,-0.09081325,-0.51390226,-0.77302964,-0.09073564,1.0
2441543.801788,1.073617,-1.96679957,0.43600901,0.13071885,-1.16895054,-0.18798232,0.13067574,1.0
2441543.807371,1.112882,-1.9668076,0.4359395,0.13071375,-1.16890096,-0.18797652,0.13067065,1.0
2441543.816914,1.161046,-1.96682132,0.4358207000000001,0.13070502,-1.16881623,-0.18796659,0.13066194,1.0
2441543.823247,1.148284,-1.96683042,0.43574185,0.13069924,-1.16876001,-0.18795999,0.13065615,1.0
2441543.826747,1.130445,-1.96683544,0.43569827,0.13069604,-1.16872893,-0.18795634,0.13065296,1.0
2441543.831872,1.115962,-1.96684281,0.43563446,0.13069135,-1.16868344,-0.187951,0.13064828,1.0
2441543.835248,1.074606,-1.96684765,0.43559243,0.13068827,-1.16865349,-0.18794747,0.1306452,1.0
2441543.837998,1.042436,-1.9668516,0.43555819,0.13068575,-1.16862908,-0.1879446,0.13064269,1.0
2441543.840956,0.9265083,-1.96685585,0.43552136,0.13068305,-1.16860283,-0.18794151,0.13063999,1.0
2441543.8447060003,0.9163245,-1.96686123,0.43547467,0.13067962,-1.16856955,-0.18793759,0.13063656,1.0
2441543.848873,0.8630764999999999,-1.96686721,0.43542279,0.13067581,-1.16853257,-0.18793323,0.13063276,1.0
2441543.853999,0.8591110999999999,-1.96687456,0.43535897,0.13067113,-1.16848709,-0.18792787,0.13062808,1.0
2441543.860249,0.8839939,-1.96688353,0.43528115,0.13066541,-1.16843164,-0.18792132,0.13062237,1.0
2441543.864624,0.9070878,-1.9668898,0.43522668,0.13066141,-1.16839283,-0.18791673,0.13061838,1.0
2441543.8681240003,0.9239517,-1.96689482,0.4351831,0.13065821,-1.16836178,-0.18791306,0.13061518,1.0
2441543.872916,0.9791502,-1.96690168,0.43512343,0.13065383,-1.16831928,-0.18790803,0.13061081,1.0
2441543.8819580004,0.9666055,-1.96691464,0.43501085,0.13064557,-1.16823909,-0.18789852,0.13060255,1.0
2441543.885375,0.9900321,-1.96691953,0.43496831,0.13064244,-1.16820879,-0.18789493,0.13059943,1.0
2441543.8893330004,0.9946019,-1.9669252,0.43491902,0.13063882,-1.16817369,-0.18789076,0.13059581,1.0
2441543.894376,1.015896,-1.96693242,0.43485624,0.13063421,-1.16812898,-0.18788545,0.13059121,1.0
2441543.900043,1.057911,-1.96694053,0.43478567,0.13062903,-1.16807874,-0.18787948,0.13058603,1.0
2441543.9072930003,1.129404,-1.96695091,0.4346954000000001,0.1306224,-1.16801447,-0.18787183,0.13057941,1.0
2441543.910418,1.147227,-1.96695538,0.43465648,0.13061954,-1.16798677,-0.18786853,0.13057656,1.0
2441543.91446,1.148284,-1.96696116,0.43460616,0.13061585,-1.16795095,-0.18786426,0.13057287,1.0
2441543.918044,1.1461709999999998,-1.96696628,0.43456153,0.13061257,-1.16791918,-0.18786047,0.13056959,1.0
2441543.922169,1.125251,-1.96697218,0.43451017,0.1306088,-1.16788263,-0.18785610000000005,0.13056583,1.0
2441543.925585,1.0765870000000002,-1.96697706,0.43446763,0.13060567,-1.16785236,-0.18785249,0.13056271,1.0
2441543.93046,1.014026,-1.96698403,0.43440693,0.13060122,-1.16780916,-0.18784732,0.13055825,1.0
2441543.934836,0.9515886999999998,-1.96699028,0.43435245,0.13059721,-1.16777039,-0.18784269,0.13055426,1.0
2441543.937961,0.9214022,-1.96699475,0.43431353,0.13059436,-1.16774271,-0.18783937,0.13055139999999998,1.0
2441543.94192,0.8823671000000001,-1.9670004,0.43426423,0.13059074,-1.16770763,-0.18783517,0.13054779,1.0
2441543.945295,0.8488859000000001,-1.96700522,0.4342222,0.13058765,-1.16767773,-0.18783159,0.1305447,1.0
2441543.948253,0.8349284,-1.96700945,0.43418537,0.13058494,-1.16765153,-0.18782845,0.13054200000000002,1.0
2441543.9516290003,0.8174276,-1.96701427,0.43414334,0.13058186,-1.16762164,-0.18782486,0.13053892,1.0
2441543.9562540003,0.8129228000000001,-1.96702087,0.43408574,0.13057763,-1.16758067,-0.18781994,0.13053469,1.0
2441545.907061,1.183622,-1.96967007,0.40976455,0.12878446,-1.15060587,-0.1854417,0.12874374,1.0
2441545.915146,1.167382,-1.96968049,0.40966364,0.12877699,-1.1505368,-0.1854306,0.12873628,1.0
2441545.919687,1.078483,-1.96968634,0.40960695,0.1287728,-1.150498,-0.18542436,0.12873209,1.0
2441545.924812,1.026155,-1.96969294,0.40954298,0.12876806,-1.15045422,-0.18541732,0.12872736,1.0
2441545.929146,0.9863092,-1.96969852,0.40948888,0.12876406,-1.1504172,-0.18541136,0.12872336,1.0
2441545.93323,0.9375903,-1.96970377,0.40943791,0.12876029,-1.15038233,-0.18540574,0.12871960000000002,1.0
2441545.938772,0.9221745,-1.9697109,0.40936873,0.12875517,-1.15033499,-0.18539811,0.12871448,1.0
2441545.942605,0.8733999,-1.96971583,0.40932088,0.12875163,-1.15030226,-0.18539283,0.12871094,1.0
2441545.948688,0.8742046,-1.96972366,0.40924495,0.12874601,-1.15025032,-0.18538444,0.12870533,1.0
2441545.953606,0.8669880999999999,-1.96972998,0.40918357,0.12874146,-1.15020834,-0.18537766,0.12870079,1.0
2441545.957731,0.9255781,-1.96973528,0.40913207,0.12873765,-1.15017312,-0.18537197,0.12869699,1.0
2441545.962606,0.9674156,-1.96974155,0.40907122,0.12873315,-1.15013151,-0.18536524,0.12869249,1.0
2441545.967773,1.067611,-1.96974818,0.40900672,0.12872837,-1.1500874,-0.18535810000000005,0.12868772,1.0
2441545.971107,1.123086,-1.96975246,0.40896511,0.12872529,-1.15005895,-0.18535349,0.12868464,1.0
2441561.7479560003,1.137711,-1.98103984,0.21047898,0.11358426,-1.03728831,-0.14666600000000002,0.11356291,1.0
2441561.756207,1.170663,-1.98104099,0.21037452,0.11357605,-1.03724155,-0.14663823,0.11355472,1.0
2441561.759123,1.144016,-1.98104139,0.2103376,0.11357316,-1.03722502,-0.14662842,0.11355182,1.0
2441561.76204,1.112838,-1.9810418,0.21030066,0.11357025,-1.03720849,-0.14661859,0.11354893,1.0
2441561.762248,1.1067049999999998,-1.98104183,0.21029802,0.11357005,-1.03720731,-0.14661789,0.11354872,1.0
2441561.767165,1.083508,-1.98104251,0.21023576,0.11356516,-1.03717946,-0.14660134,0.11354384,1.0
2441561.77379,1.022426,-1.98104342,0.21015187,0.11355857,-1.03714193,-0.14657903,0.11353726,1.0
2441561.773957,1.022426,-1.98104345,0.21014976,0.1135584,-1.03714098,-0.14657846,0.11353709,1.0
2441561.777498,0.9710285,-1.98104394,0.21010492,0.11355488,-1.03712093,-0.14656654,0.11353358,1.0
2441561.78054,0.941959,-1.98104435,0.2100664,0.11355186,-1.0371037,-0.14655629,0.11353055,1.0
2441561.784124,0.9146017,-1.98104485,0.21002103,0.11354829,-1.03708341,-0.14654422,0.113527,1.0
2441561.787124,0.8880389999999999,-1.98104526,0.20998304,0.11354531,-1.03706643,-0.14653411,0.11352402,1.0
2441561.793999,0.8325915999999999,-1.9810462,0.20989599,0.11353847,-1.03702751,-0.14651094,0.11351719,1.0
2441561.7984990003,0.8348953000000001,-1.98104681,0.209839,0.113534,-1.03700204,-0.14649578,0.11351272,1.0
2441561.8040830004,0.8979083000000001,-1.98104757,0.20976829,0.11352845,-1.03697045,-0.14647695,0.11350717,1.0
2441561.8068330004,0.9230644,-1.98104794,0.20973347,0.11352571,-1.03695489,-0.14646768,0.11350444,1.0
2441561.806916,0.9196699,-1.98104795,0.20973242,0.11352563,-1.03695442,-0.1464674,0.11350436,1.0
2441561.810667,0.9129184,-1.98104846,0.20968493,0.1135219,-1.0369332,-0.14645476,0.11350063,1.0
2441561.810667,0.9129184,-1.98104846,0.20968493,0.1135219,-1.0369332,-0.14645476,0.11350063,1.0
2441561.813875,0.9463069,-1.98104889,0.20964431,0.11351871,-1.03691506,-0.14644394,0.11349745,1.0
2441561.818625,0.9524276,-1.98104953,0.20958416,0.11351398,-1.03688819,-0.14642793,0.11349273,1.0
2441561.821292,0.9728189,-1.98104989,0.20955039,0.11351133,-1.03687311,-0.14641893,0.11349008,1.0
2441561.824209,0.9872611,-1.98105028,0.20951345,0.11350843,-1.03685662,-0.14640909,0.11348718,1.0
2441561.828084,0.9782098,-1.9810508,0.20946438,0.11350457,-1.03683471,-0.14639602,0.11348333,1.0
2441561.831917,1.070612,-1.98105132,0.20941585,0.11350076,-1.03681305,-0.14638309,0.11347953,1.0
2441561.838501,1.065693,-1.98105219,0.20933248,0.11349421,-1.03677584,-0.14636088,0.11347299,1.0
2441561.841335,1.107725,-1.98105257,0.2092966,0.11349139,-1.03675982,-0.14635132,0.11347017,1.0
2441561.844751,1.0775370000000002,-1.98105303,0.20925334,0.113488,-1.03674052,-0.14633979,0.11346678,1.0
2441561.848876,1.091521,-1.98105357,0.2092011,0.11348389,-1.03671722,-0.14632587,0.11346268,1.0
2442150.64526,0.9043323,2.34146202,0.58345613,-0.06841024,1.41981103,0.18853046,-0.06844384,1.0
2442150.648885,0.9093436,2.34145604,0.58349351,-0.06840699,1.4198286,0.1885103,-0.0684406,1.0
2442150.652718,0.9539555,2.34144972,0.58353303,-0.06840355,1.41984717,0.18848898,-0.06843717,1.0
2442150.657801,0.9452094,2.34144133,0.58358545,-0.068399,1.41987181,0.18846071,-0.06843262,1.0
2442150.662218,0.9815848,2.34143404,0.58363099,-0.06839504,1.41989322,0.18843614,-0.06842866,1.0
2442150.667385,1.03069,2.34142552,0.58368427,-0.06839041,1.41991828,0.18840741,-0.06842404,1.0
2442150.672718,1.073317,2.34141671,0.58373926,-0.06838563,1.41994414,0.18837775,-0.06841927,1.0
2442150.678175,1.093272,2.3414077,0.58379554,-0.06838074,1.41997062,0.18834741,-0.06841438,1.0
2442150.6823,1.10644,2.34140089,0.58383807,-0.06837704,1.41999064,0.18832448,-0.06841069,1.0
2442150.686675,1.153262,2.34139367,0.58388318,-0.06837312,1.42001187,0.18830015,-0.06840678,1.0
2442150.689925,1.136392,2.3413883,0.58391669,-0.06837021,1.42002765,0.18828209,-0.06840387,1.0
2442150.692717,1.146907,2.34138369,0.58394548,-0.06836771,1.4200412,0.18826657,-0.06840137,1.0
2442150.697175,1.079265,2.34137632,0.58399145,-0.06836371,1.42006285,0.18824179,-0.06839738,1.0
2442150.699967,1.064457,2.34137171,0.58402023,-0.06836121,1.42007641,0.18822628,-0.06839488,1.0
2442150.702925,1.024066,2.34136682,0.58405073,-0.06835856,1.42009078,0.18820984,-0.06839223,1.0
2442150.706842,1.010015,2.34136035,0.58409112,-0.06835505,1.4201098,0.18818807,-0.06838873,1.0
2442150.709884,0.9734826,2.34135532,0.58412249,-0.06835232,1.42012458,0.18817117,-0.068386,1.0
2442150.712592,0.9296683,2.34135085,0.58415041,-0.06834989999999999,1.42013774,0.18815612,-0.06838358,1.0
2442150.71605,0.8724249,2.34134513,0.58418606,-0.06834680000000001,1.42015455,0.18813691,-0.06838048,1.0
2442150.718759,0.8424187,2.34134066,0.58421399,-0.06834437,1.42016772,0.18812186,-0.06837806,1.0
2442150.722258,0.8370049,2.34133487,0.58425008,-0.06834123,1.42018473,0.18810242,-0.06837493,1.0
2442150.725633,0.8486488000000001,2.34132929,0.58428488,-0.06833821,1.42020114,0.18808367,-0.06837191,1.0
2442150.728341,0.8636306,2.34132481,0.5843128000000001,-0.06833578,1.42021431,0.18806863,-0.06836948,1.0
2442150.731133,0.8886445,2.3413202,0.58434159,-0.06833328,1.42022789,0.18805312,-0.06836698,1.0
2442150.734716,0.9313824,2.34131427,0.58437853,-0.06833007,1.42024532,0.18803322,-0.06836378,1.0
2442150.737924,0.9365436,2.34130896,0.5844116,-0.06832719,1.42026092,0.18801541,-0.06836089999999999,1.0
2442150.740966,0.9752773,2.34130393,0.58444297,-0.06832447,1.42027572,0.18799851,-0.06835818,1.0
2442150.743133,0.9707957,2.34130035,0.58446531,-0.06832252,1.42028627,0.18798648,-0.06835624,1.0
2442150.750924,0.987934,2.34128746,0.58454564,-0.06831554,1.42032419,0.18794322,-0.06834927,1.0
2442150.754924,1.022181,2.34128084,0.58458688,-0.06831196,1.42034366,0.18792102,-0.06834569,1.0
2442150.759591,1.092265,2.34127311,0.584635,-0.06830777,1.42036639,0.18789511,-0.06834151,1.0
2442150.766757,1.0752959999999998,2.34126125,0.58470889,-0.06830135,1.4204013,0.18785532,-0.06833510000000001,1.0
2442150.771923,1.0862459999999998,2.3412527,0.58476215,-0.06829672,1.42042647,0.18782665,-0.06833047,1.0
2442150.7765900004,1.090254,2.34124497,0.58481027,-0.06829254,1.42044921,0.18780075,-0.06832629,1.0
2442150.783757,1.100343,2.3412331,0.58488416,-0.06828611,1.42048415,0.18776098,-0.06831988,1.0
2442150.7864650004,1.105422,2.34122862,0.58491208,-0.06828369,1.42049735,0.18774596,-0.06831745,1.0
2442150.79434,1.048885,2.34121557,0.58499327,-0.06827663,1.42053575,0.18770227,-0.0683104,1.0
2442150.797632,0.9915802,2.34121012,0.5850272,-0.06827368,1.42055181,0.18768401,-0.06830746,1.0
2442150.800382,0.9513235,2.34120556,0.58505556,-0.06827121,1.42056523,0.18766875,-0.06830499999999999,1.0
2442150.803382,0.9504474,2.34120059,0.58508648,-0.06826852,1.42057987,0.18765211,-0.06830231,1.0
2442150.807631,0.8960413,2.34119354,0.5851303000000001,-0.06826471,1.42060061,0.18762854,-0.06829851,1.0
2442150.811631,0.8517811,2.34118691,0.58517154,-0.06826113,1.42062013,0.18760636,-0.06829493,1.0
2442150.816422,0.8588710999999999,2.34117897,0.58522093,-0.06825683,1.42064352,0.18757979,-0.06829064,1.0
2442150.819381,0.8919243,2.34117407,0.58525144,-0.06825418,1.42065797,0.18756338,-0.06828799,1.0
2442150.822839,0.9110202,2.34116833,0.58528709,-0.06825108,1.42067486,0.18754421,-0.06828489,1.0
2442150.8264220003,0.8935688,2.34116239,0.58532402,-0.06824787,1.42069236,0.18752434,-0.06828168,1.0
2442150.828881,0.8935688,2.34115831,0.58534937,-0.06824567,1.42070437,0.18751071,-0.06827948,1.0
2442150.832006,0.9408665,2.34115313,0.58538159,-0.06824286,1.42071964,0.18749338,-0.06827669,1.0
2442150.8351720003,0.9313824,2.34114788,0.58541423,-0.06824003,1.42073511,0.18747583,-0.06827385,1.0
2442150.8376720003,0.9672262,2.34114373,0.58544,-0.06823779,1.42074733,0.18746198,-0.06827161,1.0
2442150.840089,0.9961573,2.34113972,0.58546492,-0.06823562,1.42075914,0.18744858,-0.06826945,1.0
2442150.843297,1.034494,2.3411344,0.58549799,-0.06823274,1.42077482,0.1874308,-0.06826658,1.0
2442150.846339,1.046955,2.34112935,0.58552935,-0.06823002,1.42078969,0.18741394,-0.06826385,1.0
2442150.849046,1.054698,2.34112486,0.58555727,-0.06822759,1.42080293,0.18739893,-0.06826143,1.0
2442150.852088,1.074306,2.34111981,0.58558863,-0.06822486,1.42081781,0.18738207,-0.06825871,1.0
2442150.855005,1.09933,2.34111497,0.5856186999999999,-0.06822225,1.42083207,0.18736591,-0.0682561,1.0
2442150.858088,1.1044040000000002,2.34110985,0.58565048,-0.06821948,1.42084715,0.18734883,-0.06825334,1.0
2442150.861296,1.108481,2.34110453,0.58568355,-0.06821661,1.42086285,0.18733105,-0.06825046,1.0
2442150.86513,1.112572,2.34109816,0.58572308,-0.06821317,1.42088161,0.18730981,-0.06824703,1.0
2442150.868213,1.11565,2.34109304,0.58575486,-0.06821041,1.42089669,0.18729273,-0.06824427,1.0
2442150.870255,1.118737,2.34108965,0.58577591,-0.06820858,1.42090669,0.18728142,-0.06824244,1.0
2442150.875088,1.097307,2.34108163,0.58582573,-0.06820424,1.42093035,0.18725465,-0.06823812,1.0
2442150.876546,1.100343,2.3410792,0.58584076,-0.06820294,1.42093748,0.18724657,-0.06823681,1.0
2442150.8797130003,1.061519,2.34107394,0.58587341,-0.06820010000000001,1.42095299,0.18722903,-0.06823398,1.0
2442150.882546,0.9961573,2.34106924,0.58590261,-0.06819756,1.42096686,0.18721334,-0.06823144,1.0
2442150.885338,1.022181,2.3410646,0.58593139,-0.06819506,1.42098054,0.18719788,-0.06822894,1.0
2442150.888755,0.9743795,2.34105892,0.58596662,-0.06819199,1.42099727,0.18717895,-0.06822588,1.0
2442150.892837,0.9160687,2.34105214,0.58600871,-0.06818833,1.42101728,0.18715635,-0.06822222,1.0
2442150.8974200003,0.8861924000000001,2.34104452,0.58605595,-0.06818422,1.42103973,0.18713097,-0.06821812,1.0
2442150.901754,0.8960413,2.34103732,0.58610063,-0.06818034,1.42106097,0.18710697,-0.06821424,1.0
2442150.906629,0.9093436,2.34102922,0.58615088,-0.06817597,1.42108487,0.18707999,-0.06820988,1.0
2442150.910337,0.9228434,2.34102305,0.5861890999999999,-0.06817264,1.42110305,0.18705946,-0.06820656,1.0
2442150.915004,0.9365436,2.34101529,0.58623721,-0.06816846,1.42112594,0.18703363,-0.06820238,1.0
2442150.927004,1.05567,2.34099534,0.58636091,-0.0681577,1.4211848,0.18696722,-0.06819163,1.0
2442150.9305040003,1.116678,2.34098952,0.58639699,-0.06815457,1.42120198,0.18694785,-0.0681885,1.0
2442150.934211,1.10644,2.34098335,0.58643521,-0.06815124,1.42122018,0.18692733,-0.06818518,1.0
2442150.934961,1.11565,2.3409821,0.58644294,-0.06815057,1.42122386,0.18692318,-0.06818451,1.0
2442151.632612,0.8766779,2.33980942,0.59363143,-0.06752475,1.42470207,0.18308889,-0.06755950000000001,1.0
2442151.636444,0.9012392,2.33980291,0.5936709,-0.06752131,1.42472147,0.18306797,-0.06755606,1.0
2442151.640986,0.8995805,2.3397952,0.59371768,-0.06751723,1.42474447,0.18304318,-0.06755199,1.0
2442151.656861,1.002859,2.33976823,0.59388118,-0.06750299,1.42482489,0.18295655,-0.06753776,1.0
2442151.6614860003,1.013072,2.33976037,0.59392881,-0.06749884,1.42484833,0.18293132,-0.06753362,1.0
2442151.664319,1.063752,2.33975555,0.59395799,-0.06749629,1.42486269,0.18291586,-0.06753108,1.0
2442151.6709020003,1.069646,2.33974436,0.59402579,-0.06749038,1.42489606,0.18287995,-0.06752518,1.0
2442151.673694,1.09759,2.33973962,0.59405454,-0.06748788,1.42491022,0.18286473,-0.06752267,1.0
2442151.678318,1.0965790000000002,2.33973175,0.59410217,-0.06748373,1.42493367,0.1828395,-0.06751853,1.0
2442151.681485,1.127301,2.33972637,0.59413479,-0.06748088,1.42494974,0.18282223,-0.06751569,1.0
2442151.684693,1.13983,2.33972091,0.59416783,-0.067478,1.42496601,0.18280474,-0.06751281,1.0
2442151.687651,1.107745,2.33971588,0.59419829,-0.06747535,1.42498102,0.18278861,-0.06751016,1.0
2442151.691943,1.085526,2.33970858,0.59424249,-0.0674715,1.4250028,0.18276521,-0.06750631,1.0
2442151.695735,1.091541,2.33970213,0.59428154,-0.06746809,1.42502205,0.18274453,-0.06750291,1.0
2442151.700026,1.050123,2.33969483,0.59432573,-0.06746424,1.42504383,0.18272114,-0.06749907,1.0
2442151.704651,0.9982517,2.33968697,0.59437336,-0.06746009,1.42506731,0.18269593,-0.06749492,1.0
2442151.707526,0.9367853,2.33968207,0.59440297,-0.06745751,1.42508191,0.18268026,-0.06749234,1.0
2442151.712026,0.9171494,2.33967441,0.59444931,-0.06745347,1.42510477,0.18265573,-0.06748831,1.0
2442151.714735,0.8954474,2.3396698,0.59447721,-0.06745104,1.42511853,0.18264097,-0.06748588,1.0
2442151.720942,0.8831613000000001,2.33965924,0.59454114,-0.06744547,1.42515007,0.18260714,-0.06748032,1.0
2442151.72515,0.8872378000000001,2.33965207,0.59458448,-0.06744169,1.42517146,0.18258421,-0.06747654,1.0
2442151.728984,0.9037328,2.33964555,0.59462396,-0.06743825,1.42519094,0.18256332,-0.06747311,1.0
2442151.732525,0.885605,2.33963952,0.59466043,-0.06743507,1.42520894,0.18254403,-0.06746993,1.0
2442151.73615,0.9120949,2.33963334,0.59469776,-0.06743182,1.42522737,0.18252428,-0.06746668,1.0
2442151.739817,0.9445829,2.3396271,0.59473552,-0.06742852,1.42524602,0.18250431,-0.06746339,1.0
2442151.743484,0.9454532,2.33962085,0.59477328,-0.06742523,1.42526467,0.18248433,-0.06746011,1.0
2442151.74765,0.9612582,2.33961375,0.59481618,-0.06742149,1.42528586,0.18246164,-0.06745637,1.0
2442151.750859,0.9809346,2.33960829,0.59484923,-0.06741861,1.42530219,0.18244417,-0.06745349,1.0
2442151.754442,1.035715,2.33960218,0.59488612,-0.06741539,1.42532042,0.18242465,-0.06745028,1.0
2442151.758941,1.044335,2.33959451,0.59493246,-0.06741136,1.42534332,0.18240015,-0.06744625,1.0
2442151.763316,1.089532,2.33958706,0.59497752,-0.06740743,1.42536559,0.18237633,-0.06744233,1.0
2442151.766274,1.123155,2.33958201,0.59500798,-0.06740477,1.42538065,0.18236023,-0.06743967,1.0
2442151.771316,1.193549,2.33957342,0.5950599,-0.06740025,1.42540633,0.18233278,-0.06743515,1.0
2442151.7764830003,1.175006,2.33956461,0.5951131,-0.06739561,1.42543264,0.18230465,-0.06743052,1.0
2442151.779691,1.123155,2.33955914,0.59514614,-0.06739273,1.42544898,0.18228719,-0.06742764,1.0
2442151.7822740003,1.12834,2.33955473,0.59517274,-0.06739041,1.42546214,0.18227313,-0.06742533,1.0
2442151.787899,1.1221219999999998,2.33954514,0.59523066,-0.06738536,1.4254908000000002,0.18224252,-0.06742029,1.0
2442151.7916490003,1.065713,2.33953875,0.59526927,-0.06738199,1.42550992,0.18222212,-0.06741692,1.0
2442151.795024,1.029059,2.33953299,0.59530403,-0.06737896,1.42552712,0.18220375,-0.06741389999999997,1.0
2442151.798232,0.9719414,2.33952751,0.59533707,-0.06737608,1.42554348,0.18218629,-0.06741102,1.0
2442151.804107,0.9188403,2.33951749,0.59539757,-0.06737081,1.42557343,0.18215433,-0.06740575,1.0
2442151.808273,0.8831613000000001,2.33951038,0.59544046,-0.06736707,1.42559468,0.18213167,-0.06740202,1.0
2442151.81194,0.8638534,2.33950412,0.59547822,-0.06736378,1.42561339,0.18211172,-0.06739873,1.0
2442151.815148,0.8888736999999999,2.33949864,0.59551126,-0.06736089999999999,1.42562975,0.18209427,-0.06739585,1.0
2442151.818773,0.8872378000000001,2.33949246,0.59554858,-0.06735764,1.42564825,0.18207456,-0.06739260000000001,1.0
2442151.823857,0.9376485,2.33948378,0.59560093,-0.06735308,1.4256742,0.18204691,-0.06738804,1.0
2442151.8273150004,0.9247834,2.33947787,0.59563654,-0.06734997,1.42569185,0.18202811,-0.06738494,1.0
2442151.831607,0.9498173,2.33947054,0.59568073,-0.06734612,1.42571376,0.18200477,-0.0673811,1.0
2442151.835107,0.9376485,2.33946457,0.59571677,-0.06734298,1.42573163,0.18198574,-0.06737796,1.0
2442151.839606,1.018686,2.33945688,0.5957631,-0.06733894,1.42575461,0.18196128,-0.06737392,1.0
2442151.843897,1.013072,2.33944955,0.59580729,-0.06733508,1.42577653,0.18193795,-0.06737008,1.0
2455856.510253,1.087397,-1.53803318,-1.12029387,-0.01422561,-0.65984225,-0.65168864,-0.01422835,1.0
2455856.511663,1.100495,-1.53802184,-1.12030864,-0.01422733,-0.65984274,-0.6516821,-0.01423006,1.0
2455856.513063,1.095439,-1.53801059,-1.1203233,-0.01422903,-0.65984321,-0.65167561,-0.01423177,1.0
2455856.514463,1.104557,-1.53799934,-1.12033796,-0.01423074,-0.65984369,-0.65166911,-0.01423348,1.0
2455856.515863,1.106593,-1.53798809,-1.12035263,-0.01423245,-0.65984417,-0.65166262,-0.01423518,1.0
2455856.517273,1.117862,-1.53797675,-1.12036739,-0.01423417,-0.65984466,-0.65165608,-0.0142369,1.0
2455856.518673,1.094431,-1.5379655,-1.12038206,-0.01423587,-0.65984514,-0.65164958,-0.01423861,1.0
2455856.520073,1.099482,-1.53795425,-1.12039672,-0.01423758,-0.65984562,-0.65164309,-0.01424031,1.0
2455856.5214830004,1.120955,-1.53794291,-1.12041149,-0.0142393,-0.6598460999999999,-0.65163655,-0.01424203,1.0
2455856.5228830003,1.121988,-1.53793166,-1.12042615,-0.014241,-0.65984658,-0.65163006,-0.01424374,1.0
2455856.5242830003,1.109656,-1.5379204,-1.12044081,-0.01424271,-0.65984707,-0.65162356,-0.01424545,1.0
2455856.525683,1.115804,-1.53790915,-1.12045547,-0.01424442,-0.65984755,-0.65161707,-0.01424715,1.0
2455856.527093,1.09847,-1.53789781,-1.12047024,-0.01424614,-0.65984803,-0.65161053,-0.01424887,1.0
2455856.528494,1.1261290000000002,-1.53788656,-1.1204849,-0.01424784,-0.65984852,-0.65160404,-0.01425058,1.0
2455856.529894,1.109656,-1.53787531,-1.12049957,-0.01424955,-0.659849,-0.65159755,-0.01425228,1.0
2455856.531304,1.105575,-1.53786397,-1.12051433,-0.01425127,-0.65984949,-0.65159101,-0.014254,1.0
2455856.532704,1.091411,-1.53785272,-1.12052899,-0.01425297,-0.65984997,-0.65158452,-0.01425571,1.0
2455856.5341040003,1.082401,-1.53784146,-1.12054366,-0.01425468,-0.65985046,-0.65157802,-0.01425741,1.0
2455856.5355040003,1.057763,-1.53783021,-1.12055832,-0.01425639,-0.65985094,-0.65157153,-0.01425912,1.0
2455856.536914,1.060689,-1.53781887,-1.12057309,-0.0142581,-0.65985143,-0.65156499,-0.01426084,1.0
2455856.538314,1.028936,-1.53780762,-1.12058775,-0.01425981,-0.65985192,-0.6515585,-0.01426255,1.0
2455856.539714,1.024208,-1.53779636,-1.12060241,-0.01426152,-0.6598524,-0.65155201,-0.01426425,1.0
2455856.541124,1.006441,-1.53778502,-1.12061717,-0.01426324,-0.65985289,-0.65154547,-0.01426597,1.0
2455856.547364,0.9349496,-1.53773486,-1.12068252,-0.01427084,-0.65985507,-0.65151654,-0.01427358,1.0
2455856.5487740003,0.9145094,-1.53772352,-1.12069729,-0.01427256,-0.65985556,-0.65151001,-0.0142753,1.0
2455856.550174,0.9086324,-1.53771226,-1.12071195,-0.01427427,-0.65985605,-0.65150352,-0.014277,1.0
2455856.551574,0.8838696,-1.53770101,-1.12072661,-0.01427597,-0.65985654,-0.65149703,-0.01427871,1.0
2455856.552984,0.8709399,-1.53768967,-1.12074137,-0.01427769,-0.65985703,-0.65149049,-0.01428043,1.0
2455856.554384,0.8653428,-1.53767841,-1.12075603,-0.014279399999999998,-0.65985752,-0.6514840000000001,-0.01428213,1.0
2455856.555784,0.8348110000000001,-1.53766716,-1.1207707,-0.0142811,-0.65985801,-0.65147751,-0.01428384,1.0
2455856.557184,0.8425355,-1.5376559,-1.12078536,-0.01428281,-0.6598585,-0.65147102,-0.01428555,1.0
2455856.558594,0.8294461,-1.53764456,-1.12080012,-0.01428453,-0.659859,-0.65146449,-0.01428726,1.0
2455856.559994,0.8325075000000001,-1.5376333,-1.12081478,-0.01428623,-0.65985949,-0.651458,-0.01428897,1.0
2455856.561394,0.8464244000000001,-1.53762205,-1.12082944,-0.01428794,-0.65985998,-0.65145151,-0.01429068,1.0
2455856.562804,0.8464244000000001,-1.53761071,-1.12084421,-0.01428966,-0.65986048,-0.65144498,-0.0142924,1.0
2455856.564204,0.8503313,-1.53759945,-1.12085887,-0.01429137,-0.65986097,-0.65143849,-0.0142941,1.0
2455856.565604,0.8464244000000001,-1.53758819,-1.12087353,-0.01429307,-0.65986146,-0.651432,-0.01429581,1.0
2455856.5670040003,0.8558313,-1.53757694,-1.12088819,-0.01429478,-0.65986196,-0.65142551,-0.01429751,1.0
2455856.568414,0.8830559000000001,-1.5375656,-1.12090295,-0.0142965,-0.65986245,-0.65141898,-0.01429923,1.0
2455856.569814,0.8986450999999999,-1.53755434,-1.12091761,-0.0142982,-0.65986295,-0.65141249,-0.01430094,1.0
2455856.571214,0.8986450999999999,-1.53754308,-1.12093227,-0.01429991,-0.65986344,-0.65140601,-0.01430265,1.0
2455856.5726240003,0.9019618,-1.53753174,-1.12094703,-0.01430163,-0.65986394,-0.65139947,-0.01430436,1.0
2455856.574024,0.9255251,-1.53752048,-1.12096169,-0.01430334,-0.65986444,-0.65139299,-0.01430607,1.0
2455856.575424,0.9306538,-1.53750922,-1.12097635,-0.01430504,-0.65986493,-0.6513865,-0.01430778,1.0
2455856.576824,0.935811,-1.53749797,-1.12099101,-0.01430675,-0.65986543,-0.65138001,-0.01430948,1.0
2455856.578234,0.9401306,-1.53748663,-1.12100577,-0.01430847,-0.65986593,-0.65137348,-0.0143112,1.0
2455856.579634,0.9488295,-1.53747537,-1.12102043,-0.01431017,-0.65986643,-0.65136699,-0.01431291,1.0
2455856.581034,0.9523316,-1.53746411,-1.12103509,-0.01431188,-0.65986692,-0.65136051,-0.01431461,1.0
2455856.582444,0.9514549,-1.53745277,-1.12104985,-0.0143136,-0.65986743,-0.65135398,-0.01431633,1.0
2455856.583844,0.9453403,-1.53744151,-1.12106451,-0.0143153,-0.65986792,-0.65134749,-0.01431804,1.0
2455856.585244,0.9453403,-1.53743025,-1.12107917,-0.01431701,-0.65986842,-0.651341,-0.01431975,1.0
2455856.586655,0.9593746,-1.53741891,-1.12109393,-0.01431873,-0.65986893,-0.65133447,-0.01432146,1.0
2455856.589725,0.9709307,-1.53739422,-1.12112608,-0.01432247,-0.65987002,-0.65132025,-0.01432521,1.0
2455856.591125,0.9962958,-1.53738296,-1.12114074,-0.01432418,-0.65987052,-0.65131377,-0.01432691,1.0
2455856.592535,0.9772108,-1.53737162,-1.1211555,-0.0143259,-0.65987103,-0.65130724,-0.01432863,1.0
2455856.593935,0.9953787,-1.53736036,-1.12117016,-0.0143276,-0.65987153,-0.65130075,-0.01433034,1.0
2455856.595335,1.010155,-1.5373491,-1.12118481,-0.01432931,-0.65987203,-0.65129427,-0.01433204,1.0
2455856.596745,1.027988,-1.53733776,-1.12119958,-0.01433103,-0.65987253,-0.65128774,-0.01433376,1.0
2455856.598145,1.040371,-1.5373265,-1.12121423,-0.01433273,-0.65987304,-0.65128126,-0.01433547,1.0
2455856.599545,1.0499969999999998,-1.53731523,-1.12122889,-0.01433444,-0.65987354,-0.65127477,-0.01433717,1.0
2455856.600955,1.053873,-1.53730389,-1.12124365,-0.01433616,-0.65987405,-0.65126824,-0.01433889,1.0
2455856.602355,1.050965,-1.53729263,-1.12125831,-0.01433786,-0.65987455,-0.65126176,-0.0143406,1.0
2455856.603755,1.069518,-1.53728137,-1.12127297,-0.01433957,-0.65987505,-0.65125528,-0.01434231,1.0
2455856.605155,1.081404,-1.53727011,-1.12128763,-0.01434128,-0.65987556,-0.65124879,-0.01434401,1.0
2455856.606565,1.078421,-1.53725877,-1.12130239,-0.014343,-0.65987607,-0.65124226,-0.01434573,1.0
2455856.607965,1.076436,-1.53724751,-1.12131704,-0.0143447,-0.65987657,-0.65123578,-0.01434744,1.0
2455856.609365,1.100495,-1.53723624,-1.1213316999999998,-0.01434641,-0.65987708,-0.6512293,-0.01434914,1.0
2455856.610775,1.088399,-1.5372249,-1.12134646,-0.01434813,-0.65987759,-0.65122277,-0.01435086,1.0
2455856.612175,1.104557,-1.53721364,-1.12136112,-0.01434983,-0.65987809,-0.65121629,-0.01435257,1.0
2455856.613575,1.111702,-1.53720238,-1.12137578,-0.01435154,-0.6598786,-0.65120981,-0.01435427,1.0
2455856.614975,1.094431,-1.53719111,-1.12139043,-0.01435325,-0.6598791,-0.65120333,-0.01435598,1.0
2455856.616385,1.130286,-1.53717977,-1.12140519,-0.01435496,-0.65987962,-0.6511968000000001,-0.0143577,1.0
2455856.617785,1.112726,-1.53716851,-1.12141985,-0.01435667,-0.65988012,-0.65119032,-0.01435941,1.0
2455856.619185,1.105575,-1.53715725,-1.12143451,-0.01435838,-0.65988063,-0.65118384,-0.01436111,1.0
2455856.620595,1.096449,-1.5371458999999998,-1.12144927,-0.01436009,-0.65988114,-0.65117731,-0.01436283,1.0
2455856.621995,1.089402,-1.53713464,-1.12146392,-0.0143618,-0.65988165,-0.65117083,-0.01436454,1.0
2455856.623395,1.082401,-1.53712338,-1.12147858,-0.01436351,-0.65988216,-0.65116435,-0.01436624,1.0
2455856.624805,1.092417,-1.53711203,-1.12149334,-0.01436523,-0.65988268,-0.65115782,-0.01436796,1.0
2455856.626205,1.077428,-1.53710077,-1.121508,-0.01436693,-0.65988319,-0.65115134,-0.01436967,1.0
2455856.627605,1.060689,-1.53708951,-1.12152265,-0.01436864,-0.6598837,-0.65114486,-0.01437137,1.0
2455856.629005,1.065585,-1.53707824,-1.12153731,-0.01437034,-0.65988421,-0.65113838,-0.01437308,1.0
2455856.630415,1.052903,-1.5370669,-1.12155207,-0.01437206,-0.65988472,-0.65113186,-0.014374799999999997,1.0
2455856.631815,1.018563,-1.53705564,-1.12156672,-0.01437377,-0.65988523,-0.65112538,-0.01437651,1.0
2455856.633215,1.008296,-1.53704437,-1.12158138,-0.01437548,-0.65988574,-0.6511189000000001,-0.01437821,1.0
2455856.634625,0.9935466,-1.53703303,-1.12159614,-0.01437719,-0.65988626,-0.65111237,-0.01437993,1.0
2455856.636025,0.9629155,-1.53702176,-1.12161079,-0.014378899999999997,-0.65988677,-0.6511059,-0.01438164,1.0
2455856.637425,0.9593746,-1.5370105,-1.12162545,-0.01438061,-0.65988729,-0.65109942,-0.01438334,1.0
2455856.638835,0.941864,-1.53699915,-1.12164021,-0.01438233,-0.6598878,-0.65109289,-0.01438506,1.0
2455856.640235,0.9229713,-1.53698789,-1.12165486,-0.01438403,-0.65988832,-0.65108641,-0.01438677,1.0
2455856.641635,0.9178848,-1.53697662,-1.12166952,-0.01438574,-0.65988883,-0.65107994,-0.01438847,1.0
2455856.643035,0.8986450999999999,-1.53696536,-1.12168417,-0.01438744,-0.65988935,-0.65107346,-0.01439018,1.0
2455856.644445,0.8773809000000001,-1.53695401,-1.12169893,-0.01438916,-0.65988987,-0.65106693,-0.0143919,1.0
2455856.645846,0.8733498,-1.53694275,-1.12171358,-0.01439087,-0.65989038,-0.65106046,-0.01439361,1.0
2455856.647246,0.8534698000000001,-1.53693148,-1.12172824,-0.01439258,-0.6598909000000001,-0.65105398,-0.01439531,1.0
2455856.649426,0.8574093,-1.53691394,-1.12175106,-0.01439523,-0.6598917,-0.65104389,-0.01439797,1.0
2455856.650826,0.8340424999999999,-1.53690268,-1.12176571,-0.01439694,-0.65989222,-0.65103742,-0.01439967,1.0
2455856.652226,0.8456452,-1.53689141,-1.12178037,-0.01439864,-0.65989273,-0.65103094,-0.01440138,1.0
2455856.653636,0.8271574,-1.53688006,-1.12179512,-0.01440036,-0.65989326,-0.65102442,-0.0144031,1.0
2455856.655036,0.8581993,-1.5368688,-1.12180978,-0.01440207,-0.65989377,-0.65101794,-0.01440481,1.0
2455856.656436,0.8503313,-1.53685753,-1.12182443,-0.01440378,-0.65989429,-0.65101147,-0.01440651,1.0
2455856.657836,0.8597816999999999,-1.53684626,-1.12183909,-0.01440548,-0.65989481,-0.65100499,-0.01440822,1.0
2455856.659246,0.8629551,-1.53683492,-1.12185384,-0.0144072,-0.65989533,-0.65099847,-0.01440994,1.0
2455856.660646,0.8589902,-1.53682365,-1.1218685,-0.01440891,-0.65989585,-0.65099199,-0.01441164,1.0
2455856.662046,0.869337,-1.53681238,-1.12188315,-0.01441061,-0.65989637,-0.65098552,-0.01441335,1.0
2455856.663456,0.8637503000000001,-1.53680104,-1.12189791,-0.01441233,-0.6598969,-0.650979,-0.01441507,1.0
2455856.6648560003,0.8879493,-1.53678977,-1.12191256,-0.01441404,-0.65989742,-0.65097252,-0.01441677,1.0
2455856.6662560003,0.892048,-1.5367785,-1.12192721,-0.01441574,-0.65989794,-0.65096604,-0.01441848,1.0
2455856.667666,0.9019618,-1.53676716,-1.12194197,-0.01441746,-0.65989847,-0.65095952,-0.0144202,1.0
2455856.669066,0.8986450999999999,-1.53675589,-1.12195662,-0.01441917,-0.65989899,-0.65095304,-0.0144219,1.0
2455856.670466,0.8863152,-1.53674462,-1.12197128,-0.01442088,-0.65989951,-0.65094656,-0.01442361,1.0
2455856.671876,0.9069601,-1.53673327,-1.12198603,-0.01442259,-0.65990004,-0.65094004,-0.01442533,1.0
2455856.673276,0.9238218,-1.536722,-1.12200069,-0.0144243,-0.65990057,-0.65093356,-0.01442704,1.0
2455856.674676,0.9170398,-1.53671074,-1.12201534,-0.01442601,-0.65990109,-0.65092709,-0.01442874,1.0
2455856.676076,0.9212727,-1.53669947,-1.12202999,-0.01442771,-0.65990162,-0.65092061,-0.01443045,1.0
2455856.677486,0.9673601,-1.53668812,-1.12204475,-0.01442943,-0.65990215,-0.65091409,-0.01443217,1.0
2455856.678886,0.9549666,-1.53667685,-1.1220594,-0.01443114,-0.65990267,-0.65090761,-0.01443387,1.0
2455856.680286,0.9673601,-1.53666558,-1.12207405,-0.01443284,-0.6599031999999999,-0.65090114,-0.01443558,1.0
2455856.681696,0.9853443,-1.53665423,-1.12208881,-0.01443456,-0.65990373,-0.65089462,-0.014437299999999997,1.0
2455856.683096,1.0110860000000002,-1.53664296,-1.12210346,-0.01443627,-0.65990425,-0.65088814,-0.014439,1.0
2455856.684496,1.033685,-1.5366316999999998,-1.12211811,-0.01443797,-0.65990478,-0.65088166,-0.01444071,1.0
2455856.685896,1.031782,-1.53662043,-1.12213276,-0.01443968,-0.65990531,-0.65087519,-0.01444242,1.0
2455856.687306,1.061667,-1.53660908,-1.12214752,-0.014441399999999997,-0.65990584,-0.65086867,-0.01444414,1.0
2455856.6887060003,1.070504,-1.53659781,-1.12216217,-0.01444311,-0.65990637,-0.65086219,-0.01444584,1.0
2455856.690116,1.083399,-1.53658646,-1.12217693,-0.01444482,-0.6599069000000001,-0.65085567,-0.01444756,1.0
2455856.691516,1.104557,-1.53657519,-1.12219158,-0.01444653,-0.65990743,-0.6508491999999999,-0.01444927,1.0
2455856.692916,1.110678,-1.53656392,-1.12220623,-0.01444824,-0.65990796,-0.65084272,-0.01445097,1.0
2455856.694326,1.105575,-1.53655257,-1.12222099,-0.01444996,-0.6599085,-0.6508361999999999,-0.01445269,1.0
2455856.695726,1.10354,-1.5365413,-1.12223564,-0.01445166,-0.65990903,-0.65082973,-0.014454399999999997,1.0
2455856.698536,1.106593,-1.53651868,-1.12226504,-0.01445509,-0.65991009,-0.65081674,-0.01445782,1.0
2455856.699936,1.114777,-1.53650741,-1.12227969,-0.01445679,-0.65991062,-0.65081026,-0.01445953,1.0
2455856.701336,1.134457,-1.53649614,-1.12229435,-0.0144585,-0.65991116,-0.65080379,-0.01446123,1.0
2455856.702736,1.1261290000000002,-1.53648487,-1.122309,-0.0144602,-0.65991169,-0.65079732,-0.01446294,1.0
2455856.7041470003,1.151299,-1.53647351,-1.12232375,-0.01446192,-0.65991223,-0.6507908,-0.01446466,1.0
2455856.7055470003,1.106593,-1.53646224,-1.1223383999999998,-0.01446363,-0.65991276,-0.65078433,-0.01446637,1.0
2455856.707617,1.118892,-1.53644558,-1.12236006,-0.01446615,-0.65991355,-0.65077476,-0.01446889,1.0
2455856.709017,1.1375959999999998,-1.53643431,-1.12237471,-0.01446786,-0.65991408,-0.65076829,-0.01447059,1.0
2455856.710407,1.134457,-1.53642312,-1.12238926,-0.01446955,-0.65991461,-0.65076186,-0.01447229,1.0
2455856.711817,1.107614,-1.53641176,-1.12240401,-0.01447127,-0.65991515,-0.65075534,-0.01447401,1.0
2455856.713217,1.114777,-1.53640049,-1.12241866,-0.01447298,-0.65991569,-0.65074887,-0.01447571,1.0
2455856.714617,1.069518,-1.53638922,-1.12243331,-0.01447468,-0.65991622,-0.6507423999999999,-0.01447742,1.0
2455856.716027,1.0843969999999998,-1.53637787,-1.12244807,-0.0144764,-0.65991676,-0.65073588,-0.01447914,1.0
2455856.717427,1.070504,-1.5363666,-1.12246272,-0.01447811,-0.6599173,-0.65072941,-0.01448084,1.0
2455856.718827,1.042289,-1.53635532,-1.12247737,-0.01447981,-0.65991784,-0.65072294,-0.01448255,1.0
2455856.720237,1.042289,-1.53634397,-1.12249212,-0.01448153,-0.65991838,-0.65071642,-0.01448427,1.0
2455856.721637,0.9999727,-1.5363327,-1.12250677,-0.01448324,-0.65991892,-0.65070995,-0.01448598,1.0
2455856.723037,1.003663,-1.53632143,-1.12252142,-0.01448495,-0.65991945,-0.65070348,-0.01448768,1.0
2455857.51033,0.9852625,-1.52996197,-1.13074427,-0.01544424,-0.66028305,-0.64709435,-0.01544698,1.0
2455857.51174,0.9789312,-1.52995054,-1.13075897,-0.01544596,-0.66028381,-0.64708794,-0.0154487,1.0
2455857.51314,0.9989688,-1.5299392,-1.13077356,-0.01544766,-0.66028457,-0.64708158,-0.0154504,1.0
2455857.5145400004,0.9989688,-1.52992785,-1.13078816,-0.01544937,-0.66028532,-0.64707521,-0.01545211,1.0
2455857.51595,0.9989688,-1.52991643,-1.13080286,-0.01545109,-0.66028608,-0.6470688,-0.01545382,1.0
2455857.51735,1.010071,-1.52990508,-1.13081746,-0.01545279,-0.66028684,-0.64706244,-0.01545553,1.0
2455857.52275,1.024123,-1.52986132,-1.13087375,-0.01545937,-0.66028976,-0.64703789,-0.01546211,1.0
2455857.5249400004,1.024123,-1.52984357,-1.13089658,-0.01546204,-0.66029095,-0.64702794,-0.01546478,1.0
2455857.5263400003,1.018479,-1.52983222,-1.13091118,-0.01546374,-0.66029171,-0.64702157,-0.01546648,1.0
2455857.52775,1.020357,-1.52982079,-1.13092587,-0.01546546,-0.66029247,-0.64701516,-0.0154682,1.0
2455857.52915,1.008212,-1.52980945,-1.13094047,-0.01546717,-0.66029323,-0.6470088,-0.01546991,1.0
2455857.53055,1.002656,-1.5297981,-1.13095506,-0.01546887,-0.66029399,-0.64700244,-0.01547161,1.0
2455857.53195,1.004505,-1.52978675,-1.13096966,-0.01547058,-0.66029475,-0.64699608,-0.01547332,1.0
2455857.53336,0.992549,-1.52977533,-1.13098436,-0.01547229,-0.66029552,-0.64698967,-0.01547503,1.0
2455857.53476,0.9628353,-1.52976398,-1.13099895,-0.015474000000000003,-0.66029628,-0.64698331,-0.01547674,1.0
2455857.591671,0.9628353,-1.5293026,-1.13159212,-0.01554333,-0.66032754,-0.64672484,-0.01554607,1.0
2455857.593071,0.9843554,-1.52929125,-1.13160671,-0.01554503,-0.66032832,-0.64671849,-0.01554777,1.0
2455857.594471,0.9717447,-1.5292799,-1.1316213,-0.01554674,-0.6603291,-0.64671214,-0.01554948,1.0
2455857.595881,1.00358,-1.52926846,-1.131636,-0.01554846,-0.66032988,-0.64670574,-0.0155512,1.0
2455857.597281,1.010071,-1.52925711,-1.13165059,-0.01555016,-0.66033066,-0.64669938,-0.0155529,1.0
2455857.598681,1.029798,-1.52924576,-1.13166518,-0.01555187,-0.66033144,-0.64669303,-0.01555461,1.0
2455857.600091,1.021297,-1.52923432,-1.13167987,-0.01555359,-0.66033222,-0.64668663,-0.01555632,1.0
2455857.601491,1.017542,-1.52922297,-1.13169446,-0.01555529,-0.660333,-0.64668028,-0.01555803,1.0
2455857.602891,1.036459,-1.52921161,-1.13170905,-0.015557,-0.66033378,-0.64667393,-0.01555974,1.0
2455857.604301,1.031697,-1.52920018,-1.13172374,-0.01555871,-0.66033456,-0.64666753,-0.01556145,1.0
2455857.605701,1.0374139999999998,-1.52918883,-1.13173833,-0.01556042,-0.66033535,-0.64666117,-0.01556316,1.0
2455857.607101,1.029798,-1.52917747,-1.13175292,-0.01556212,-0.66033613,-0.64665482,-0.01556486,1.0
2455857.608501,1.032647,-1.52916612,-1.13176751,-0.01556383,-0.66033691,-0.64664847,-0.01556657,1.0
2455857.609911,1.02318,-1.52915468,-1.1317822,-0.01556555,-0.66033769,-0.64664207,-0.01556829,1.0
2455857.611311,1.027903,-1.52914333,-1.13179679,-0.01556725,-0.66033848,-0.64663572,-0.01556999,1.0
2455857.613672,1.045086,-1.52912419,-1.13182139,-0.01557013,-0.6603398,-0.64662501,-0.01557287,1.0
2455857.692843,1.013799,-1.52848188,-1.13264623,-0.01566657,-0.66038468,-0.64626615,-0.01566931,1.0
2455857.694253,0.9962129,-1.52847044,-1.13266091,-0.01566829,-0.66038549,-0.64625977,-0.01567103,1.0
2455857.695653,1.009142,-1.52845907,-1.1326755,-0.01566999,-0.66038629,-0.64625343,-0.01567273,1.0
2455857.697053,1.016604,-1.52844771,-1.13269008,-0.0156717,-0.6603871,-0.64624708,-0.01567444,1.0
2455857.698463,1.007284,-1.52843627,-1.13270477,-0.01567341,-0.66038791,-0.6462406999999999,-0.01567615,1.0
2455857.6998630003,1.009142,-1.5284249,-1.13271935,-0.01567512,-0.66038872,-0.64623436,-0.01567786,1.0
2455857.7012630003,1.033599,-1.52841354,-1.13273393,-0.01567682,-0.66038952,-0.64622802,-0.01567956,1.0
2455857.702673,1.002656,-1.5284021,-1.13274862,-0.01567854,-0.66039034,-0.64622164,-0.01568128,1.0
2455857.704073,1.0156690000000002,-1.52839074,-1.1327632,-0.01568025,-0.66039114,-0.6462153,-0.01568299,1.0
2455857.705473,1.024123,-1.52837937,-1.13277779,-0.01568195,-0.66039195,-0.64620896,-0.01568469,1.0
2455857.706873,1.013799,-1.52836801,-1.13279237,-0.01568366,-0.66039276,-0.64620262,-0.0156864,1.0
2455857.708283,1.031697,-1.52835656,-1.13280705,-0.01568538,-0.66039357,-0.64619624,-0.01568812,1.0
2455857.709683,1.008212,-1.5283452,-1.13282164,-0.01568708,-0.66039438,-0.6461899,-0.01568982,1.0
2455857.711083,1.022238,-1.52833384,-1.13283622,-0.01568879,-0.66039519,-0.64618356,-0.01569153,1.0
2455857.712483,0.9753308,-1.52832247,-1.1328508,-0.01569049,-0.660396,-0.64617722,-0.01569323,1.0
2455857.713883,0.9601786,-1.52831111,-1.13286538,-0.0156922,-0.66039681,-0.64617088,-0.01569494,1.0
2455857.715293,1.010071,-1.52829967,-1.13288007,-0.01569391,-0.66039763,-0.6461645,-0.01569665,1.0
2455857.716693,0.9592948,-1.5282883,-1.13289465,-0.01569562,-0.66039844,-0.64615816,-0.01569836,1.0
2455857.718093,0.9470049,-1.52827694,-1.13290923,-0.01569732,-0.66039925,-0.64615183,-0.01570006,1.0
2455857.719503,0.9127507,-1.52826549,-1.13292392,-0.01569904,-0.66040007,-0.64614544,-0.01570178,1.0
2455857.720903,0.9093943,-1.52825413,-1.1329385,-0.01570075,-0.66040088,-0.64613911,-0.01570349,1.0
2455857.722303,0.9002266,-1.52824276,-1.13295308,-0.01570245,-0.66040169,-0.64613277,-0.01570519,1.0
2455857.723703,0.927154,-1.5282314,-1.13296766,-0.01570416,-0.66040251,-0.64612643,-0.0157069,1.0
