2443420.313787,1.03235,-2.4436228,-0.90838007,-0.35454172,-1.46097568,-0.72112932,-0.35452475,1.0
2443420.316495,1.056396,-2.44361328,-0.90840915,-0.35454296,-1.46097564,-0.72111281,-0.35452599,1.0
2443420.318662,1.068137,-2.44360566,-0.90843242,-0.35454396,-1.46097561,-0.72109959,-0.35452699,1.0
2443420.32912,1.073067,-2.44356889,-0.90854471,-0.35454879,-1.46097548,-0.7210358,-0.35453179999999995,1.0
2443420.33312,1.094024,-2.44355482,-0.90858766,-0.35455063,-1.46097544,-0.72101141,-0.35453364,1.0
2443420.335828,1.079013,-2.4435453,-0.90861674,-0.35455188,-1.46097541,-0.72099489,-0.35453489,1.0
2443420.338371,1.104147,-2.44353636,-0.90864403,-0.35455305,-1.46097539,-0.72097939,-0.35453605,1.0
2443420.361746,1.1236389999999998,-2.44345415,-0.90889502,-0.35456382,-1.46097525,-0.72083685,-0.3545468,1.0
2443420.363829,1.075046,-2.44344683,-0.90891738,-0.35456478,-1.46097525,-0.72082415,-0.35454776,1.0
2443420.367663,1.063229,-2.44343334,-0.90895855,-0.35456655,-1.46097524,-0.72080077,-0.35454952,1.0
2443420.369204,1.021003,-2.44342792,-0.90897509,-0.35456726,-1.46097524,-0.72079138,-0.35455023,1.0
2443420.386746,0.9777478,-2.44336621,-0.90916344,-0.35457534,-1.46097526,-0.72068443,-0.3545583,1.0
2443420.389163,0.9546123,-2.4433577,-0.90918939,-0.35457646,-1.46097527,-0.72066969,-0.35455941,1.0
2443420.401996,0.8682144,-2.44331255,-0.90932717,-0.35458237,-1.46097534,-0.72059146,-0.35456531,1.0
2443420.421914,0.8950079,-2.44324245,-0.90954101,-0.35459154,-1.46097553,-0.72047006,-0.35457446,1.0
2443420.424414,0.8868024,-2.44323365,-0.90956785,-0.35459269,-1.46097557,-0.72045482,-0.35457561,1.0
2443420.42583,0.8682144,-2.44322867,-0.90958305,-0.35459335,-1.46097558,-0.72044619,-0.35457626,1.0
2443420.435455,0.8682144,-2.44319479,-0.90968639,-0.35459778,-1.46097572,-0.72038753,-0.35458068,1.0
2443420.439789,0.8958325999999999,-2.44317953,-0.90973292,-0.35459977,-1.46097579,-0.72036112,-0.35458267,1.0
2443420.441705,0.910808,-2.44317278,-0.90975349,-0.35460066,-1.46097583,-0.72034944,-0.35458355,1.0
2443420.44483,0.9166993,-2.44316178,-0.90978704,-0.35460209,-1.46097588,-0.7203304,-0.35458499,1.0
2443420.452039,0.9705703,-2.4431364,-0.90986443,-0.35460541,-1.46097602,-0.72028646,-0.3545883,1.0
2443420.457122,0.9572533,-2.4431185,-0.909919,-0.35460775,-1.46097612,-0.72025549,-0.35459063,1.0
2443420.4596220003,0.9687841,-2.4431097,-0.90994584,-0.3546089000000001,-1.46097617,-0.72024026,-0.35459178,1.0
2443420.461539,0.9572533,-2.44310295,-0.90996642,-0.35460979,-1.46097622,-0.72022858,-0.35459266,1.0
2443420.479873,1.035207,-2.44303839,-0.91016323,-0.35461822,-1.46097666,-0.72011687,-0.35460108,1.0
2443420.483581,1.045748,-2.44302533,-0.91020304,-0.35461993,-1.46097676,-0.72009428,-0.35460278,1.0
2443420.485956,1.060296,-2.44301696,-0.91022854,-0.35462102,-1.46097683,-0.72007981,-0.35460387,1.0
2443420.496206,1.066171,-2.44298085,-0.91033857,-0.35462574,-1.46097713,-0.72001737,-0.35460858,1.0
2443420.498748,1.061272,-2.4429719,-0.91036586,-0.35462691,-1.46097721,-0.72000188,-0.35460974,1.0
2443420.50054,1.069121,-2.44296559,-0.9103851,-0.35462773,-1.46097727,-0.71999097,-0.35461056,1.0
2443420.508623,1.033301,-2.44293711,-0.91047187,-0.35463145,-1.46097754,-0.71994173,-0.35461427,1.0
2443420.511748,1.010711,-2.4429261,-0.91050541,-0.35463289,-1.46097764,-0.71992269,-0.35461571,1.0
2443420.5131650004,1.020063,-2.44292111,-0.91052063,-0.35463354,-1.46097769,-0.71991406,-0.35461636,1.0
2443420.51529,0.9895252,-2.44291362,-0.91054344,-0.35463452,-1.46097777,-0.71990112,-0.35461733,1.0
2443420.519081,0.9895252,-2.44290026,-0.91058413,-0.35463626,-1.46097791,-0.71987802,-0.35461907,1.0
2443420.528581,0.9652212,-2.44286679,-0.91068611,-0.35464063,-1.46097826,-0.71982016,-0.35462343,1.0
2443420.531123,0.9652212,-2.44285783,-0.9107134,-0.35464179999999995,-1.46097836,-0.71980468,-0.3546246,1.0
2443420.532956,0.9493514,-2.44285137,-0.91073308,-0.35464264,-1.46097844,-0.71979352,-0.35462544,1.0
2443420.546416,0.8827278000000001,-2.44280393,-0.91087755,-0.35464883,-1.460979,-0.71971155,-0.35463161,1.0
2443420.550207,0.8706168,-2.44279057,-0.91091825,-0.35465058,-1.46097917,-0.71968846,-0.35463335,1.0
2443420.552207,0.8786723,-2.44278352,-0.91093971,-0.3546515,-1.46097925,-0.71967628,-0.35463427,1.0
2443420.554791,0.8819153000000001,-2.44277441,-0.91096745,-0.35465268,-1.46097937,-0.71966055,-0.35463546,1.0
2443420.5659990003,0.8730254999999999,-2.4427349,-0.91108776,-0.35465784,-1.4609799,-0.7195923000000001,-0.3546406,1.0
2443420.567957,0.9024578,-2.442728,-0.91110878,-0.35465874,-1.46097999,-0.71958038,-0.3546415,1.0
2443420.569999,0.8958325999999999,-2.4427208,-0.9111306999999998,-0.35465968,-1.46098009,-0.71956794,-0.35464243,1.0
2443420.5717490003,0.9041215,-2.44271463,-0.91114948,-0.35466048,-1.46098018,-0.71955729,-0.35464323,1.0
2443420.582791,0.9311658000000002,-2.44267569,-0.911268,-0.35466555,-1.46098075,-0.71949006,-0.3546483,1.0
2443420.585416,0.9599023,-2.44266644,-0.91129618,-0.35466676,-1.46098088,-0.71947407,-0.3546495,1.0
2443420.5871240003,0.9696764,-2.44266042,-0.91131451,-0.35466755,-1.46098098,-0.71946368,-0.35465028,1.0
2443420.588041,0.9804533,-2.44265718,-0.91132436,-0.35466797,-1.46098102,-0.71945809,-0.3546507,1.0
2443420.599499,0.9732556999999998,-2.44261678,-0.91144734,-0.35467323,-1.46098166,-0.71938834,-0.35465595,1.0
2443420.612291,1.066171,-2.44257166,-0.91158464,-0.3546791,-1.46098241,-0.71931046,-0.35466182,1.0
2443420.615708,1.136127,-2.44255961,-0.91162131,-0.35468067,-1.46098261,-0.71928967,-0.35466338,1.0
2443420.617083,1.120539,-2.44255476,-0.91163606,-0.35468131,-1.4609827,-0.7192813,-0.35466401,1.0
2443420.6190830003,1.113338,-2.4425477000000004,-0.91165753,-0.35468222,-1.46098282,-0.71926913,-0.35466493,1.0
2443420.6204580003,1.125711,-2.44254285,-0.91167229,-0.35468286,-1.4609829,-0.71926076,-0.35466556,1.0
2443420.633208,1.131949,-2.44249787,-0.91180913,-0.35468871,-1.46098372,-0.71918315,-0.3546714,1.0
2443420.636,1.112313,-2.44248802,-0.9118391,-0.35468999,-1.4609839,-0.71916616,-0.35467268,1.0
2443420.64825,1.099074,-2.4424448,-0.91197058,-0.35469562,-1.46098473,-0.7190916,-0.35467829,1.0
2443420.652,1.095032,-2.44243157,-0.91201082,-0.35469734,-1.46098499,-0.71906878,-0.35468,1.0
2443420.654625,1.051543,-2.4424223,-0.912039,-0.35469854,-1.46098517,-0.71905281,-0.35468121,1.0
2443420.667542,1.033301,-2.44237672,-0.91217763,-0.35470447,-1.4609861000000002,-0.7189741999999999,-0.35468712,1.0
2443427.272269,1.059676,-2.41820388,-0.98273123,-0.35761021,-1.46689608,-0.67994175,-0.3575859,1.0
2443427.275228,1.043213,-2.41819267,-0.98276269,-0.35761146,-1.46690114,-0.67992488,-0.35758714,1.0
2443427.277269,1.022288,-2.41818493,-0.98278439,-0.35761232,-1.46690462,-0.67991325,-0.357588,1.0
2443427.287061,0.9052598,-2.41814782,-0.98288849,-0.35761644,-1.46692138,-0.67985745,-0.35759211,1.0
2443427.288769,0.9331966,-2.41814134,-0.98290664,-0.35761716,-1.4669243,-0.67984771,-0.35759283,1.0
2443427.291811,0.9357788,-2.41812981,-0.98293898,-0.35761844,-1.46692951,-0.67983038,-0.3575941,1.0
2443427.2992700003,0.9263459,-2.41810154,-0.98301827,-0.35762158,-1.46694229,-0.67978788,-0.35759723,1.0
2443427.304562,0.8961346,-2.41808148,-0.98307453,-0.3576238,-1.46695137,-0.67975773,-0.35759945,1.0
2443427.314729,0.8661104,-2.41804293,-0.98318261,-0.35762808,-1.46696883,-0.67969981,-0.35760372,1.0
2443427.323354,0.9323375,-2.41801023,-0.9832743,-0.35763171,-1.46698367,-0.67965068,-0.35760734,1.0
2443427.326395,0.928909,-2.4179987,-0.98330662,-0.35763299,-1.4669888999999998,-0.67963336,-0.35760862,1.0
2443427.327812,0.9426994,-2.41799332,-0.98332169,-0.35763359,-1.46699134,-0.67962529,-0.35760921,1.0
2443427.330145,0.9602255,-2.41798448,-0.98334649,-0.35763457,-1.46699536,-0.67961201,-0.35761019,1.0
2443427.339062,1.007333,-2.41795066,-0.98344128,-0.35763832,-1.46701073,-0.67956122,-0.35761393,1.0
2443427.341479,1.002705,-2.41794149,-0.98346697,-0.35763933,-1.4670149,-0.67954746,-0.35761495,1.0
2443427.345604,1.002705,-2.41792585,-0.98351082,-0.35764107,-1.46702201,-0.67952397,-0.35761668,1.0
2443427.361145,1.092378,-2.4178669,-0.98367602,-0.35764759999999995,-1.46704887,-0.67943549,-0.3576232,1.0
2443427.362395,1.094393,-2.41786216,-0.9836893,-0.35764813,-1.46705103,-0.67942837,-0.35762372,1.0
2443427.363729,1.116794,-2.4178571,-0.98370348,-0.35764869,-1.46705334,-0.67942078,-0.35762428,1.0
2443427.3677290003,1.114739,-2.41784192,-0.983746,-0.35765037,-1.46706027,-0.67939801,-0.35762596,1.0
2443427.37477,1.147026,-2.41781521,-0.98382085,-0.35765333,-1.46707246,-0.67935793,-0.35762891,1.0
2443427.3773950003,1.124018,-2.41780525,-0.98384875,-0.35765444,-1.46707702,-0.67934299,-0.35763001,1.0
2443427.380104,1.153382,-2.41779498,-0.98387754,-0.35765557,-1.46708171,-0.67932757,-0.35763115,1.0
2443427.386437,1.13651,-2.41777095,-0.98394486,-0.35765824,-1.4670927,-0.67929152,-0.35763379999999995,1.0
2443427.390937,1.130246,-2.41775387,-0.98399269,-0.35766013,-1.46710052,-0.67926591,-0.35763569,1.0
2443427.393187,1.118853,-2.41774533,-0.98401661,-0.35766107,-1.46710443,-0.67925311,-0.35763663,1.0
2443427.396062,1.144915,-2.41773442,-0.98404717,-0.35766228,-1.46710943,-0.67923675,-0.35763784,1.0
2443427.404645,1.074418,-2.41770185,-0.9841384,-0.35766589,-1.46712436,-0.67918791,-0.35764143,1.0
2443427.408229,1.081367,-2.41768825,-0.98417649,-0.35766739,-1.4671306,-0.67916752,-0.35764294,1.0
2443427.411062,1.039377,-2.4176775,-0.9842066,-0.35766858,-1.46713553,-0.6791514,-0.35764412,1.0
2443427.426604,0.9762772,-2.41761851,-0.9843718,-0.35767511,-1.46716264,-0.67906299,-0.35765064,1.0
2443427.431354,0.950546,-2.41760048,-0.98442228,-0.35767711,-1.46717093,-0.67903597,-0.35765263,1.0
2443427.433395,0.9323375,-2.41759273,-0.98444398,-0.35767797,-1.4671745,-0.67902436,-0.35765348,1.0
2443427.440729,0.9094381,-2.41756489,-0.98452193,-0.35768105,-1.46718732,-0.67898265,-0.35765656,1.0
2443427.44652,0.9027617,-2.4175429,-0.98458348,-0.35768348,-1.46719746,-0.67894972,-0.35765898,1.0
2443427.448937,0.9127948,-2.41753372,-0.98460916,-0.35768449,-1.46720169,-0.67893597,-0.35765999,1.0
2443427.455229,0.9237896,-2.41750983,-0.98467604,-0.35768714,-1.46721271,-0.6789002,-0.35766263,1.0
2443427.46127,0.9375043,-2.4174869,-0.98474024,-0.35768967,-1.46722331,-0.67886585,-0.35766516,1.0
2443427.46502,0.9331966,-2.41747266,-0.9847801,-0.35769125,-1.46722989,-0.67884453,-0.35766673,1.0
2443427.478354,0.9780774,-2.41742202,-0.98492181,-0.35769684,-1.46725332,-0.67876873,-0.35767231,1.0
2443427.483895,1.003629,-2.41740097,-0.9849807,-0.35769917,-1.46726306,-0.67873723,-0.35767464,1.0
2443427.4886040003,1.017591,-2.41738309,-0.98503075,-0.35770115,-1.46727135,-0.67871047,-0.35767661,1.0
2443427.49077,1.042253,-2.41737486,-0.98505377,-0.35770206,-1.46727517,-0.67869816,-0.35767751,1.0
2443427.4982290003,1.106555,-2.41734653,-0.98513304,-0.35770519,-1.46728832,-0.67865577,-0.35768064,1.0
2443427.5028540003,1.114739,-2.41732896,-0.98518219,-0.35770713,-1.46729647,-0.67862949,-0.35768257,1.0
2443427.505687,1.138605,-2.41731819,-0.9852123,-0.35770832,-1.46730147,-0.67861339,-0.35768376,1.0
2443427.508062,1.1396540000000002,-2.41730917,-0.98523754,-0.35770931,-1.46730567,-0.6785999,-0.35768475,1.0
2443427.569813,0.9655466,-2.4170745,-0.98589375,-0.35773521,-1.46741517,-0.67824918,-0.35771059,1.0
2443427.573605,0.9487965,-2.41706009,-0.98593405,-0.3577368,-1.46742192,-0.67822765,-0.35771217,1.0
2443427.580521,0.9392327,-2.41703379,-0.98600754,-0.3577397,-1.46743425,-0.67818839,-0.35771507,1.0
2443427.584355,0.9153203,-2.41701922,-0.98604828,-0.35774131,-1.46744109,-0.67816663,-0.35771667,1.0
2443427.587105,0.8862846,-2.41700876,-0.9860775,-0.35774246,-1.4674459999999998,-0.67815102,-0.35771782,1.0
2443427.588688,0.9011001,-2.41700274,-0.98609432,-0.35774312,-1.46744882,-0.67814203,-0.35771848,1.0
2443427.602396,0.9094381,-2.41695062,-0.98623999,-0.35774887,-1.46747332,-0.67806423,-0.35772421,1.0
2443427.604646,0.9094381,-2.41694206,-0.98626389,-0.35774981,-1.46747735,-0.67805146,-0.35772515,1.0
2443427.607188,0.8928389000000001,-2.41693239,-0.9862909,-0.35775088,-1.4674819,-0.67803704,-0.35772621,1.0
2443427.609813,0.8879188,-2.41692241,-0.9863188,-0.35775198,-1.4674866000000002,-0.67802214,-0.35772731,1.0
2443427.61748,0.9435677,-2.41689325,-0.98640026,-0.35775519,-1.46750033,-0.67797864,-0.35773052,1.0
2443427.620146,0.9789785,-2.41688311,-0.98642859,-0.35775631,-1.46750511,-0.67796352,-0.35773163,1.0
2443427.623271,0.9980978,-2.41687122,-0.9864618,-0.35775761,-1.46751071,-0.67794579,-0.35773294,1.0
2443427.6308130003,1.026061,-2.41684254,-0.98654194,-0.35776077,-1.46752425,-0.6779029999999999,-0.35773609,1.0
2443428.270023,1.112967,-2.41440354,-0.99332931,-0.3580273,-1.46872159,-0.67429308,-0.35800196,1.0
2443428.278357,1.052161,-2.41437163,-0.99341775,-0.35803076,-1.46873786,-0.67424623,-0.35800542,1.0
2443428.283482,1.061897,-2.41435202,-0.99347213,-0.35803288,-1.46874787,-0.67421742,-0.35800754,1.0
2443428.2870650003,1.038681,-2.4143383,-0.99351015,-0.35803437,-1.46875487,-0.67419728,-0.35800902,1.0
2443428.29844,0.8865069,-2.41429475,-0.99363086,-0.35803909,-1.46877712,-0.67413334,-0.35801373,1.0
2443428.302815,0.8552285,-2.414278,-0.99367729,-0.35804091,-1.46878568,-0.67410876,-0.35801554,1.0
2443428.315023,0.8396189000000001,-2.41423125,-0.99380683,-0.35804597,-1.46880961,-0.67404016,-0.35802059,1.0
2443428.328898,0.9240215,-2.41417811,-0.99395406,-0.35805173,-1.46883685,-0.67396221,-0.35802633,1.0
2443428.332023,0.9299982,-2.41416615,-0.99398722,-0.35805302,-1.46884299,-0.67394465,-0.35802763,1.0
2443428.339232,0.9257251,-2.41413853,-0.99406371,-0.35805601,-1.46885717,-0.67390416,-0.35803061,1.0
2443428.352148,0.9946773,-2.41408906,-0.99420076,-0.35806137,-1.4688826,-0.67383162,-0.35803595,1.0
2443428.356232,1.035815,-2.41407341,-0.9942441,-0.35806306,-1.46889065,-0.67380869,-0.35803764,1.0
2443428.368065,1.123265,-2.41402808,-0.99436965,-0.35806796,-1.4689139999999998,-0.67374225,-0.35804253,1.0
2443428.375607,1.122231,-2.41399918,-0.99444967,-0.35807109,-1.46892889,-0.67369991,-0.35804565,1.0
2443428.384523,1.103779,-2.41396501,-0.99454427,-0.35807479,-1.46894652,-0.67364986,-0.35804934,1.0
2443428.391065,1.092653,-2.41393994,-0.99461369,-0.3580775,-1.46895947,-0.67361314,-0.35805204,1.0
2443428.39494,1.089638,-2.41392509,-0.9946548,-0.3580791,-1.46896714,-0.67359139,-0.35805364,1.0
2443428.3996900003,1.090642,-2.41390689,-0.9947052,-0.35808107,-1.46897656,-0.67356473,-0.35805561,1.0
2443428.408523,1.053131,-2.41387303,-0.99479891,-0.35808473,-1.46899407,-0.67351516,-0.35805926,1.0
2443428.414107,1.046363,-2.41385163,-0.99485816,-0.35808704,-1.46900516,-0.67348383,-0.35806156,1.0
2443428.419565,1.019723,-2.4138307,-0.99491607,-0.3580893,-1.469016,-0.67345321,-0.35806382,1.0
2443428.433232,0.9299982,-2.41377831,-0.99506107,-0.35809496,-1.46904317,-0.67337654,-0.35806947,1.0
2443428.436482,0.8897788000000001,-2.41376585,-0.99509555,-0.35809631,-1.46904964,-0.67335831,-0.35807081,1.0
2443428.4405650003,0.8897788000000001,-2.41375019,-0.99513886,-0.358098,-1.46905777,-0.67333541,-0.3580725,1.0
2443428.450148,0.8824337999999999,-2.41371345,-0.99524053,-0.35810197,-1.46907687,-0.67328167,-0.35807645,1.0
2443428.453023,0.8914193000000001,-2.41370242,-0.99527103,-0.35810316,-1.46908261,-0.67326554,-0.35807764,1.0
2443428.457023,0.8759555,-2.41368708,-0.99531347,-0.35810481,-1.46909059,-0.67324311,-0.35807929,1.0
2443428.467315,0.8775705,-2.41364761,-0.99542266,-0.35810907,-1.46911114,-0.67318541,-0.35808354,1.0
2443428.470648,0.8816214,-2.41363483,-0.99545801,-0.35811045,-1.46911781,-0.67316672,-0.35808492,1.0
2443428.474357,0.8873238999999999,-2.4136206,-0.99549736,-0.35811199,-1.46912522,-0.67314593,-0.35808645,1.0
2443428.4786900003,0.9308551,-2.41360398,-0.99554333,-0.35811378,-1.46913389,-0.67312164,-0.35808824,1.0
2443428.4858150003,0.9648997,-2.41357665,-0.99561892,-0.35811673,-1.46914815,-0.6730816999999999,-0.35809118,1.0
2443428.495232,1.013169,-2.41354052,-0.99571882,-0.35812063,-1.46916703,-0.67302892,-0.35809507,1.0
2443428.499648,1.031056,-2.41352358,-0.99576566,-0.35812246,-1.46917588,-0.67300417,-0.35809689,1.0
2443428.503607,1.044437,-2.41350839,-0.99580766,-0.35812409,-1.46918383,-0.67298199,-0.35809853,1.0
2443428.507232,1.064834,-2.41349448,-0.99584611,-0.35812559,-1.46919111,-0.67296168,-0.35810002,1.0
2443428.517357,1.125336,-2.41345563,-0.99595352,-0.35812978,-1.46921145,-0.67290495,-0.3581042,1.0
2443428.522316,1.135749,-2.41343661,-0.99600612,-0.35813183,-1.46922142,-0.67287717,-0.35810625,1.0
2443428.524816,1.143095,-2.41342701,-0.99603264,-0.35813287,-1.46922645,-0.67286317,-0.35810728,1.0
2443428.528524,1.15793,-2.41341278,-0.99607197,-0.3581344,-1.46923391,-0.67284239,-0.35810881,1.0
2443428.5313580004,1.144148,-2.41340191,-0.99610203,-0.35813557,-1.46923962,-0.67282652,-0.35810998,1.0
2443428.535649,1.160064,-2.41338544,-0.99614755,-0.35813735,-1.46924826,-0.67280248,-0.35811175,1.0
2443428.545983,1.121197,-2.41334577,-0.99625717,-0.35814162,-1.4692691,-0.67274461,-0.35811601,1.0
2443428.549399,1.143095,-2.41333266,-0.99629341,-0.35814303,-1.46927599,-0.67272548,-0.35811742,1.0
2443428.553233,1.097696,-2.41331794,-0.99633407,-0.35814462,-1.46928373,-0.67270401,-0.358119,1.0
2443428.558608,1.070736,-2.41329731,-0.99639109,-0.35814684,-1.46929459,-0.67267391,-0.35812122,1.0
2443428.5618990003,1.057018,-2.41328468,-0.996426,-0.3581482,-1.46930124,-0.67265548,-0.35812257,1.0
2443428.5708990004,0.976522,-2.41325012,-0.99652146,-0.35815192,-1.46931944,-0.6726051,-0.35812628,1.0
2443428.574649,0.9197762,-2.41323572,-0.99656124,-0.35815347,-1.46932703,-0.6725840999999999,-0.35812783,1.0
2443428.577149,0.9342908,-2.41322613,-0.99658776,-0.3581545,-1.46933209,-0.67257011,-0.35812886,1.0
2443428.579774,0.922321,-2.41321605,-0.9966156,-0.35815559,-1.46933741,-0.67255542,-0.35812994,1.0
2443428.5892740004,0.9299982,-2.41317957,-0.99671637,-0.35815951,-1.46935666,-0.67250224,-0.35813386,1.0
2443428.592858,0.8663274,-2.4131658,-0.99675438,-0.35816099,-1.46936393,-0.67248218,-0.35813534,1.0
2443428.596191,0.8930630999999999,-2.413153,-0.99678973,-0.35816237,-1.46937069,-0.67246353,-0.35813671,1.0
2443428.600191,0.8996675999999999,-2.41313764,-0.99683216,-0.35816402,-1.46937881,-0.67244115,-0.35813836,1.0
2443428.603108,0.9240215,-2.41312644,-0.9968631,-0.35816523,-1.46938474,-0.67242482,-0.35813956,1.0
2443428.612399,0.9021568,-2.41309075,-0.99696165,-0.35816907,-1.46940362,-0.67237284,-0.35814339,1.0
2443428.6168580004,0.9121835,-2.41307363,-0.99700894,-0.35817091,-1.46941269,-0.67234789,-0.35814523,1.0
2443428.6209830004,0.9248728,-2.41305778,-0.99705269,-0.35817261,-1.46942109,-0.67232482,-0.35814693,1.0
2443428.623566,0.9525375,-2.41304786,-0.99708009,-0.35817368,-1.46942634,-0.67231037,-0.35814799,1.0
2443428.6382330004,1.063855,-2.41299151,-0.99723565,-0.35817974,-1.46945624,-0.67222833,-0.35815403,1.0
2443428.647899,1.132615,-2.41295437,-0.99733817,-0.35818373,-1.46947596,-0.67217427,-0.35815802,1.0
2443428.650816,1.123265,-2.41294316,-0.9973691,-0.35818493,-1.46948192,-0.67215796,-0.35815922,1.0
2443431.250733,1.117905,-2.40282137,-1.02488853,-0.35923875,-1.47560581,-0.65790631,-0.35921048,1.0
2443431.263191,1.108676,-2.40277224,-1.02502013,-0.3592437,-1.47563905,-0.65783947,-0.35921542,1.0
2443431.2682330003,1.077469,-2.40275235,-1.02507339,-0.35924571,-1.47565251,-0.65781242,-0.35921742,1.0
2443431.2714830004,1.112768,-2.40273953,-1.02510772,-0.359247,-1.47566119,-0.65779499,-0.35921871,1.0
2443431.273191,1.11482,-2.4027328,-1.02512576,-0.35924768,-1.47566575,-0.65778583,-0.35921939,1.0
2443431.274149,1.101551,-2.40272902,-1.02513588,-0.35924806,-1.47566831,-0.65778069,-0.35921977,1.0
2443431.276149,1.111744,-2.40272113,-1.02515701,-0.35924886,-1.47567366,-0.65776996,-0.35922056,1.0
2443431.277983,1.094472,-2.40271389,-1.02517638,-0.35924959,-1.47567856,-0.65776012,-0.35922129,1.0
2443431.279233,1.093464,-2.40270896,-1.02518959,-0.35925008,-1.4756819,-0.65775342,-0.35922178,1.0
2443431.284941,1.064645,-2.40268645,-1.02524988,-0.35925235,-1.47569716,-0.65772281,-0.35922405,1.0
2443431.286733,1.027081,-2.40267938,-1.02526881,-0.35925307,-1.47570195,-0.6577132,-0.35922476,1.0
2443431.287858,1.022362,-2.40267494,-1.02528069,-0.35925351,-1.47570496,-0.65770716,-0.35922521,1.0
2443431.2893580003,1.018602,-2.40266902,-1.02529653,-0.35925411,-1.47570898,-0.65769912,-0.3592258,1.0
2443431.292524,0.9790497,-2.40265653,-1.02532998,-0.35925537,-1.47571745,-0.65768214,-0.35922706,1.0
2443431.294691,0.9745515,-2.40264798,-1.02535287,-0.35925623,-1.47572325,-0.65767052,-0.35922792,1.0
2443431.2964830003,0.9718621,-2.40264091,-1.02537179,-0.35925694,-1.47572804,-0.65766091,-0.35922863,1.0
2443431.303483,0.9324053,-2.40261329,-1.02544573,-0.35925972,-1.47574679,-0.65762338,-0.35923140000000003,1.0
2443431.305691,0.9145442,-2.40260458,-1.02546905,-0.3592606,-1.47575271,-0.65761155,-0.35923228,1.0
2443431.307191,0.9036594,-2.40259866,-1.0254849,-0.3592612,-1.47575673,-0.6576035,-0.35923287,1.0
2443431.309441,0.9019958,-2.40258978,-1.02550866,-0.35926209,-1.47576276,-0.65759144,-0.35923376,1.0
2443431.311358,0.9036594,-2.40258222,-1.02552891,-0.35926285,-1.47576789,-0.65758117,-0.35923452,1.0
2443431.312983,0.8953745000000001,-2.40257581,-1.02554608,-0.3592635,-1.47577225,-0.65757246,-0.35923517,1.0
2443431.317983,0.8863486999999999,-2.40255608,-1.02559889,-0.35926549,-1.47578566,-0.65754566,-0.35923715,1.0
2443431.319649,0.8822764000000001,-2.4025495,-1.02561648,-0.35926615,-1.47579013,-0.65753673,-0.35923781,1.0
2443431.3203990003,0.8749929,-2.40254654,-1.02562441,-0.35926645,-1.47579214,-0.65753271,-0.35923811,1.0
2443431.321858,0.8995076,-2.40254078,-1.02563982,-0.35926703,-1.47579606,-0.65752489,-0.35923869,1.0
2443431.323441,0.8661732,-2.40253454,-1.02565654,-0.35926766,-1.4758003,-0.6575164000000001,-0.35923931,1.0
2443431.3252330003,0.8741876000000001,-2.40252746,-1.02567546,-0.35926837,-1.47580511,-0.6575068000000001,-0.35924002,1.0
2443431.326816,0.8790323,-2.40252122,-1.02569218,-0.359269,-1.47580936,-0.65749832,-0.35924065,1.0
2443431.327941,0.8677701999999999,-2.40251678,-1.02570407,-0.35926944,-1.47581238,-0.65749229,-0.3592411,1.0
2443431.329691,0.8717753,-2.40250987,-1.02572255,-0.35927014,-1.47581708,-0.65748291,-0.35924179,1.0
2443431.331358,0.8629878000000001,-2.40250329,-1.02574016,-0.3592708,-1.47582156,-0.65747398,-0.35924245,1.0
2443431.333691,0.8590228999999999,-2.40249408,-1.0257648,-0.35927173,-1.47582782,-0.65746148,-0.35924338,1.0
2443431.339399,0.8661732,-2.40247155,-1.02582509,-0.359274,-1.47584316,-0.65743089,-0.35924564,1.0
2443431.340774,0.8937265999999999,-2.40246613,-1.02583961,-0.35927454,-1.47584685,-0.65742353,-0.35924618,1.0
2443431.342149,0.8970251,-2.4024607,-1.02585413,-0.35927509,-1.47585055,-0.65741616,-0.35924673,1.0
2443431.3450240004,0.9011655,-2.40244935,-1.0258845,-0.35927623,-1.47585828,-0.65740076,-0.35924787,1.0
2443431.346524,0.9128613,-2.40244343,-1.02590034,-0.35927683,-1.47586231,-0.65739272,-0.35924846,1.0
2443431.348941,0.8766063000000001,-2.40243389,-1.02592587,-0.35927779,-1.47586881,-0.65737977,-0.35924942,1.0
2443431.354316,0.9120209,-2.40241267,-1.02598264,-0.35927992,-1.47588327,-0.65735098,-0.35925155,1.0
2443431.355983,0.9358463,-2.40240609,-1.02600024,-0.35928058,-1.47588776,-0.65734205,-0.35925221,1.0
2443431.357358,0.9332643,-2.40240066,-1.02601477,-0.35928113,-1.47589146,-0.65733469,-0.35925276,1.0
2443431.359191,0.9781485,-2.40239343,-1.02603412,-0.35928186,-1.47589639,-0.65732487,-0.35925348,1.0
2443431.360941,0.9862902,-2.40238652,-1.02605261,-0.35928255,-1.47590111,-0.6573154999999999,-0.35925418,1.0
2443431.363274,0.9899302,-2.40237731,-1.02607725,-0.35928348,-1.47590739,-0.657303,-0.3592551,1.0
2443431.377524,1.054884,-2.40232104,-1.02622775,-0.35928914,-1.47594579,-0.6572266999999999,-0.35926074,1.0
2443431.378566,1.073507,-2.40231693,-1.02623875,-0.35928955,-1.4759486000000002,-0.65722112,-0.35926116,1.0
2443431.380108,1.094472,-2.40231084,-1.02625504,-0.35929017,-1.47595276,-0.65721286,-0.35926177,1.0
2443431.381399,1.126172,-2.40230574,-1.02626867,-0.35929068,-1.47595624,-0.65720595,-0.35926228,1.0
2443431.383899,1.089444,-2.40229587,-1.02629508,-0.35929167,-1.47596298,-0.65719256,-0.35926327,1.0
2443431.385733,1.06759,-2.40228863,-1.02631445,-0.3592924000000001,-1.47596793,-0.65718275,-0.359264,1.0
2443431.387358,1.0754860000000002,-2.40228221,-1.02633161,-0.35929304,-1.47597232,-0.65717405,-0.35926464,1.0
2443431.392858,1.0985120000000002,-2.40226049,-1.02638969,-0.35929523,-1.47598716,-0.6571446,-0.35926682,1.0
2443431.402608,1.12721,-2.40222199,-1.02649266,-0.3592991,-1.4760135,-0.65709242,-0.35927068,1.0
2443431.404399,1.1107200000000002,-2.40221491,-1.02651158,-0.35929981,-1.47601834,-0.65708283,-0.35927139,1.0
2443431.4058580003,1.104599,-2.40220915,-1.02652699,-0.35930039,-1.47602229,-0.65707503,-0.35927197,1.0
2443431.408358,1.095481,-2.40219928,-1.02655339,-0.35930138,-1.47602904,-0.65706165,-0.35927295,1.0
2443431.410316,1.120998,-2.40219154,-1.02657407,-0.35930216,-1.47603434,-0.65705117,-0.35927373,1.0
2443431.411983,1.107656,-2.40218496,-1.02659167,-0.35930282,-1.47603885,-0.65704225,-0.35927439,1.0
2443431.413149,1.107656,-2.40218035,-1.02660398,-0.35930328,-1.476042,-0.65703601,-0.35927485,1.0
2443431.414483,1.117905,-2.40217508,-1.02661807,-0.35930381,-1.47604561,-0.65702887,-0.35927538,1.0
2443431.4155240003,1.122031,-2.40217097,-1.02662907,-0.35930422,-1.47604843,-0.6570233,-0.35927579,1.0
2443431.416941,1.115847,-2.40216537,-1.02664403,-0.35930479,-1.47605226,-0.65701572,-0.35927635,1.0
2443431.419108,1.100537,-2.40215682,-1.02666692,-0.35930565,-1.47605812,-0.65700413,-0.35927721,1.0
2451574.21832,0.9735948,0.7950567,-2.991504,-0.1461335,0.1600126,-2.238443,-0.146133,1.0
2451574.22202,0.9718028,0.7950921,-2.9915,-0.1461291,0.15999829999999998,-2.238481,-0.1461286,1.0
2451574.22572,0.97899,0.7951274,-2.9914970000000003,-0.1461247,0.15998389999999998,-2.238519,-0.1461242,1.0
2451574.22942,0.9655577,0.7951628000000001,-2.991493,-0.14612039999999998,0.15996960000000002,-2.238557,-0.1461198,1.0
2451574.23312,0.9646686,0.7951982,-2.99149,-0.146116,0.1599553,-2.238594,-0.1461155,1.0
2451574.23682,0.9780886,0.7952335,-2.991486,-0.1461116,0.159941,-2.238632,-0.14611110000000002,1.0
2451574.24052,0.9771881,0.7952689000000001,-2.991483,-0.1461073,0.1599267,-2.23867,-0.1461067,1.0
2451574.24422,0.9835086,0.7953043000000001,-2.991479,-0.1461029,0.1599124,-2.2387080000000004,-0.1461024,1.0
2451574.25732,0.9780886,0.7954295,-2.991467,-0.1460874,0.15986170000000002,-2.238841,-0.1460869,1.0
2451574.26102,0.9816987,0.7954649,-2.991463,-0.146083,0.1598474,-2.2388790000000003,-0.1460825,1.0
2451574.26473,0.9816987,0.7955003,-2.99146,-0.1460787,0.1598331,-2.238917,-0.1460781,1.0
2451574.26843,0.9826033000000002,0.7955357,-2.9914560000000003,-0.1460743,0.15981879999999998,-2.238955,-0.1460737,1.0
2451574.27213,0.9907823,0.7955711,-2.991453,-0.14606989999999995,0.15980450000000002,-2.238993,-0.1460694,1.0
2451574.27584,0.9971908000000002,0.7956065,-2.991449,-0.1460655,0.15979010000000002,-2.239031,-0.146065,1.0
2451574.27953,0.9999498,0.7956418000000001,-2.991446,-0.1460612,0.1597759,-2.239068,-0.1460606,1.0
2451574.28323,1.0092020000000002,0.7956772,-2.991442,-0.1460568,0.1597616,-2.239106,-0.1460563,1.0
2451574.28693,1.01386,0.7957125,-2.991439,-0.1460524,0.1597473,-2.239144,-0.1460519,1.0
2451574.29063,1.019479,0.7957479000000001,-2.991435,-0.1460481,0.159733,-2.239182,-0.1460475,1.0
2451574.30313,1.040347,0.7958674,-2.991423,-0.14603329999999998,0.1596848,-2.239309,-0.14603270000000002,1.0
2451574.30683,1.049006,0.7959028,-2.99142,-0.1460289,0.1596705,-2.239347,-0.14602839999999995,1.0
2451574.31054,1.048041,0.7959381999999999,-2.991416,-0.1460245,0.15965620000000005,-2.239385,-0.146024,1.0
2451574.31423,1.05482,0.7959735,-2.991413,-0.14602020000000002,0.159642,-2.239423,-0.14601960000000005,1.0
2451574.31793,1.049973,0.7960089,-2.991409,-0.1460158,0.1596277,-2.239461,-0.1460153,1.0
2451574.32162,1.056765,0.7960441,-2.991406,-0.1460114,0.1596135,-2.239498,-0.1460109,1.0
2451574.32533,1.049973,0.7960795999999999,-2.991402,-0.146007,0.15959920000000002,-2.239536,-0.1460065,1.0
2451574.32903,1.051909,0.796115,-2.991398,-0.1460027,0.159585,-2.239574,-0.1460021,1.0
2451574.33271,1.044187,0.7961501999999999,-2.991395,-0.1459983,0.1595707,-2.239612,-0.14599779999999998,1.0
2451574.33642,1.044187,0.7961857,-2.991391,-0.14599389999999998,0.15955650000000002,-2.23965,-0.1459934,1.0
2451574.3492900003,1.01854,0.7963087,-2.991379,-0.14597870000000002,0.1595069,-2.239782,-0.1459782,1.0
2451574.35299,0.9981096,0.7963441,-2.991376,-0.1459744,0.15949270000000002,-2.239819,-0.1459738,1.0
2451574.35668,0.9990292,0.7963793,-2.991372,-0.14597000000000002,0.1594785,-2.239857,-0.1459695,1.0
2451574.3604,0.9953556,0.7964149,-2.991369,-0.1459656,0.1594642,-2.239895,-0.1459651,1.0
2451574.3640900003,0.9889589,0.7964502,-2.991365,-0.1459612,0.15945,-2.239933,-0.14596070000000005,1.0
2451574.36779,0.97899,0.7964855,-2.991361,-0.1459569,0.1594357,-2.239971,-0.14595629999999998,1.0
2451574.3715,0.9744918,0.796521,-2.991358,-0.1459525,0.1594215,-2.240009,-0.1459519,1.0
2451574.37519,0.9637807,0.7965563,-2.9913540000000003,-0.1459481,0.15940729999999995,-2.240047,-0.1459476,1.0
2451574.3788900003,0.9540656,0.7965916000000001,-2.991351,-0.1459437,0.1593931,-2.240085,-0.1459432,1.0
2451574.38259,0.9488077,0.7966270000000001,-2.991347,-0.1459394,0.1593789,-2.240122,-0.14593879999999998,1.0
2451574.39541,0.9427103,0.7967495,-2.991335,-0.14592420000000006,0.15932960000000002,-2.240254,-0.14592370000000002,1.0
2451975.3365700003,0.9171222,3.3737699999999995,-0.8476447,0.32281079999999995,2.409611,-0.6130444,0.32281079999999995,1.0
2451975.34096,0.8888474000000001,3.3737800000000004,-0.8476091,0.3228148,2.409602,-0.6130824,0.3228149,1.0
2451975.34466,0.8630325000000001,3.373789,-0.8475790000000001,0.3228182,2.409594,-0.6131145,0.3228182,1.0
2451975.34836,0.8151305,3.373797,-0.847549,0.3228216,2.409587,-0.6131465,0.3228216,1.0
2451975.35207,0.83105,3.373806,-0.8475188,0.322825,2.409579,-0.6131786,0.322825,1.0
2451975.3557700003,0.8325823,3.373814,-0.8474888,0.3228283,2.4095720000000003,-0.6132107,0.3228284,1.0
2451975.35946,0.8606511,3.373823,-0.8474588,0.3228317,2.409564,-0.6132426,0.3228317,1.0
2451975.3631700003,0.8847634,3.373831,-0.8474287,0.3228351,2.4095560000000003,-0.6132748,0.3228351,1.0
2451975.36687,0.8264701999999999,3.37384,-0.8473985999999999,0.32283850000000003,2.409549,-0.6133068,0.32283850000000003,1.0
2451975.3705700003,0.8774596,3.373848,-0.8473685999999999,0.3228419,2.409541,-0.6133389,0.3228419,1.0
2451975.37427,0.8646236999999999,3.373857,-0.8473385,0.3228452,2.409534,-0.6133708999999999,0.3228453,1.0
2451975.3779700003,0.8945965,3.3738650000000003,-0.8473084999999999,0.3228486,2.409526,-0.6134029999999999,0.3228486,1.0
2451975.38167,0.9298806,3.373874,-0.8472784,0.322852,2.409519,-0.6134350000000001,0.322852,1.0
2451975.3881200003,1.017717,3.373889,-0.847226,0.32285790000000003,2.409506,-0.6134909000000001,0.32285790000000003,1.0
2451975.39182,0.9908939,3.373897,-0.847196,0.3228613,2.409498,-0.6135229999999999,0.3228613,1.0
2451975.39553,1.053967,3.373906,-0.8471658999999999,0.32286459999999995,2.409491,-0.6135550999999999,0.3228647,1.0
2451975.39923,1.082498,3.373914,-0.8471358,0.322868,2.4094830000000003,-0.6135871999999999,0.32286809999999994,1.0
2451975.4029200003,1.111801,3.3739230000000004,-0.8471058000000001,0.32287140000000003,2.409476,-0.6136191,0.32287140000000003,1.0
2451975.40663,1.148225,3.373931,-0.8470757,0.3228748,2.409468,-0.6136513000000001,0.3228748,1.0
2451975.41033,1.1760540000000002,3.37394,-0.8470457,0.3228781,2.409461,-0.6136833,0.3228782,1.0
2451975.41402,1.181482,3.3739480000000004,-0.8470156999999999,0.3228815,2.409453,-0.6137153000000001,0.3228816,1.0
2451975.41773,1.200127,3.373957,-0.8469856,0.32288490000000003,2.409446,-0.6137475,0.32288490000000003,1.0
2451975.42144,1.245166,3.373966,-0.8469554,0.3228883,2.409438,-0.6137796,0.3228883,1.0
2451975.42513,1.197918,3.373974,-0.8469254999999999,0.3228917,2.409431,-0.6138116,0.3228917,1.0
2451975.42884,1.2168219999999998,3.373983,-0.8468953000000001,0.322895,2.409423,-0.6138437,0.32289509999999993,1.0
2451975.43326,1.259004,3.373993,-0.8468594000000002,0.3228991,2.409414,-0.6138819999999999,0.3228991,1.0
2451975.43695,1.238304,3.374001,-0.8468295,0.32290240000000003,2.409407,-0.6139140000000001,0.32290250000000004,1.0
2451975.44065,1.259004,3.37401,-0.8467994000000001,0.3229058,2.4094,-0.6139460999999999,0.3229059,1.0
2451975.44436,1.272996,3.374018,-0.8467693000000001,0.3229092,2.409392,-0.6139781999999999,0.3229092,1.0
2451975.44805,1.226951,3.374027,-0.8467393,0.3229126,2.409385,-0.6140102,0.3229126,1.0
2451975.45175,1.195714,3.374035,-0.8467093000000001,0.322916,2.409377,-0.6140423,0.322916,1.0
2451975.45546,1.156717,3.374044,-0.8466790999999999,0.3229193,2.40937,-0.6140744,0.3229194,1.0
2451975.45916,1.14295,3.374052,-0.8466491,0.3229227,2.409362,-0.6141065,0.3229227,1.0
2451975.46285,1.123123,3.374061,-0.8466190999999998,0.3229261,2.409355,-0.6141385,0.3229261,1.0
2451975.46656,1.084494,3.3740690000000004,-0.8465889999999999,0.3229295,2.409347,-0.6141707,0.3229295,1.0
2451975.47026,0.998222,3.374078,-0.8465589,0.3229328,2.4093400000000003,-0.6142026999999999,0.3229329,1.0
2451975.47396,0.9918069,3.374086,-0.8465289,0.3229362,2.409333,-0.6142348000000001,0.3229363,1.0
2451975.48006,0.9436853,3.3741,-0.8464792999999999,0.32294179999999995,2.40932,-0.6142877,0.32294179999999995,1.0
2451975.4837700003,0.8543331000000001,3.374109,-0.8464492,0.32294520000000004,2.409313,-0.6143198000000001,0.32294520000000004,1.0
2451975.48746,0.8196476999999999,3.374117,-0.8464191999999999,0.3229485,2.409305,-0.6143518,0.3229486,1.0
2451975.49115,0.792186,3.3741260000000004,-0.8463892,0.3229519,2.409298,-0.6143838,0.3229519,1.0
2451975.49485,0.7936466999999999,3.374134,-0.8463591999999999,0.3229553,2.409291,-0.6144159,0.3229553,1.0
2451975.4985700003,0.8279939000000001,3.374143,-0.8463290000000001,0.3229587,2.4092830000000003,-0.6144482,0.3229587,1.0
2451975.50226,0.8341174000000001,3.374152,-0.846299,0.322962,2.409276,-0.6144801,0.3229621,1.0
2451975.50596,0.8113854,3.37416,-0.8462689,0.3229654000000001,2.409268,-0.6145122,0.3229655,1.0
2451975.50967,0.8598587999999999,3.374169,-0.8462388000000001,0.3229688,2.409261,-0.6145444,0.3229688,1.0
2451975.51336,0.8782681999999999,3.3741769999999995,-0.8462088,0.32297220000000004,2.409254,-0.6145764,0.32297220000000004,1.0
2451975.51706,0.9256081,3.374186,-0.8461788,0.3229756,2.409246,-0.6146085,0.3229756,1.0
2451975.5207700003,0.8970716999999999,3.374194,-0.8461486999999999,0.3229789,2.409239,-0.6146406999999999,0.322979,1.0
2451975.52447,0.9603448,3.374203,-0.8461185999999999,0.3229823,2.409232,-0.6146727,0.3229824,1.0
2451975.52816,0.9436853,3.374211,-0.8460886000000001,0.3229857,2.409224,-0.6147047,0.3229857,1.0
2451991.20017,1.069622,3.40737,-0.7181076,0.337008,2.411465,-0.7552209,0.3370078,1.0
2451991.20448,1.088524,3.407378,-0.7180723000000001,0.3370118,2.411474,-0.7552598,0.3370116,1.0
2451991.20656,1.104693,3.407382,-0.7180552,0.3370136,2.411479,-0.7552787,0.3370134,1.0
2451991.21281,1.147236,3.407394,-0.7180039,0.3370191,2.411494,-0.7553352,0.3370189,1.0
2451991.21489,1.161064,3.407398,-0.7179868,0.3370209,2.411498,-0.7553541,0.3370207,1.0
2451991.2175,1.15894,3.407403,-0.7179654999999999,0.3370232,2.411504,-0.7553776,0.337023,1.0
2451991.22097,1.185952,3.40741,-0.7179369000000001,0.3370263,2.411512,-0.7554091,0.33702600000000005,1.0
2451991.22444,1.199149,3.407417,-0.7179084,0.3370293,2.41152,-0.7554405,0.3370291,1.0
2451991.22791,1.210261,3.4074230000000005,-0.7178800000000001,0.3370323,2.411528,-0.7554719,0.3370321,1.0
2451991.2313900003,1.219229,3.40743,-0.7178514,0.33703540000000004,2.411536,-0.7555033,0.33703520000000003,1.0
2451991.23486,1.211411,3.4074370000000003,-0.7178229,0.3370384,2.411544,-0.7555348000000001,0.3370382,1.0
2451991.2905200003,0.8072159999999999,3.407544,-0.7173661,0.33708720000000003,2.411673,-0.7560384,0.337087,1.0
2451991.2905200003,0.8072159999999999,3.407544,-0.7173661,0.33708720000000003,2.411673,-0.7560384,0.337087,1.0
2451991.2926,0.7976154000000001,3.407548,-0.717349,0.337089,2.411678,-0.7560571999999999,0.3370888,1.0
2451991.29468,0.7932264,3.4075519999999995,-0.7173319,0.3370909,2.411682,-0.7560760999999999,0.3370907,1.0
2451991.29746,0.7787574,3.4075580000000003,-0.7173090999999999,0.3370933,2.411689,-0.7561011999999999,0.3370931,1.0
2451991.30996,0.7845565999999999,3.407582,-0.7172065,0.3371043,2.411718,-0.7562143,0.3371041,1.0
2451991.31204,0.7976787,3.407586,-0.7171894,0.3371061,2.411723,-0.7562331999999999,0.3371059,1.0
2451991.31541,0.7954884,3.407592,-0.7171618000000001,0.337109,2.41173,-0.7562635999999999,0.3371088,1.0
2451991.31889,0.8376066999999999,3.407599,-0.7171333000000001,0.3371121,2.411739,-0.7562951,0.3371119,1.0
2451991.32236,0.8524054,3.407606,-0.7171048000000001,0.3371151,2.411747,-0.7563265,0.33711490000000005,1.0
2451991.32583,0.8795335,3.4076120000000003,-0.7170763000000001,0.33711820000000003,2.411755,-0.7563579,0.337118,1.0
2451991.3293,0.9100359,3.4076190000000004,-0.7170478,0.3371212,2.411763,-0.7563893,0.337121,1.0
2451991.33277,0.9476864,3.407626,-0.7170193,0.33712420000000004,2.411771,-0.7564207,0.337124,1.0
2451991.33624,0.9850786,3.407632,-0.7169908,0.3371273,2.411779,-0.7564521,0.3371271,1.0
2451991.33972,1.011759,3.407639,-0.7169623,0.3371303,2.411787,-0.7564835999999999,0.3371301,1.0
2451991.34318,1.050711,3.407646,-0.7169339,0.3371334,2.411795,-0.7565149,0.3371332,1.0
2451991.34665,1.0752,3.407653,-0.7169054,0.3371364,2.411803,-0.7565463000000001,0.3371362,1.0
2451991.35012,1.131086,3.407659,-0.7168769,0.3371395,2.411811,-0.7565776999999999,0.33713930000000003,1.0
2451991.35359,1.13737,3.4076660000000003,-0.7168484,0.3371425,2.411819,-0.7566090999999999,0.33714229999999995,1.0
2451991.3556,1.13007,3.4076699999999995,-0.7168319000000001,0.33714429999999995,2.411824,-0.7566271999999999,0.337144,1.0
2451991.35976,1.170342,3.407678,-0.7167977,0.3371479,2.411834,-0.7566649000000001,0.33714770000000005,1.0
2451991.36393,1.169284,3.407686,-0.7167635,0.33715159999999994,2.411844,-0.7567026,0.3371514,1.0
2451991.3681,1.184479,3.407694,-0.7167293,0.3371552,2.411853,-0.7567403,0.33715500000000004,1.0
2451991.37226,1.207632,3.407702,-0.7166951,0.33715890000000004,2.4118630000000003,-0.756778,0.3371587,1.0
2451991.37643,1.20543,3.40771,-0.7166609,0.3371625,2.411873,-0.7568156999999999,0.3371623,1.0
2451991.3806,1.216605,3.407718,-0.7166267,0.3371662,2.411883,-0.7568534,0.337166,1.0
2451991.38476,1.18456,3.4077260000000003,-0.7165925,0.3371698,2.411892,-0.7568911,0.3371696,1.0
2451991.38893,1.190048,3.407734,-0.7165583000000001,0.3371735,2.411902,-0.7569288000000001,0.33717329999999995,1.0
2451991.3931,1.168347,3.407742,-0.7165241,0.33717709999999995,2.411912,-0.7569665,0.3371769,1.0
2451991.39726,1.162999,3.40775,-0.7164899,0.3371808,2.411922,-0.7570041999999999,0.33718059999999994,1.0
2451991.40143,1.114773,3.4077580000000003,-0.7164557,0.3371844,2.411931,-0.7570418999999999,0.3371842,1.0
2451991.4056,1.089417,3.4077660000000005,-0.7164215,0.3371881,2.411941,-0.7570796,0.33718790000000004,1.0
2451991.40976,1.057795,3.407774,-0.7163873000000001,0.3371917,2.411951,-0.7571173000000001,0.3371915,1.0
2451991.41393,1.009274,3.407782,-0.7163531,0.33719540000000003,2.411961,-0.757155,0.33719520000000003,1.0
2451991.4180900003,0.9674229,3.4077900000000003,-0.7163189,0.337199,2.411971,-0.7571926,0.3371988,1.0
2451991.42226,0.921348,3.407798,-0.7162847,0.3372027,2.41198,-0.7572303000000001,0.3372025,1.0
2451991.42643,0.8798958,3.407806,-0.7162505,0.3372063,2.4119900000000003,-0.757268,0.33720609999999995,1.0
2451991.43059,0.8349078999999999,3.407814,-0.7162163,0.33721,2.412,-0.7573057,0.3372098,1.0
2451991.43476,0.8106736,3.407822,-0.7161821,0.3372136,2.41201,-0.7573434,0.3372134,1.0
2451991.4413400004,0.7671101,3.407835,-0.7161281,0.3372194000000001,2.412025,-0.7574029,0.3372192,1.0
2451991.4455,0.7628958,3.407843,-0.7160939000000001,0.337223,2.412035,-0.7574406,0.3372228,1.0
2451991.44967,0.7706774000000001,3.4078510000000004,-0.7160597,0.33722670000000005,2.412045,-0.7574783,0.3372265,1.0
2451991.45384,0.7879163,3.407859,-0.7160255,0.3372303,2.412055,-0.757516,0.3372301,1.0
2451991.458,0.8114981,3.407867,-0.7159913,0.33723400000000003,2.412065,-0.7575536,0.3372338,1.0
2451991.46217,0.8419665999999999,3.407875,-0.7159571,0.3372376,2.412074,-0.7575913000000001,0.3372374,1.0
2451991.4663400003,0.8521232,3.407883,-0.7159229,0.3372413,2.412084,-0.757629,0.3372411,1.0
2451991.4705,0.8931199000000001,3.407891,-0.7158886999999999,0.3372449,2.412094,-0.7576666999999999,0.3372447,1.0
2451991.47467,0.9360892,3.407899,-0.7158545000000001,0.3372486,2.412104,-0.7577044,0.3372484000000001,1.0
2451991.47883,0.964994,3.407907,-0.7158203000000001,0.3372522,2.412114,-0.7577421,0.337252,1.0
2452002.25955,1.020801,3.4272910000000003,-0.6270456,0.3465605,2.453445,-0.8531878,0.3465601,1.0
2452002.26489,1.08378,3.4273,-0.6270015,0.346565,2.4534740000000004,-0.8532334999999999,0.3465646,1.0
2452002.2686,1.104947,3.427306,-0.6269709,0.34656820000000005,2.453493,-0.8532653,0.3465678,1.0
2452002.27229,1.104947,3.427312,-0.6269404000000001,0.3465713,2.453513,-0.8532969000000001,0.3465709,1.0
2452002.27599,1.162361,3.427318,-0.6269099,0.3465745,2.453532,-0.8533286,0.3465741,1.0
2452002.2797,1.1752790000000002,3.427325,-0.6268792,0.3465776,2.453552,-0.8533603000000001,0.3465772,1.0
2452002.30335,1.194926,3.427364,-0.6266839,0.3465977,2.453677,-0.8535628000000001,0.3465974,1.0
2452002.30705,1.185062,3.42737,-0.6266533000000001,0.3466009,2.453697,-0.8535944999999999,0.34660050000000003,1.0
2452002.31075,1.167727,3.427376,-0.6266228,0.346604,2.453716,-0.8536261999999999,0.3466037,1.0
2452002.31445,1.14325,3.4273830000000003,-0.6265921999999999,0.3466072,2.453736,-0.8536579,0.3466068,1.0
2452002.31816,1.109025,3.427389,-0.6265616,0.3466103,2.453755,-0.8536896,0.34661,1.0
2452002.32185,1.095825,3.427395,-0.6265311,0.3466135,2.453775,-0.8537212,0.3466131,1.0
2452002.32556,1.030247,3.427401,-0.6265005,0.3466166,2.453795,-0.8537530000000001,0.3466163,1.0
2452002.32927,0.9920671999999998,3.427407,-0.6264698000000001,0.3466198,2.453814,-0.8537847,0.3466194,1.0
2452002.33432,0.9335575,3.4274160000000005,-0.6264281,0.3466241,2.453841,-0.8538279000000001,0.34662370000000003,1.0
2452002.33803,0.9439331,3.427422,-0.6263975,0.3466272,2.453861,-0.8538597,0.3466269,1.0
2452002.34173,0.883367,3.427428,-0.6263669,0.3466304,2.45388,-0.8538914000000001,0.34663,1.0
2452002.3454400003,0.8412814000000001,3.427434,-0.6263363000000001,0.3466335,2.4539,-0.8539230999999999,0.34663320000000003,1.0
2452002.34913,0.8183538,3.4274400000000003,-0.6263058000000001,0.3466367,2.45392,-0.8539546999999998,0.3466363,1.0
2452002.35283,0.7931238,3.427447,-0.6262751999999999,0.34663979999999994,2.453939,-0.8539863999999999,0.34663940000000004,1.0
2452002.35652,0.7679648,3.427453,-0.6262448,0.34664290000000003,2.453959,-0.8540179,0.3466426,1.0
2452002.36023,0.7651401999999999,3.427459,-0.6262141,0.3466461,2.453978,-0.8540496999999999,0.3466457000000001,1.0
2452002.36393,0.7700891,3.427465,-0.6261836,0.34664920000000005,2.453998,-0.8540813,0.3466489,1.0
2452002.36811,0.7779314,3.4274720000000003,-0.626149,0.3466528,2.45402,-0.8541171000000001,0.3466524,1.0
2452002.3718,0.8056403,3.427478,-0.6261186,0.3466559,2.45404,-0.8541486999999999,0.34665559999999995,1.0
2452002.3755,0.8213746,3.427484,-0.626088,0.3466591,2.45406,-0.8541803,0.3466587,1.0
2452002.37921,0.8482837,3.4274910000000003,-0.6260574000000001,0.34666220000000003,2.454079,-0.8542120999999999,0.3466619,1.0
2452002.3829,0.8744622,3.427497,-0.6260269,0.3466654000000001,2.4540990000000003,-0.8542436999999999,0.346665,1.0
2452002.3866,0.9318399,3.427503,-0.6259963000000001,0.3466685,2.454119,-0.8542753000000001,0.34666820000000004,1.0
2452002.39031,0.9404617,3.427509,-0.6259657,0.3466717,2.454138,-0.8543069999999999,0.3466713,1.0
2452002.39401,0.9544234,3.427515,-0.6259351,0.3466748,2.454158,-0.8543386999999999,0.3466745,1.0
2452002.3977,0.9659204,3.427521,-0.6259047,0.34667800000000004,2.454178,-0.8543703000000001,0.3466776,1.0
2452002.40187,1.013307,3.427528,-0.6258701999999999,0.34668150000000003,2.4542,-0.8544059000000002,0.3466811,1.0
2452002.40558,1.056188,3.427535,-0.6258395999999999,0.3466847,2.4542200000000003,-0.8544377000000001,0.3466843,1.0
2452002.40928,1.104947,3.427541,-0.6258090000000001,0.3466878,2.454239,-0.8544693000000001,0.34668740000000003,1.0
2452002.41298,1.110046,3.427547,-0.6257784000000001,0.3466909,2.454259,-0.8545010000000001,0.3466906,1.0
2452002.41668,1.127564,3.427553,-0.6257479,0.3466941,2.454279,-0.8545325999999999,0.3466937,1.0
2452002.42038,1.130684,3.427559,-0.6257173,0.34669720000000004,2.454298,-0.8545643,0.34669690000000003,1.0
2452002.42408,1.144303,3.427565,-0.6256868,0.3467004,2.454318,-0.8545959000000001,0.3467,1.0
2452002.42778,1.146413,3.427572,-0.6256562,0.3467035,2.454338,-0.8546275999999999,0.3467032,1.0
2452002.43148,1.159154,3.427578,-0.6256257,0.3467067,2.454357,-0.8546591999999998,0.3467063,1.0
2453289.36829,0.959277,-1.35132,-2.395205,-0.3468157,-0.4010028,-2.089429,-0.3468152,1.0
2453289.37333,0.9548695,-1.351276,-2.395238,-0.3468133,-0.4009874000000001,-2.08938,-0.3468128,1.0
2453289.37704,0.9443739,-1.351245,-2.395262,-0.3468115,-0.4009761,-2.089343,-0.34681100000000004,1.0
2453289.38073,0.9461153,-1.351213,-2.395286,-0.3468097,-0.4009648,-2.089307,-0.3468093,1.0
2453289.38444,0.9348545,-1.351181,-2.39531,-0.3468079,-0.4009535,-2.08927,-0.3468075,1.0
2453289.38814,0.9391694,-1.351149,-2.395334,-0.34680609999999995,-0.4009422,-2.089234,-0.34680570000000005,1.0
2453289.39184,0.9348545,-1.351117,-2.3953580000000003,-0.3468044,-0.4009309,-2.089198,-0.3468039,1.0
2453289.39554,0.9400349,-1.351085,-2.395382,-0.3468026,-0.4009197,-2.0891610000000003,-0.3468022,1.0
2453289.39924,0.9374411,-1.351053,-2.395406,-0.3468008,-0.4009084000000001,-2.089125,-0.3468004,1.0
2453289.40293,0.942636,-1.351022,-2.395429,-0.346799,-0.4008971,-2.089089,-0.3467986,1.0
2453289.40664,0.9435044,-1.35099,-2.395454,-0.3467973,-0.4008858,-2.089052,-0.3467968,1.0
2453289.41034,0.960161,-1.350958,-2.395478,-0.3467955,-0.4008746,-2.089016,-0.3467951,1.0
2453289.41404,0.9681531,-1.350926,-2.395501,-0.3467937,-0.4008633,-2.088979,-0.3467933,1.0
2453289.41922,0.9861522,-1.350882,-2.395535,-0.3467912,-0.4008475,-2.0889290000000003,-0.3467908,1.0
2453289.42293,0.9989505,-1.35085,-2.395559,-0.3467894,-0.4008362,-2.088892,-0.346789,1.0
2453289.42662,1.007266,-1.350818,-2.395583,-0.3467877,-0.400825,-2.0888560000000003,-0.3467872,1.0
2453289.4303200003,1.0128469999999998,-1.350786,-2.395607,-0.34678590000000004,-0.4008138,-2.088819,-0.3467855,1.0
2453289.43403,1.025992,-1.350754,-2.3956310000000003,-0.3467841,-0.4008025,-2.0887830000000003,-0.3467837,1.0
2453289.43773,1.035486,-1.350722,-2.395655,-0.3467823,-0.4007912,-2.088747,-0.34678190000000003,1.0
2453289.44143,1.037395,-1.35069,-2.395679,-0.3467805,-0.40078,-2.08871,-0.3467801,1.0
2453289.44513,1.047958,-1.350658,-2.395703,-0.3467788,-0.4007688,-2.088674,-0.3467783,1.0
2453289.44883,1.060581,-1.350627,-2.395727,-0.346777,-0.4007575,-2.088637,-0.34677659999999993,1.0
2453289.45995,1.064496,-1.350531,-2.395799,-0.3467716,-0.4007238,-2.088528,-0.3467712,1.0
2453289.4646,1.071381,-1.350491,-2.395829,-0.3467694000000001,-0.4007097,-2.088483,-0.346769,1.0
2453289.4683,1.065477,-1.350459,-2.395853,-0.3467676,-0.4006985,-2.088446,-0.3467672,1.0
2453289.47201,1.065477,-1.350427,-2.395877,-0.3467659,-0.4006873,-2.08841,-0.3467654000000001,1.0
2453289.47571,1.063516,-1.350395,-2.395901,-0.3467641,-0.4006761,-2.088373,-0.3467636,1.0
2453289.47941,1.059605,-1.350364,-2.395925,-0.3467623,-0.4006649000000001,-2.088337,-0.3467619,1.0
2453289.48311,1.052795,-1.350332,-2.3959490000000003,-0.3467605,-0.4006537,-2.088301,-0.3467601,1.0
2453289.48682,1.04603,-1.3503,-2.395973,-0.3467587,-0.4006425,-2.088264,-0.3467583,1.0
2453289.49051,1.032628,-1.350268,-2.395997,-0.34675700000000004,-0.4006313,-2.088228,-0.3467565,1.0
2453289.4942,1.025047,-1.350236,-2.396021,-0.34675520000000004,-0.4006201,-2.088192,-0.3467548,1.0
2453289.49791,1.020338,-1.3502040000000002,-2.396045,-0.3467534,-0.4006089000000001,-2.088155,-0.34675300000000003,1.0
2453289.5016,1.009123,-1.350172,-2.396069,-0.34675159999999994,-0.4005978,-2.088119,-0.34675120000000004,1.0
2453289.5053,1.004486,-1.350141,-2.396092,-0.3467499,-0.4005866,-2.088083,-0.34674940000000004,1.0
2453289.51051,0.995277,-1.350096,-2.396126,-0.3467473,-0.4005709,-2.088031,-0.3467469,1.0
2453289.51421,0.9852443,-1.350064,-2.39615,-0.3467456,-0.4005597,-2.0879950000000003,-0.3467451,1.0
2453289.51791,0.9798148,-1.350032,-2.396174,-0.3467438,-0.4005485,-2.087959,-0.34674340000000003,1.0
2453289.5216,0.9753128,-1.35,-2.396198,-0.346742,-0.4005374,-2.0879220000000003,-0.3467416,1.0
2453289.52531,0.9681531,-1.349968,-2.3962220000000003,-0.3467402,-0.4005262,-2.087886,-0.3467398,1.0
2453289.52901,0.9663714,-1.3499370000000002,-2.396246,-0.3467385,-0.4005151,-2.08785,-0.346738,1.0
2453289.5327,0.9637049,-1.349905,-2.39627,-0.3467367,-0.400504,-2.087813,-0.3467363,1.0
2453289.53641,0.9645929,-1.349873,-2.396294,-0.3467349,-0.4004928,-2.087777,-0.3467345,1.0
2453289.54011,0.9645929,-1.349841,-2.396318,-0.3467331,-0.4004816,-2.087741,-0.3467327,1.0
2453289.5438200003,0.9575116,-1.349809,-2.396342,-0.3467313,-0.4004705,-2.087704,-0.3467309,1.0
2453289.54751,0.9628177,-1.349777,-2.396366,-0.3467296,-0.4004594,-2.087668,-0.3467291,1.0
2453289.5512200003,0.9681531,-1.349745,-2.39639,-0.3467278,-0.4004482,-2.087632,-0.3467273,1.0
2453289.55561,0.9789127,-1.349708,-2.396418,-0.3467257,-0.400435,-2.087588,-0.3467252,1.0
2453289.55931,0.9753128,-1.349676,-2.396442,-0.34672390000000003,-0.4004239,-2.087552,-0.3467235,1.0
2453289.56301,0.9771113,-1.349644,-2.396466,-0.3467221,-0.4004128,-2.087516,-0.3467217,1.0
2453289.5667,0.9834313,-1.349612,-2.39649,-0.3467203,-0.4004017,-2.087479,-0.3467199,1.0
2453289.57041,0.9870609,-1.34958,-2.396514,-0.3467185,-0.4003905,-2.087443,-0.3467181,1.0
2453289.57411,0.998031,-1.349548,-2.396538,-0.3467168,-0.4003794000000001,-2.087407,-0.3467163,1.0
2453289.57781,1.006338,-1.349516,-2.396562,-0.346715,-0.4003683,-2.08737,-0.3467146,1.0
2453289.58151,1.0128469999999998,-1.349485,-2.396586,-0.3467132,-0.4003572,-2.087334,-0.3467128,1.0
2453289.58522,1.023161,-1.349453,-2.39661,-0.3467114,-0.4003461,-2.087298,-0.346711,1.0
2453289.58891,1.024104,-1.349421,-2.396634,-0.34670959999999995,-0.400335,-2.0872610000000003,-0.3467092,1.0
2453289.59261,1.039307,-1.349389,-2.396658,-0.3467079,-0.4003239,-2.087225,-0.3467074,1.0
2453289.59632,1.040265,-1.349357,-2.396682,-0.3467061,-0.4003128,-2.087189,-0.34670559999999995,1.0
2453289.60267,1.054736,-1.349302,-2.396723,-0.34670300000000004,-0.4002938,-2.087126,-0.3467026,1.0
2453289.60638,1.04603,-1.34927,-2.396747,-0.34670120000000004,-0.4002827000000001,-2.0870900000000003,-0.3467008,1.0
2453289.61008,1.041224,-1.349239,-2.396771,-0.3466994,-0.4002716,-2.087053,-0.346699,1.0
2453289.6137900003,1.04989,-1.349207,-2.396795,-0.34669770000000005,-0.4002605,-2.087017,-0.34669720000000004,1.0
2453289.61748,1.046994,-1.349175,-2.396819,-0.3466959,-0.4002495,-2.086981,-0.3466955,1.0
2453289.62118,1.03358,-1.349143,-2.396843,-0.3466941,-0.4002384,-2.086944,-0.3466937,1.0
2453289.6249,1.03358,-1.349111,-2.396867,-0.34669229999999995,-0.4002273,-2.086908,-0.34669190000000005,1.0
2453289.6285900003,1.019399,-1.349079,-2.39689,-0.3466905,-0.4002163,-2.086872,-0.3466901,1.0
2453289.6323,1.011915,-1.349047,-2.396914,-0.3466888,-0.4002052,-2.086835,-0.3466883,1.0
2453289.636,0.995277,-1.349015,-2.396938,-0.346687,-0.4001942,-2.086799,-0.34668649999999995,1.0
2453289.63969,0.9916169,-1.348984,-2.396962,-0.3466852,-0.4001831,-2.086763,-0.3466848,1.0
2453289.6434,0.9816212,-1.3489520000000002,-2.396986,-0.34668340000000003,-0.4001721,-2.086726,-0.346683,1.0
2453289.64767,0.9681531,-1.348915,-2.397014,-0.34668140000000003,-0.4001593,-2.086684,-0.3466809,1.0
2453289.65136,0.9681531,-1.348883,-2.397038,-0.3466796,-0.4001483,-2.086648,-0.3466792,1.0
2453289.65507,0.9619311,-1.348851,-2.397062,-0.3466778,-0.4001373,-2.086612,-0.3466774,1.0
2455601.277536,1.090019,2.05857501,-2.57815121,0.03384177,1.30851684,-1.93742451,0.03384387,1.0
2455601.278966,1.059337,2.05858596,-2.57814451,0.03384357,1.30851142,-1.9374366000000005,0.03384567,1.0
2455601.280385,1.035224,2.05859684,-2.57813785,0.03384536,1.30850603,-1.93744862,0.03384746,1.0
2455601.281805,1.079032,2.05860771,-2.5781312,0.03384715,1.30850064,-1.93746063,0.03384925,1.0
2455601.283235,1.02102,2.05861866,-2.57812449,0.03384895,1.30849521,-1.93747273,0.03385105,1.0
2455601.284655,1.094042,2.05862954,-2.57811784,0.03385074,1.30848983,-1.93748474,0.03385284,1.0
2455601.302565,1.075063,2.0587667,-2.5780339,0.0338733,1.30842192,-1.9376363,0.0338754,1.0
2455601.303985,1.099092,2.05877757,-2.57802724,0.03387508,1.30841654,-1.93764832,0.03387719,1.0
2455601.305405,1.082017,2.05878845,-2.57802059,0.03387687,1.30841116,-1.93766034,0.03387897,1.0
2455601.309665,1.087012,2.05882107,-2.57800062,0.03388224,1.30839502,-1.9376964,0.03388434,1.0
2455601.324724,1.082017,2.0589364,-2.57793003,0.03390121,1.30833799,-1.9378239,0.03390331,1.0
2455601.326144,1.080026,2.05894727,-2.57792337,0.03390299,1.30833262,-1.93783593,0.0339051,1.0
2455601.327574,1.027624,2.05895822,-2.57791667,0.0339048,1.3083272,-1.93784804,0.033906900000000004,1.0
2455601.328994,1.065207,2.0589691,-2.57791001,0.03390658,1.30832183,-1.93786006,0.03390869,1.0
2455601.330414,1.049625,2.05897997,-2.57790336,0.03390837,1.30831646,-1.93787209,0.03391048,1.0
2455601.331834,0.9931943,2.05899085,-2.5778967,0.03391016,1.30831108,-1.93788411,0.03391226,1.0
2455601.3483240004,0.9441355,2.05911712,-2.5778194,0.03393093,1.30824872,-1.93802379,0.03393303,1.0
2455601.349754,0.9652378,2.05912807,-2.5778127,0.03393273,1.30824332,-1.93803591,0.03393484,1.0
2455601.3511630003,0.9269028,2.05913886,-2.57780609,0.03393451,1.30823799,-1.93804785,0.03393661,1.0
2455601.354013,0.9328982,2.05916069,-2.57779273,0.0339381,1.30822722,-1.938072,0.0339402,1.0
2455601.3554330003,0.973272,2.05917156,-2.57778607,0.03393989,1.30822185,-1.93808403,0.03394199,1.0
2455601.371933,0.9354796,2.0592979,-2.57770871,0.03396067,1.30815954,-1.93822386,0.03396277,1.0
2455601.373353,0.8843701999999999,2.05930878,-2.57770205,0.03396246,1.30815418,-1.9382359,0.03396456,1.0
2455601.376193,0.9083101999999998,2.05933052,-2.57768874,0.03396603,1.30814346,-1.93825997,0.03396814,1.0
2455601.379023,0.9041367,2.05935219,-2.57767547,0.0339696,1.30813278,-1.93828396,0.0339717,1.0
2455601.381333,0.9209462,2.05936988,-2.57766464,0.03397251,1.30812406,-1.93830354,0.03397461,1.0
2455601.395532,0.9723762,2.0594786,-2.57759806,0.03399039,1.30807051,-1.93842394,0.0339925,1.0
2455601.396952,1.003307,2.05948948,-2.5775914,0.03399218,1.30806516,-1.93843599,0.03399428,1.0
2455601.398372,0.9133436,2.05950035,-2.57758474,0.03399397,1.3080598,-1.93844803,0.03399607,1.0
2455601.403522,0.9625739,2.05953978,-2.57756059,0.03400045,1.3080404,-1.93849171,0.03400256,1.0
2455601.404942,0.9696927,2.05955065,-2.57755393,0.03400224,1.30803505,-1.93850375,0.03400435,1.0
2455601.419122,1.06129,2.05965922,-2.57748744,0.0340201,1.30798164,-1.93862404,0.03402221,1.0
2455601.422851,1.030467,2.05968777,-2.57746995,0.034024800000000015,1.3079676000000002,-1.93865569,0.03402691,1.0
2455601.424281,1.053499,2.05969872,-2.57746324,0.0340266,1.30796222,-1.93866782,0.03402871,1.0
2455601.427121,1.067172,2.05972047,-2.57744992,0.03403018,1.30795153,-1.93869192,0.03403228,1.0
2455601.428541,1.097069,2.05973134,-2.57744326,0.03403197,1.30794618,-1.93870397,0.03403407,1.0
2455601.447881,1.06129,2.0598794,-2.57735256,0.03405633,1.30787345,-1.93886812,0.03405843,1.0
2455601.449301,1.065207,2.05989027,-2.5773459,0.03405811,1.30786812,-1.93888018,0.03406022,1.0
2455601.450721,1.047693,2.05990114,-2.57733924,0.0340599,1.30786278,-1.93889223,0.03406201,1.0
2455601.452141,1.031416,2.05991202,-2.57733258,0.03406169,1.30785744,-1.93890429,0.034063800000000005,1.0
2455601.46863,1.027624,2.06003825,-2.57725524,0.03408246,1.30779551,-1.93904432,0.03408457,1.0
2455601.47005,1.005157,2.06004912,-2.57724858,0.03408425,1.30779018,-1.93905638,0.03408636,1.0
2455601.47147,1.011659,2.06005999,-2.57724192,0.03408604,1.30778485,-1.93906844,0.03408814,1.0
2455601.4729,0.9886312,2.06007094,-2.57723521,0.03408784,1.30777948,-1.93908058,0.03408994,1.0
2455601.47432,1.0005389999999998,2.06008181,-2.57722855,0.03408963,1.30777415,-1.93909264,0.03409173,1.0
2455601.47574,0.998698,2.06009268,-2.57722189,0.03409141,1.30776882,-1.93910471,0.03409352,1.0
2455601.490809,0.9467478,2.06020804,-2.5771512000000003,0.03411039,1.3077123,-1.93923274,0.0341125,1.0
2455601.4936490003,0.9572692,2.06022978,-2.57713788,0.03411397,1.30770165,-1.93925687,0.03411608,1.0
2455601.496499,0.8917318000000001,2.0602516,-2.57712451,0.03411756,1.30769096,-1.93928109,0.03411967,1.0
2455601.497919,0.9484934000000002,2.06026247,-2.57711784,0.03411935,1.30768564,-1.93929315,0.03412146,1.0
2455601.515819,0.9423977,2.06039949,-2.57703387,0.03414189,1.30761859,-1.9394453,0.034144,1.0
2455601.517239,0.9519942,2.06041036,-2.57702721,0.03414368,1.30761327,-1.93945737,0.03414579,1.0
2455601.518659,0.9133436,2.06042123,-2.57702055,0.03414547,1.30760796,-1.93946944,0.03414758,1.0
2455601.520079,0.8958475,2.0604321,-2.57701388,0.03414726,1.30760264,-1.93948152,0.03414937,1.0
2455601.521499,0.8682290000000001,2.06044297,-2.57700722,0.03414905,1.30759733,-1.93949359,0.03415116,1.0
2455617.247729,1.080907,2.17869163,-2.50063927,0.05391439,1.27729212,-2.09207682,0.05391687,1.0
2455617.250569,1.068042,2.17871259,-2.50062502,0.05391795,1.27729212,-2.09210725,0.05392043,1.0
2455617.254839,1.080907,2.17874411,-2.50060359,0.053923300000000014,1.27729213,-2.09215301,0.05392578,1.0
2455617.256259,1.081904,2.1787546000000004,-2.50059647,0.05392508,1.27729213,-2.09216823,0.05392756,1.0
2455617.270508,1.074951,2.17885978,-2.50052496,0.05394295,1.2772921999999998,-2.09232095,0.05394543,1.0
2455617.273348,1.058251,2.17888075,-2.50051071,0.05394651,1.27729221,-2.09235139,0.05394899,1.0
2455617.275648,1.038935,2.17889772,-2.50049916,0.05394939,1.27729223,-2.09237604,0.05395187,1.0
2455617.277077,1.053389,2.17890828,-2.50049199,0.05395119,1.27729224,-2.09239137,0.05395367,1.0
2455617.278497,1.037979,2.17891876,-2.50048486,0.05395297,1.27729225,-2.09240659,0.05395545,1.0
2455617.279917,1.009691,2.17892924,-2.50047774,0.05395475,1.27729227,-2.09242181,0.05395723,1.0
2455617.294147,0.9903497,2.17903427,-2.50040632,0.05397259,1.27729242,-2.09257435,0.05397507,1.0
2455617.295576,0.9903497,2.17904483,-2.50039914,0.05397438,1.27729243,-2.09258968,0.05397686,1.0
2455617.296996,0.962473,2.17905531,-2.50039202,0.05397616,1.27729245,-2.0926049,0.05397864,1.0
2455617.298416,0.9545277,2.17906579,-2.50038489,0.05397794,1.27729247,-2.09262013,0.05398042,1.0
2455617.299836,0.9794641,2.17907627,-2.50037776,0.05397972,1.27729249,-2.09263535,0.0539822,1.0
2455617.303576,0.9571687,2.17910387,-2.50035899,0.05398441,1.27729254,-2.09267545,0.05398689,1.0
2455617.317815,0.93452,2.17920897,-2.50028752,0.05400226,1.27729278,-2.09282813,0.05400475,1.0
2455617.322085,0.9208492,2.17924049,-2.50026609,0.05400762,1.27729286,-2.09287392,0.0540101,1.0
2455617.324935,0.9149313,2.17926152,-2.50025178,0.05401119,1.27729292,-2.09290448,0.05401367,1.0
2455617.341484,0.9336596,2.17938367,-2.50016871,0.05403194,1.27729329,-2.09308197,0.05403442,1.0
2455617.342914,0.9319414,2.17939422,-2.50016153,0.05403373,1.27729332,-2.0930973,0.05403622,1.0
2455617.344334,0.951894,2.1794047,-2.50015441,0.05403551,1.27729336,-2.09311254,0.054038,1.0
2455617.347174,0.9554076,2.17942566,-2.50014015,0.05403907,1.27729343,-2.093143,0.05404156,1.0
2455617.348594,0.9669154,2.17943614,-2.50013302,0.05404085,1.27729347,-2.09315823,0.05404334,1.0
2455617.3500240003,0.9839852,2.17944669,-2.50012584,0.05404265,1.27729351,-2.09317357,0.05404513,1.0
2455617.365133,1.015287,2.1795582,-2.50004999,0.05406159,1.27729394,-2.09333565,0.05406407,1.0
2455617.366553,1.031309,2.17956868,-2.50004286,0.05406337,1.27729398,-2.09335088,0.05406585,1.0
2455617.367973,1.017158,2.17957916,-2.50003573,0.05406515,1.27729403,-2.09336612,0.05406763,1.0
2455617.369393,1.067059,2.17958964,-2.5000286,0.05406693,1.27729407,-2.09338135,0.05406941,1.0
2455617.3708220003,1.045655,2.17960019,-2.50002143,0.05406872,1.27729412,-2.09339669,0.05407121,1.0
2455617.373662,1.061179,2.17962115,-2.50000717,0.05407228,1.27729421,-2.09342716,0.05407477,1.0
2455617.388792,1.058251,2.1797328,-2.49993121,0.05409125,1.27729474,-2.0935895,0.05409374,1.0
2455617.390221,1.061179,2.17974335,-2.49992403,0.05409305,1.27729479,-2.09360484,0.05409553,1.0
2455617.391641,1.046619,2.17975383,-2.4999169,0.05409483,1.27729484,-2.09362008,0.05409731,1.0
2455617.393061,1.076933,2.17976431,-2.49990977,0.05409661,1.2772948999999998,-2.09363532,0.05409909,1.0
2455617.394481,1.056303,2.17977479,-2.49990264,0.05409839,1.27729495,-2.09365055,0.05410087,1.0
2455617.395901,1.066077,2.17978526,-2.49989551,0.05410017,1.277295,-2.09366579,0.05410265,1.0
2455617.3973310003,1.067059,2.17979582,-2.49988833,0.05410196,1.27729506,-2.09368114,0.05410444,1.0
2455617.41156,1.056303,2.17990082,-2.49981688,0.0541198,1.27729564,-2.09383385,0.05412228,1.0
2455617.41298,1.027516,2.1799113,-2.49980975,0.05412158,1.2772957,-2.09384909,0.05412407,1.0
2455617.41671,1.030359,2.17993882,-2.49979102,0.05412626,1.27729586,-2.09388913,0.05412874,1.0
2455617.41814,1.017158,2.17994937,-2.49978384,0.05412805,1.27729592,-2.09390447,0.05413053,1.0
2455617.41956,1.013418,2.17995985,-2.49977671,0.05412983,1.27729599,-2.09391971,0.05413231,1.0
2455617.42098,1.000434,2.17997033,-2.49976958,0.05413161,1.27729605,-2.09393496,0.05413409,1.0
2455617.435229,0.9803667,2.18007547,-2.49969803,0.05414948,1.27729672,-2.09408792,0.05415196,1.0
2455617.4366490003,0.951894,2.18008595,-2.4996909,0.05415126,1.27729679,-2.09410316,0.05415374,1.0
2455617.438069,0.9536492,2.18009643,-2.49968377,0.05415304,1.27729686,-2.09411841,0.05415552,1.0
2455617.440919,0.9015476,2.18011746,-2.49966945,0.05415661,1.277297,-2.0941490000000003,0.05415909,1.0
2455617.443229,0.9319414,2.1801345000000003,-2.49965785,0.0541595,1.27729712,-2.0941738,0.05416199,1.0
2455617.444649,0.9431668,2.18014498,-2.49965072,0.05416129,1.27729719,-2.09418905,0.05416377,1.0
2455617.460328,0.9379693,2.18026067,-2.49957198,0.05418094,1.27729802,-2.0943574000000003,0.05418343,1.0
2455617.461748,0.9090518,2.18027114,-2.49956485,0.05418272,1.2772981,-2.09437265,0.05418521,1.0
2455617.464587,0.9276594,2.1802921000000004,-2.49955058,0.05418628,1.27729826,-2.09440314,0.05418877,1.0
2455617.466017,0.9216976,2.18030265,-2.4995434,0.05418808,1.27729834,-2.0944185,0.05419056,1.0
2455617.467437,0.9124068,2.18031312,-2.49953627,0.05418986,1.27729842,-2.09443375,0.05419234,1.0
