2437962.9712380003,0.9887502,-1.8298005,-1.50790163,-0.17205763,-0.98748986,-0.97963716,-0.17199892,1.0
2437962.978405,0.9860221,-1.82974625,-1.5079637,-0.17206394,-0.98750314,-0.97959522,-0.17200523,1.0
2437962.985906,1.006205,-1.82968947,-1.50802865,-0.17207055,-0.98751704,-0.97955134,-0.17201182,1.0
2437962.992489,1.0343950000000002,-1.82963963,-1.50808565,-0.17207635,-0.98752926,-0.97951284,-0.17201761,1.0
2437962.999406,1.048785,-1.82958727,-1.50814555,-0.17208244,-0.9875421,-0.97947238,-0.17202369,1.0
2437963.004489,1.049752,-1.82954878,-1.50818957,-0.17208691,-0.98755154,-0.97944266,-0.17202816,1.0
2437963.010489,1.062397,-1.82950335,-1.50824152,-0.1720922,-0.9875627,-0.97940757,-0.17203344,1.0
2437963.018573,1.0343950000000002,-1.82944214,-1.50831152,-0.17209932,-0.98757774,-0.97936031,-0.17204055,1.0
2437963.059657,0.9477344,-1.82913104,-1.50866721,-0.17213549,-0.9876544,-0.97912025,-0.17207667,1.0
2437963.064449,0.9451193,-1.82909474,-1.5087087,-0.17213971,-0.98766337,-0.97909227,-0.17208088,1.0
2437963.07524,0.9833009,-1.82901302,-1.50880212,-0.17214921,-0.98768357,-0.97902925,-0.17209037,1.0
2437963.081532,1.003429,-1.82896536,-1.50885659,-0.17215475,-0.98769537,-0.97899252,-0.1720959,1.0
2437963.0902400003,1.00899,-1.8288994,-1.50893197,-0.17216242,-0.9877117,-0.97894169,-0.17210355,1.0
2437963.10074,1.021143,-1.82881986,-1.50902285,-0.17217166,-0.98773142,-0.97888041,-0.17211278,1.0
2437963.1081990004,0.9887502,-1.82876336,-1.50908742,-0.17217823,-0.98774544,-0.97883689,-0.17211934,1.0
2437963.112699,0.9905735,-1.82872927,-1.50912637,-0.17218219,-0.98775391,-0.97881063,-0.17212329,1.0
2437963.123491,0.9860221,-1.82864752,-1.50921977,-0.17219169,-0.98777423,-0.97874769,-0.17213278,1.0
2437963.130991,1.023968,-1.8285907,-1.50928468,-0.17219829,-0.98778836,-0.97870394,-0.17213937,1.0
2437963.137908,1.011782,-1.82853829,-1.50934455,-0.17220438,-0.98780141,-0.97866361,-0.17214545,1.0
2437963.156783,0.9869308,-1.82839527,-1.5095079,-0.17222099,-0.98783707,-0.97855358,-0.17216203,1.0
2437963.163366,0.9769821,-1.82834539,-1.50956487,-0.17222679,-0.98784952,-0.97851521,-0.17216782,1.0
2437963.16695,0.9742864,-1.82831823,-1.50959588,-0.17222994,-0.9878563,-0.97849433,-0.17217097,1.0
2437963.17445,0.9582672,-1.8282614,-1.50966078,-0.17223654,-0.98787051,-0.97845063,-0.17217756,1.0
2437963.181659,0.960034,-1.82820677,-1.50972316,-0.17224289,-0.98788417,-0.97840864,-0.17218389,1.0
2437963.198159,0.994229,-1.82808173,-1.50986593,-0.17225741,-0.98791549,-0.97831254,-0.17219839,1.0
2437963.205617,1.020203,-1.8280252,-1.50993046,-0.17226397,-0.98792966,-0.97826911,-0.17220494,1.0
2437963.212534,1.024912,-1.82797277,-1.50999031,-0.17227005,-0.98794282,-0.97822884,-0.17221102,1.0
2437963.234117,1.056541,-1.82780917,-1.51017704,-0.17228904,-0.98798394,-0.97810323,-0.17222998,1.0
2437963.244326,1.064355,-1.82773178,-1.51026536,-0.17229803,-0.98800343,-0.97804384,-0.17223895,1.0
2437963.251493,1.062397,-1.82767745,-1.51032736,-0.17230433,-0.98801712,-0.97800215,-0.17224524,1.0
2437963.258702,1.035348,-1.8276228,-1.51038972,-0.17231067,-0.9880309000000002,-0.97796023,-0.17225157,1.0
2437963.267702,0.9769821,-1.82755457,-1.51046758,-0.17231859,-0.98804812,-0.97790789,-0.17225948,1.0
2437963.274577,0.9689171,-1.82750244,-1.51052705,-0.17232464,-0.98806129,-0.97786792,-0.17226552,1.0
2437963.27816,0.9814917,-1.82747527,-1.51055804,-0.17232779,-0.98806816,-0.97784709,-0.17226866,1.0
2437963.282368,0.957385,-1.82744337,-1.51059444,-0.17233149,-0.98807623,-0.97782263,-0.17227236,1.0
2437963.28716,0.9521089,-1.82740703,-1.51063589,-0.17233571,-0.98808542,-0.97779478,-0.17227657,1.0
2437963.294077,0.9662436,-1.82735458,-1.51069572,-0.17234179,-0.9880987,-0.97775458,-0.17228264,1.0
2437963.301577,0.9833009,-1.82729771,-1.51076059,-0.17234839,-0.9881131,-0.97771101,-0.17228923,1.0
2437963.309952,0.9887502,-1.8272342,-1.51083302,-0.17235575,-0.98812921,-0.97766235,-0.17229659,1.0
2437964.100714,0.9781294,-1.82122486,-1.51766185,-0.17305006,-0.98971647,-0.97310916,-0.17298981,1.0
2437964.104089,0.992651,-1.82119915,-1.51769096,-0.17305302,-0.98972352,-0.9730899,-0.17299276,1.0
2437964.107505,0.9990714,-1.82117314,-1.51772041,-0.17305602,-0.98973067,-0.97307041,-0.17299575,1.0
2437964.1147970003,1.027061,-1.8211176,-1.51778329,-0.17306241,-0.98974593,-0.9730288,-0.17300213,1.0
2437964.117755,1.042309,-1.82109507,-1.51780879,-0.173065,-0.98975212,-0.97301193,-0.17300472,1.0
2437964.126755,1.042309,-1.82102653,-1.51788639,-0.17307289,-0.98977098,-0.97296059,-0.1730126,1.0
2437964.132339,1.054864,-1.820984,-1.51793454,-0.17307778,-0.98978269,-0.97292875,-0.17301748,1.0
2437964.141172,1.027061,-1.82091671,-1.51801069,-0.17308552,-0.98980122,-0.97287838,-0.17302521,1.0
2437964.185631,0.9384184,-1.82057803,-1.51839395,-0.17312448,-0.98989476,-0.97262503,-0.17306411,1.0
2437964.2581740003,1.005534,-1.82002523,-1.51901917,-0.17318803,-0.99004827,-0.9722122,-0.17312756,1.0
2437964.273591,0.9817402,-1.81990772,-1.51915203,-0.17320154,-0.99008104,-0.97212456,-0.17314104,1.0
2437964.395509,0.9541056999999998,-1.81897812,-1.52020233,-0.17330829,-0.99034191,-0.97143255,-0.17324763,1.0
2437964.409801,0.9567456,-1.8188691000000003,-1.52032543,-0.1733208,-0.9903727,-0.97135156,-0.17326012,1.0
2437985.917228,1.040528,-1.64582049,-1.69746655,-0.19122984,-1.08023981,-0.88659956,-0.19114511,1.0
2437985.981019,0.9909549,-1.64528124,-1.6979669999999998,-0.19128014,-1.08061897,-0.88647673,-0.19119535,1.0
2437985.984269,0.9936966,-1.64525377,-1.6979925,-0.19128270000000006,-1.08063831,-0.8864704999999999,-0.19119791,1.0
2437986.003352,1.011239,-1.64509242,-1.69814217,-0.19129774,-1.08075185,-0.88643394,-0.19121294,1.0
2437986.006685,1.001968,-1.64506424,-1.69816831,-0.19130037,-1.08077168,-0.88642756,-0.19121556,1.0
2437986.026476,0.9764587,-1.64489689,-1.69832353,-0.19131597,-1.0808895,-0.88638973,-0.19123115,1.0
2437986.031018,0.9964461,-1.64485848,-1.69835915,-0.19131955,-1.08091655,-0.88638106,-0.19123472,1.0
2437986.038143,1.006592,-1.64479823,-1.69841502,-0.19132516,-1.08095898,-0.88636747,-0.19124033,1.0
2437986.062434,0.9683978,-1.6445928,-1.69860549,-0.19134431,-1.08110369,-0.88632122,-0.19125945,1.0
2437986.085392,0.9515986,-1.64439862,-1.6987855,-0.1913624,-1.08124055,-0.88627762,-0.19127752,1.0
2437986.088808,0.9737642,-1.64436973,-1.69881228,-0.19136509,-1.08126091,-0.88627114,-0.19128021,1.0
2437986.1011,0.9864013,-1.64426576,-1.69890865,-0.19137477,-1.08133422,-0.88624785,-0.19128988,1.0
2437986.106225,0.9918681,-1.64422241,-1.69894882,-0.19137881,-1.08136479,-0.88623815,-0.19129391,1.0
2437986.108267,1.010308,-1.64420513,-1.69896483,-0.19138042,-1.08137697,-0.88623429,-0.19129552,1.0
2437986.112392,1.013103,-1.64417024,-1.69899716,-0.19138367,-1.08140158,-0.88622649,-0.19129877,1.0
2437986.115474,1.016843,-1.64414416,-1.69902133,-0.19138609,-1.08141997,-0.88622066,-0.19130119,1.0
2437986.133807,1.066728,-1.64398907,-1.69916503,-0.19140054,-1.08152937,-0.88618604,-0.19131562,1.0
2437986.136766,1.046294,-1.64396404,-1.69918823,-0.19140287,-1.08154704,-0.88618046,-0.19131795,1.0
2437986.142807,1.049189,-1.64391293,-1.69923557,-0.19140762,-1.0815831,-0.88616907,-0.1913227,1.0
2437986.1575990003,1.046294,-1.64378778,-1.69935151,-0.19141927,-1.08167142,-0.88614121,-0.19133434,1.0
2437986.161849,1.026251,-1.64375182,-1.69938481,-0.19142262,-1.08169681,-0.88613322,-0.19133768,1.0
2437986.166306,0.995529,-1.6437141,-1.69941975,-0.19142613,-1.08172343,-0.88612484,-0.19134119,1.0
2437986.170765,0.9683978,-1.64367638,-1.6994546999999998,-0.19142964,-1.08175007,-0.88611646,-0.19134469,1.0
2437986.186848,0.9359525,-1.64354029,-1.69958073,-0.19144231,-1.08184617,-0.88608627,-0.19135734,1.0
2437986.197306,0.9577536,-1.64345179,-1.69966268,-0.19145054,-1.08190867,-0.88606667,-0.19136557,1.0
2437986.213431,0.9791605,-1.64331534,-1.69978902,-0.19146324,-1.08200507,-0.8860365,-0.19137825,1.0
2437986.220389,0.9982834,-1.64325644,-1.69984355,-0.19146872,-1.08204669,-0.88602349,-0.19138373,1.0
2440877.662478,0.9852158,-2.24182959,-0.85403402,-0.10478539,-1.33723336,-0.43661288,-0.10474649,1.0
2440877.668895,0.9970832,-2.2418002999999995,-0.85410089,-0.10479237,-1.33725214,-0.43657991,-0.10475346,1.0
2440877.673853,0.9797861,-2.24177767,-0.85415255,-0.10479775,-1.33726665,-0.43655445,-0.10475884,1.0
2440877.678561,0.9861236,-2.24175617,-0.85420161,-0.10480287,-1.33728043,-0.43653027,-0.10476395,1.0
2440877.68227,0.9770828,-2.24173924,-0.85424027,-0.1048069,-1.3372913,-0.43651122,-0.10476797,1.0
2440877.686478,0.9734897,-2.24172003,-0.85428412,-0.10481147,-1.33730362,-0.43648961,-0.10477254,1.0
2440877.689728,0.9925019,-2.24170519,-0.85431798,-0.104815,-1.33731315,-0.43647292,-0.10477607,1.0
2440877.6935610003,1.012818,-2.24168769,-0.85435792,-0.10481917,-1.33732439,-0.43645324,-0.10478023,1.0
2440877.69727,1.013751,-2.24167076,-0.85439657,-0.1048232,-1.33733526,-0.4364342000000001,-0.10478425,1.0
2440877.700978,1.01843,-2.24165382,-0.85443521,-0.10482723,-1.33734614,-0.43641517,-0.10478828,1.0
2440877.707478,1.020308,-2.24162414,-0.85450294,-0.10483429,-1.33736521,-0.4363818,-0.10479533,1.0
2440877.712478,1.046963,-2.24160131,-0.85455505,-0.10483972,-1.33737989,-0.43635614,-0.10480076,1.0
2440877.715686,1.048893,-2.24158666,-0.85458847,-0.10484321,-1.33738931,-0.43633968,-0.10480424,1.0
2440877.719145,1.061528,-2.24157086,-0.85462452,-0.10484696,-1.33739947,-0.43632193,-0.10480799,1.0
2440877.722811,1.054706,-2.24155412,-0.85466272,-0.10485095,-1.33741024,-0.43630311,-0.10481197,1.0
2440877.727645,1.059574,-2.24153204,-0.85471309,-0.1048562,-1.33742444,-0.43627831,-0.10481722,1.0
2440877.731102,1.055678,-2.24151624,-0.85474912,-0.10485996,-1.33743461,-0.43626057,-0.10482097,1.0
2440877.735352,1.029749,-2.24149683,-0.8547934000000001,-0.10486457,-1.33744711,-0.43623877,-0.10482558,1.0
2440877.738727,1.025962,-2.24148141,-0.85482857,-0.10486824,-1.33745704,-0.43622146,-0.10482924,1.0
2440877.745644,1.017493,-2.24144981,-0.85490064,-0.10487575,-1.33747739,-0.43618598,-0.10483675,1.0
2440877.75156,0.9915882,-2.24142279,-0.85496228,-0.10488218,-1.33749481,-0.43615564,-0.10484317,1.0
2440877.755019,0.9779832,-2.24140698,-0.85499832,-0.10488594,-1.33750499,-0.43613791,-0.10484692,1.0
2440877.7583520003,0.9752846,-2.24139175,-0.85503305,-0.10488956,-1.33751481,-0.43612082,-0.10485054,1.0
2440877.763852,0.9627894,-2.24136662,-0.85509036,-0.10489553,-1.33753102,-0.43609262,-0.10485651,1.0
2440877.767394,0.9566021,-2.24135044,-0.85512726,-0.10489938,-1.33754146,-0.43607446,-0.10486035,1.0
2440877.772852,0.9708034,-2.2413255000000003,-0.85518413,-0.10490531,-1.33755756,-0.43604648,-0.10486627,1.0
2440877.778394,0.9743867,-2.24130017,-0.85524187,-0.10491133,-1.33757391,-0.43601808,-0.10487229,1.0
2440877.782019,0.9824971,-2.24128361,-0.85527964,-0.10491527,-1.33758461,-0.4359995,-0.10487622,1.0
2440877.78481,1.001685,-2.24127085,-0.85530872,-0.1049183,-1.33759284,-0.4359852,-0.10487925,1.0
2440877.788435,0.9943317,-2.24125428,-0.85534648,-0.10492224,-1.33760355,-0.43596662,-0.10488318,1.0
2440877.793144,0.9852158,-2.24123276,-0.85539555,-0.10492735,-1.33761745,-0.4359425,-0.10488829,1.0
2440877.796685,0.9752846,-2.24121657,-0.85543244,-0.1049312,-1.33762792,-0.43592435,-0.10489214,1.0
2440877.800227,0.9879417,-2.24120038,-0.85546934,-0.10493505,-1.33763838,-0.43590621,-0.10489598,1.0
2440877.803727,0.9980018,-2.24118439,-0.85550581,-0.10493885,-1.33764873,-0.43588828,-0.10489978,1.0
2440877.807477,0.9788842,-2.24116724,-0.85554488,-0.10494292,-1.33765982,-0.43586907,-0.10490384,1.0
2440877.813935,0.9824971,-2.24113772,-0.85561216,-0.10494994,-1.33767892,-0.435836,-0.10491085,1.0
2440877.82256,0.9708034,-2.24109829,-0.85570201,-0.10495931,-1.33770445,-0.43579183,-0.10492021,1.0
2440877.825769,0.9734897,-2.24108362,-0.85573545,-0.10496279,-1.33771395,-0.4357754,-0.10492369,1.0
2440877.829519,0.9734897,-2.24106647,-0.85577451,-0.10496687,-1.33772505,-0.4357562,-0.10492776,1.0
2440877.833727,0.9708034,-2.24104723,-0.85581835,-0.10497144,-1.33773752,-0.43573466,-0.10493233,1.0
2440877.836269,0.9708034,-2.2410356,-0.85584483,-0.1049742,-1.33774505,-0.43572165,-0.10493508,1.0
2440877.840144,0.9770828,-2.24101788,-0.8558851999999999,-0.10497841,-1.33775654,-0.43570181,-0.10493929,1.0
2440877.84381,0.9915882,-2.24100112,-0.85592339,-0.10498239,-1.33776741,-0.43568305,-0.10494327,1.0
2440877.84731,1.011885,-2.24098511,-0.85595986,-0.10498619,-1.33777779,-0.43566513,-0.10494706,1.0
2440877.851685,1.009093,-2.2409651000000004,-0.85600543,-0.10499094,-1.33779077,-0.43564275,-0.10495181,1.0
2440877.85831,0.9934165,-2.2409348,-0.85607445,-0.10499814,-1.33781043,-0.43560885,-0.104959,1.0
2440877.861685,1.006309,-2.24091937,-0.85610961,-0.1050018,-1.33782045,-0.43559158,-0.10496266,1.0
2440877.866101,1.01562,-2.24089916,-0.85615562,-0.1050066,-1.33783357,-0.43556898,-0.10496745,1.0
2440877.869476,1.041193,-2.24088372,-0.85619078,-0.10501027,-1.33784359,-0.43555172,-0.10497111,1.0
2440877.870143,1.034502,-2.24088067,-0.85619773,-0.10501099,-1.33784557,-0.43554831,-0.10497184,1.0
2440877.876351,1.024074,-2.24085228,-0.8562624,-0.10501773,-1.33786402,-0.43551655,-0.10497857,1.0
2440877.880726,1.025017,-2.24083226,-0.85630797,-0.10502249,-1.33787703,-0.43549418,-0.10498332,1.0
2440877.882976,0.999842,-2.24082197,-0.85633141,-0.10502493,-1.33788372,-0.43548267,-0.10498576,1.0
2440877.887101,0.9888521999999998,-2.24080309,-0.85637438,-0.10502941,-1.33789599,-0.43546158,-0.10499023,1.0
2440877.891518,0.9952481,-2.24078289,-0.85642039,-0.10503421,-1.33790913,-0.43543899,-0.10499502,1.0
2440877.895226,0.9952481,-2.24076592,-0.85645902,-0.10503823,-1.33792017,-0.43542004,-0.10499905,1.0
2440877.899976,0.9952481,-2.24074418,-0.8565084999999999,-0.10504339,-1.33793431,-0.43539575,-0.1050042,1.0
2440877.903601,0.9852158,-2.2407276,-0.85654626,-0.10504733,-1.33794511,-0.43537722,-0.10500813,1.0
2441387.680171,1.02328,2.37537727,-0.96531014,-0.08884018,1.39380389,-0.81148453,-0.08883517,1.0
2441387.687462,1.019517,2.37541207,-0.96524061,-0.08883254,1.39381722,-0.81153942,-0.08882754,1.0
2441387.70092,1.020456,2.3754763,-0.96511229,-0.08881843,1.39384187,-0.81164071,-0.08881345,1.0
2441387.707045,1.012965,2.37550553,-0.96505388,-0.08881201,1.39385311,-0.81168681,-0.08880704,1.0
2441387.71367,1.006455,2.37553714,-0.96499071,-0.08880507,1.39386527,-0.81173668,-0.0888001,1.0
2441387.717462,1.003678,2.37555523,-0.96495455,-0.08880109,1.39387224,-0.81176523,-0.08879613,1.0
2441387.723169,1.008311,2.37558247,-0.96490012,-0.08879511,1.39388273,-0.81180819,-0.08879016,1.0
2441387.727711,1.008311,2.37560414,-0.96485681,-0.08879035,1.39389109,-0.81184238,-0.08878539999999999,1.0
2441387.731586,1.01017,2.37562262,-0.96481986,-0.08878629,1.39389822,-0.81187156,-0.08878135,1.0
2441387.743586,1.005528,2.37567987,-0.96470542,-0.08877371,1.39392033,-0.81196189,-0.08876878,1.0
2441387.7464610003,1.003678,2.37569358,-0.96467801,-0.08877069,1.39392564,-0.81198354,-0.08876577,1.0
2441387.750794,1.012032,2.37571425,-0.96463669,-0.08876615,1.39393363,-0.81201616,-0.08876124,1.0
2441387.754126,1.015768,2.37573015,-0.9646049,-0.08876266,1.39393979,-0.81204125,-0.08875775,1.0
2441387.760668,1.02328,2.37576135,-0.96454252,-0.0887558,1.39395188,-0.8120904999999999,-0.0887509,1.0
2441387.767835,1.02895,2.37579554,-0.96447417,-0.08874829,1.39396513,-0.81214446,-0.0887434,1.0
2441387.771626,1.027057,2.37581362,-0.96443802,-0.08874431,1.39397215,-0.8121729999999999,-0.08873943,1.0
2441387.77446,1.02895,2.37582713,-0.96441099,-0.08874134,1.3939774,-0.81219434,-0.08873646,1.0
2441387.777293,1.025166,2.37584064,-0.96438397,-0.08873837,1.39398264,-0.81221567,-0.08873349,1.0
2441387.781501,1.020456,2.37586071,-0.96434384,-0.08873396,1.39399044,-0.81224735,-0.08872909,1.0
2441387.784917,1.031797,2.375877,-0.96431125,-0.08873038,1.39399678,-0.81227308,-0.08872551,1.0
2441387.79275,1.025166,2.37591436,-0.96423655,-0.08872216,1.39401132,-0.81233206,-0.08871731,1.0
2441387.79675,1.018578,2.37593343,-0.9641984,-0.08871797,1.39401874,-0.81236218,-0.08871312,1.0
2441387.799959,1.016704,2.37594873,-0.9641678,-0.08871461,1.39402471,-0.81238634,-0.08870976,1.0
2441387.805334,1.012965,2.37597436,-0.96411654,-0.08870897,1.3940347,-0.81242682,-0.08870413,1.0
2441387.807917,1.011101,2.37598667,-0.9640919,-0.08870626,1.39403951,-0.81244627,-0.08870143,1.0
2441387.810084,1.01017,2.375997,-0.96407124,-0.08870399,1.39404354,-0.81246258,-0.08869916,1.0
2441387.817291,0.9899069,2.37603137,-0.96400249,-0.08869644,1.39405696,-0.81251686,-0.08869161,1.0
2441387.822499,0.990819,2.37605619,-0.96395282,-0.08869098,1.39406667,-0.81255608,-0.08868616,1.0
2441387.8260830003,0.9862665,2.37607328,-0.96391864,-0.08868722,1.39407335,-0.81258307,-0.08868241,1.0
2441387.829791,0.9763248,2.37609095,-0.96388327,-0.08868333,1.39408027,-0.81261099,-0.08867853,1.0
2441387.837916,0.9790263,2.37612968,-0.96380578,-0.08867481,1.39409544,-0.81267218,-0.08867002,1.0
2441387.840749,0.9799283,2.37614318,-0.96377876,-0.08867184,1.39410073,-0.81269352,-0.08866705,1.0
2441387.842291,0.9754261,2.37615053,-0.96376405,-0.08867023,1.39410362,-0.81270513,-0.08866544,1.0
2441387.845499,0.9763248,2.37616582,-0.96373345,-0.08866686,1.39410962,-0.81272929,-0.08866208,1.0
2441387.849665,0.9709444,2.37618568,-0.96369371,-0.08866249,1.39411741,-0.81276067,-0.08865771,1.0
2441387.853082,0.9745281,2.37620197,-0.96366112,-0.08865891,1.39412381,-0.81278641,-0.08865414,1.0
2441387.861582,0.9718392,2.37624247,-0.96358005,-0.08865,1.39413973,-0.81285042,-0.08864524,1.0
2441387.864248,0.9745281,2.37625518,-0.96355462,-0.0886472,1.39414473,-0.8128704999999999,-0.08864245,1.0
2441387.86879,0.9844514,2.37627682,-0.96351129,-0.08864244,1.39415325,-0.81290471,-0.08863769,1.0
2441387.871623,0.9889955,2.37629032,-0.96348427,-0.08863947,1.39415856,-0.81292605,-0.08863472,1.0
2441387.874748,0.9772246,2.37630521,-0.96345447,-0.08863619,1.39416443,-0.81294959,-0.08863145,1.0
2441387.877873,0.9953927,2.3763201,-0.96342466,-0.08863292,1.3941703,-0.81297313,-0.08862818,1.0
2441387.885956,0.9826399,2.37635862,-0.96334755,-0.08862444,1.39418549,-0.81303402,-0.08861971,1.0
2441387.8885810003,0.9871754,2.37637112,-0.96332251,-0.08862169,1.39419043,-0.81305379,-0.08861696,1.0
2441387.8938720003,0.9899069,2.37639633,-0.96327204,-0.08861614,1.39420039,-0.81309364,-0.08861142,1.0
2441387.899664,0.9917321,2.37642392,-0.96321679,-0.08861007,1.39421129,-0.81313727,-0.08860536,1.0
2441387.902789,0.9981466,2.37643881,-0.96318699,-0.08860679,1.39421718,-0.81316081,-0.08860209,1.0
2441387.9069560003,0.9880853,2.37645866,-0.96314724,-0.08860242,1.39422504,-0.8131921999999999,-0.08859772,1.0
2441387.910539,0.9826399,2.37647573,-0.96311306,-0.08859867,1.3942318,-0.81321919,-0.08859397,1.0
2441387.914538,0.9772246,2.37649478,-0.9630749,-0.08859447,1.39423935,-0.81324932,-0.08858978,1.0
2441387.917913,0.9880853,2.37651086,-0.96304271,-0.08859093,1.39424572,-0.81327475,-0.08858625,1.0
2441387.924746,0.9981466,2.3765434,-0.96297753,-0.08858377,1.39425863,-0.81332622,-0.08857909,1.0
2441387.927288,0.9880853,2.37655551,-0.96295328,-0.08858110000000001,1.39426344,-0.81334537,-0.08857643,1.0
2441387.930705,0.9963098,2.37657178,-0.96292068,-0.08857752,1.3942698999999998,-0.81337112,-0.08857285,1.0
2441387.934413,0.992646,2.37658944,-0.96288531,-0.08857363,1.39427692,-0.81339905,-0.08856897,1.0
2441387.938288,0.9999869,2.3766079,-0.96284835,-0.08856957,1.39428425,-0.81342824,-0.08856491,1.0
2441387.941038,1.003678,2.37662099,-0.96282211,-0.08856669,1.39428946,-0.81344896,-0.08856203,1.0
2441387.945121,1.003678,2.37664043,-0.96278316,-0.08856239999999999,1.3942972,-0.81347972,-0.08855776,1.0
2441387.950037,1.004603,2.37666385,-0.96273626,-0.08855725,1.39430652,-0.81351677,-0.08855261,1.0
2441387.953245,0.9990666,2.37667912,-0.96270566,-0.08855388,1.39431261,-0.81354094,-0.08854925,1.0
2441387.958954,0.9889955,2.37670631,-0.96265119,-0.0885479,1.39432345,-0.81358395,-0.08854327,1.0
2441387.962454,0.9917321,2.37672297,-0.9626178,-0.08854423,1.3943301,-0.81361032,-0.08853960000000001,1.0
2441387.9664950003,0.9880853,2.37674221,-0.96257925,-0.08853999,1.39433778,-0.81364077,-0.08853537,1.0
2441387.970287,1.012032,2.37676026,-0.96254308,-0.08853601,1.39434499,-0.81366934,-0.0885314,1.0
2441387.974579,0.9999869,2.3767807,-0.96250213,-0.08853151,1.39435315,-0.81370168,-0.08852689999999999,1.0
2441387.977579,1.012965,2.37679498,-0.96247351,-0.08852837,1.39435886,-0.81372428,-0.08852376,1.0
2441394.660089,0.985569,2.4076751,-0.89835587,-0.08148742,1.4127895,-0.86445146,-0.08149192,1.0
2441394.664755,0.9919436,2.407696,-0.89831086,-0.08148248,1.41280637,-0.86448696,-0.08148699,1.0
2441394.668755,0.9992795,2.40771392,-0.89827228,-0.08147825,1.41282083,-0.86451739,-0.08148276,1.0
2441394.674505,0.9974406,2.40773968,-0.89821681,-0.08147216,1.41284162,-0.86456114,-0.08147668,1.0
2441394.6791290003,0.9937724,2.40776039,-0.8981722,-0.08146727,1.41285835,-0.86459632,-0.08147179,1.0
2441394.683171,0.9937724,2.4077785,-0.89813321,-0.08146299,1.41287298,-0.86462707,-0.08146752,1.0
2441394.6864630003,0.9837552,2.40779324,-0.89810145,-0.0814595,1.41288489,-0.86465212,-0.08146404,1.0
2441394.693463,1.004817,2.40782459,-0.89803393,-0.08145210000000001,1.41291024,-0.86470537,-0.08145664,1.0
2441394.697546,1.0020440000000002,2.40784288,-0.89799454,-0.08144778,1.41292503,-0.86473644,-0.08145233,1.0
2441394.702712,1.012248,2.40786602,-0.89794469,-0.08144231,1.41294375,-0.86477575,-0.08144687,1.0
2441394.706628,1.004817,2.40788356,-0.89790692,-0.08143816,1.41295795,-0.86480554,-0.08144273,1.0
2441394.71317,0.9882958,2.40791285,-0.89784381,-0.08143124,1.41298167,-0.86485531,-0.08143581,1.0
2441394.71992,1.023498,2.40794308,-0.89777869,-0.08142409,1.41300616,-0.86490666,-0.08142868,1.0
2441394.7225450003,1.019734,2.40795483,-0.89775337,-0.08142132,1.41301568,-0.86492663,-0.0814259,1.0
2441394.725337,1.032018,2.40796733,-0.89772643,-0.08141836,1.41302582,-0.86494787,-0.08142295,1.0
2441394.728336,1.03965,2.40798076,-0.89769749,-0.08141519,1.41303671,-0.86497069,-0.08141978,1.0
2441394.730461,1.03965,2.40799028,-0.89767699,-0.08141294,1.41304442,-0.86498686,-0.08141753,1.0
2441394.733002,1.035826,2.40800165,-0.89765248,-0.08141025,1.41305365,-0.86500619,-0.08141485,1.0
2441394.735336,1.043487,2.4080121,-0.89762996,-0.08140778,1.41306213,-0.86502395,-0.08141238,1.0
2441394.739252,1.0339200000000002,2.40802963,-0.89759218,-0.08140363,1.41307636,-0.86505374,-0.08140824,1.0
2441394.742544,1.030118,2.40804437,-0.89756043,-0.08140015,1.41308832,-0.86507878,-0.08140476,1.0
2441394.747586,1.036781,2.40806694,-0.89751178,-0.08139481,1.41310665,-0.86511714,-0.08139943,1.0
2441394.752168,1.031067,2.40808746,-0.89746757,-0.08138996,1.41312331,-0.865152,-0.08139459,1.0
2441394.754543,1.03965,2.40809809,-0.89744466,-0.08138745,1.41313195,-0.86517007,-0.08139208,1.0
2441394.757793,1.0339200000000002,2.40811264,-0.8974133,-0.08138401,1.41314377,-0.86519479,-0.08138864,1.0
2441394.760543,1.035826,2.40812494,-0.89738677,-0.0813811,1.41315378,-0.86521572,-0.08138573,1.0
2441394.763751,1.028222,2.4081393,-0.89735582,-0.0813777,1.41316545,-0.86524012,-0.08138234,1.0
2441394.76646,1.015049,2.40815143,-0.89732969,-0.08137483,1.41317532,-0.86526073,-0.08137948,1.0
2441394.769793,1.014114,2.40816634,-0.89729753,-0.08137131,1.41318745,-0.86528608,-0.08137596,1.0
2441394.774043,1.015049,2.40818536,-0.89725653,-0.08136681,1.41320293,-0.86531842,-0.08137146,1.0
2441394.775876,1.012248,2.40819357,-0.89723884,-0.08136487,1.41320961,-0.86533236,-0.08136953,1.0
2441394.777709,1.0066700000000002,2.40820178,-0.89722115,-0.08136293,1.41321629,-0.86534631,-0.08136759,1.0
2441394.781084,0.9892067,2.40821688,-0.89718859,-0.08135935,1.41322859,-0.86537199,-0.08136402,1.0
2441394.785542,0.9801373,2.40823683,-0.89714558,-0.08135464,1.41324484,-0.8654059000000001,-0.08135931,1.0
2441394.788042,0.9684718,2.40824801,-0.89712146,-0.08135199,1.41325395,-0.86542492,-0.08135666,1.0
2441394.7905,0.9828495,2.40825901,-0.89709774,-0.08134939,1.41326291,-0.86544362,-0.08135407,1.0
2441394.793209,0.9992795,2.40827113,-0.89707161,-0.08134652,1.41327279,-0.86546422,-0.0813512,1.0
2441394.796709,0.985569,2.4082868,-0.89703784,-0.08134282,1.41328556,-0.86549085,-0.0813475,1.0
2441394.799334,0.9702576,2.40829854,-0.89701251,-0.08134004,1.41329514,-0.86551082,-0.08134473,1.0
2441394.802124,0.9738385,2.40831103,-0.89698558,-0.08133708,1.41330532,-0.86553205,-0.08134178,1.0
2441394.807333,0.9729422,2.40833433,-0.89693533,-0.08133157,1.41332434,-0.86557168,-0.08133627,1.0
2441394.809958,0.9666896,2.40834608,-0.89691,-0.08132879,1.41333392,-0.86559164,-0.08133349,1.0
2441394.8132080003,0.9747361,2.40836062,-0.89687864,-0.08132535,1.41334579,-0.86561637,-0.08133006,1.0
2441394.815541,0.985569,2.40837105,-0.89685613,-0.08132288,1.41335431,-0.86563411,-0.08132759,1.0
2441394.819041,0.9774329,2.40838671,-0.89682236,-0.08131918,1.4133671,-0.86566074,-0.08132389,1.0
2441394.821333,0.9810406,2.40839696,-0.89680025,-0.08131675,1.41337548,-0.86567817,-0.08132147,1.0
2441394.826665,0.9946883,2.40842082,-0.89674879,-0.08131110000000001,1.41339497,-0.86571874,-0.08131583,1.0
2441394.829207,0.9956049,2.40843219,-0.89672427,-0.08130841,1.41340426,-0.86573808,-0.08131314,1.0
2441394.8309150003,0.9928578,2.40843983,-0.89670779,-0.08130661,1.41341051,-0.86575107,-0.08131134,1.0
2441394.834457,1.0011219999999998,2.40845567,-0.89667361,-0.08130286,1.41342347,-0.86577802,-0.08130759,1.0
2441394.839332,0.9910307,2.40847748,-0.89662657,-0.0812977,1.4134413,-0.8658151,-0.08130244,1.0
2441394.842748,0.9801373,2.40849275,-0.89659361,-0.08129408,1.4134538,-0.86584109,-0.08129883,1.0
2441394.845998,0.9910307,2.40850729,-0.89656225,-0.08129064,1.4134657,-0.86586581,-0.08129539,1.0
2441394.8492900003,0.9965223,2.40852201,-0.89653049,-0.08128716,1.41347775,-0.86589085,-0.08129191,1.0
2441394.852789,0.9828495,2.40853766,-0.89649672,-0.08128345,1.41349057,-0.86591747,-0.08128821,1.0
2441394.854914,0.9892067,2.40854717,-0.89647621,-0.0812812,1.41349835,-0.86593364,-0.08128597,1.0
2441394.8587470003,0.9928578,2.40856431,-0.89643923,-0.08127714,1.4135124,-0.8659628,-0.08128191,1.0
2441394.861331,0.9756341,2.40857586,-0.89641429,-0.08127441,1.41352187,-0.86598245,-0.08127918,1.0
2441394.8647060003,0.9819446,2.40859095,-0.89638173,-0.08127084,1.41353424,-0.86600812,-0.08127561,1.0
2441394.870622,0.9819446,2.40861741,-0.89632464,-0.08126457,1.41355593,-0.86605313,-0.08126936,1.0
2441394.873081,0.9974406,2.4086284,-0.89630092,-0.08126197,1.41356495,-0.86607183,-0.08126676,1.0
2441394.8824130003,0.9729422,2.40867013,-0.89621086,-0.08125209,1.41359919,-0.86614282,-0.08125689,1.0
2441394.886413,0.9864771,2.40868801,-0.89617226,-0.08124786,1.41361387,-0.86617325,-0.08125266,1.0
2441394.8895380003,0.9928578,2.40870198,-0.89614211,-0.08124455,1.41362535,-0.86619702,-0.08124936,1.0
2441395.635257,1.016133,2.41202417,-0.88894162,-0.08045469,1.4164351,-0.87186748,-0.08046052,1.0
2441395.643465,1.020824,2.4120606,-0.88886232,-0.080446,1.41646682,-0.87192986,-0.08045183,1.0
2441395.647632,1.031219,2.4120791,-0.88882206,-0.08044158,1.41648293,-0.87196153,-0.08044742,1.0
2441395.6520060003,1.035979,2.41209852,-0.88877979,-0.08043694,1.41649985,-0.87199478,-0.08044279,1.0
2441395.656089,1.021764,2.41211664,-0.88874034,-0.08043262,1.41651564,-0.87202581,-0.08043847,1.0
2441395.661131,1.0133299999999998,2.41213902,-0.88869163,-0.08042727,1.41653515,-0.87206413,-0.08043314,1.0
2441395.668256,1.003115,2.41217064,-0.88862279,-0.08041972,1.41656273,-0.87211828,-0.08042560000000001,1.0
2441395.675255,0.9848063,2.4122017,-0.88855516,-0.08041231,1.41658984,-0.87217148,-0.08041819,1.0
2441395.678088,0.9902634,2.41221427,-0.88852779,-0.0804093,1.41660081,-0.87219301,-0.08041519,1.0
2441395.683838,0.9920893,2.41223979,-0.88847223,-0.08040321,1.41662309,-0.87223671,-0.0804091,1.0
2441395.687005,0.9857138,2.41225384,-0.88844163,-0.08039985,1.41663537,-0.87226078,-0.08040575,1.0
2441395.691797,0.9775765,2.4122751,-0.88839533,-0.08039478,1.41665395,-0.8722972,-0.08040068,1.0
2441395.696297,0.9811849,2.41229507,-0.88835185,-0.08039001,1.4166714,-0.8723314,-0.08039592,1.0
2441395.702587,0.9757774,2.41232298,-0.88829107,-0.08038334,1.41669581,-0.87237921,-0.08038926,1.0
2441395.709087,0.9848063,2.41235181,-0.88822826,-0.08037645,1.41672104,-0.8724286,-0.08038238,1.0
2441395.713671,0.9848063,2.41237215,-0.88818397,-0.08037159,1.41673883,-0.87246344,-0.08037753,1.0
2441395.7172540003,0.9866221,2.41238804,-0.88814935,-0.0803678,1.41675275,-0.87249067,-0.08037374,1.0
2441395.72342,0.9875312,2.41241539,-0.88808976,-0.08036126,1.41677671,-0.87253753,-0.08036721,1.0
2441395.730211,0.9902634,2.41244551,-0.88802414,-0.08035406,1.4168031,-0.87258914,-0.08036002,1.0
2441395.733878,0.9911761999999998,2.41246178,-0.88798871,-0.08035018,1.41681736,-0.87261701,-0.08035614,1.0
2441395.737878,1.002192,2.41247952,-0.88795006,-0.08034594,1.41683292,-0.8726474,-0.08035189999999999,1.0
2441395.74267,0.9966686,2.41250077,-0.88790376,-0.08034086,1.41685156,-0.87268382,-0.08034683,1.0
2441395.746628,0.9766767,2.41251832,-0.88786551,-0.08033667,1.41686696,-0.8727139000000002,-0.08034264,1.0
2441395.751294,0.9939185,2.41253902,-0.88782041,-0.08033172,1.41688513,-0.87274936,-0.0803377,1.0
2441395.755585,1.000347,2.41255804,-0.88777895,-0.08032717,1.41690183,-0.87278197,-0.08033316,1.0
2441395.759085,0.9994264,2.41257356,-0.88774513,-0.08032346,1.41691547,-0.87280857,-0.08032946,1.0
2441395.762585,0.9920893,2.41258908,-0.88771131,-0.08031975,1.4169291000000002,-0.87283516,-0.08032575,1.0
2441395.768002,0.9902634,2.4126131,-0.88765896,-0.08031401,1.41695021,-0.87287633,-0.08032002,1.0
2441395.773168,1.003115,2.41263601,-0.88760903,-0.08030854,1.41697035,-0.87291559,-0.08031455,1.0
2441395.778793,1.000347,2.41266094,-0.88755468,-0.08030257,1.41699228,-0.87295833,-0.08030860000000001,1.0
2441395.784126,0.9966686,2.41268459,-0.88750314,-0.08029692,1.41701308,-0.87299886,-0.08030295,1.0
2441395.790293,1.000347,2.41271192,-0.88744355,-0.08029039,1.41703715,-0.87304572,-0.08029642,1.0
2441395.794792,0.9975871,2.41273187,-0.88740006,-0.08028562,1.41705472,-0.87307991,-0.08029166,1.0
2441395.798708,0.9985063,2.41274923,-0.88736222,-0.08028147,1.41707001,-0.87310967,-0.08028751,1.0
2441395.802792,0.9920893,2.41276733,-0.88732275,-0.08027714,1.41708596,-0.8731406999999999,-0.08028319,1.0
2441395.810083,0.9985063,2.41279964,-0.8872523000000001,-0.08026941,1.41711444,-0.8731960999999999,-0.08027547,1.0
2441395.813375,0.9966686,2.41281423,-0.88722048,-0.08026592,1.41712731,-0.87322111,-0.08027199,1.0
2441395.820874,1.006818,2.41284747,-0.8871479999999999,-0.08025797,1.41715663,-0.8732781,-0.08026405,1.0
2441395.826957,0.9920893,2.41287442,-0.88708922,-0.08025152,1.41718043,-0.87332432,-0.08025761,1.0
2441395.833541,1.016133,2.4129036,-0.88702559,-0.08024454,1.41720619,-0.87337435,-0.08025064,1.0
2441395.837749,1.0142639999999998,2.41292224,-0.88698492,-0.08024008,1.41722267,-0.87340632,-0.08024619,1.0
2441395.842124,1.018007,2.41294163,-0.88694264,-0.08023545,1.4172398000000002,-0.87343956,-0.08024155,1.0
2441395.8484150004,1.025536,2.4129695,-0.88688183,-0.08022878,1.41726444,-0.87348737,-0.08023489,1.0
2441395.855206,1.021764,2.41299959,-0.8868162,-0.08022158,1.41729106,-0.87353897,-0.0802277,1.0
2441395.859831,1.01707,2.41302007,-0.8867715,-0.08021668,1.41730919,-0.87357411,-0.08022281,1.0
2441395.862831,1.024592,2.41303336,-0.88674251,-0.0802135,1.41732095,-0.8735969000000001,-0.08021963,1.0
2441395.869789,1.03312,2.41306419,-0.88667525,-0.08020612,1.41734825,-0.87364977,-0.08021227,1.0
2441395.875539,1.021764,2.41308966,-0.88661968,-0.08020003,1.41737081,-0.87369346,-0.08020618,1.0
2441395.880955,1.01707,2.41311364,-0.88656733,-0.08019428,1.41739207,-0.87373461,-0.08020045,1.0
2441395.88558,1.027426,2.41313413,-0.88652263,-0.08018938,1.41741023,-0.87376975,-0.08019555,1.0
2441395.8918290003,0.9994264,2.4131618,-0.88646223,-0.08018276,1.41743478,-0.87381723,-0.08018893,1.0
2441395.898246,0.9884411,2.41319022,-0.88640021,-0.08017596,1.41746,-0.87386599,-0.08018214,1.0
2441395.903996,0.9930037,2.41321568,-0.88634463,-0.08016986,1.41748261,-0.87390967,-0.08017605,1.0
2441395.909121,0.9802815,2.41323837,-0.8862950999999999,-0.08016443,1.41750276,-0.87394861,-0.08017063,1.0
2441395.913871,0.9686142,2.41325941,-0.88624919,-0.08015939,1.41752145,-0.8739847,-0.0801656,1.0
2441395.916453,0.9848063,2.41327084,-0.88622422,-0.08015665,1.41753161,-0.87400432,-0.08016286,1.0
2441395.921703,0.9757774,2.41329409,-0.88617348,-0.08015109,1.41755228,-0.8740441999999999,-0.0801573,1.0
2441395.926203,0.9848063,2.41331401,-0.88612998,-0.08014632,1.41757,-0.87407839,-0.08015254,1.0
2443292.532082,0.9932375,1.02765243,2.52168419,0.27590854,0.64573521,1.58281808,0.27584611,1.0
2443292.5342490003,0.9877629,1.02763222,2.52169209,0.27590926,0.64574893,1.5828118,0.27584683,1.0
2443292.539624,0.9652768,1.0275821,2.52171169,0.27591105,0.64578294,1.58279623,0.27584862,1.0
2443292.541541,0.973311,1.02756422,2.52171868,0.27591168,0.64579508,1.58279068,0.27584925,1.0
2443292.546291,0.9679451,1.02751993,2.521736,0.27591326,0.64582514,1.58277692,0.27585083,1.0
2443292.551416,0.9742046999999998,1.02747214,2.52175468,0.27591497,0.64585758,1.58276209,0.27585253,1.0
2443292.554207,0.9832178,1.02744611,2.52176486,0.27591589,0.64587525,1.58275401,0.27585346,1.0
2443292.559791,0.9805033,1.02739404,2.52178522,0.27591775,0.6459106,1.58273786,0.27585531,1.0
2443292.561957,0.9768964,1.02737384,2.52179311,0.27591847,0.64592432,1.5827316,0.27585603,1.0
2443292.566666,0.9805008,1.02732993,2.52181028,0.27592004,0.64595413,1.58271798,0.2758576,1.0
2443292.568832,0.9895724,1.02730973,2.52181817,0.27592076,0.64596785,1.58271172,0.27585832,1.0
2443292.573332,1.011688,1.02726776,2.52183458,0.27592225,0.64599634,1.58269872,0.27585981,1.0
2443292.575499,1.016358,1.02724756,2.52184248,0.27592297,0.64601006,1.58269246,0.27586053,1.0
2443292.579791,1.039072,1.02720753,2.52185812,0.2759244,0.64603725,1.58268007,0.27586196,1.0
2443292.581707,1.05062,1.02718966,2.5218651000000003,0.27592503,0.64604938,1.58267453,0.27586259,1.0
2443292.587082,1.050618,1.02713954,2.52188469,0.27592682,0.64608342,1.58265902,0.27586438,1.0
2443292.5889990004,1.07015,1.02712166,2.52189168,0.27592746,0.64609556,1.58265349,0.27586501,1.0
2443292.593749,1.064251,1.02707736,2.52190899,0.27592904,0.64612565,1.58263979,0.27586659,1.0
2443292.595249,1.065231,1.02706337,2.52191446,0.27592953,0.64613515,1.58263546,0.27586709,1.0
2443292.597374,1.062291,1.02704356,2.5219222,0.27593024,0.64614861,1.58262933,0.27586779,1.0
2443292.601666,1.04194,1.02700353,2.52193784,0.27593167,0.6461758000000001,1.58261696,0.27586922,1.0
2443292.603624,1.0295379999999998,1.02698527,2.52194498,0.27593232,0.6461882,1.58261132,0.27586987,1.0
2443292.605541,1.023864,1.02696739,2.52195196,0.27593295,0.64620035,1.58260579,0.2758705,1.0
2443292.610041,1.009815,1.02692542,2.52196836,0.27593445,0.64622886,1.58259283,0.275872,1.0
2443292.611999,1.025749,1.02690716,2.5219755,0.2759351,0.64624127,1.58258719,0.27587265,1.0
2443292.616499,1.008883,1.0268652,2.52199189,0.27593659,0.64626978,1.58257423,0.27587414,1.0
2443292.619082,1.011673,1.02684111,2.5220013,0.27593745,0.64628615,1.5825668,0.275875,1.0
2443292.620999,1.002398,1.02682323,2.52200829,0.27593809,0.64629829,1.58256128,0.27587563,1.0
2443292.625082,0.9795787,1.02678515,2.52202316,0.27593945,0.64632417,1.58254953,0.27587699,1.0
2443292.627457,0.9537601,1.026763,2.52203182,0.27594023,0.64633922,1.5825427,0.27587777,1.0
2443292.634332,0.9537579,1.02669888,2.52205686,0.27594252,0.64638279,1.58252293,0.27588006,1.0
2443292.636916,0.948501,1.02667478,2.52206627,0.27594338,0.64639917,1.5825155,0.27588091,1.0
2443292.645082,0.9616936,1.02659862,2.52209602,0.27594609,0.64645093,1.58249204,0.27588362,1.0
2443292.648082,0.9625785,1.02657064,2.52210695,0.27594708,0.64646995,1.58248342,0.27588462,1.0
2443292.654291,0.9777671999999998,1.02651273,2.52212956,0.27594915,0.64650931,1.58246559,0.27588668,1.0
2443292.656457,0.9768661,1.02649253,2.52213745,0.27594986,0.64652304,1.58245938,0.27588739,1.0
2443292.658582,0.9723773,1.02647271,2.52214519,0.27595057,0.64653651,1.58245328,0.2758881,1.0
2443292.663332,0.9913667,1.02642841,2.52216249,0.27595215,0.64656663,1.58243965,0.27588967,1.0
2443292.666124,0.9959417,1.02640237,2.52217266,0.27595307,0.64658434,1.58243165,0.2758906,1.0
2443292.6682490003,0.9977772,1.02638255,2.5221804,0.27595378,0.64659781,1.58242555,0.27589131,1.0
2443292.670207,1.007937,1.02636429,2.52218753,0.27595443,0.64661023,1.58241994,0.27589195,1.0
2443292.679666,1.012587,1.02627606,2.52222197,0.27595757,0.64667021,1.58239284,0.27589509,1.0
2443292.681582,1.004226,1.02625819,2.52222895,0.27595821,0.64668237,1.58238735,0.27589573,1.0
2443292.684166,1.004226,1.02623409,2.52223835,0.27595906,0.64669876,1.58237995,0.27589658,1.0
2443292.6882490003,1.00515,1.02619601,2.52225322,0.27596042,0.64672465,1.58236826,0.27589794,1.0
2443292.690166,1.001453,1.02617813,2.5222602000000003,0.27596105,0.64673681,1.58236277,0.27589857,1.0
2443292.692332,0.98408,1.02615792,2.52226809,0.27596177,0.64675055,1.58235658,0.27589929,1.0
2443292.6951240003,0.991357,1.02613188,2.52227825,0.2759627,0.64676826,1.58234859,0.27590022,1.0
2443292.698957,0.9696821,1.02609613,2.52229221,0.27596397,0.64679258,1.58233762,0.27590149,1.0
2443292.700916,0.9723645,1.02607786,2.52229934,0.27596462,0.64680501,1.58233202,0.27590214,1.0
2443292.703499,0.9750546,1.02605377,2.52230874,0.27596548,0.6468214,1.58232464,0.27590299,1.0
2443292.705624,0.9840759,1.02603395,2.52231648,0.27596618,0.64683488,1.58231856,0.27590370000000003,1.0
2443292.709082,0.9950114,1.02600169,2.52232906,0.27596733,0.64685682,1.58230868,0.27590484,1.0
2443292.711207,0.9977641,1.02598187,2.5223368,0.27596804,0.6468703,1.58230261,0.27590555,1.0
2443292.716374,1.012575,1.02593367,2.52235561,0.27596975,0.64690309,1.58228785,0.27590726,1.0
2443292.718291,1.021943,1.02591579,2.52236258,0.27597039,0.64691525,1.58228237,0.27590790000000004,1.0
2443292.721332,1.021943,1.02588743,2.52237365,0.27597140000000003,0.64693455,1.58227369,0.2759089,1.0
2443292.725832,1.006065,1.02584545,2.52239003,0.27597289,0.64696311,1.58226085,0.27591039,1.0
2443292.728166,1.010708,1.02582368,2.52239853,0.27597366,0.64697792,1.58225419,0.27591117,1.0
2443292.730541,1.003287,1.02580153,2.52240717,0.27597445,0.646993,1.58224741,0.27591196,1.0
2443292.7346240003,1.01257,1.02576344,2.52242203,0.27597581,0.64701891,1.58223576,0.27591331,1.0
2443292.737207,1.005135,1.02573935,2.52243143,0.27597666,0.64703531,1.5822284,0.27591416,1.0
2443292.739374,1.000517,1.02571913,2.52243931,0.27597738,0.64704906,1.58222222,0.27591488,1.0
2443292.743416,1.016304,1.02568143,2.52245402,0.27597872,0.64707472,1.5822107,0.27591622,1.0
2443292.745582,1.005133,1.02566122,2.52246191,0.27597944,0.64708848,1.58220453,0.27591694,1.0
2443292.747957,1.004207,1.02563906,2.52247055,0.27598023,0.64710356,1.58219776,0.27591773,1.0
2443292.751582,0.9922538,1.02560524,2.52248375,0.27598143,0.64712658,1.58218743,0.27591893,1.0
2443292.753957,0.9876941,1.02558308,2.52249239,0.27598222,0.64714166,1.58218067,0.27591972,1.0
2443292.756957,0.975938,1.02555508,2.52250331,0.27598322,0.64716071,1.58217212,0.27592071,1.0
2443292.761916,0.9732438,1.02550881,2.52252136,0.27598486,0.64719221,1.58215801,0.27592236,1.0
2443292.763832,0.9750377,1.02549093,2.52252833,0.2759855,0.64720438,1.58215255,0.27592299,1.0
2443292.769,0.966987,1.02544272,2.52254713,0.27598721,0.6472372,1.58213785,0.2759247,1.0
2443292.771375,0.9607721,1.02542056,2.52255577,0.275988,0.64725229,1.5821311000000002,0.27592549,1.0
2443292.773292,0.9732407,1.02540267,2.52256275,0.27598864,0.64726446,1.58212565,0.27592613,1.0
2443292.777792,0.9652049,1.02536068,2.52257912,0.27599013,0.64729305,1.58211285,0.27592762,1.0
2443292.7805830003,0.9696593,1.02533464,2.52258928,0.27599106,0.64731078,1.58210492,0.27592854,1.0
2443292.7838330003,0.9768295,1.02530431,2.5226011,0.27599213,0.64733143,1.58209568,0.27592962,1.0
2443292.78875,0.9795309,1.02525843,2.52261899,0.27599376,0.64736267,1.58208172,0.27593125,1.0
2443292.790042,0.9885944,1.02524638,2.52262369,0.27599419,0.64737088,1.58207805,0.27593168,1.0
2443292.792833,1.004194,1.02522033,2.52263385,0.27599512,0.64738862,1.58207012,0.2759326,1.0
2443292.797125,1.006045,1.02518028,2.52264946,0.27599654,0.64741589,1.58205794,0.27593402,1.0
2443292.7995,1.027584,1.02515812,2.5226581,0.27599733,0.64743098,1.5820512,0.27593481,1.0
2443292.803792,1.039002,1.02511807,2.52267371,0.27599875,0.64745826,1.58203902,0.27593623,1.0
2443292.805917,1.045722,1.02509824,2.52268144,0.27599946,0.64747176,1.582033,0.27593694,1.0
2443292.81025,1.054425,1.02505781,2.5226972,0.2760009,0.6474993,1.58202071,0.27593837,1.0
2443292.813667,1.053454,1.02502592,2.52270963,0.27600203,0.64752102,1.58201102,0.27593951,1.0
2443292.816042,1.054424,1.02500376,2.52271827,0.27600282,0.64753612,1.58200429,0.27594029,1.0
2443292.820125,1.055394,1.02496566,2.52273312,0.27600417,0.64756207,1.58199272,0.27594165,1.0
2443292.8224580004,1.048611,1.02494388,2.52274161,0.27600495,0.6475769,1.58198612,0.27594242,1.0
2443292.82675,1.028523,1.02490383,2.52275722,0.27600637,0.64760419,1.58197396,0.27594384,1.0
2443292.829542,1.026629,1.02487778,2.52276737,0.27600729,0.64762194,1.58196606,0.27594476,1.0
2443292.835167,1.026628,1.02482529,2.52278783,0.27600916,0.6476576999999999,1.58195014,0.27594663,1.0
2443292.8400830003,1.0134729999999998,1.02477941,2.5228057,0.27601079,0.64768896,1.58193623,0.27594826,1.0
2443292.8424580004,0.9995674,1.02475725,2.52281434,0.27601158,0.64770406,1.58192952,0.27594904,1.0
2443292.846542,0.9894909,1.02471913,2.52282919,0.27601293,0.64773003,1.58191797,0.27595040000000004,1.0
2443292.850833,0.9777129,1.02467909,2.52284479,0.27601435,0.64775732,1.58190584,0.27595182,1.0
2443292.85275,0.9554568,1.0246612,2.52285176,0.27601499,0.64776951,1.58190043,0.27595245,1.0
2443292.854917,0.9589828,1.02464098,2.52285964,0.27601571,0.6477833000000001,1.58189431,0.27595317,1.0
2443292.859417,0.9563355,1.02459898,2.522876,0.2760172,0.64781192,1.5818816,0.27595466,1.0
2443292.8635,0.9528176,1.02456088,2.52289085,0.27601855,0.64783789,1.58187007,0.27595601,1.0
2443292.865625,0.946694,1.02454105,2.52289857,0.27601926,0.64785141,1.58186407,0.27595671,1.0
2443293.502875,1.039158,1.01859098,2.52520783,0.27622966,0.65192353,1.58011255,0.27616690000000005,1.0
2443293.504833,1.025845,1.01857269,2.5252149,0.2762303,0.6519361,1.58010731,0.27616754,1.0
2443293.5092080003,1.018314,1.01853182,2.5252307000000003,0.27623174,0.65196418,1.58009561,0.27616898,1.0
2443293.514208,1.023957,1.01848511,2.52524876,0.27623339,0.65199628,1.58008225,0.27617062,1.0
2443293.519667,0.9951335,1.01843411,2.52526848,0.27623518,0.65203133,1.58006767,0.27617242,1.0
2443293.524667,0.9662314,1.0183874,2.52528654,0.27623682,0.65206343,1.58005431,0.27617406,1.0
2443293.527542,0.941632,1.01836055,2.52529692,0.27623777,0.65208189,1.58004664,0.276175,1.0
2443293.531,0.9671217,1.01832824,2.52530941,0.27623891,0.6521041,1.58003741,0.27617614,1.0
2443293.535792,0.9591383,1.01828347,2.52532671,0.27624048,0.65213487,1.58002463,0.27617771,1.0
2443293.539292,0.9617919,1.01825077,2.52533935,0.27624163,0.65215735,1.5800153,0.27617886,1.0
2443293.544083,0.9547312,1.01820601,2.52535665,0.27624321,0.65218812,1.58000252,0.27618044,1.0
2443293.547792,0.9653415,1.01817136,2.52537004,0.27624443,0.65221194,1.57999264,0.27618165,1.0
2443293.550875,0.9733769,1.01814256,2.52538117,0.27624544,0.65223174,1.57998443,0.27618267,1.0
2443293.556542,0.9769694,1.01808962,2.52540163,0.2762473,0.65226814,1.57996934,0.27618453,1.0
2443293.562208,0.9905603,1.01803668,2.52542209,0.27624917,0.65230454,1.57995426,0.27618639,1.0
2443293.56525,0.996967,1.01800826,2.52543307,0.27625017,0.65232409,1.57994616,0.27618739,1.0
2443293.567458,1.008976,1.01798763,2.52544104,0.27625089,0.65233827,1.57994029,0.27618811,1.0
2443293.5724580004,1.018312,1.01794092,2.52545909,0.27625253,0.6523704,1.57992699,0.27618975,1.0
2443293.5755,1.011768,1.0179125,2.52547007,0.27625353,0.65238994,1.57991891,0.27619075,1.0
2443293.580083,1.013633,1.01786968,2.52548661,0.27625504,0.65241939,1.57990673,0.27619226,1.0
2443293.581625,1.017374,1.01785527,2.52549218,0.27625555,0.6524293000000001,1.57990263,0.27619276,1.0
2443293.58425,1.013633,1.01783075,2.52550165,0.27625641,0.65244617,1.57989566,0.27619362,1.0
2443293.609542,1.008975,1.01759444,2.52559292,0.27626472,0.65260873,1.57982856,0.27620193,1.0
2443293.6115,1.007118,1.01757615,2.52559999,0.27626536,0.65262132,1.57982337,0.27620257,1.0
2443293.614583,1.031527,1.01754734,2.52561111,0.27626637,0.65264114,1.5798152,0.27620358,1.0
2443293.618708,1.0286799999999998,1.0175088,2.52562599,0.27626773,0.65266766,1.57980428,0.27620493,1.0
2443293.6213330003,1.027732,1.01748427,2.52563547,0.27626859,0.65268453,1.57979733,0.27620579,1.0
2443293.628542,1.0286799999999998,1.01741691,2.52566147,0.27627096,0.65273089,1.57977825,0.27620816,1.0
2443293.6305,1.021128,1.01739862,2.52566854,0.2762716,0.65274348,1.57977307,0.2762088,1.0
2443293.632667,1.011767,1.01737837,2.52567635,0.27627231,0.65275741,1.57976734,0.27620951,1.0
2443293.635708,1.016437,1.01734996,2.52568732,0.27627331,0.65277697,1.5797593,0.27621051,1.0
2443293.640542,1.014566,1.01730479,2.52570476,0.27627490000000005,0.65280805,1.57974652,0.2762121,1.0
2443293.643375,1.016437,1.01727832,2.52571498,0.27627583,0.65282627,1.57973904,0.27621302,1.0
2443293.6459580003,1.023954,1.01725418,2.5257243,0.27627668,0.65284289,1.57973221,0.27621387,1.0
2443293.649042,1.005264,1.01722537,2.52573542,0.27627769,0.65286272,1.57972407,0.27621488,1.0
2443293.651417,1.003414,1.01720317,2.52574399,0.27627847,0.652878,1.5797178,0.27621566,1.0
2443293.653625,1.003414,1.01718254,2.52575195,0.27627919,0.6528921999999999,1.57971197,0.27621639,1.0
2443293.657542,0.9850994,1.01714594,2.52576608,0.27628048,0.6529174,1.57970163,0.27621767,1.0
2443293.660583,0.9796709,1.01711753,2.52577705,0.27628148,0.65293696,1.57969361,0.27621867,1.0
2443293.662333,0.9787689,1.01710117,2.52578336,0.27628205,0.65294822,1.57968899,0.27621924,1.0
2443293.665167,0.9787689,1.01707469,2.52579358,0.27628298,0.65296645,1.57968151,0.27622017,1.0
2443293.668875,0.9769678,1.01704005,2.52580695,0.27628420000000004,0.65299031,1.57967174,0.27622139,1.0
2443293.6715,0.9778676,1.01701552,2.52581641,0.27628506,0.65300719,1.57966482,0.27622225,1.0
2443293.673917,0.976068,1.01699293,2.52582513,0.27628586,0.65302275,1.57965845,0.27622304,1.0
2443293.675875,0.9869161,1.01697464,2.52583219,0.2762865,0.65303534,1.57965329,0.27622368,1.0
2443293.683917,0.9841927,1.01689949,2.52586119,0.27628914,0.65308709,1.57963211,0.27622632,1.0
2443293.686125,0.9960482,1.01687886,2.52586915,0.27628986,0.6531013000000001,1.5796263,0.27622704,1.0
2443293.689167,0.9896469,1.01685043,2.52588012,0.27629086,0.65312088,1.57961829,0.27622804,1.0
2443293.692875,1.002491,1.01681578,2.52589349,0.27629208,0.65314474,1.57960854,0.27622926,1.0
2443293.695708,1.024897,1.01678931,2.5259037,0.27629301,0.65316297,1.57960108,0.27623019,1.0
2443293.6983330003,1.022069,1.01676478,2.52591316,0.27629387,0.65317987,1.57959418,0.27623105,1.0
2443293.70225,1.035334,1.01672817,2.52592728,0.27629515,0.65320508,1.57958388,0.27623233,1.0
2443293.704667,1.032477,1.01670559,2.525936,0.27629595,0.65322064,1.57957753,0.27623312,1.0
2443293.7068330003,1.0575,1.01668535,2.5259438,0.27629666,0.65323458,1.57957184,0.27623383,1.0
2443293.712083,1.06336,1.01663629,2.52596273,0.27629838,0.65326838,1.57955805,0.27623555,1.0
2443293.7144580004,1.056527,1.01661409,2.52597129,0.27629916,0.65328367,1.57955181,0.27623633,1.0
2443293.721042,1.06434,1.01655257,2.52599502,0.27630132,0.65332606,1.57953453,0.27623849,1.0
2443293.724292,1.037243,1.01652219,2.52600673,0.27630238,0.65334698,1.579526,0.27623955,1.0
2443293.729958,1.024898,1.01646924,2.52602715,0.27630424,0.65338346,1.57951114,0.27624141,1.0
2443293.733,1.023955,1.01644082,2.52603812,0.27630524,0.65340305,1.57950317,0.27624241,1.0
2443293.737583,1.003415,1.01639799,2.52605463,0.27630674,0.65343256,1.57949116,0.27624391,1.0
2443293.74,1.01925,1.0163754,2.52606334,0.27630754,0.65344813,1.57948483,0.2762447,1.0
2443293.74525,0.998805,1.01632634,2.52608226,0.27630926,0.65348194,1.57947108,0.27624642,1.0
2443293.747208,0.9951316,1.01630804,2.52608932,0.2763099,0.65349455,1.57946595,0.27624706,1.0
2443293.753292,0.9706906,1.01625118,2.52611124,0.2763119,0.65353374,1.57945002,0.27624905,1.0
2443293.756125,0.9653412,1.01622471,2.52612144,0.27631282,0.65355199,1.57944261,0.27624998,1.0
2443293.7605,0.9644522,1.01618382,2.52613721,0.27631426,0.65358017,1.57943117,0.27625142,1.0
2443293.763125,0.9477222,1.01615929,2.52614666,0.27631512,0.65359708,1.57942431,0.27625228,1.0
2443293.7668330004,0.9529742,1.01612463,2.52616002,0.27631634,0.65362097,1.57941462,0.27625349,1.0
2443293.769458,0.9520966,1.0161001,2.52616948,0.2763172,0.65363788,1.57940776,0.27625435,1.0
2443293.771625,0.955611,1.01607985,2.52617729,0.27631791,0.65365184,1.57940209,0.27625506,1.0
2443293.777958,0.9742742,1.01602066,2.5262001,0.27631998,0.65369264,1.57938555,0.27625713,1.0
2443293.781667,0.9787712,1.015986,2.52621346,0.2763212,0.65371654,1.57937587,0.27625835,1.0
2443293.786458,0.9896494,1.01594122,2.52623072,0.27632277,0.65374742,1.57936337,0.27625992,1.0
2443293.7895,0.9933022,1.01591279,2.52624167,0.27632377,0.65376702,1.57935544,0.27626091,1.0
2443293.79475,1.007121,1.01586373,2.52626058,0.27632549,0.65380085,1.57934175,0.27626263,1.0
2443293.799125,1.017376,1.01582284,2.52627634,0.27632692,0.65382905,1.57933034,0.27626406,1.0
2443293.8015,1.020191,1.01580064,2.52628489,0.2763277,0.65384436,1.57932415,0.27626484,1.0
2443293.8054580004,1.012702,1.01576365,2.52629914,0.276329,0.65386987,1.57931384,0.27626614,1.0
2443293.807625,1.017376,1.01574339,2.52630695,0.27632971,0.65388384,1.5793082,0.27626685,1.0
2443293.812208,1.018314,1.01570056,2.52632345,0.27633121,0.65391338,1.57929627,0.27626835,1.0
2443293.817208,1.005268,1.01565383,2.52634146,0.27633285,0.65394562,1.57928326,0.27626998,1.0
2443293.819833,0.9923888,1.01562929,2.52635091,0.27633371,0.65396254,1.57927643,0.27627084,1.0
2443293.82575,0.9823858,1.01557399,2.52637221,0.27633564,0.65400069,1.57926104,0.27627278,1.0
2443293.831167,0.9851042,1.01552336,2.52639171,0.27633742,0.65403562,1.57924696,0.27627455,1.0
2443293.836417,0.9760731,1.01547429,2.52641061,0.27633914,0.65406947,1.57923332,0.27627627,1.0
2443293.8394580004,0.9942201,1.01544587,2.52642156,0.27634013,0.65408908,1.57922543,0.27627727,1.0
2443293.8447080003,0.9997299,1.0153968,2.52644046,0.27634185,0.65412294,1.5792118,0.27627898,1.0
2445288.76858,0.9962743,-2.43305922,-0.17905873,-0.03420771,-1.83518138,0.60888741,-0.03416288,1.0
2445288.77883,0.9907836,-2.4330439,-0.17917245,-0.03421977,-1.83530943,0.60887961,-0.03417494,1.0
2445288.786079,1.014797,-2.43303306,-0.17925288,-0.03422831,-1.8354,0.60887409,-0.03418347,1.0
2445288.791412,1.02513,-2.43302509,-0.17931205,-0.03423458,-1.83546663,0.60887001,-0.03418974,1.0
2445288.801703,1.0317610000000002,-2.43300969,-0.17942623,-0.03424669,-1.83559523,0.60886213,-0.03420185,1.0
2445288.8086200003,1.030811,-2.43299934,-0.17950297,-0.03425483,-1.83568167,0.60885682,-0.03420998,1.0
2445288.814744,1.01948,-2.43299018,-0.17957092,-0.03426204,-1.83575822,0.60885211,-0.03421719,1.0
2445288.82116,1.007347,-2.43298058,-0.1796421,-0.03426959,-1.8358384,0.60884716,-0.03422474,1.0
2445288.826701,0.9953571,-2.43297228,-0.17970359,-0.03427611,-1.83590767,0.60884288,-0.03423126,1.0
2445288.833909,0.9798935,-2.43296149,-0.17978355,-0.0342846,-1.83599777,0.60883731,-0.03423973,1.0
2445288.858491,1.044188,-2.43292466,-0.18005629,-0.03431353,-1.83630512,0.60881819,-0.03426865,1.0
2445288.863574,1.044188,-2.43291704,-0.18011268,-0.03431951,-1.83636867,0.60881422,-0.03427463,1.0
2445288.869198,1.054821,-2.43290861,-0.18017508,-0.03432613,-1.83643901,0.60880982,-0.03428125,1.0
2445288.891614,1.02702,-2.43287499,-0.18042378,-0.03435251,-1.83671937,0.60879221,-0.03430762,1.0
2445288.897155,1.016668,-2.43286667,-0.18048525,-0.03435903,-1.83678867,0.60878784,-0.03431413,1.0
2445288.902654,1.011065,-2.43285842,-0.18054626,-0.0343655,-1.83685747,0.60878349,-0.034320599999999986,1.0
2445288.908904,0.9944405,-2.43284904,-0.1806156,-0.03437286,-1.83693566,0.60877855,-0.03432795,1.0
2445288.914487,0.9826051,-2.43284066,-0.18067755,-0.03437943,-1.83700552,0.60877412,-0.03433452,1.0
2445288.92057,0.97719,-2.43283152,-0.18074503,-0.03438658,-1.83708162,0.60876929,-0.03434168,1.0
2445288.930194,0.968231,-2.43281707,-0.18085181,-0.03439791,-1.83720206,0.60876162,-0.034352999999999995,1.0
2445288.936694,0.9664491,-2.4328072999999995,-0.18092392,-0.03440556,-1.83728339,0.60875643,-0.03436064,1.0
2445288.942486,0.97719,-2.4327986,-0.18098817,-0.03441237,-1.83735588,0.6087518,-0.03436746,1.0
2445288.948901,0.97719,-2.43278895,-0.18105935,-0.03441992,-1.83743617,0.60874666,-0.034375,1.0
2445288.954776,0.9735964,-2.43278012,-0.18112453,-0.03442684,-1.8375097,0.60874195,-0.03438191,1.0
2445288.960609,0.9673393,-2.43277135,-0.18118925,-0.0344337,-1.83758272,0.60873726,-0.03438877,1.0
2445288.966442,0.9718047,-2.43276258,-0.18125396,-0.03444057,-1.83765574,0.60873256,-0.03439564,1.0
2445288.9766490003,0.97719,-2.43274722,-0.1813672,-0.03445258,-1.83778353,0.60872432,-0.03440764,1.0
2445288.984566,0.97719,-2.43273531,-0.18145503,-0.03446189,-1.83788264,0.60871791,-0.03441695,1.0
