2453326.339544,1.015566,-1.04096378,-2.99544081,-0.41557067,-0.47043919,-2.18796342,-0.41555828,1.0
2453326.343534,1.009969,-1.04092995,-2.99545848,-0.41557065,-0.47046255,-2.18794173,-0.41555827,1.0
2453326.352144,0.9924487,-1.04085697,-2.9954966,-0.41557062,-0.47051297,-2.18789493,-0.41555823,1.0
2453326.356384,0.9979482,-1.04082102,-2.99551537,-0.4155706,-0.47053781,-2.18787189,-0.41555821,1.0
2453326.361454,0.9869792,-1.04077805,-2.99553782,-0.41557058,-0.47056751,-2.18784435,-0.41555819,1.0
2453326.365425,0.9469086,-1.04074439,-2.9955554,-0.41557057,-0.47059077,-2.18782279,-0.41555818,1.0
2453326.369735,0.9313394,-1.04070785,-2.99557448,-0.41557055,-0.47061603,-2.18779938,-0.41555816,1.0
2453326.373945,0.9279146,-1.04067217,-2.99559312,-0.41557053,-0.4706407,-2.18777653,-0.41555814,1.0
2453326.378505,0.9151833,-1.04063351,-2.99561331,-0.41557051,-0.47066743,-2.18775177,-0.41555812,1.0
2453326.383675,0.9143405,-1.04058968,-2.99563619,-0.41557049,-0.47069774,-2.18772371,-0.4155581,1.0
2453326.387765,0.9382271,-1.04055501,-2.9956543,-0.41557048,-0.47072171,-2.18770152,-0.41555808,1.0
2453326.3920650003,0.9574322,-1.04051856,-2.99567333,-0.41557046,-0.47074693,-2.18767819,-0.41555806,1.0
2453326.396205,0.9924487,-1.04048346,-2.99569166,-0.41557044,-0.47077121,-2.18765573,-0.41555805,1.0
2453326.401085,1.023076,-1.04044209,-2.99571326,-0.41557042,-0.47079983,-2.18762926,-0.41555803,1.0
2453326.4062650003,1.070306,-1.04039817,-2.99573619,-0.4155704000000001,-0.47083021,-2.18760117,-0.415558,1.0
2453326.410486,1.099279,-1.0403624,-2.99575487,-0.41557038,-0.47085497,-2.18757829,-0.41555798,1.0
2453326.414636,1.094229,-1.04032722,-2.99577323,-0.41557037,-0.47087932,-2.1875558,-0.41555797,1.0
2453326.418986,1.081205,-1.04029034,-2.99579249,-0.41557035,-0.47090484,-2.18753222,-0.41555795,1.0
2453326.423096,1.065389,-1.0402555,-2.99581068,-0.41557033,-0.47092896,-2.18750995,-0.41555793,1.0
2453326.428536,1.048837,-1.04020938,-2.99583475,-0.41557031,-0.47096089,-2.18748048,-0.41555791,1.0
2453326.432616,1.029694,-1.04017479,-2.99585281,-0.41557029,-0.47098484,-2.18745838,-0.41555789,1.0
2453326.436726,1.039221,-1.04013994,-2.995871,-0.41557027,-0.47100897,-2.18743612,-0.41555787,1.0
2453326.440896,0.9915349,-1.04010459,-2.99588945,-0.41557025,-0.47103346,-2.18741354,-0.41555785,1.0
2453326.445176,0.9970297,-1.04006831,-2.99590839,-0.41557024,-0.47105859,-2.18739037,-0.41555783,1.0
2453326.4502060004,0.9707515,-1.04002566,-2.99593065,-0.41557021,-0.47108813,-2.18736315,-0.41555781,1.0
2453326.454897,0.9565507,-1.0399859,-2.9959514,-0.41557019,-0.47111568,-2.18733776,-0.41555779,1.0
2453326.459357,0.9556702,-1.03994809,-2.99597114,-0.41557017,-0.47114188,-2.18731363,-0.41555777,1.0
2453326.463847,0.9698577,-1.03991002,-2.99599101,-0.41557015,-0.47116826,-2.18728934,-0.41555775,1.0
2453326.467827,0.9618516,-1.03987628,-2.99600862,-0.41557014,-0.47119165,-2.18726782,-0.41555773,1.0
2453326.527268,1.00811,-1.03937232,-2.99627156,-0.41556987,-0.47154123,-2.18694673,-0.41555745,1.0
2453326.531918,0.9797337,-1.03933289,-2.99629213,-0.41556985,-0.4715686,-2.18692165,-0.41555743,1.0
2453326.59612,1.070306,-1.03878854,-2.99657602,-0.41556954,-0.47194688,-2.18657579,-0.41555711,1.0
2453326.60168,1.034446,-1.03874139,-2.9966006000000003,-0.41556952,-0.47197967,-2.18654588,-0.41555708,1.0
2453326.671672,1.0044030000000002,-1.0381479,-2.99690996,-0.41556916,-0.4723929,-2.18616996,-0.41555672,1.0
2453326.676972,1.007182,-1.03810295,-2.99693338,-0.41556914,-0.47242422,-2.18614154,-0.41555669,1.0
2453326.682302,1.0146309999999998,-1.03805775,-2.99695693,-0.41556911,-0.47245573,-2.18611296,-0.41555666,1.0
2453343.220244,1.02784,-0.89660545,-3.0663216,-0.41497296,-0.58927187,-2.1298437000000003,-0.41495849,1.0
2453343.227024,1.00075,-0.89654699,-3.06634851,-0.41497251,-0.58932613,-2.12983469,-0.41495804,1.0
2453343.233704,0.9636636,-0.8964894,-3.06637503,-0.41497207,-0.58937961,-2.12982581,-0.4149576,1.0
2453343.238474,0.9752712,-0.89644827,-3.06639396,-0.41497175,-0.58941779,-2.12981949,-0.41495728,1.0
2453343.243894,0.9690037,-0.89640153,-3.06641548,-0.41497139,-0.58946118,-2.1298123,-0.41495692,1.0
2453343.249154,0.9716848,-0.89635618,-3.06643635,-0.41497103,-0.58950329,-2.12980534,-0.41495656,1.0
2453343.256354,0.9627764,-0.8962940999999999,-3.06646493,-0.41497055,-0.58956094,-2.12979582,-0.41495608,1.0
2453343.2606740003,0.9690037,-0.89625685,-3.06648208,-0.41497027,-0.58959553,-2.12979011,-0.41495579,1.0
2453343.2652740004,0.9627764,-0.89621719,-3.06650033,-0.41496996,-0.58963237,-2.12978404,-0.41495549,1.0
2453343.269344,0.9943183,-0.89618209,-3.06651648,-0.41496969,-0.58966496,-2.12977867,-0.41495521,1.0
2453343.285083,1.032584,-0.89604637,-3.06657894,-0.41496863,-0.58979102,-2.12975796,-0.41495416,1.0
2453343.289423,1.023117,-0.89600895,-3.06659616,-0.41496834,-0.58982578,-2.12975226,-0.41495387,1.0
2453343.293893,1.02784,-0.8959704,-3.0666139,-0.41496804,-0.58986159,-2.1297464,-0.41495357,1.0
2453343.2986330003,1.022175,-0.89592953,-3.06663271,-0.41496773,-0.58989956,-2.12974018,-0.41495325,1.0
2453343.303773,1.012804,-0.89588521,-3.0666531000000004,-0.41496738,-0.58994073,-2.12973345,-0.41495291,1.0
2453343.307813,1.012804,-0.89585037,-3.06666913,-0.41496711,-0.5899731,-2.12972816,-0.41495264,1.0
2453343.325883,0.9618899,-0.89569455,-3.06674081,-0.4149659000000001,-0.59011788,-2.12970457,-0.41495143,1.0
2453343.331503,0.9539497,-0.89564609,-3.06676311,-0.41496552,-0.59016291,-2.12969725,-0.41495105,1.0
2453343.358233,1.06445,-0.89541559,-3.06686913,-0.41496373,-0.59037715,-2.12966255,-0.41494926,1.0
2453343.363763,1.07628,-0.89536791,-3.06689106,-0.41496336,-0.59042148,-2.1296554,-0.41494888,1.0
2453343.368043,1.08424,-0.895331,-3.06690803,-0.41496307,-0.59045579,-2.12964986,-0.4149486,1.0
2453343.3723330004,1.089245,-0.895294,-3.06692505,-0.41496278,-0.59049018,-2.12964432,-0.41494831,1.0
2453343.376613,1.07628,-0.89525709,-3.06694202,-0.4149625,-0.59052449,-2.1296388,-0.41494802,1.0
2453343.3814330003,1.065431,-0.89521553,-3.06696113,-0.41496217,-0.59056314,-2.12963259,-0.4149477,1.0
2453343.385703,1.055663,-0.89517871,-3.06697806,-0.41496188,-0.59059738,-2.12962709,-0.41494741,1.0
2453343.389963,1.035441,-0.89514197,-3.06699496,-0.4149616,-0.59063153,-2.1296216,-0.41494712,1.0
2453343.394263,1.025004,-0.89510489,-3.06701201,-0.41496131,-0.59066601,-2.12961607,-0.41494683,1.0
2453343.398703,1.014671,-0.8950665999999999,-3.06702961,-0.41496101,-0.59070162,-2.12961037,-0.41494653,1.0
2453343.403463,0.9906618,-0.89502555,-3.06704848,-0.41496069,-0.59073979,-2.12960426,-0.41494621,1.0
2453343.407763,0.9716848,-0.89498847,-3.06706553,-0.4149604,-0.59077428,-2.12959875,-0.41494592,1.0
2453343.412103,0.9698965,-0.89495104,-3.06708274,-0.41496011,-0.59080909,-2.12959319,-0.41494563,1.0
2453343.416443,0.9548287,-0.89491361,-3.06709994,-0.41495981,-0.5908439,-2.12958763,-0.41494534,1.0
2453343.4210630003,0.9530713,-0.89487377,-3.06711826,-0.4149595,-0.59088095,-2.12958173,-0.41494503,1.0
2453343.425633,0.9645515,-0.89483436,-3.06713638,-0.4149592,-0.59091761,-2.12957589,-0.41494472,1.0
2453343.429953,0.9478191,-0.89479711,-3.0671535,-0.4149589,-0.59095227,-2.12957037,-0.41494443,1.0
2453343.434293,0.9636636,-0.89475968,-3.0671707,-0.41495861,-0.59098708,-2.12956484,-0.41494413,1.0
2453343.438623,0.9707904,-0.89472234,-3.06718787,-0.41495832,-0.59102182,-2.12955932,-0.41494384,1.0
2453343.443373,0.9788708,-0.89468137,-3.0672067000000003,-0.414958,-0.59105993,-2.12955327,-0.41494352,1.0
2453343.447823,1.01094,-0.89464299,-3.06722433,-0.4149577,-0.59109563,-2.12954761,-0.41494322,1.0
2453343.4521330004,0.9934029,-0.89460583,-3.06724142,-0.41495741,-0.59113022,-2.12954214,-0.41494293,1.0
2453343.456473,1.015606,-0.8945684000000002,-3.06725862,-0.41495711,-0.59116504,-2.12953663,-0.41494264,1.0
2453343.460803,1.011872,-0.89453105,-3.06727578,-0.41495682,-0.59119979,-2.12953114,-0.41494234,1.0
2453343.465693,1.017479,-0.89448888,-3.06729516,-0.41495649,-0.59123903,-2.12952494,-0.41494201,1.0
2453343.469993,1.015606,-0.8944518,-3.0673122000000004,-0.4149562,-0.59127354,-2.1295195,-0.41494172,1.0
2453343.474313,1.00908,-0.89441454,-3.06732932,-0.41495591,-0.59130821,-2.12951403,-0.41494143,1.0
2453343.478653,0.9979882,-0.89437711,-3.06734652,-0.41495562,-0.59134304,-2.12950855,-0.41494114,1.0
2453343.483122,0.9852024,-0.89433856,-3.06736423,-0.41495531,-0.59137892,-2.12950291,-0.41494083,1.0
2453343.487852,0.9725801,-0.89429777,-3.06738297,-0.41495499,-0.59141688,-2.12949694,-0.41494051,1.0
2453343.492152,0.9574706,-0.89426068,-3.06740001,-0.4149547000000001,-0.5914514,-2.12949152,-0.41494022,1.0
2453343.496482,0.9452037,-0.89422334,-3.06741717,-0.41495441,-0.59148616,-2.12948607,-0.41493993,1.0
2453343.500802,0.9460747,-0.89418608,-3.06743429,-0.41495412,-0.59152084,-2.12948064,-0.41493964,1.0
2453343.505392,0.9417278,-0.89414649,-3.06745247,-0.41495381,-0.59155769,-2.12947487,-0.41493933,1.0
2453343.509932,0.9365381,-0.89410734,-3.06747046,-0.4149535,-0.59159414,-2.12946917,-0.41493902,1.0
2453343.514192,0.9610045,-0.8940706,-3.06748734,-0.41495321,-0.59162835,-2.12946383,-0.41493873,1.0
2453343.518482,0.9734765,-0.8940336,-3.06750433,-0.41495292,-0.59166279,-2.12945845,-0.41493844,1.0
2453343.522772,1.001672,-0.8939966,-3.06752133,-0.41495263,-0.59169724,-2.12945308,-0.41493815,1.0
2453343.527712,1.026894,-0.89395399,-3.0675409,-0.41495229,-0.59173691,-2.1294469,-0.41493781,1.0
2453343.532292,1.0392629999999998,-0.89391449,-3.06755904,-0.41495198,-0.59177369,-2.12944118,-0.4149375,1.0
2453343.537652,1.06347,-0.89386826,-3.06758027,-0.41495162,-0.59181674,-2.12943449,-0.41493714,1.0
2453343.541932,1.071335,-0.89383135,-3.06759723,-0.41495133,-0.59185111,-2.12942915,-0.41493685,1.0
2453343.546402,1.0743,-0.8937927999999999,-3.06761493,-0.41495103,-0.59188701,-2.12942358,-0.41493655,1.0
2453343.551402,1.070349,-0.89374967,-3.06763474,-0.41495069,-0.59192717,-2.12941736,-0.41493621,1.0
2453343.555692,1.050813,-0.89371267,-3.06765173,-0.4149504,-0.59196163,-2.12941202,-0.41493592,1.0
2453343.559982,1.043099,-0.89367567,-3.06766872,-0.41495011,-0.59199609,-2.12940669,-0.41493562,1.0
2453343.564542,1.011872,-0.89363634,-3.06768678,-0.4149498,-0.59203273,-2.12940103,-0.41493531,1.0
2453343.570202,0.9979882,-0.89358752,-3.06770919,-0.41494941,-0.5920781999999999,-2.12939402,-0.41493493,1.0
2453343.574732,0.9716848,-0.89354845,-3.06772713,-0.4149491,-0.59211459,-2.12938841,-0.41493462,1.0
2453343.579562,0.9469464,-0.89350679,-3.06774626,-0.41494878,-0.5921534,-2.12938243,-0.41493429,1.0
2453343.584392,0.9478191,-0.89346513,-3.06776539,-0.41494845,-0.59219221,-2.12937646,-0.41493396,1.0
2453343.588812,0.9495666,-0.89342701,-3.06778289,-0.41494815,-0.59222773,-2.12937101,-0.41493366,1.0
2453343.593452,0.9601199,-0.89338699,-3.06780126,-0.41494783,-0.59226501,-2.12936528,-0.41493335,1.0
2453343.597712,0.9690037,-0.89335025,-3.06781813,-0.41494754,-0.59229925,-2.12936003,-0.41493306,1.0
2453343.601982,0.9627764,-0.89331342,-3.06783504,-0.41494725,-0.59233356,-2.12935478,-0.41493277,1.0
2453343.606262,0.9645515,-0.8932764999999999,-3.06785198,-0.41494696,-0.59236796,-2.12934951,-0.41493248,1.0
2453343.610982,0.9672203,-0.89323579,-3.06787067,-0.41494664,-0.5924059,-2.12934371,-0.41493215,1.0
2453343.615762,0.9852024,-0.89319456,-3.06788959,-0.41494631,-0.59244432,-2.12933784,-0.41493183,1.0
2453343.620062,0.9970695,-0.89315747,-3.06790662,-0.41494602,-0.59247888,-2.12933257,-0.41493154,1.0
2453343.624352,1.002595,-0.89312047,-3.0679236,-0.41494573,-0.59251337,-2.12932731,-0.41493124,1.0
2453343.628632,1.00075,-0.89308355,-3.06794054,-0.41494544,-0.59254777,-2.12932207,-0.41493095,1.0
2453343.633502,1.00908,-0.89304154,-3.06795982,-0.4149451,-0.59258692,-2.12931612,-0.41493062,1.0
2453343.638042,1.004443,-0.89300238,-3.06797779,-0.41494479,-0.59262342,-2.12931057,-0.41493031,1.0
2453343.642342,1.01094,-0.89296529,-3.06799481,-0.4149445,-0.59265799,-2.12930532,-0.41493002,1.0
2453343.6466220003,1.015606,-0.89292838,-3.06801176,-0.41494421,-0.59269241,-2.1293001,-0.41492972,1.0
2453343.650922,1.011872,-0.89289129,-3.06802878,-0.41494392,-0.59272698,-2.12929486,-0.41492943,1.0
2453343.656002,0.9952346,-0.89284747,-3.06804888,-0.41494357,-0.59276783,-2.12928868,-0.41492908,1.0
2453343.660342,0.9852024,-0.89281003,-3.06806606,-0.41494327,-0.59280273,-2.1292834,-0.41492879,1.0
2453343.664621,0.9636636,-0.89277311,-3.068083,-0.41494298,-0.59283715,-2.1292782000000003,-0.41492849,1.0
2453343.668911,0.9618899,-0.89273611,-3.06809998,-0.41494269,-0.59287165,-2.129273,-0.4149282,1.0
2453343.673371,0.9486924,-0.89269764,-3.06811763,-0.41494238,-0.59290752,-2.12926759,-0.4149279000000001,1.0
2453343.678311,0.9339539,-0.89265503,-3.06813718,-0.41494204,-0.59294725,-2.12926161,-0.41492756,1.0
2453343.682591,0.9382649,-0.89261811,-3.06815411,-0.41494175,-0.59298168,-2.12925643,-0.41492727,1.0
2453343.686881,0.952194,-0.8925811,-3.06817109,-0.41494146,-0.59301619,-2.12925124,-0.41492697,1.0
2453343.6911810003,0.9743734,-0.89254401,-3.06818811,-0.41494116,-0.59305078,-2.12924605,-0.41492668,1.0
2453343.695841,1.001672,-0.89250381,-3.06820654,-0.41494085,-0.59308827,-2.12924043,-0.41492636,1.0
2453343.700851,1.033536,-0.8924605999999999,-3.06822637,-0.4149405,-0.59312857,-2.12923439,-0.41492602,1.0
2453343.705941,1.048879,-0.89241669,-3.06824651,-0.41494016,-0.59316952,-2.12922826,-0.41492567,1.0
2453343.710231,1.069364,-0.89237969,-3.06826348,-0.41493986,-0.59320404,-2.1292231,-0.41492537,1.0
2453343.715541,1.08724,-0.89233388,-3.06828449,-0.4149395,-0.59324676,-2.12921672,-0.41492501,1.0
2453343.723981,1.070349,-0.89226108,-3.06831788,-0.41493892,-0.59331468,-2.12920659,-0.41492443,1.0
2453343.728541,1.06445,-0.89222174,-3.06833592,-0.41493861,-0.59335137,-2.12920113,-0.41492412,1.0
2453343.735781,1.054692,-0.89215929,-3.06836456,-0.41493811,-0.59340964,-2.12919247,-0.41492362,1.0
2453746.359241,0.9396122,2.44536437,-2.63735716,-0.15832875,2.10271034,-1.71553336,-0.15831574,1.0
2453746.366541,0.9784725,2.44541108,-2.637318,-0.15832127,2.10263729,-1.71553843,-0.15830826,1.0
2453746.374541,1.020819,2.44546228,-2.63727508,-0.15831308,2.10255724,-1.71554401,-0.15830006,1.0
2453746.379562,1.039797,2.4454944,-2.63724815,-0.15830794,2.10250701,-1.71554752,-0.15829492,1.0
2453746.388632,1.102932,2.44555244,-2.63719949,-0.15829865,2.10241627,-1.71555387,-0.15828563,1.0
2453746.394812,1.123437,2.44559199,-2.63716634,-0.15829231,2.10235444,-1.71555822,-0.15827929999999998,1.0
2453746.412673,1.052322,2.44570627,-2.63707052,-0.15827402,2.10217578,-1.71557083,-0.15826101,1.0
2453746.418103,0.97308,2.44574101,-2.63704138,-0.15826846,2.10212147,-1.71557468,-0.15825545,1.0
2453746.423103,0.9131637,2.445773,-2.63701455,-0.15826333,2.10207146,-1.71557824,-0.15825033,1.0
2453746.428104,0.8656623,2.44580499,-2.63698773,-0.15825821,2.10202145,-1.7155817999999998,-0.15824520000000006,1.0
2453746.4341740003,0.8696582,2.44584383,-2.63695516,-0.15825199,2.10196075,-1.71558613,-0.15823899,1.0
2453746.440264,0.9014643,2.4458828,-2.63692248,-0.15824576,2.10189985,-1.71559048,-0.15823275,1.0
2453746.446204,0.9182239,2.4459208,-2.63689061,-0.15823967,2.10184045,-1.71559474,-0.15822666,1.0
2453746.451205,0.9623842,2.44595279,-2.63686378,-0.15823455,2.10179045,-1.71559833,-0.15822154,1.0
2453746.456355,1.004034,2.44598574,-2.63683614,-0.15822927,2.10173896,-1.71560204,-0.15821627,1.0
2453746.461855,1.039797,2.44602093,-2.63680663,-0.15822364,2.10168397,-1.7156060000000002,-0.15821063,1.0
2453746.466855,1.072874,2.44605292,-2.6367798,-0.15821851,2.10163398,-1.71560962,-0.15820551,1.0
2453746.471855,1.09282,2.44608491,-2.63675297,-0.15821339,2.101584,-1.71561324,-0.15820039,1.0
2453746.4768560003,1.098876,2.44611689,-2.63672614,-0.15820827,2.10153401,-1.71561686,-0.15819527,1.0
2453746.482576,1.080808,2.44615349,-2.63669544,-0.15820241,2.10147683,-1.71562102,-0.15818941,1.0
2453746.487606,1.067944,2.44618567,-2.63666845,-0.15819726,2.10142655,-1.71562468,-0.15818426,1.0
2453746.492596,1.046523,2.44621759,-2.63664167,-0.15819215,2.10137668,-1.71562832,-0.15817915,1.0
2453746.497597,1.012392,2.44624958,-2.63661483,-0.15818702,2.1013267000000004,-1.71563198,-0.15817402,1.0
2453746.503217,0.9695017,2.44628553,-2.63658467,-0.15818126,2.10127053,-1.71563609,-0.15816827,1.0
2453746.508767,0.9114832,2.44632103,-2.63655489,-0.15817558,2.10121507,-1.71564016,-0.15816258,1.0
2453746.514737,0.8956714,2.44635922,-2.63652285,-0.15816946,2.10115541,-1.71564455,-0.15815647,1.0
2453746.519758,0.9114832,2.44639134,-2.6364959,-0.15816432,2.10110524,-1.71564825,-0.15815132,1.0
2453746.526968,0.9327143,2.44643746,-2.63645721,-0.15815693,2.1010332000000003,-1.71565358,-0.15814394,1.0
2453746.531968,0.9544397,2.44646944,-2.63643037,-0.15815181,2.10098324,-1.71565728,-0.15813882,1.0
2453746.536978,0.9650474,2.44650149,-2.63640348,-0.15814668,2.10093318,-1.71566099,-0.15813368,1.0
2453746.542218,1.022701,2.44653501,-2.63637535,-0.15814131,2.10088083,-1.71566488,-0.15812832,1.0
2453746.548019,1.036928,2.44657211,-2.63634422,-0.15813537,2.10082289,-1.7156692,-0.15812237,1.0
2453746.553019,1.068928,2.44660409,-2.63631739,-0.15813024,2.10077294,-1.71567293,-0.15811725,1.0
2453746.558019,1.083799,2.44663607,-2.63629055,-0.15812512,2.10072299,-1.71567667,-0.15811213,1.0
2453746.563289,1.104965,2.44666978,-2.63626226,-0.15811972,2.10067035,-1.71568061,-0.15810673,1.0
2453746.5698,1.088801,2.44671142,-2.63622731,-0.15811305,2.10060533,-1.71568549,-0.15810006,1.0
2453746.57543,1.080808,2.44674743,-2.63619709,-0.15810728,2.1005491000000003,-1.71568973,-0.15809429,1.0
2453746.58043,1.054262,2.44677941,-2.63617025,-0.15810216,2.10049916,-1.71569349,-0.15808917,1.0
2453746.5860200003,1.029315,2.44681516,-2.63614024,-0.15809643,2.10044333,-1.71569771,-0.15808345,1.0
2453746.591631,0.9775718,2.44685104,-2.63611013,-0.15809069,2.10038731,-1.71570195,-0.15807770000000002,1.0
2453746.5966310003,0.9207647,2.44688302,-2.63608329,-0.15808556,2.10033738,-1.71570574,-0.15807258,1.0
2453746.601631,0.8866427,2.446915,-2.63605644,-0.15808044,2.10028746,-1.71570953,-0.15806745,1.0
2453746.607261,0.8680576999999999,2.44695101,-2.63602622,-0.15807467,2.10023124,-1.71571381,-0.15806169,1.0
2453746.612911,0.8931998,2.44698714,-2.63599589,-0.15806888,2.10017483,-1.71571812,-0.1580559,1.0
2453746.617902,0.9014643,2.44701905,-2.6359691,-0.15806377,2.10012501,-1.71572193,-0.15805078,1.0
2453746.622902,0.944819,2.44705103,-2.63594225,-0.15805865,2.10007509,-1.71572575,-0.15804566,1.0
2453746.628562,1.008669,2.44708723,-2.63591187,-0.15805285,2.10001859,-1.71573009,-0.15803986,1.0
2453746.634252,1.041714,2.44712362,-2.63588132,-0.15804702,2.09996179,-1.71573445,-0.15803403,1.0
2453746.639253,1.070899,2.44715559,-2.63585447,-0.15804189,2.09991188,-1.7157383000000002,-0.15802891,1.0
2453746.644253,1.087799,2.44718757,-2.63582763,-0.15803677,2.09986197,-1.71574215,-0.15802379,1.0
2453746.649883,1.071886,2.44722357,-2.6357974,-0.158031,2.09980578,-1.7157465,-0.15801802,1.0
2453746.655523,1.084797,2.44725964,-2.63576711,-0.15802522,2.09974949,-1.71575086,-0.15801224,1.0
2453746.660513,1.063038,2.44729155,-2.63574032,-0.15802011,2.09969969,-1.71575472,-0.15800713,1.0
2453746.6655240003,1.033115,2.44732358,-2.63571342,-0.15801498,2.0996497000000005,-1.71575861,-0.158002,1.0
2453746.6712240004,1.00311,2.44736003,-2.63568281,-0.15800914,2.09959282,-1.71576304,-0.15799616,1.0
2453746.676984,0.9465612,2.44739687,-2.63565188,-0.15800323,2.09953534,-1.71576753,-0.15799026,1.0
2453746.681984,0.8973224,2.44742884,-2.63562504,-0.15799811,2.09948545,-1.71577143,-0.15798513,1.0
2453746.686985,0.8940226000000001,2.44746081,-2.63559819,-0.15799299,2.09943556,-1.71577534,-0.15798001,1.0
2453746.692655,0.9014643,2.44749707,-2.63556774,-0.15798718,2.099379,-1.71577978,-0.1579742,1.0
2453746.698325,0.9327143,2.44753332,-2.63553729,-0.15798137,2.09932243,-1.71578423,-0.15796839,1.0
2453746.703315,0.9500547,2.44756523,-2.63551049,-0.15797625,2.09927265,-1.71578816,-0.15796328,1.0
2453746.708325,0.97308,2.44759726,-2.63548359,-0.15797112,2.09922267,-1.7157921000000005,-0.15795815,1.0
2453746.714016,1.004034,2.44763364,-2.63545303,-0.15796529,2.09916592,-1.71579659,-0.15795232,1.0
2453746.719716,1.033115,2.44767009,-2.63542242,-0.15795945,2.09910906,-1.7158011000000002,-0.15794648,1.0
2453746.724716,1.051353,2.44770206,-2.63539557,-0.15795432,2.09905919,-1.71580506,-0.15794135,1.0
2453746.729716,1.069913,2.44773402,-2.63536872,-0.1579492,2.09900932,-1.71580903,-0.15793623,1.0
2453746.735477,1.090809,2.44777085,-2.63533778,-0.1579433,2.09895188,-1.71581361,-0.15793033,1.0
2453746.740637,1.110066,2.44780384,-2.63531007,-0.15793801,2.09890042,-1.71581772,-0.15792504,1.0
2453746.439854,0.8793704999999999,2.44588017,-2.63692468,-0.15824618,2.10190395,-1.71559019,-0.15823317,1.0
2453746.444014,0.8973707000000001,2.44590679,-2.63690236,-0.15824191,2.10186235,-1.71559317,-0.15822891,1.0
2453746.447814,0.9284785,2.4459311,-2.63688197,-0.15823802,2.10182435,-1.7155958999999998,-0.15822502,1.0
2453746.451475,0.9439996,2.44595452,-2.63686233,-0.15823427,2.10178775,-1.71559853,-0.15822127,1.0
2453746.454735,0.9713412,2.44597538,-2.63684484,-0.15823093,2.10175516,-1.71560087,-0.15821793,1.0
2453746.4579950003,1.008723,2.44599623,-2.63682734,-0.15822759,2.10172256,-1.71560322,-0.15821459,1.0
2453746.461245,1.04273,2.44601703,-2.6368099,-0.15822426,2.10169007,-1.71560556,-0.15821126,1.0
2453746.464495,1.036984,2.44603782,-2.63679246,-0.15822093,2.10165758,-1.71560791,-0.15820793,1.0
2453746.467745,1.089863,2.44605861,-2.63677502,-0.1582176,2.10162508,-1.71561026,-0.1582046,1.0
2453746.470995,1.098935,2.4460794,-2.63675758,-0.15821427,2.10159259,-1.71561261,-0.15820127,1.0
2453746.475066,1.080866,2.44610544,-2.63673574,-0.15821010000000002,2.10155191,-1.71561556,-0.1581971,1.0
2453746.478316,1.096912,2.44612624,-2.6367183,-0.15820677,2.10151942,-1.71561792,-0.15819377,1.0
2453746.481566,1.094893,2.44614703,-2.63670086,-0.15820345,2.10148693,-1.71562028,-0.15819044,1.0
2453746.484816,1.080866,2.44616782,-2.63668342,-0.15820012,2.10145444,-1.71562265,-0.15818712,1.0
2453746.489286,1.0798709999999998,2.44619642,-2.63665943,-0.15819554,2.10140976,-1.71562591,-0.15818254,1.0
2453746.492946,1.045615,2.44621983,-2.63663979,-0.15819179,2.10137318,-1.71562858,-0.15817879,1.0
2453746.496197,1.012446,2.44624062,-2.63662235,-0.15818846,2.1013407,-1.71563095,-0.15817546,1.0
2453746.499447,0.9976353,2.44626141,-2.63660491,-0.15818513,2.10130821,-1.71563333,-0.15817213,1.0
2453746.503307,0.9677692,2.44628611,-2.63658419,-0.15818117,2.10126963,-1.71563616,-0.15816817,1.0
2453746.506767,0.9225116,2.44630824,-2.63656562,-0.15817763,2.10123506,-1.71563869,-0.15816463,1.0
2453746.510017,0.9023433,2.44632903,-2.63654818,-0.1581743,2.10120258,-1.71564108,-0.15816129999999998,1.0
2453746.513267,0.8965445,2.44634982,-2.63653074,-0.15817097,2.1011701,-1.71564347,-0.15815797,1.0
2453746.516927,0.8940706,2.44637323,-2.63651109,-0.15816722,2.10113352,-1.71564617,-0.15815422,1.0
2453746.521398,0.936207,2.44640183,-2.6364871,-0.15816264,2.10108886,-1.71564946,-0.15814964,1.0
2453746.524648,0.935345,2.44642262,-2.63646966,-0.15815931,2.10105638,-1.71565186,-0.15814631,1.0
2453746.5283080004,0.950981,2.44644603,-2.63645001,-0.15815556,2.10101981,-1.71565457,-0.15814256,1.0
2453746.5319580003,0.978525,2.44646938,-2.63643042,-0.15815182,2.10098334,-1.71565727,-0.15813883,1.0
2453746.535618,0.9967171,2.44649279,-2.63641078,-0.15814807,2.10094677,-1.71565998,-0.15813508,1.0
2453746.539278,1.00224,2.4465162,-2.63639113,-0.15814432,2.1009102000000004,-1.7156627,-0.15813133,1.0
2453746.542528,1.015247,2.44653699,-2.63637369,-0.15814099,2.10087773,-1.71566511,-0.158128,1.0
2453746.5473990003,1.052378,2.44656814,-2.63634755,-0.158136,2.10082908,-1.71566874,-0.15812301,1.0
2453746.5506490003,1.057236,2.44658893,-2.63633011,-0.15813267,2.10079661,-1.71567116,-0.15811968,1.0
2453746.554309,1.092878,2.44661234,-2.63631046,-0.15812892,2.10076005,-1.71567389,-0.15811593,1.0
2453746.557969,1.110125,2.44663575,-2.63629082,-0.15812517,2.10072349,-1.71567663,-0.15811218,1.0
2453746.561419,1.092878,2.44665782,-2.6362723,-0.15812164,2.10068903,-1.71567921,-0.15810865,1.0
2453746.565279,1.121429,2.44668251,-2.63625158,-0.15811768,2.10065047,-1.7156821,-0.15810469,1.0
2453746.56853,1.115249,2.4467033,-2.63623413,-0.15811435,2.10061801,-1.71568454,-0.15810136,1.0
2453746.57178,1.093885,2.44672408,-2.63621669,-0.15811102,2.10058555,-1.71568698,-0.15809803,1.0
2453746.57504,1.087857,2.44674493,-2.63619919,-0.15810768,2.10055299,-1.71568943,-0.15809469,1.0
2453746.57829,1.080866,2.44676572,-2.63618174,-0.15810435,2.10052053,-1.71569188,-0.15809136,1.0
2453746.58154,1.077883,2.44678651,-2.63616429,-0.15810102,2.10048807,-1.71569433,-0.15808803,1.0
2453746.58479,1.020873,2.44680729,-2.63614685,-0.15809769,2.10045562,-1.71569678,-0.15808471,1.0
2453746.5880400003,1.013379,2.44682808,-2.6361294,-0.15809436,2.10042316,-1.71569924,-0.15808138,1.0
2453746.591291,0.9903115,2.44684887,-2.63611195,-0.15809103,2.10039071,-1.71570169,-0.15807805,1.0
2453746.594541,0.9422624,2.44686965,-2.63609451,-0.15808770000000005,2.10035825,-1.71570415,-0.15807472,1.0
2453746.597991,0.8973707000000001,2.44689172,-2.63607599,-0.15808417,2.1003238,-1.71570677,-0.15807118,1.0
2453746.602261,0.853045,2.44691903,-2.63605306,-0.15807979,2.10028116,-1.71571001,-0.15806681,1.0
2453746.606121,0.8729148999999999,2.44694372,-2.63603234,-0.15807584,2.10024262,-1.71571295,-0.15806285,1.0
2453746.609981,0.8585624,2.4469684,-2.63601162,-0.15807188,2.10020408,-1.71571588,-0.1580589,1.0
2453746.613231,0.8891434000000001,2.44698919,-2.63599417,-0.15806855,2.10017163,-1.71571836,-0.15805557,1.0
2453746.616482,0.8940706,2.44700997,-2.63597672,-0.15806522,2.10013919,-1.71572084,-0.15805224,1.0
2453747.437076,1.081494,2.45225255,-2.63156576,-0.15722413,2.09197853,-1.71643798,-0.15721125,1.0
2453747.440796,1.073555,2.45227629,-2.63154574,-0.15722032,2.09194168,-1.71644164,-0.15720744,1.0
2453747.444266,1.067639,2.45229844,-2.63152706,-0.15721676,2.0919073,-1.71644506,-0.15720388,1.0
2453747.449966,1.029021,2.45233482,-2.63149638,-0.15721092,2.09185084,-1.71645069,-0.15719803,1.0
2453747.454646,0.9972963,2.45236469,-2.63147119,-0.15720612,2.09180449,-1.71645531,-0.15719324,1.0
2453747.457896,0.9647709,2.45238543,-2.6314537,-0.15720278,2.0917723,-1.71645853,-0.1571899,1.0
2453747.461757,0.9179608,2.45241006,-2.63143292,-0.15719883,2.09173407,-1.71646235,-0.15718595,1.0
2453747.466027,0.8790713,2.45243732,-2.63140993,-0.15719445,2.09169178,-1.71646658,-0.15718157,1.0
2453747.469287,0.8614381999999999,2.45245812,-2.63139239,-0.1571911,2.0916595,-1.71646982,-0.15717822,1.0
2453747.472537,0.8758389000000001,2.45247886,-2.63137489,-0.15718777,2.09162731,-1.71647304,-0.15717489,1.0
2453747.475787,0.8904799999999999,2.45249961,-2.6313574,-0.15718444,2.09159513,-1.71647627,-0.15717156,1.0
2453747.479037,0.8962398000000001,2.45252035,-2.6313399,-0.15718111,2.09156295,-1.71647951,-0.15716823,1.0
2453747.482297,0.9095449,2.45254115,-2.63132235,-0.15717776,2.09153067,-1.71648275,-0.15716488,1.0
2453747.485748,0.9376142,2.45256317,-2.63130378,-0.15717422,2.09149651,-1.71648619,-0.15716135,1.0
2453747.489618,0.9674401,2.45258787,-2.63128295,-0.15717026,2.09145819,-1.71649005,-0.15715738,1.0
2453747.492868,0.9982152,2.45260861,-2.63126545,-0.15716692,2.09142601,-1.7164933,-0.15715405,1.0
2453747.496118,1.020526,2.45262935,-2.63124796,-0.15716359,2.09139383,-1.71649655,-0.15715071,1.0
2453747.499368,1.0328190000000002,2.45265009,-2.63123046,-0.15716026,2.09136166,-1.7164998,-0.15714738,1.0
2453747.503028,1.05299,2.45267345,-2.63121076,-0.1571565,2.09132542,-1.71650346,-0.15714363,1.0
2453747.506688,1.069607,2.4526968,-2.63119105,-0.15715275,2.09128919,-1.71650713,-0.15713988,1.0
2453747.509939,1.079504,2.45271754,-2.63117356,-0.15714942,2.09125702,-1.71651039,-0.15713654,1.0
2453747.513199,1.084487,2.45273835,-2.6311560000000003,-0.15714607,2.09122475,-1.71651367,-0.1571332,1.0
2453747.516449,1.085486,2.45275909,-2.63113851,-0.15714274,2.09119258,-1.71651693,-0.15712987,1.0
2453747.5196990003,1.079504,2.45277983,-2.63112101,-0.15713941,2.09116041,-1.7165202000000002,-0.15712654,1.0
2453747.5229490004,1.074544,2.45280057,-2.63110351,-0.15713608,2.09112824,-1.71652347,-0.15712320000000002,1.0
2453747.526209,1.05299,2.45282137,-2.63108596,-0.15713273,2.09109597,-1.71652676,-0.15711986,1.0
2453747.529859,1.028074,2.45284466,-2.63106631,-0.15712899,2.09105985,-1.71653044,-0.15711612,1.0
2453747.53352,1.005598,2.45286801,-2.63104661,-0.15712524,2.09102362,-1.71653413,-0.15711237,1.0
2453747.53678,0.9854263,2.45288882,-2.63102905,-0.15712189,2.09099136,-1.71653743,-0.15710902,1.0
2453747.54003,0.9647709,2.45290956,-2.63101156,-0.15711856,2.0909592,-1.71654071,-0.15710569,1.0
2453747.54328,0.9324469,2.45293029,-2.63099406,-0.15711523,2.09092703,-1.7165439999999998,-0.15710236,1.0
2453747.54653,0.8987195,2.45295103,-2.63097656,-0.15711189,2.09089487,-1.7165473000000002,-0.15709902,1.0
2453747.54979,0.8904799999999999,2.45297183,-2.63095901,-0.15710855,2.09086261,-1.7165506,-0.15709568,1.0
2453747.55304,0.8847572,2.45299257,-2.63094151,-0.15710522,2.09083045,-1.7165539,-0.15709235,1.0
2453747.55629,0.9003764999999999,2.45301331,-2.63092401,-0.15710188,2.0907983,-1.7165572,-0.15708902,1.0
2453747.559541,0.8987195,2.45303405,-2.63090651,-0.15709855,2.09076614,-1.7165605,-0.15708568,1.0
2453747.562801,0.9154279,2.45305485,-2.63088895,-0.15709521,2.09073388,-1.71656382,-0.15708234,1.0
2453747.566051,0.9480345,2.45307558,-2.63087145,-0.15709188,2.09070173,-1.71656713,-0.15707901,1.0
2453747.569301,0.9506576,2.45309632,-2.63085396,-0.15708854,2.09066958,-1.71657044,-0.15707568,1.0
2453747.572551,0.9612231,2.45311706,-2.63083646,-0.15708521,2.09063742,-1.71657376,-0.15707234,1.0
2453747.575801,0.9808988,2.45313779,-2.63081895,-0.15708188,2.09060527,-1.71657708,-0.15706901,1.0
2453747.579061,1.000056,2.4531586,-2.6308014,-0.15707853,2.09057302,-1.71658041,-0.15706567,1.0
2453747.582312,1.028074,2.45317933,-2.6307839,-0.15707520000000005,2.09054087,-1.71658373,-0.15706233,1.0
2453747.5857720003,1.041416,2.45320141,-2.63076527,-0.15707165,2.09050664,-1.71658727,-0.15705879,1.0
2453747.589632,1.060777,2.45322604,-2.63074448,-0.15706769,2.09046846,-1.71659123,-0.15705483,1.0
2453747.592882,1.067639,2.45324677,-2.63072698,-0.15706436,2.09043632,-1.71659456,-0.1570515,1.0
2453747.596132,1.09755,2.45326751,-2.63070948,-0.15706103,2.09040417,-1.71659789,-0.15704816,1.0
2453747.599382,1.107705,2.45328824,-2.63069198,-0.15705769,2.09037203,-1.71660123,-0.15704483,1.0
2453747.602642,1.117955,2.45330904,-2.63067442,-0.15705435,2.09033978,-1.71660458,-0.15704149,1.0
2453747.606293,1.098561,2.45333233,-2.63065477,-0.15705061,2.09030369,-1.71660834,-0.15703774,1.0
2453747.609953,1.096539,2.45335568,-2.63063506,-0.15704685,2.09026749,-1.71661211,-0.15703399,1.0
2453747.613213,1.084487,2.45337648,-2.6306175,-0.15704351,2.09023525,-1.71661547,-0.15703065,1.0
2453747.615653,1.073555,2.45339204,-2.63060436,-0.15704101,2.09021112,-1.71661799,-0.15702815,1.0
2453748.447406,0.9785421,2.4586929,-2.62611948,-0.15618765,2.08202054,-1.71756868,-0.15617489,1.0
2453748.452216,1.010601,2.45872352,-2.62609351,-0.15618271,2.08197337,-1.71757471,-0.15616995,1.0
2453748.456126,1.039871,2.45874842,-2.6260724,-0.15617869,2.08193503,-1.71757962,-0.15616594,1.0
2453748.53725,1.022774,2.45926484,-2.62563435,-0.15609543,2.08113997,-1.7176824,-0.15608268,1.0
2453748.54248,1.023716,2.45929813,-2.6256061,-0.15609006,2.08108873,-1.71768909,-0.15607731,1.0
2453748.54662,1.077902,2.45932448,-2.62558374,-0.15608581,2.08104818,-1.71769438,-0.15607306,1.0
2453748.55141,1.084874,2.45935497,-2.62555787,-0.15608089,2.08100125,-1.71770052,-0.15606815,1.0
2453748.55555,1.063113,2.45938132,-2.62553551,-0.15607664,2.0809607,-1.71770583,-0.15606389999999998,1.0
2453748.5590310004,1.069004,2.45940347,-2.62551672,-0.15607307,2.08092662,-1.71771029,-0.15606033,1.0
2453748.563171,1.061156,2.45942982,-2.62549435,-0.15606882,2.08088607,-1.71771561,-0.15605608,1.0
2453748.566871,1.0256040000000002,2.45945338,-2.62547437,-0.15606502,2.08084983,-1.71772036,-0.15605228,1.0
2453748.570371,1.021832,2.45947565,-2.62545547,-0.15606143,2.08081555,-1.71772486,-0.15604869,1.0
2453748.573961,0.9857786,2.4594985,-2.62543608,-0.15605774,2.08078039,-1.71772948,-0.15604500000000002,1.0
2453748.577761,0.9475005,2.45952269,-2.62541555,-0.15605384,2.08074318,-1.71773438,-0.15604110000000002,1.0
2453748.581681,0.9149124,2.45954764,-2.62539438,-0.15604982,2.08070479,-1.71773943,-0.15603708,1.0
2453748.585602,0.883445,2.45957259,-2.6253732000000003,-0.15604579,2.08066641,-1.71774449,-0.15603305,1.0
2453748.589092,0.8875226999999999,2.4595948,-2.62535435,-0.15604221,2.08063223,-1.7177490000000002,-0.15602947,1.0
2453748.5925720003,0.8916193000000001,2.45961695,-2.62533555,-0.15603864,2.08059816,-1.71775349,-0.1560259,1.0
2453748.600842,0.9250802,2.45966959,-2.62529088,-0.15603015,2.08051719,-1.71776419,-0.15601741,1.0
2453748.606502,0.9208298,2.45970561,-2.62526031,-0.15602434,2.08046177,-1.71777152,-0.1560116,1.0
2453748.610423,0.925933,2.45973056,-2.62523913,-0.15602031,2.0804234,-1.7177766,-0.15600758,1.0
2453748.613913,0.9821536,2.45975277,-2.62522028,-0.15601673,2.08038923,-1.71778113,-0.156004,1.0
2453748.619463,0.9749435,2.45978809,-2.6251903,-0.15601103,2.08033491,-1.71778834,-0.1559983,1.0
2453748.624353,1.054337,2.45981921,-2.62516388,-0.15600601,2.08028704,-1.7177947,-0.15599328,1.0
2453748.630243,1.066055,2.45985669,-2.62513206,-0.15599997,2.08022939,-1.71780237,-0.15598723,1.0
2453748.6352540003,1.073939,2.45988858,-2.625105,-0.15599482,2.08018036,-1.7178089,-0.15598209,1.0
2453748.638944,1.083876,2.45991206,-2.62508506,-0.15599103,2.08014425,-1.71781371,-0.1559783,1.0
2453748.642644,1.088878,2.45993561,-2.62506507,-0.15598724,2.08010804,-1.71781854,-0.15597451,1.0
2453748.646344,1.110144,2.45995915,-2.62504508,-0.15598344,2.08007183,-1.71782337,-0.15597071,1.0
2453748.651364,1.054337,2.4599911,-2.62501796,-0.15597828,2.0800227,-1.71782993,-0.15596555,1.0
2453748.658334,1.070975,2.46003545,-2.62498031,-0.15597113,2.0799545,-1.71783906,-0.1559584,1.0
2453748.662905,1.001335,2.46006454,-2.62495562,-0.15596644,2.07990979,-1.71784505,-0.15595371,1.0
2453748.669445,0.942279,2.46010615,-2.62492028,-0.15595972,2.0798458,-1.71785363,-0.15594699,1.0
2453748.673585,0.8998693999999999,2.4601325000000003,-2.62489791,-0.15595547,2.0798053,-1.71785907,-0.15594274,1.0
2453748.677075,0.8810074000000001,2.4601547000000004,-2.62487906,-0.15595189,2.07977116,-1.71786365,-0.15593916,1.0
2453748.681425,0.8867059000000002,2.46018238,-2.62485555,-0.15594742,2.07972861,-1.71786938,-0.1559347,1.0
2453748.685335,0.8617463,2.46020726,-2.62483443,-0.15594341,2.07969036,-1.71787452,-0.15593068,1.0
2453748.6892560003,0.8593683000000001,2.46023221,-2.62481325,-0.15593938,2.07965201,-1.71787969,-0.15592666,1.0
2453748.694046,0.9165993,2.46026269,-2.62478736,-0.15593447,2.07960516,-1.71788601,-0.15592174,1.0
2453748.697536,0.9174436,2.46028489,-2.62476851,-0.15593088,2.07957103,-1.71789061,-0.15591816,1.0
2453748.701026,0.966005,2.4603071,-2.62474965,-0.1559273,2.07953689,-1.71789522,-0.15591458,1.0
2453748.704926,0.990329,2.46033192,-2.62472858,-0.1559233,2.07949875,-1.71790038,-0.15591057,1.0
2453748.708416,0.9866874,2.46035412,-2.62470972,-0.15591971,2.07946462,-1.71790499,-0.15590699,1.0
2453748.711896,1.039871,2.46037626,-2.62469091,-0.15591614,2.07943059,-1.7179096,-0.15590342,1.0
2453748.715387,1.063113,2.46039847,-2.62467205,-0.15591256,2.07939646,-1.71791422,-0.15589984,1.0
2453748.7188770003,1.06999,2.46042068,-2.6246532000000005,-0.15590897,2.07936234,-1.71791885,-0.15589625,1.0
2453748.722357,1.110144,2.46044282,-2.62463439,-0.1559054,2.07932831,-1.71792346,-0.15589268,1.0
2453748.726267,1.082878,2.4604677,-2.62461326,-0.15590139,2.07929008,-1.71792865,-0.15588867,1.0
2453748.729747,1.087876,2.46048984,-2.62459446,-0.15589781,2.07925605,-1.71793328,-0.15588509,1.0
2453748.733897,1.053367,2.46051624,-2.62457203,-0.15589355,2.07921548,-1.71793879,-0.15588083,1.0
2453748.737167,1.062135,2.46053705,-2.62455436,-0.1558902,2.07918351,-1.71794315,-0.15587748,1.0
2455177.234881,0.9548194,-2.443051,-1.57418005,-0.33613885,-2.26664021,-0.60547195,-0.33613519,1.0
2455177.2363400003,0.9478099,-2.44304432,-1.57419367,-0.33614004,-2.26665865,-0.60548117,-0.33613637,1.0
2455177.23779,0.9504324,-2.44303769,-1.5742072,-0.33614121,-2.26667696,-0.60549032,-0.33613755,1.0
2455177.23925,0.9469373,-2.44303101,-1.57422083,-0.3361424000000001,-2.2666954,-0.60549954,-0.33613873,1.0
2455177.24072,0.9495574,-2.44302428,-1.57423455,-0.33614359,-2.26671397,-0.60550883,-0.33613992,1.0
2455177.24218,0.9434551,-2.4430176,-1.57424817,-0.33614477,-2.26673241,-0.60551805,-0.33614111,1.0
2455177.24365,0.9391204,-2.44301088,-1.57426189,-0.33614597,-2.26675098,-0.60552734,-0.3361423,1.0
2455177.24511,0.9618808,-2.4430042000000003,-1.57427551,-0.33614715,-2.26676942,-0.60553656,-0.33614348,1.0
2455177.24657,0.9636543,-2.44299752,-1.57428914,-0.33614833,-2.26678786,-0.60554578,-0.33614466,1.0
2455177.248039,0.9636543,-2.4429908,-1.57430285,-0.33614952,-2.26680642,-0.60555507,-0.33614586,1.0
2455177.249499,0.9725709,-2.44298412,-1.57431648,-0.33615071,-2.26682486,-0.6055643,-0.33614704,1.0
2455177.250969,0.9725709,-2.44297739,-1.5743302,-0.3361519,-2.26684343,-0.60557358,-0.33614823,1.0
2455177.252419,0.9897402,-2.44297076,-1.57434373,-0.33615308,-2.26686174,-0.60558275,-0.33614941,1.0
2455177.253889,1.003509,-2.44296403,-1.57435744,-0.33615427,-2.26688031,-0.60559204,-0.3361506,1.0
2455177.255349,1.005359,-2.44295735,-1.57437107,-0.33615545,-2.26689875,-0.60560126,-0.33615178,1.0
2455177.256819,1.018407,-2.44295063,-1.57438479,-0.33615664,-2.26691732,-0.60561056,-0.33615297,1.0
2455177.258279,1.035431,-2.44294395,-1.57439841,-0.33615783,-2.26693576,-0.60561978,-0.33615416,1.0
2455177.259739,1.044049,-2.44293727,-1.57441203,-0.33615901,-2.2669542000000003,-0.60562901,-0.33615534,1.0
2455177.261208,1.045012,-2.44293055,-1.57442575,-0.3361602,-2.26697277,-0.60563831,-0.33615653,1.0
2455177.262658,1.045975,-2.44292391,-1.57443928,-0.33616138,-2.26699108,-0.60564747,-0.33615771,1.0
2455177.264128,1.06346,-2.44291719,-1.574453,-0.33616257,-2.26700965,-0.60565677,-0.33615890000000004,1.0
2455177.265598,1.07627,-2.44291046,-1.57446672,-0.33616376,-2.26702821,-0.60566606,-0.33616009,1.0
2455177.267048,1.07627,-2.44290383,-1.57448025,-0.33616494,-2.26704653,-0.60567523,-0.33616127,1.0
2455177.268518,1.08723,-2.4428971,-1.57449396,-0.33616613,-2.2670651,-0.60568453,-0.33616246,1.0
2455177.269978,1.086229,-2.44289042,-1.57450759,-0.33616731,-2.26708354,-0.60569376,-0.33616364,1.0
2455177.2714380003,1.0932540000000002,-2.44288374,-1.57452121,-0.3361685,-2.26710198,-0.60570299,-0.33616483,1.0
2455177.272897,1.089235,-2.44287706,-1.57453483,-0.33616968,-2.26712042,-0.60571223,-0.33616601,1.0
2455177.274357,1.086229,-2.44287038,-1.57454846,-0.33617086,-2.26713886,-0.60572146,-0.33616719,1.0
2455177.275827,1.092248,-2.44286365,-1.57456217,-0.33617206,-2.26715743,-0.60573076,-0.33616839,1.0
2455177.277287,1.099312,-2.44285697,-1.5745758,-0.33617324,-2.26717587,-0.60574,-0.33616957,1.0
2455177.278737,1.09729,-2.44285034,-1.57458933,-0.33617441,-2.26719418,-0.60574917,-0.33617074,1.0
2455177.280197,1.098301,-2.44284366,-1.57460295,-0.3361756,-2.26721263,-0.60575841,-0.33617193,1.0
2455177.281667,1.090237,-2.44283693,-1.57461667,-0.33617679,-2.26723119,-0.60576771,-0.33617312,1.0
2455177.283127,1.086229,-2.44283025,-1.57463029,-0.33617797,-2.26724963,-0.60577695,-0.3361743,1.0
2455177.284587,1.091242,-2.44282357,-1.57464391,-0.33617916,-2.26726808,-0.60578619,-0.33617549,1.0
2455177.286046,1.0723120000000002,-2.44281689,-1.57465754,-0.33618034,-2.26728652,-0.60579543,-0.33617667,1.0
2455177.287506,1.066403,-2.44281021,-1.57467116,-0.33618152,-2.26730496,-0.60580467,-0.33617785,1.0
2455177.288976,1.06346,-2.44280348,-1.57468488,-0.33618272,-2.26732353,-0.60581398,-0.33617904,1.0
2455177.290426,1.061503,-2.44279685,-1.57469841,-0.33618389,-2.26734184,-0.60582315,-0.33618022,1.0
2455177.291886,1.0508030000000002,-2.44279017,-1.57471203,-0.33618507,-2.26736028,-0.6058324,-0.3361814,1.0
2455177.293356,1.039253,-2.44278344,-1.57472575,-0.33618627,-2.26737885,-0.6058416999999999,-0.33618259,1.0
2455177.294816,1.041169,-2.44277676,-1.57473937,-0.33618745,-2.26739729,-0.60585095,-0.33618378,1.0
2455177.296286,1.040211,-2.44277003,-1.57475309,-0.33618864,-2.26741586,-0.60586026,-0.33618497,1.0
2455177.297745,1.033526,-2.44276335,-1.57476671,-0.33618982,-2.2674343,-0.6058695,-0.33618615,1.0
2455177.299205,1.028777,-2.44275667,-1.57478033,-0.33619101,-2.26745274,-0.60587875,-0.33618734,1.0
2455177.300675,1.028777,-2.44274994,-1.57479405,-0.3361922,-2.26747131,-0.60588806,-0.33618853,1.0
2455177.302135,1.01093,-2.44274326,-1.57480767,-0.33619338,-2.26748975,-0.6058973000000001,-0.33618971,1.0
2455177.303585,1.01,-2.44273663,-1.5748212,-0.33619456,-2.26750807,-0.60590649,-0.33619088,1.0
2455177.305055,0.9979786,-2.4427299,-1.57483492,-0.33619575,-2.26752664,-0.6059158,-0.33619208,1.0
2455177.3065150003,0.9842858,-2.44272322,-1.57484854,-0.33619693,-2.26754508,-0.60592505,-0.33619326,1.0
2455177.307975,0.9933933,-2.44271654,-1.57486216,-0.33619811,-2.26756352,-0.6059343,-0.33619444,1.0
2455177.3094450003,0.97706,-2.44270981,-1.57487588,-0.33619931,-2.26758209,-0.60594361,-0.33619563,1.0
2455177.310904,0.9752619,-2.44270313,-1.5748895,-0.33620049,-2.26760053,-0.60595286,-0.33619682,1.0
2455177.312364,0.973467,-2.44269644,-1.57490313,-0.33620167,-2.26761897,-0.60596211,-0.336198,1.0
2455177.314354,0.9725709,-2.44268734,-1.57492169,-0.33620328,-2.26764411,-0.60597472,-0.33619961,1.0
2455177.315824,0.9797634,-2.44268061,-1.57493541,-0.33620448,-2.26766268,-0.60598404,-0.3362008,1.0
2455177.317284,0.973467,-2.44267393,-1.57494903,-0.33620566,-2.26768112,-0.60599329,-0.33620199,1.0
2455177.318754,0.974364,-2.4426672000000003,-1.57496275,-0.33620685,-2.26769969,-0.60600261,-0.33620318,1.0
2455177.320204,0.9788615,-2.44266056,-1.57497628,-0.33620802,-2.267718,-0.6060118,-0.33620435,1.0
2455177.321664,0.9689943,-2.44265388,-1.5749899,-0.33620921,-2.26773645,-0.60602106,-0.33620553,1.0
2455177.323133,0.9689943,-2.44264715,-1.57500362,-0.3362104,-2.26775502,-0.60603037,-0.33620673,1.0
2455177.324593,0.9797634,-2.44264047,-1.57501724,-0.33621158,-2.26777346,-0.60603963,-0.33620791,1.0
2455177.326053,0.9752619,-2.44263379,-1.57503086,-0.33621277,-2.2677919,-0.60604889,-0.33620909,1.0
2455177.327523,0.974364,-2.44262706,-1.57504458,-0.33621396,-2.26781047,-0.60605821,-0.33621028,1.0
2455177.328983,0.9725709,-2.44262038,-1.5750582,-0.33621514,-2.26782891,-0.60606747,-0.33621147,1.0
2455177.330453,0.9779603,-2.44261365,-1.57507191,-0.33621633,-2.26784748,-0.60607679,-0.33621266,1.0
2455177.331923,0.9779603,-2.44260692,-1.57508563,-0.33621752,-2.26786605,-0.60608611,-0.33621385,1.0
2455177.333383,0.9788615,-2.44260024,-1.57509925,-0.3362187,-2.26788449,-0.60609537,-0.33621503,1.0
2455177.3348330003,0.9645422,-2.4425936000000004,-1.57511278,-0.33621988,-2.26790281,-0.60610457,-0.33621621,1.0
2455177.336302,0.9725709,-2.44258687,-1.5751265,-0.33622107,-2.26792138,-0.60611389,-0.3362174000000001,1.0
2455177.337762,0.9716755,-2.44258019,-1.57514012,-0.33622225,-2.26793982,-0.60612315,-0.33621858,1.0
2455177.339232,0.9824744,-2.44257346,-1.57515383,-0.33622344,-2.26795839,-0.60613248,-0.33621977,1.0
2455177.340692,0.9707809,-2.44256677,-1.57516746,-0.33622463,-2.26797683,-0.60614174,-0.33622095,1.0
2455177.342162,0.9752619,-2.44256005,-1.57518117,-0.33622582,-2.2679954,-0.60615107,-0.33622214,1.0
2455177.343612,0.9761605,-2.44255341,-1.5751947,-0.33622699,-2.26801372,-0.60616027,-0.33622332,1.0
2455177.345082,0.97706,-2.44254668,-1.57520841,-0.33622818,-2.26803229,-0.6061696,-0.33622451,1.0
2455177.346542,0.9815699,-2.44254,-1.57522204,-0.33622937,-2.26805073,-0.60617886,-0.33622569,1.0
2455177.347991,0.9824744,-2.44253336,-1.57523556,-0.33623054,-2.26806905,-0.60618806,-0.33622687,1.0
2455177.349451,0.9725709,-2.44252667,-1.57524919,-0.33623173,-2.26808749,-0.60619733,-0.33622805,1.0
2455177.350921,0.9933933,-2.44251995,-1.5752628999999998,-0.33623292,-2.26810606,-0.60620666,-0.33622924,1.0
2455177.3523810003,0.9897402,-2.44251326,-1.57527652,-0.3362341,-2.26812451,-0.60621593,-0.33623042,1.0
2455177.353841,1.001662,-2.44250658,-1.57529014,-0.33623528,-2.26814295,-0.6062251999999999,-0.33623161,1.0
2455177.355301,0.996142,-2.44249989,-1.57530377,-0.33623646,-2.26816139,-0.60623447,-0.33623279,1.0
2455177.356771,1.006285,-2.44249316,-1.57531748,-0.33623766,-2.26817996,-0.6062438,-0.33623398,1.0
2455177.358231,1.004434,-2.44248648,-1.5753311,-0.33623884,-2.26819841,-0.60625307,-0.33623516,1.0
2455177.359681,1.011862,-2.44247984,-1.57534463,-0.33624001,-2.26821673,-0.60626228,-0.33623634,1.0
2455177.36114,1.018407,-2.44247316,-1.57535825,-0.3362412,-2.26823517,-0.60627155,-0.33623752,1.0
2455177.3626,1.017469,-2.44246647,-1.57537187,-0.33624238,-2.26825361,-0.60628082,-0.3362387,1.0
2455177.36407,1.02783,-2.44245974,-1.57538559,-0.33624357,-2.26827218,-0.60629016,-0.33623989,1.0
2455177.36553,1.017469,-2.44245306,-1.57539921,-0.33624475,-2.26829063,-0.60629943,-0.33624108,1.0
2455177.36698,1.017469,-2.44244642,-1.57541274,-0.33624593,-2.26830894,-0.60630864,-0.33624225,1.0
2455177.36845,1.024993,-2.44243969,-1.57542645,-0.33624712,-2.26832752,-0.60631798,-0.33624344,1.0
2455177.36991,1.02783,-2.44243301,-1.57544007,-0.33624829999999994,-2.26834596,-0.60632725,-0.33624463,1.0
2455177.37138,1.033526,-2.44242628,-1.57545379,-0.33624949,-2.26836453,-0.60633659,-0.33624582,1.0
2455177.37283,1.02783,-2.44241964,-1.57546732,-0.33625067,-2.26838285,-0.6063458,-0.33624699,1.0
2455177.374289,1.035431,-2.44241295,-1.57548094,-0.33625185,-2.26840129,-0.60635508,-0.33624817,1.0
2455177.375759,1.024993,-2.44240622,-1.57549465,-0.33625304,-2.26841986,-0.60636442,-0.33624936,1.0
2455177.377219,1.030674,-2.44239954,-1.57550827,-0.33625422,-2.26843831,-0.6063736999999999,-0.33625055,1.0
2455177.378689,1.023108,-2.44239281,-1.57552199,-0.33625541,-2.26845688,-0.60638304,-0.33625174,1.0
2455177.380159,1.016533,-2.44238608,-1.5755357,-0.3362566,-2.26847545,-0.60639238,-0.33625293,1.0
2455177.381619,1.02783,-2.44237939,-1.57554932,-0.33625779,-2.26849389,-0.60640166,-0.33625411,1.0
2455177.3830790003,1.0193450000000002,-2.44237271,-1.57556294,-0.33625897,-2.26851234,-0.60641094,-0.33625529,1.0
2455177.384529,1.01093,-2.44236607,-1.57557647,-0.33626015,-2.26853066,-0.60642016,-0.33625647,1.0
2455177.3859880003,1.018407,-2.44235938,-1.57559009,-0.33626133,-2.2685491,-0.60642944,-0.33625765,1.0
2455177.387448,0.9998182,-2.4423527000000003,-1.57560371,-0.33626251,-2.26856755,-0.60643872,-0.33625883,1.0
2455177.388918,0.9952249,-2.44234597,-1.57561743,-0.3362637,-2.26858612,-0.60644807,-0.33626002,1.0
2455177.390378,0.996142,-2.44233928,-1.57563105,-0.33626488,-2.26860456,-0.60645735,-0.33626121,1.0
2455177.391848,0.9824744,-2.44233255,-1.57564476,-0.33626607,-2.26862313,-0.6064666999999999,-0.3362624,1.0
2455177.393308,0.9779603,-2.44232587,-1.57565838,-0.33626726,-2.26864158,-0.60647598,-0.33626358,1.0
2455177.394768,0.9797634,-2.44231918,-1.575672,-0.33626844,-2.26866002,-0.60648527,-0.33626476,1.0
2455177.396218,0.9707809,-2.44231254,-1.57568553,-0.33626961,-2.26867834,-0.60649449,-0.33626594,1.0
2455177.397688,0.9513082,-2.44230581,-1.57569924,-0.33627081,-2.26869691,-0.60650384,-0.33626713,1.0
2455177.399147,0.9451947,-2.44229912,-1.57571286,-0.33627199,-2.26871536,-0.60651313,-0.33626831,1.0
2455177.400617,0.9348054,-2.44229239,-1.57572658,-0.33627318,-2.26873393,-0.60652248,-0.3362695,1.0
2455177.402077,0.9417188,-2.44228571,-1.5757402,-0.33627436,-2.26875238,-0.60653177,-0.33627068,1.0
2455177.403537,0.936529,-2.44227902,-1.57575382,-0.33627554,-2.26877082,-0.60654106,-0.33627187,1.0
2455177.405007,0.9313678,-2.44227229,-1.57576753,-0.33627673,-2.26878939,-0.60655041,-0.33627306,1.0
2455177.406467,0.9287979,-2.4422656000000003,-1.57578115,-0.33627792,-2.26880784,-0.6065596999999999,-0.33627424,1.0
2455177.407927,0.9382558,-2.44225892,-1.57579477,-0.3362791,-2.26882628,-0.60656899,-0.33627542,1.0
2455177.409397,0.9322261,-2.44225219,-1.57580848,-0.33628029,-2.26884486,-0.60657834,-0.33627661,1.0
2455177.410846,0.9305105,-2.44224555,-1.57582201,-0.33628146,-2.26886318,-0.60658757,-0.33627779,1.0
2455177.412316,0.9296538,-2.44223881,-1.57583572,-0.33628266,-2.26888175,-0.60659693,-0.33627898,1.0
2455177.413776,0.9287979,-2.44223213,-1.57584934,-0.33628384,-2.26890019,-0.60660622,-0.33628016,1.0
2455177.415236,0.9296538,-2.44222544,-1.57586296,-0.33628502,-2.26891864,-0.60661551,-0.33628134,1.0
2455177.416696,0.9408518,-2.44221876,-1.57587658,-0.33628620000000004,-2.26893708,-0.60662481,-0.33628252,1.0
2455177.418166,0.9330851,-2.44221202,-1.5758903,-0.33628739,-2.26895566,-0.60663417,-0.33628371,1.0
2455177.419626,0.9460656,-2.44220534,-1.57590392,-0.33628858,-2.2689741000000003,-0.60664346,-0.3362849,1.0
2455177.421096,0.9636543,-2.4421986,-1.57591763,-0.33628977,-2.26899268,-0.60665282,-0.33628609,1.0
2455177.4225560003,0.9689943,-2.44219192,-1.57593125,-0.33629095,-2.26901112,-0.60666212,-0.33628727,1.0
2455177.424005,0.9663206,-2.44218528,-1.57594478,-0.33629212,-2.26902944,-0.60667135,-0.33628844,1.0
2455614.350957,1.062329,1.01250146,-3.31404344,-0.32590207,0.13363204,-2.86044363,-0.32589965,1.0
2455614.35524,1.058423,1.01253815,-3.31403661,-0.325899,0.13363374,-2.86050255,-0.32589657,1.0
2455614.358735,1.045825,1.01256808,-3.31403103,-0.32589649,0.13363512,-2.86055063,-0.32589406,1.0
2455614.3622290003,1.045825,1.01259802,-3.31402545,-0.32589398,0.13363651,-2.86059872,-0.32589155,1.0
2455614.365736,1.022962,1.01262805,-3.31401985,-0.32589146,0.13363791,-2.86064697,-0.32588903,1.0
2455614.369232,1.04198,1.012658,-3.31401427,-0.32588895,0.13363931,-2.86069507,-0.32588652,1.0
2455614.372739,1.003366,1.01268803,-3.31400868,-0.32588643,0.13364071,-2.86074333,-0.325884,1.0
2455614.3762330003,0.9733281,1.01271797,-3.3140031000000003,-0.32588392,0.13364211,-2.86079142,-0.32588149,1.0
2455614.379728,1.007997,1.0127479,-3.31399752,-0.32588140000000004,0.13364352,-2.86083951,-0.32587898,1.0
2455614.383235,0.9697487,1.01277794,-3.31399192,-0.32587889,0.13364493,-2.86088777,-0.32587646,1.0
2455614.386731,0.9635168,1.01280788,-3.31398634,-0.32587637,0.13364634,-2.86093588,-0.32587395,1.0
2455614.390237,0.9959996,1.01283792,-3.31398074,-0.32587385,0.13364776,-2.86098414,-0.32587143,1.0
2455614.393732,0.9564432,1.01286785,-3.31397516,-0.32587134,0.13364918,-2.86103224,-0.32586892,1.0
2455614.402747,0.9261028,1.01294507,-3.31396076,-0.32586487,0.13365285,-2.86115633,-0.32586244,1.0
2455614.406242,0.9778209,1.012975,-3.31395518,-0.32586235,0.13365428,-2.86120443,-0.32585993,1.0
2455614.4097490003,0.9787219,1.01300504,-3.31394958,-0.32585984,0.13365572,-2.8612527,-0.32585741,1.0
2455614.413244,0.989599,1.01303498,-3.313944,-0.32585732,0.13365716,-2.86130082,-0.3258549000000001,1.0
2455614.416751,0.9841455,1.01306502,-3.31393839,-0.3258548,0.1336586,-2.86134909,-0.32585238,1.0
2455614.420246,1.029578,1.01309495,-3.31393281,-0.32585229,0.13366004,-2.8613972000000003,-0.32584987,1.0
2455614.423742,0.9978361,1.01312489,-3.31392723,-0.32584978,0.13366149,-2.86144532,-0.32584735,1.0
2455614.427247,1.001519,1.01315492,-3.31392163,-0.32584726,0.13366294,-2.86149359,-0.32584484,1.0
2455614.430743,1.050653,1.01318486,-3.31391604,-0.32584475,0.1336644,-2.86154171,-0.32584232,1.0
2455614.43425,1.0163879999999998,1.0132149,-3.31391044,-0.32584223,0.13366586,-2.86158999,-0.3258398,1.0
2455614.437745,1.057448,1.01324483,-3.31390486,-0.32583972,0.13366731,-2.86163811,-0.32583729,1.0
2455614.44124,1.0781,1.01327477,-3.31389927,-0.32583721,0.13366878,-2.86168624,-0.32583478,1.0
2455614.444747,1.066251,1.01330481,-3.31389367,-0.32583469,0.13367025,-2.86173452,-0.32583226,1.0
2455614.448242,1.015452,1.01333474,-3.31388808,-0.32583218,0.13367171,-2.86178264,-0.32582975,1.0
2455614.451748,1.040062,1.01336477,-3.31388248,-0.32582966,0.13367319,-2.86183093,-0.32582723,1.0
2455614.455243,1.04294,1.01339471,-3.31387689,-0.32582714,0.13367466,-2.86187905,-0.32582472,1.0
2455614.458739,1.014517,1.01342465,-3.3138713,-0.32582463,0.13367614,-2.86192719,-0.32582221,1.0
2455614.462246,0.9841455,1.01345468,-3.3138657,-0.32582211,0.13367763,-2.86197548,-0.32581969,1.0
2455614.466955,0.9502966,1.01349502,-3.31385817,-0.32581873,0.13367963,-2.86204034,-0.3258163,1.0
2455614.470462,0.9058561,1.01352505,-3.31385257,-0.32581621,0.13368112,-2.86208864,-0.32581378,1.0
2455614.473957,0.8942505999999999,1.01355498,-3.31384698,-0.32581370000000004,0.13368261,-2.86213677,-0.32581127,1.0
2455614.477452,0.9091997,1.01358492,-3.31384139,-0.32581118,0.13368411,-2.86218491,-0.32580876,1.0
2455614.480959,0.9688562,1.01361496,-3.31383578,-0.32580866,0.13368561,-2.86223321,-0.32580624,1.0
2455614.484454,0.9269565,1.01364489,-3.3138302000000004,-0.32580615,0.13368711,-2.86228135,-0.32580372,1.0
2455614.487949,0.9494221,1.01367482,-3.31382461,-0.32580364,0.13368862,-2.86232948,-0.32580121,1.0
2455614.491455,0.9529261999999998,1.01370486,-3.313819,-0.32580112,0.13369013,-2.86237778,-0.32579869,1.0
2455614.494951,0.9679642,1.0137348,-3.31381341,-0.32579861,0.13369164,-2.86242594,-0.32579618,1.0
2455614.498446,0.9424521,1.01376473,-3.31380782,-0.3257961,0.13369316,-2.86247408,-0.32579367,1.0
2455614.501953,0.9923372,1.01379476,-3.31380221,-0.32579358,0.13369468,-2.86252238,-0.32579115,1.0
2455614.5054470003,1.020139,1.01382469,-3.31379662,-0.32579106,0.13369620000000002,-2.86257053,-0.32578864,1.0
2455614.508954,1.04294,1.01385473,-3.31379101,-0.32578854,0.13369773,-2.86261884,-0.32578612,1.0
2455614.51245,1.074136,1.01388467,-3.31378542,-0.32578603,0.13369925,-2.862667,-0.32578359999999995,1.0
2455614.515944,1.05356,1.0139146,-3.31377983,-0.32578352,0.13370078,-2.86271514,-0.32578109,1.0
2455614.519451,1.049686,1.01394463,-3.31377422,-0.325781,0.13370232,-2.86276346,-0.32577857,1.0
2455622.22187,1.053335,1.07970114,-3.3007638,-0.32017772,0.14502569,-2.97191205,-0.32017515,1.0
2455622.2266720003,1.069957,1.07974201,-3.30075526,-0.32017418,0.14503779,-2.97198177,-0.32017161,1.0
2455622.230874,1.057223,1.07977776,-3.30074779,-0.32017109,0.14504838,-2.97204277,-0.32016852,1.0
2455622.235063,1.052365,1.0798134,-3.30074034,-0.320168,0.14505894,-2.97210359,-0.32016544,1.0
2455622.239252,1.045602,1.07984904,-3.30073289,-0.32016492,0.14506951,-2.97216441,-0.32016235,1.0
2455622.243454,1.012434,1.07988479,-3.30072542,-0.32016183,0.14508011,-2.97222541,-0.32015926,1.0
2455622.247643,0.9930395,1.07992044,-3.30071797,-0.32015874,0.14509069,-2.97228624,-0.32015618,1.0
2455622.251844,0.9422508,1.07995618,-3.3007105,-0.32015565,0.1451013,-2.97234723,-0.32015309,1.0
2455622.256034,0.9090055,1.07999182,-3.30070304,-0.32015257,0.14511189,-2.97240806,-0.32015,1.0
2455622.260223,0.8973595999999999,1.08002747,-3.30069559,-0.32014948,0.14512248,-2.97246889,-0.32014692,1.0
2455622.264424,0.915728,1.08006321,-3.30068812,-0.32014639,0.14513311,-2.97252988,-0.32014382,1.0
2455622.269297,0.9267583,1.08010466,-3.30067945,-0.3201428,0.14514544,-2.97260064,-0.32014024,1.0
2455622.273485,0.9483453000000002,1.0801403,-3.300672,-0.32013972,0.14515605,-2.97266146,-0.32013715,1.0
2455622.277675,0.9668665,1.08017595,-3.30066454,-0.32013664,0.14516666,-2.9727223,-0.32013407,1.0
2455622.281877,1.023685,1.08021169,-3.30065706,-0.32013354,0.14517731,-2.97278331,-0.32013098,1.0
2455622.286065,1.060148,1.08024733,-3.30064961,-0.32013046,0.14518793,-2.97284414,-0.32012789,1.0
2455622.290267,1.057223,1.08028308,-3.30064213,-0.32012737,0.14519859,-2.97290516,-0.3201248,1.0
2455622.294457,1.096899,1.08031872,-3.30063468,-0.32012428,0.14520922,-2.972966,-0.32012172,1.0
2455622.298645,1.0989209999999998,1.08035436,-3.30062722,-0.3201212,0.14521986,-2.97302683,-0.32011863,1.0
2455622.3028470003,1.090854,1.08039011,-3.30061974,-0.32011811,0.14523053,-2.97308785,-0.32011554,1.0
2455622.307036,1.060148,1.08042575,-3.30061229,-0.32011502,0.14524118,-2.9731487000000003,-0.32011245,1.0
2455622.312927,1.053335,1.08047587,-3.3006017999999995,-0.32011068,0.14525616,-2.97323425,-0.32010812,1.0
2455622.317117,1.036971,1.08051151,-3.30059434,-0.32010759999999994,0.14526682,-2.9732951,-0.32010503,1.0
2455622.321305,1.026518,1.08054715,-3.30058688,-0.32010452,0.14527748,-2.97335594,-0.32010195,1.0
2455622.325507,1.022743,1.08058289,-3.3005794,-0.32010142,0.14528818,-2.97341697,-0.32009885,1.0
2455622.3296970003,1.004076,1.08061854,-3.30057194,-0.32009834,0.14529885,-2.97347782,-0.32009577,1.0
2455622.333897,1.003152,1.08065428,-3.30056446,-0.32009525,0.14530956,-2.97353884,-0.32009268,1.0
2455622.338087,0.988477,1.08068992,-3.300557,-0.32009216,0.14532024,-2.9735997000000003,-0.32008959,1.0
2455622.342277,0.9527227,1.08072556,-3.30054954,-0.32008908,0.14533093,-2.97366056,-0.32008651,1.0
2455622.346477,0.9536006,1.0807613,-3.30054206,-0.32008598,0.14534165,-2.97372158,-0.32008341,1.0
2455622.350667,0.9336123,1.08079694,-3.3005346,-0.3200829,0.14535235,-2.97378244,-0.32008033,1.0
2455622.354867,0.9344726,1.08083268,-3.30052712,-0.3200798,0.14536308,-2.97384346,-0.32007724,1.0
2455622.359057,0.9396509,1.08086832,-3.30051965,-0.32007672,0.14537379,-2.97390433,-0.32007415,1.0
2455622.363247,0.9405168,1.08090397,-3.30051219,-0.32007363,0.1453845,-2.97396519,-0.32007107,1.0
2455622.367447,0.9370581,1.0809396999999998,-3.30050471,-0.32007054,0.14539525,-2.97402622,-0.32006797,1.0
2455622.371637,0.9677575,1.08097534,-3.30049724,-0.32006746,0.14540597,-2.97408709,-0.32006489,1.0
2455622.376313,0.9785129,1.08101512,-3.30048891,-0.32006401,0.14541794,-2.97415502,-0.32006144,1.0
2455622.380514,1.001305,1.08105087,-3.30048143,-0.32006092,0.14542871,-2.97421607,-0.32005835,1.0
2455622.384703,1.022743,1.0810865,-3.30047396,-0.32005783,0.14543944,-2.97427692,-0.32005527,1.0
2455622.388905,1.024629,1.08112224,-3.30046648,-0.32005474,0.14545022,-2.97433797,-0.32005217,1.0
2455969.396837,0.9122531,3.26791474,-1.53692363,0.02232889,2.48602792,-0.93459591,0.02232922,1.0
2455969.400876,0.9206942,3.26792828,-1.5368928999999998,0.02233333,2.48599792,-0.93462049,0.02233367,1.0
2455969.404372,0.924944,3.26793999,-1.53686631,0.02233717,2.48597196,-0.93464177,0.02233751,1.0
2455969.407867,0.8989084999999999,3.26795171,-1.53683971,0.02234102,2.485946,-0.93466305,0.02234136,1.0
2455969.4113740004,0.9283579,3.26796346,-1.53681303,0.02234487,2.48591996,-0.9346844,0.02234521,1.0
2455969.414869,0.9658629,3.26797517,-1.53678644,0.02234872,2.48589401,-0.93470568,0.02234906,1.0
2455969.418376,0.9649736,3.26798692,-1.53675976,0.02235257,2.48586798,-0.93472704,0.02235291,1.0
2455969.421872,1.00211,3.26799864,-1.53673316,0.02235642,2.48584203,-0.93474833,0.02235676,1.0
2455969.425367,1.027343,3.26801035,-1.53670657,0.02236026,2.48581609,-0.93476962,0.0223606,1.0
2455969.428875,1.008592,3.2680221,-1.53667988,0.02236412,2.48579006,-0.93479098,0.02236446,1.0
2455969.43237,1.030185,3.26803381,-1.53665329,0.02236796,2.48576412,-0.93481228,0.0223683,1.0
2455969.435877,1.046443,3.26804557,-1.53662661,0.02237182,2.4857381000000003,-0.93483364,0.02237216,1.0
2455969.439373,1.044517,3.26805728,-1.53660001,0.02237567,2.48571217,-0.93485495,0.02237601,1.0
2455969.44288,1.093744,3.26806903,-1.53657332,0.02237952,2.48568615,-0.93487632,0.02237986,1.0
2455969.447683,1.077744,3.26808512,-1.53653678,0.02238481,2.48565052,-0.93490559,0.02238515,1.0
2455969.451178,1.082718,3.26809683,-1.53651019,0.02238865,2.4856246,-0.93492689,0.02238899,1.0
2455969.454685,1.068847,3.26810858,-1.5364835,0.02239251,2.4855986,-0.93494827,0.02239285,1.0
2455969.4581810003,1.071804,3.2681203,-1.5364569,0.02239635,2.48557267,-0.93496959,0.02239669,1.0
2455969.461688,1.09173,3.26813205,-1.53643022,0.02240021,2.48554667,-0.93499097,0.02240055,1.0
2455969.465184,1.092737,3.26814375,-1.53640363,0.02240405,2.48552076,-0.93501228,0.02240439,1.0
2455969.468679,1.038761,3.26815546,-1.53637703,0.0224079,2.48549485,-0.9350336,0.02240824,1.0
2455969.472186,1.044517,3.26816721,-1.53635035,0.02241175,2.48546886,-0.93505499,0.0224121,1.0
2455969.475682,0.9975057,3.26817892,-1.53632375,0.0224156,2.48544295,-0.93507631,0.02241594,1.0
2455969.479189,0.9774969,3.26819067,-1.53629706,0.02241945,2.48541696,-0.93509771,0.0224198,1.0
2455969.482684,0.9395403,3.26820238,-1.53627047,0.0224233,2.48539107,-0.93511903,0.02242364,1.0
2455969.486179,0.8989084999999999,3.26821409,-1.53624387,0.02242714,2.48536517,-0.93514035,0.02242749,1.0
2455969.489686,0.8947783000000001,3.26822583,-1.53621719,0.022431,2.48533919,-0.93516175,0.02243134,1.0
2455969.493181,0.8857586,3.26823754,-1.53619059,0.02243484,2.48531331,-0.93518308,0.02243519,1.0
2455969.496689,0.958772,3.26824929,-1.5361639,0.0224387,2.48528732,-0.93520449,0.02243904,1.0
2455969.500185,0.9421401,3.268261,-1.53613731,0.02244254,2.48526144,-0.93522583,0.02244289,1.0
2455969.50368,0.9561265,3.2682727000000003,-1.53611071,0.02244639,2.48523556,-0.93524716,0.02244673,1.0
2455969.507187,0.958772,3.26828445,-1.53608403,0.02245025,2.48520959,-0.93526858,0.02245059,1.0
2455969.510856,1.005809,3.26829674,-1.53605611,0.02245428,2.48518243,-0.93529098,0.02245463,1.0
2455969.514363,1.042594,3.26830848,-1.53602942,0.02245814,2.48515647,-0.93531239,0.02245848,1.0
2455969.517858,1.02829,3.26832019,-1.53600283,0.02246198,2.4851306,-0.93533374,0.02246233,1.0
2455969.521354,1.040676,3.2683319,-1.53597623,0.02246583,2.48510473,-0.93535509,0.02246617,1.0
2455969.524861,1.027343,3.26834364,-1.53594954,0.02246968,2.48507877,-0.93537651,0.02247003,1.0
2455969.5283560003,1.052241,3.26835535,-1.53592294,0.02247353,2.48505291,-0.93539786,0.02247387,1.0
2455969.531863,1.033988,3.26836709,-1.53589626,0.02247738,2.48502697,-0.93541929,0.02247773,1.0
2455969.535359,1.033036,3.2683788,-1.53586966,0.02248123,2.48500111,-0.93544065,0.02248157,1.0
2455969.538855,1.038761,3.2683905,-1.53584306,0.02248507,2.48497525,-0.93546201,0.02248542,1.0
2455969.542362,1.026397,3.26840225,-1.53581637,0.02248893,2.48494931,-0.93548344,0.02248928,1.0
2455969.545857,1.033036,3.26841395,-1.53578978,0.02249277,2.48492346,-0.9355048,0.02249312,1.0
2455969.549364,1.027343,3.26842569,-1.53576309,0.02249663,2.48489753,-0.93552624,0.02249698,1.0
2455969.552859,1.003034,3.2684374,-1.53573649,0.02250047,2.48487169,-0.93554761,0.02250082,1.0
2455969.556355,0.9703209,3.2684491,-1.53570989,0.02250432,2.48484584,-0.93556898,0.02250467,1.0
2455969.559862,0.9929226,3.26846084,-1.5356832,0.02250818,2.48481991,-0.93559043,0.02250852,1.0
2455969.563357,0.9605397,3.26847255,-1.5356566,0.02251202,2.48479408,-0.9356118,0.02251237,1.0
2455969.566864,0.9360853,3.26848429,-1.53562992,0.02251588,2.48476816,-0.93563325,0.02251622,1.0
2455990.246719,0.9044747,3.33329379,-1.37626636,0.04521888,2.38311649,-1.09285625,0.04522023,1.0
2455990.250284,0.9246905,3.33330419,-1.37623856,0.04522279,2.38310836,-1.09288744,0.04522413,1.0
2455990.253085,0.9298148,3.33331237,-1.37621671,0.04522586,2.38310199,-1.09291195,0.0452272,1.0
2455990.255898,0.9453582,3.33332058,-1.37619477,0.04522894,2.38309558,-1.09293657,0.04523028,1.0
2455990.2586990003,0.9532273,3.33332875,-1.37617293,0.04523201,2.38308921,-1.09296108,0.04523335,1.0
2455990.26151,0.9523497,3.33333695,-1.37615099,0.04523509,2.38308281,-1.09298569,0.04523643,1.0
2455990.264311,0.9629339,3.33334513,-1.37612915,0.04523815,2.38307644,-1.0930102,0.0452395,1.0
2455990.267112,0.9754306,3.3333533,-1.3761073,0.04524122,2.38307007,-1.09303472,0.04524257,1.0
2455990.2699240004,1.0092450000000002,3.3333615,-1.37608537,0.0452443,2.38306368,-1.09305933,0.04524565,1.0
2455990.272725,1.030852,3.33336968,-1.37606352,0.04524737,2.38305732,-1.09308384,0.04524871,1.0
2455990.275526,1.041349,3.33337785,-1.37604168,0.04525044,2.38305095,-1.09310836,0.04525178,1.0
2455990.278339,1.043269,3.33338605,-1.37601974,0.04525352,2.38304457,-1.09313298,0.04525486,1.0
2455990.28114,1.043269,3.33339423,-1.37599789,0.04525659,2.38303821,-1.09315749,0.04525793,1.0
2455990.283941,1.029903,3.3334024,-1.37597604,0.04525966,2.38303185,-1.09318201,0.045261,1.0
2455990.286753,1.03561,3.3334106,-1.37595411,0.04526274,2.38302547,-1.09320662,0.04526408,1.0
2455990.289554,1.050017,3.33341877,-1.37593226,0.0452658,2.38301912,-1.09323114,0.04526715,1.0
2455990.292355,1.036565,3.33342694,-1.37591042,0.04526887,2.38301277,-1.09325566,0.04527022,1.0
2455990.295168,1.032753,3.33343515,-1.37588847,0.04527195,2.3830064,-1.09328029,0.0452733,1.0
2455990.297968,1.0289549999999998,3.33344332,-1.37586664,0.04527502,2.38300006,-1.0933048,0.04527637,1.0
2455990.300769,1.022343,3.33345149,-1.37584479,0.04527809,2.38299371,-1.09332932,0.04527943,1.0
2455990.303582,1.059733,3.33345969,-1.37582285,0.04528117,2.38298735,-1.09335394,0.04528251,1.0
2455990.306383,1.044231,3.33346786,-1.375801,0.04528424,2.38298101,-1.09337847,0.04528558,1.0
2455990.309195,1.0092450000000002,3.33347607,-1.37577907,0.04528732,2.38297464,-1.09340309,0.04528866,1.0
2455990.311996,0.9981515,3.33348424,-1.37575722,0.04529039,2.38296831,-1.09342761,0.04529173,1.0
2455990.314797,0.9826444,3.33349241,-1.37573537,0.04529345,2.38296198,-1.09345213,0.0452948,1.0
2455990.31761,0.9673785,3.33350061,-1.37571343,0.04529653,2.38295562,-1.09347676,0.04529788,1.0
2455990.320411,0.9471014,3.33350878,-1.37569158,0.0452996,2.38294929,-1.09350129,0.04530095,1.0
2455990.324369,0.9323876,3.33352032,-1.37566071,0.04530394,2.38294035,-1.09353594,0.04530528,1.0
2455990.3271810003,0.9255428,3.33352852,-1.37563878,0.04530702,2.382934,-1.09356057,0.04530836,1.0
2455990.329982,0.9221391,3.33353669,-1.37561693,0.04531009,2.38292768,-1.09358509,0.04531143,1.0
2455990.332783,0.8953573,3.33354486,-1.37559508,0.04531315,2.38292136,-1.09360962,0.0453145,1.0
2455990.335596,0.9128436,3.33355307,-1.37557314,0.04531624,2.38291502,-1.09363425,0.04531758,1.0
2455990.338397,0.9298148,3.33356123,-1.37555129,0.045319300000000014,2.38290871,-1.09365878,0.04532065,1.0
2455990.341198,0.9136849,3.3335694,-1.37552944,0.04532237,2.38290239,-1.09368331,0.04532372,1.0
2455990.34401,0.9479741,3.3335776,-1.37550751,0.04532545,2.38289606,-1.09370794,0.0453268,1.0
2455990.3468110003,0.9763295,3.33358577,-1.37548566,0.04532852,2.38288975,-1.09373247,0.04532987,1.0
2455990.349623,0.9899118,3.33359397,-1.37546373,0.0453316,2.38288342,-1.0937571,0.04533295,1.0
2455990.3524240004,1.000913,3.33360214,-1.37544188,0.04533467,2.38287711,-1.09378163,0.04533602,1.0
2455990.355225,1.033705,3.33361031,-1.37542003,0.04533774,2.38287081,-1.09380616,0.04533908,1.0
2455990.3580380003,1.075466,3.33361851,-1.37539809,0.04534082,2.38286448,-1.0938308,0.04534216,1.0
2455990.360839,1.057783,3.33362667,-1.37537624,0.04534388,2.38285819,-1.09385533,0.04534523,1.0
2455990.36364,1.068554,3.33363484,-1.37535439,0.04534695,2.38285189,-1.09387987,0.0453483,1.0
2455990.366452,1.084417,3.33364304,-1.37533246,0.04535003,2.38284557,-1.0939045,0.04535138,1.0
2455990.369252,1.077448,3.33365121,-1.37531061,0.0453531,2.38283928,-1.09392903,0.04535445,1.0
2455990.372053,1.092437,3.33365937,-1.37528876,0.04535617,2.38283299,-1.09395357,0.04535752,1.0
2455990.374866,1.081425,3.33366757,-1.37526681,0.04535925,2.38282667,-1.09397821,0.0453606,1.0
2455990.377666,1.078441,3.33367574,-1.37524497,0.04536232,2.38282039,-1.09400274,0.04536367,1.0
2455990.380467,1.09546,3.3336839,-1.37522312,0.04536538,2.38281411,-1.09402728,0.04536673,1.0
2455990.38328,1.094451,3.3336921000000004,-1.37520118,0.04536847,2.3828078,-1.09405192,0.04536982,1.0
2455990.3860810003,1.10153,3.33370027,-1.37517933,0.04537153,2.38280152,-1.09407646,0.04537288,1.0
2455990.388893,1.090427,3.33370847,-1.3751574,0.04537461,2.38279522,-1.09410109,0.04537596,1.0
2455990.391694,1.090427,3.33371663,-1.37513555,0.04537768,2.38278894,-1.09412564,0.04537903,1.0
2455990.394495,1.054864,3.3337248,-1.3751136999999998,0.04538075,2.38278267,-1.09415018,0.0453821,1.0
2455990.3973080004,1.065605,3.333733,-1.37509175,0.04538383,2.38277637,-1.09417482,0.04538518,1.0
2455990.400109,1.041349,3.33374116,-1.37506991,0.0453869,2.3827701,-1.09419936,0.04538825,1.0
2455990.40291,1.017645,3.33374933,-1.37504806,0.04538997,2.38276384,-1.09422391,0.04539132,1.0
2455990.405722,1.017645,3.33375752,-1.37502612,0.04539305,2.38275755,-1.09424855,0.0453944,1.0
2455990.408523,0.9799332,3.33376569,-1.37500427,0.04539612,2.38275129,-1.09427309,0.04539747,1.0
2455990.411335,0.9700551,3.33377388,-1.37498233,0.0453992,2.382745,-1.09429773,0.04540055,1.0
2455990.414136,0.918748,3.33378205,-1.37496048,0.04540226,2.38273874,-1.09432228,0.04540361,1.0
2455990.417852,0.9003190000000001,3.33379288,-1.3749315,0.04540633,2.38273044,-1.09435484,0.04540768,1.0
2455990.420664,0.9195947,3.33380107,-1.37490956,0.04540941,2.38272417,-1.09437948,0.04541076,1.0
2455990.423465,0.9263955,3.33380924,-1.37488771,0.04541248,2.38271792,-1.09440403,0.04541383,1.0
2455990.426266,0.9384181,3.3338174,-1.37486586,0.04541555,2.38271167,-1.09442858,0.0454169,1.0
2455990.429079,0.9462293,3.3338256,-1.37484392,0.04541863,2.38270539,-1.09445323,0.04541998,1.0
2455990.431891,0.9401485,3.33383379,-1.37482198,0.04542171,2.38269912,-1.09447788,0.04542306,1.0
2455990.434692,0.9576272,3.33384196,-1.37480013,0.04542478,2.38269288,-1.09450243,0.04542613,1.0
2455990.437493,0.9718436,3.33385012,-1.37477828,0.04542785,2.38268664,-1.09452698,0.0454292,1.0
2455990.440305,0.9899118,3.33385831,-1.37475634,0.04543093,2.38268038,-1.09455162,0.04543228,1.0
2455990.4431060003,1.013903,3.33386648,-1.37473449,0.04543399,2.38267414,-1.09457617,0.04543535,1.0
