2444113.653,22.803420000000006,-1.834326,0.8581296999999999,0.05682619,-0.9221817,0.4239869000000001,0.05682019,1.0
2444113.67259,23.35608,-1.834444,0.8579085999999999,0.05685774,-0.9221615,0.4240691,0.05685174,1.0
2444113.69009,22.76145,-1.83455,0.8577110000000001,0.05688593,-0.9221434,0.4241425999999999,0.05687993,1.0
2444113.71288,21.35994,-1.834688,0.8574537,0.05692265,-0.9221199,0.4242383,0.05691665,1.0
2444113.73204,20.51162,-1.834803,0.8572373,0.05695352,-0.9221001,0.4243187,0.05694752,1.0
2444113.75275,19.44464,-1.834928,0.8570035,0.05698689,-0.9220788,0.4244057,0.05698089,1.0
2444113.77275,19.26637,-1.835049,0.8567776,0.05701911,-0.9220581,0.4244896,0.05701311,1.0
2444113.80192,21.10571,-1.835226,0.8564483,0.05706609,-0.922028,0.4246121,0.05706009,1.0
2444113.8465,23.59391,-1.835495,0.8559449,0.05713792,-0.921982,0.4247992,0.05713192,1.0
2444113.86829,23.05685,-1.835627,0.8556988999999999,0.05717302,-0.9219595,0.4248907,0.05716702,1.0
2444113.89092,21.35994,-1.835763,0.8554434000000001,0.05720947,-0.9219362,0.4249857,0.05720347,1.0
2444113.90484,19.97101,-1.835848,0.8552863000000002,0.05723189,-0.9219218,0.4250441,0.05722589,1.0
2444113.9280000003,19.08974,-1.835988,0.8550247,0.05726921,-0.9218979,0.4251414000000001,0.05726321,1.0
2444113.94704,19.14256,-1.836103,0.8548097,0.05729989,-0.9218783000000002,0.4252213,0.05729389,1.0
2444113.68026,22.86652,-1.834515,0.8578343,0.05687086,-0.9220799,0.4240657,0.05686386,1.0
2444113.69892,21.57744,-1.83463,0.8576241,0.05690096,-0.922057,0.4241423,0.05689396,1.0
2444113.76047,18.6896,-1.835005,0.8569312,0.05700023,-0.9219815,0.4243948,0.05699323,1.0
2444113.8242200003,22.34601,-1.835395,0.8562133,0.05710306,-0.9219033,0.4246564,0.05709606,1.0
2444113.86626,22.26384,-1.835652,0.8557399,0.05717087,-0.9218517,0.4248289000000001,0.05716387,1.0
2444113.90401,18.75858,-1.835882,0.8553149,0.05723176,-0.9218054,0.4249837,0.05722476,1.0
2444113.92197,18.18026,-1.835992,0.8551127000000001,0.05726073,-0.9217833,0.4250574,0.05725373,1.0
2444113.94022,18.24736,-1.836104,0.8549072,0.05729017,-0.921761,0.4251323,0.05728317,1.0
2444113.95805,19.39099,-1.836213,0.8547064,0.05731893,-0.9217391,0.4252055,0.05731193,1.0
2444113.97751,20.81613,-1.836331,0.8544873,0.05735032,-0.9217152,0.4252853,0.05734332,1.0
2444113.99917,21.65708,-1.836464,0.8542433,0.05738527,-0.9216886,0.4253742,0.05737827,1.0
2448173.56963,15.21412,-2.10881,-0.26362490000000005,0.191579,-1.146858,0.00574617,0.191582,1.0
2448173.57761,14.46262,-2.108809,-0.2637226,0.19158870000000006,-1.146896,0.00577992,0.1915917,1.0
2448173.60689,13.14156,-2.108804,-0.2640816,0.1916244,-1.1470360000000002,0.00590388,0.1916274,1.0
2448173.61373,13.32438,-2.108803,-0.26416540000000005,0.1916328,-1.147069,0.00593282,0.1916358,1.0
2448173.62264,13.4973,-2.108801,-0.26427470000000003,0.19164360000000005,-1.147112,0.00597055,0.1916466,1.0
2448173.63565,14.22483,-2.1087990000000003,-0.2644342,0.1916595,-1.147174,0.00602561,0.1916625,1.0
2448173.6545,14.97776,-2.108796,-0.2646652,0.1916825,-1.1472639999999998,0.00610539,0.1916855,1.0
2448173.66083,14.88151,-2.108795,-0.2647428,0.1916902,-1.1472950000000002,0.00613218,0.1916932,1.0
2448173.6708400003,15.38321,-2.108793,-0.26486550000000003,0.1917024,-1.147342,0.00617456,0.1917054,1.0
2448173.67688,15.87256,-2.108792,-0.2649396,0.1917098,-1.147371,0.00620014,0.1917128,1.0
2448173.68842,16.42279,-2.10879,-0.265081,0.1917239,-1.147427,0.00624897,0.1917269,1.0
2448173.69463,16.25724,-2.108789,-0.26515720000000004,0.1917315,-1.147456,0.00627529,0.1917345,1.0
2448173.75721,15.298429999999998,-2.108778,-0.2659244,0.1918078,-1.147756,0.00654019,0.1918108,1.0
2448173.76618,14.963970000000002,-2.108777,-0.2660344,0.1918187,-1.147799,0.00657816,0.1918217,1.0
2448173.77201,14.75866,-2.108776,-0.2661057,0.1918258,-1.1478270000000002,0.006602800000000001,0.1918288,1.0
2448173.78075,14.31683,-2.1087740000000004,-0.26621290000000003,0.1918365,-1.147868,0.0066398,0.1918395,1.0
2448173.78678,13.90103,-2.108773,-0.2662868,0.1918439,-1.147897,0.00666532,0.1918469,1.0
2448173.7956,13.74824,-2.108772,-0.2663949,0.1918546,-1.147939,0.00670266,0.1918576,1.0
2448173.80167,13.23875,-2.108771,-0.2664694,0.191862,-1.147968,0.00672838,0.191865,1.0
2448173.81099,13.11738,-2.108769,-0.2665836,0.1918734,-1.148013,0.00676782,0.1918764,1.0
2448173.8173,13.5721,-2.108768,-0.26666090000000003,0.19188110000000005,-1.148043,0.00679452,0.1918841,1.0
2448173.82702,13.5721,-2.108766,-0.2667801,0.191893,-1.14809,0.00683567,0.191896,1.0
2448173.83323,13.83716,-2.108765,-0.2668563,0.1919005,-1.14812,0.00686198,0.1919035,1.0
2448175.55003,16.79281,-2.108363,-0.287889,0.1939858,-1.156709,0.01400025,0.1939888,1.0
2448175.5557,17.02642,-2.108361,-0.2879584,0.1939927,-1.156739,0.01402339,0.1939957,1.0
2448175.56155,16.77735,-2.108359,-0.2880302,0.1939998,-1.15677,0.01404728,0.1940028,1.0
2448175.5671200003,16.44081,-2.108358,-0.2880983,0.1940065,-1.156799,0.01406999,0.1940095,1.0
2448175.57554,16.051779999999994,-2.108355,-0.2882013,0.1940167,-1.156843,0.01410432,0.1940196,1.0
2448175.58128,15.37175,-2.1083540000000003,-0.2882716,0.1940236,-1.156873,0.01412772,0.1940266,1.0
2448175.5869400003,15.16084,-2.108352,-0.2883409,0.1940304,-1.156902,0.01415082,0.1940334,1.0
2448175.59242,15.18879,-2.10835,-0.288408,0.194037,-1.156931,0.01417319,0.19404,1.0
2448175.61145,13.68747,-2.108344,-0.288641,0.19406,-1.15703,0.01425081,0.194063,1.0
2448175.61711,13.72534,-2.108343,-0.28871020000000003,0.1940669,-1.15706,0.01427389,0.1940699,1.0
2448175.62743,13.13177,-2.10834,-0.2888366,0.1940793,-1.157114,0.014316,0.1940823,1.0
2448175.63293,13.35129,-2.1083380000000003,-0.288904,0.194086,-1.157143,0.01433844,0.194089,1.0
2448175.64178,13.241079999999998,-2.108335,-0.28901220000000005,0.1940967,-1.157189,0.0143745,0.1940997,1.0
2448175.65092,13.67487,-2.108333,-0.2891241,0.1941077,-1.157237,0.01441179,0.1941107,1.0
2448175.65726,14.20114,-2.108331,-0.2892018,0.1941154,-1.15727,0.01443766,0.1941184,1.0
2448175.66273,14.74766,-2.108329,-0.2892688,0.194122,-1.157298,0.01445999,0.194125,1.0
2448175.67117,15.42848,-2.108327,-0.2893721,0.1941322,-1.157342,0.01449441,0.1941352,1.0
2448175.67705,15.94863,-2.108325,-0.2894441,0.1941393,-1.157373,0.01451839,0.1941423,1.0
2448175.6833,16.45596,-2.108323,-0.2895206,0.1941468,-1.157406,0.01454388,0.1941498,1.0
2448175.68863,16.77735,-2.108321,-0.28958579999999995,0.1941533,-1.157434,0.0145656,0.1941563,1.0
2448175.69523,16.995079999999998,-2.108319,-0.2896666,0.1941612,-1.157468,0.01459252,0.1941642,1.0
2448175.70125,17.16814,-2.108318,-0.2897404000000001,0.1941685,-1.1575,0.01461712,0.1941715,1.0
2448175.72708,16.917,-2.10831,-0.2900565,0.1941997,-1.157634,0.01472244,0.1942027,1.0
2448175.73256,16.669529999999998,-2.108308,-0.2901236,0.1942063,-1.157663,0.01474482,0.1942093,1.0
2448175.73896,16.30509,-2.108306,-0.290202,0.1942141,-1.157697,0.01477093,0.1942171,1.0
2448175.7459400003,15.87535,-2.108304,-0.29028740000000003,0.1942225,-1.157733,0.0147994,0.1942255,1.0
2448175.75386,15.315220000000002,-2.108302,-0.2903843,0.1942321,-1.157774,0.01483169,0.1942351,1.0
2448175.75958,14.76125,-2.1083,-0.29045429999999994,0.194239,-1.157804,0.01485501,0.194242,1.0
2448175.76596,14.08391,-2.108298,-0.2905325,0.1942467,-1.157838,0.01488106,0.1942497,1.0
2448175.77145,13.776,-2.1082970000000003,-0.2905997,0.1942533,-1.157866,0.01490345,0.1942563,1.0
2448175.7826900003,13.326720000000002,-2.108293,-0.29073730000000003,0.1942669,-1.157925,0.01494928,0.1942699,1.0
2448175.78652,13.08348,-2.108292,-0.2907842,0.1942715,-1.157945,0.01496492,0.1942745,1.0
2448175.79321,13.15598,-2.10829,-0.2908661,0.1942796,-1.15798,0.0149922,0.1942826,1.0
2448185.52061,14.73589,-2.102321,-0.4094728,0.2057471,-1.219124,0.05001338,0.2057501,1.0
2448185.53329,15.37363,-2.102309,-0.4096266,0.2057616,-1.219217,0.05005186,0.2057646,1.0
2448185.5359400003,15.3171,-2.102307,-0.4096588,0.2057647,-1.219236,0.05005991,0.20576770000000005,1.0
2448185.54831,15.35948,-2.102295,-0.4098089,0.2057789,-1.219327,0.05009746,0.2057819,1.0
2448185.55095,15.21866,-2.102293,-0.4098409000000001,0.2057819,-1.219347,0.05010547,0.2057849,1.0
2448185.56261,14.99604,-2.102282,-0.4099825,0.2057953,-1.219432,0.05014089,0.2057983,1.0
2448185.56509,14.53371,-2.10228,-0.4100126,0.2057981,-1.21945,0.05014842,0.2058011,1.0
2448185.57653,14.05971,-2.102269,-0.4101514,0.2058113,-1.219534,0.05018313,0.2058143,1.0
2448185.5791700003,13.76501,-2.102266,-0.4101834,0.2058143,-1.219554,0.05019115,0.2058173,1.0
2448185.59083,12.97706,-2.102256,-0.410325,0.2058277,-1.219639,0.05022657,0.20583070000000006,1.0
2448185.59345,12.74021,-2.102253,-0.4103568,0.20583070000000006,-1.219658,0.0502345,0.2058337,1.0
2448185.6049,12.07748,-2.102243,-0.4104958,0.2058438,-1.219742,0.05026929,0.2058468,1.0
2448185.60744,11.81344,-2.10224,-0.4105266,0.2058467,-1.219761,0.05027699,0.2058497,1.0
2448185.6208,11.43869,-2.102228,-0.4106887,0.2058621,-1.219859,0.05031754,0.2058651,1.0
2448185.62345,11.35472,-2.102225,-0.4107209,0.2058651,-1.219878,0.05032558,0.2058681,1.0
2448185.63572,11.36518,-2.102214,-0.4108698,0.2058792,-1.219968,0.05036284,0.2058822,1.0
2448185.6384400004,11.51268,-2.102211,-0.4109028,0.2058823,-1.219988,0.0503711,0.2058853,1.0
2448185.64993,11.81344,-2.102201,-0.4110423,0.2058955,-1.220073,0.05040599,0.2058985,1.0
2448185.6524,11.88985,-2.102198,-0.4110722,0.2058984,-1.220091,0.05041347,0.2059014,1.0
2448185.6787,13.2549,-2.102174,-0.4113915,0.2059286,-1.220284,0.05049335,0.2059316,1.0
2448185.68134,13.41456,-2.102171,-0.4114235,0.2059316,-1.220303,0.05050135,0.2059346,1.0
2448185.69282,14.08564,-2.102161,-0.4115629,0.2059448,-1.220387,0.0505362,0.2059478,1.0
2448185.69546,13.98223,-2.102158,-0.4115949,0.2059478,-1.220407,0.05054422,0.2059508,1.0
2448185.70734,14.66819,-2.102147,-0.4117391,0.2059614,-1.220494,0.05058028,0.2059644,1.0
2448185.70993,14.49361,-2.102145,-0.4117705,0.2059644,-1.220513,0.05058815,0.2059674,1.0
2448185.72131,14.79028,-2.102134,-0.4119086,0.2059775,-1.220596,0.05062269,0.2059805,1.0
2448185.72377,14.85855,-2.102132,-0.4119385,0.2059803,-1.220614,0.05063017,0.2059833,1.0
2448185.73588,14.95466,-2.102121,-0.4120855,0.2059942,-1.220703,0.05066693,0.2059972,1.0
2448185.73848,14.91339,-2.102118,-0.4121171,0.2059972,-1.220722,0.05067484,0.2060002,1.0
2448185.75225,14.65468,-2.102105,-0.4122840999999999,0.206013,-1.220823,0.05071662,0.206016,1.0
2448185.75488,14.53371,-2.102103,-0.4123161,0.206016,-1.220843,0.05072463,0.206019,1.0
2448185.76725,14.03384,-2.102091,-0.4124662,0.2060302,-1.220933,0.05076216,0.20603320000000006,1.0
2448185.77006,13.70176,-2.102089,-0.4125003,0.2060334,-1.220954,0.0507707,0.2060364,1.0
2448185.78185,13.20616,-2.102078,-0.4126434,0.206047,-1.22104,0.0508065,0.20605,1.0
2448185.78458,13.061,-2.102075,-0.4126766,0.2060501,-1.221061,0.0508148,0.2060531,1.0
2448185.79715,12.63503,-2.102064,-0.4128291,0.2060645,-1.2211530000000002,0.05085295,0.2060675,1.0
2448185.79985,12.3247,-2.102061,-0.4128619000000001,0.2060676,-1.221172,0.05086114,0.2060706,1.0
2448655.55362,16.05966,1.590378,-2.196571,0.09656053,0.9111355,-1.482465,0.09655853,1.0
2448655.5586200003,15.95645,1.590417,-2.196544,0.0965547,0.911111,-1.482497,0.0965527,1.0
2448655.56123,15.95645,1.590438,-2.19653,0.09655167,0.9110983,-1.482514,0.09654967,1.0
2448655.57517,16.87859,1.590547,-2.196453,0.09653542,0.9110299,-1.482604,0.09653342,1.0
2448655.57746,16.60108,1.590565,-2.19644,0.09653276,0.9110187,-1.482619,0.09653076,1.0
2448655.5797200003,16.9565,1.590582,-2.196428,0.09653012,0.9110076,-1.482633,0.09652812,1.0
2448655.58227,17.479789999999998,1.590602,-2.196414,0.09652716,0.9109951,-1.48265,0.09652516,1.0
2448655.58453,17.3355,1.59062,-2.196402,0.09652452,0.910984,-1.482664,0.09652252,1.0
2448655.58681,17.20823,1.590638,-2.196389,0.09652187,0.9109729,-1.482679,0.09651987,1.0
2448655.58907,16.94089,1.590655,-2.196377,0.09651923,0.9109618,-1.482694,0.09651723,1.0
2448655.59135,17.129170000000002,1.590673,-2.196364,0.09651658,0.9109506,-1.482708,0.09651458,1.0
2448655.59396,17.01909,1.590694,-2.19635,0.09651353,0.9109378,-1.482725,0.09651153,1.0
2448655.59623,17.56048,1.590711,-2.196337,0.09651089,0.9109267,-1.48274,0.09650889,1.0
2448655.5986,17.57666,1.59073,-2.196324,0.09650813,0.910915,-1.4827549999999998,0.09650613,1.0
2448655.60107,17.479789999999998,1.590749,-2.196311,0.09650526,0.910903,-1.4827709999999998,0.09650326,1.0
2448655.61469,18.03584,1.590855,-2.196236,0.09648938,0.9108362,-1.482859,0.09648738,1.0
2448655.61697,17.93644,1.590873,-2.196223,0.09648673,0.910825,-1.482874,0.09648473,1.0
2448655.6192400004,18.1024,1.590891,-2.196211,0.09648409,0.9108139,-1.482888,0.09648209,1.0
2448655.6264,18.57532,1.590947,-2.196171,0.09647574,0.9107788,-1.482935,0.09647374,1.0
2448655.62867,18.57532,1.590965,-2.196159,0.0964731,0.9107677,-1.482949,0.0964711,1.0
2448655.63094,18.64388,1.590982,-2.196146,0.09647045,0.9107565,-1.482964,0.09646845,1.0
2448655.63321,18.43895,1.591,-2.196134,0.09646781,0.9107454,-1.482979,0.09646581,1.0
2448655.65491,19.14857,1.59117,-2.196015,0.09644253,0.910639,-1.483119,0.09644053,1.0
2448655.6573,19.02551,1.5911879999999998,-2.196002,0.09643974,0.9106273,-1.483134,0.09643774,1.0
2448655.65957,18.99049,1.591206,-2.195989,0.0964371,0.9106162,-1.483149,0.0964351,1.0
2448655.66184,18.88584,1.591224,-2.195977,0.09643446,0.9106051,-1.483164,0.09643246,1.0
2448655.66411,19.07815,1.591242,-2.195964,0.09643181,0.9105939,-1.483178,0.09642981,1.0
2448655.66638,19.09573,1.591259,-2.195952,0.09642917,0.9105828,-1.483193,0.09642717,1.0
2448655.68051,19.00799,1.5913700000000002,-2.1958740000000003,0.0964127,0.9105135,-1.483284,0.0964107,1.0
2448655.68278,19.11333,1.591387,-2.195862,0.09641006,0.9105024,-1.483299,0.09640806,1.0
2448655.68519,18.85108,1.591406,-2.195848,0.09640726,0.9104906,-1.483314,0.09640526,1.0
2448655.68752,19.00799,1.591425,-2.195836,0.09640453,0.9104792,-1.483329,0.09640253,1.0
2448655.6898,18.90324,1.591442,-2.195823,0.09640189,0.910468,-1.483344,0.09639989,1.0
2448655.69206,18.59243,1.59146,-2.195811,0.09639925,0.9104569,-1.483359,0.09639725,1.0
2448655.69432,18.18596,1.5914780000000002,-2.195798,0.09639662,0.9104458,-1.483373,0.09639462,1.0
2448655.6968900003,18.54113,1.591498,-2.195784,0.09639363,0.9104333,-1.48339,0.09639163,1.0
2448655.69916,18.30359,1.591515,-2.1957720000000003,0.09639098,0.9104221,-1.483405,0.09638898,1.0
2448655.7014200003,18.00264,1.591533,-2.195759,0.09638834,0.910411,-1.483419,0.09638634,1.0
2448655.7135900003,17.80477,1.591628,-2.195692,0.09637417,0.9103514,-1.483498,0.09637217,1.0
2448655.71596,17.56048,1.591647,-2.195679,0.0963714,0.9103398,-1.483513,0.0963694,1.0
2448655.71835,17.27175,1.591665,-2.195666,0.09636863,0.9103281,-1.483528,0.09636663,1.0
2448655.72183,16.770120000000002,1.591693,-2.195647,0.09636456,0.910311,-1.483551,0.09636256,1.0
2448655.72627,16.5248,1.591727,-2.195623,0.09635939,0.9102892,-1.48358,0.09635739,1.0
2448655.72875,16.403489999999998,1.591747,-2.195609,0.0963565,0.9102771,-1.483596,0.0963545,1.0
2448655.7310200003,16.283070000000002,1.591764,-2.195597,0.09635386,0.9102659,-1.48361,0.09635186,1.0
2448655.73358,16.04487,1.591784,-2.195582,0.09635088,0.9102534,-1.483627,0.09634888,1.0
2448655.74556,16.0006,1.591878,-2.195517,0.09633693,0.9101947,-1.483704,0.09633493,1.0
2448655.74782,15.85391,1.591896,-2.195504,0.09633428,0.9101836,-1.483719,0.09633228,1.0
2448655.75035,15.56454,1.591915,-2.19549,0.09633134,0.9101712,-1.483735,0.09632934,1.0
2448655.75282,15.46451,1.591935,-2.195477,0.09632847,0.9101591,-1.483751,0.09632647,1.0
2448655.75508,15.53589,1.591952,-2.195464,0.09632583,0.910148,-1.483766,0.09632383,1.0
2448655.75752,15.76654,1.5919709999999998,-2.195451,0.09632298,0.910136,-1.483782,0.09632098,1.0
2448655.7598,15.737520000000002,1.591989,-2.195438,0.09632033,0.9101248,-1.483796,0.09631833,1.0
2448655.76207,15.72303,1.592007,-2.195426,0.09631768,0.9101137,-1.483811,0.09631568,1.0
2448655.76434,15.43605,1.592025,-2.1954130000000003,0.09631504,0.9101026,-1.483826,0.09631304,1.0
2448655.78002,16.540029999999998,1.592147,-2.1953270000000003,0.09629677,0.9100257,-1.483927,0.09629477,1.0
2448655.78249,16.570520000000002,1.592167,-2.195314,0.0962939,0.9100136,-1.483943,0.0962919,1.0
2448655.78501,16.75468,1.592186,-2.1953,0.09629096,0.9100013,-1.483959,0.09628896,1.0
2448655.78727,16.86306,1.5922040000000002,-2.195287,0.09628833,0.9099902,-1.483974,0.09628633,1.0
2448655.79101,17.16075,1.592233,-2.195267,0.09628398,0.9099719,-1.483998,0.09628198,1.0
2448655.79345,16.81653,1.592252,-2.1952540000000003,0.09628113,0.9099599,-1.484014,0.09627913,1.0
2448657.55874,16.88043,1.606005,-2.185496,0.09422285,0.9016316,-1.495734,0.09422085,1.0
2448657.56101,16.450670000000002,1.606023,-2.185484,0.0942202,0.9016214,-1.495749,0.0942182,1.0
2448657.5632700003,15.8995,1.60604,-2.185471,0.09421756,0.9016111,-1.495765,0.09421556,1.0
2448657.56582,16.07621,1.60606,-2.185457,0.09421459,0.9015996,-1.495782,0.09421259,1.0
2448657.56809,16.07621,1.606078,-2.185444,0.09421194,0.9015894,-1.495797,0.09420994,1.0
2448657.57503,16.15041,1.606132,-2.185406,0.09420384,0.901558,-1.495845,0.09420184,1.0
2448657.5773,15.60931,1.606149,-2.185393,0.09420119,0.9015476999999998,-1.49586,0.09419919,1.0
2448657.5924,16.664170000000002,1.606266,-2.185309,0.09418357,0.9014795,-1.495963,0.09418157,1.0
2448657.59466,16.3299,1.606284,-2.1852970000000003,0.09418093,0.9014692,-1.4959790000000002,0.09417893,1.0
2448657.59705,17.02094,1.606302,-2.185283,0.09417814,0.9014584,-1.495995,0.09417614,1.0
2448657.59952,17.00527,1.606322,-2.18527,0.09417525,0.9014472,-1.496012,0.09417325,1.0
2448657.60202,16.88043,1.606341,-2.1852560000000003,0.09417234,0.9014359,-1.496029,0.09417034,1.0
2448657.6043,17.00527,1.606359,-2.185243,0.09416969,0.9014257,-1.496045,0.09416769,1.0
2448657.60656,17.08376,1.606376,-2.185231,0.09416704,0.9014154,-1.49606,0.09416504,1.0
2448657.60883,17.610979999999994,1.606394,-2.185218,0.0941644,0.9014052,-1.496076,0.0941624,1.0
2448657.62146,18.57734,1.606492,-2.185148,0.09414966,0.9013481,-1.496162,0.09414766,1.0
2448657.62372,18.49199,1.60651,-2.185135,0.09414701,0.9013378,-1.496177,0.09414501,1.0
2448657.626,18.56024,1.606527,-2.185122,0.09414436,0.9013276,-1.496193,0.09414236,1.0
2448657.62848,18.80111,1.606547,-2.185109,0.09414146,0.9013163,-1.49621,0.09413946,1.0
2448657.63075,18.9053,1.606564,-2.185096,0.09413881,0.9013061,-1.496225,0.09413681,1.0
2448657.63302,18.61159,1.606582,-2.185083,0.09413616,0.9012958,-1.496241,0.09413416,1.0
2448657.6443,19.74166,1.606669,-2.185021,0.094123,0.9012448,-1.496318,0.094121,1.0
2448657.64657,19.34566,1.606687,-2.1850080000000003,0.09412035,0.9012345,-1.496333,0.09411835,1.0
2448657.64904,19.72348,1.606706,-2.184994,0.09411747,0.9012234,-1.49635,0.09411547,1.0
2448657.65131,19.47079,1.606724,-2.184982,0.09411482,0.9012131,-1.496366,0.09411282,1.0
2448657.6537200003,19.68718,1.606743,-2.184968,0.09411201,0.9012022,-1.496382,0.09411001,1.0
2448657.65598,18.99256,1.60676,-2.184956,0.09410937,0.901192,-1.496398,0.09410737,1.0
2448657.66488,19.50669,1.606829,-2.184906,0.09409898,0.9011518,-1.496458,0.09409698,1.0
2448657.66715,19.47079,1.606847,-2.184894,0.09409633,0.9011415,-1.496474,0.09409433,1.0
2448657.66942,19.61479,1.606865,-2.1848810000000003,0.09409369,0.9011312,-1.496489,0.09409169,1.0
2448657.67169,19.34566,1.606882,-2.184868,0.09409104,0.901121,-1.496505,0.09408904,1.0
2448657.67396,19.274520000000006,1.6069,-2.184856,0.09408839,0.9011107,-1.49652,0.09408639,1.0
2448657.6762200003,18.80111,1.606917,-2.184843,0.09408575,0.9011005,-1.496536,0.09408375,1.0
2448657.6785,18.08771,1.606935,-2.184831,0.0940831,0.9010902,-1.496551,0.0940811,1.0
2448657.74118,17.385360000000002,1.607422,-2.184482,0.09400994,0.9008068,-1.496979,0.09400794,1.0
2448657.74345,17.40138,1.6074389999999998,-2.184469,0.09400729,0.9007966,-1.496995,0.09400529,1.0
2448657.74572,17.610979999999994,1.607457,-2.184457,0.09400465,0.9007863000000002,-1.49701,0.09400265,1.0
2448657.74799,17.77393,1.607475,-2.184444,0.094002,0.900776,-1.497026,0.094,1.0
2448657.75025,18.08771,1.607492,-2.184432,0.09399935,0.9007658000000002,-1.497041,0.09399735,1.0
2448657.75252,17.77393,1.60751,-2.184419,0.0939967,0.9007555,-1.497057,0.0939947,1.0
2448657.75478,17.610979999999994,1.6075270000000002,-2.184406,0.09399407,0.9007453,-1.497072,0.09399207,1.0
2448657.7571400004,17.69227,1.607546,-2.184393,0.09399132,0.9007347,-1.497088,0.09398932,1.0
2448657.76963,18.61159,1.607643,-2.184324,0.09397674,0.9006781999999999,-1.497173,0.09397474,1.0
2450121.64494,116017.1,2.417369,-1.12038,-0.07663441,1.6763290000000002,-0.4694531,-0.07664341,1.0
2450121.65563,117306.4,2.417405,-1.120282,-0.07664707,1.676241,-0.4694944,-0.07665607,1.0
2450121.66486,122045.5,2.417436,-1.120198,-0.07665799,1.676165,-0.4695301,-0.07666699,1.0
2450121.67649,131015.3,2.417475,-1.120091,-0.07667176,1.6760689999999998,-0.4695751,-0.07668076,1.0
2450121.72384,158096.4,2.417635,-1.119658,-0.07672783,1.6756799999999998,-0.4697583,-0.07673683,1.0
2450121.74317,155783.6,2.4177,-1.119481,-0.07675071,1.6755209999999998,-0.4698331,-0.07675971,1.0
2450121.7620900003,144185.6,2.417764,-1.119308,-0.07677311,1.6753650000000002,-0.4699063,-0.07678211,1.0
2450121.77616,134067.0,2.417812,-1.119179,-0.07678977,1.6752490000000002,-0.4699608,-0.07679877,1.0
2450121.79098,122383.2,2.417862,-1.119044,-0.07680732,1.675127,-0.4700181,-0.07681632,1.0
2450121.8061,119267.4,2.417913,-1.1189049999999998,-0.07682522,1.6750029999999998,-0.4700766,-0.07683422,1.0
2450121.8226900003,115377.7,2.417969,-1.118753,-0.07684486,1.674866,-0.4701408,-0.07685386,1.0
2450121.83864,119377.3,2.418022,-1.118607,-0.07686375,1.674735,-0.4702025,-0.07687275,1.0
2450121.85411,128269.0,2.418075,-1.118466,-0.07688207,1.674608,-0.4702624,-0.07689107,1.0
2450121.8687,138077.2,2.418124,-1.118332,-0.07689934,1.6744880000000002,-0.4703188,-0.07690834,1.0
2450133.61278,17.15537,2.455079,-1.00967,-0.09071904,1.592084,-0.527363,-0.09072704,1.0
2450133.61383,17.06082,2.455083,-1.00966,-0.09072027,1.592078,-0.527369,-0.09072827,1.0
2450133.62713,16.62647,2.455121,-1.009535,-0.09073581,1.592002,-0.5274454000000001,-0.09074382,1.0
2450133.64375,15.86354,2.45517,-1.00938,-0.09075524,1.591906,-0.5275409000000001,-0.09076324,1.0
2450133.68471,16.039839999999998,2.455289,-1.008997,-0.09080313,1.591672,-0.5277761999999999,-0.09081113,1.0
2450133.70777,18.080070000000006,2.455357,-1.008781,-0.09083008,1.591539,-0.5279086,-0.09083808,1.0
2450133.72464,19.3019,2.455406,-1.008624,-0.0908498,1.591443,-0.5280055,-0.0908578,1.0
2450133.74403,19.89757,2.455462,-1.008442,-0.09087247,1.591332,-0.5281169,-0.09088047,1.0
2450133.76613,19.37314,2.455527,-1.008236,-0.09089831,1.591205,-0.5282439,-0.09090631,1.0
2450133.77908,18.53532,2.455565,-1.008115,-0.09091344,1.591131,-0.5283182,-0.09092144,1.0
2450133.79487,17.10803,2.455611,-1.007967,-0.0909319,1.59104,-0.5284089,-0.0909399,1.0
2450133.80557,16.323,2.455642,-1.007867,-0.09094441,1.590979,-0.5284704000000001,-0.09095241,1.0
2450133.82302,15.61709,2.455693,-1.0077040000000002,-0.09096481,1.5908790000000002,-0.5285706,-0.09097281,1.0
2450137.5885,16377080.0,2.466385,-0.9723755,-0.09535333,1.571017,-0.55115,-0.09536033,1.0
2450137.59087,16498200.0,2.466392,-0.9723532,-0.09535608,1.571005,-0.5511648,-0.09536308,1.0
2450137.6091400003,15411200.0,2.466442,-0.9721813,-0.09537733,1.570917,-0.5512786999999999,-0.09538433,1.0
2450137.62721,14569230.0,2.466492,-0.9720112,-0.09539835,1.57083,-0.5513913,-0.09540535,1.0
2450137.64596,14016400.0,2.466544,-0.9718347,-0.09542015,1.57074,-0.5515081999999999,-0.09542715,1.0
2450137.66943,13385560.0,2.466609,-0.9716138,-0.09544745,1.570627,-0.5516545,-0.09545445,1.0
2450137.69193,14303310.0,2.466671,-0.971402,-0.09547361,1.570519,-0.5517947,-0.09548061,1.0
2450137.71365,15886800.0,2.466731,-0.9711975,-0.09549887,1.570414,-0.5519301,-0.09550587,1.0
2450137.7319,16758550.0,2.466781,-0.9710257,-0.0955201,1.570326,-0.5520438,-0.0955271,1.0
2450137.75931,17228070.0,2.466857,-0.9707677,-0.09555198,1.570195,-0.5522147,-0.09555898,1.0
2450137.7811,16256850.0,2.466917,-0.9705626,-0.09557732,1.57009,-0.5523505,-0.09558432,1.0
2450137.80176,14649960.0,2.466974,-0.9703681,-0.09560135,1.56999,-0.5524793,-0.09560835,1.0
2450137.80377,14529030.0,2.46698,-0.9703492,-0.09560368,1.5699809999999998,-0.5524918000000001,-0.09561068,1.0
2450137.82721,13336340.0,2.467044,-0.9701286,-0.09563095,1.569868,-0.5526379,-0.09563795,1.0
2450141.60627,21.43878,2.477183,-0.934439,-0.1000136,1.55349,-0.5770050999999999,-0.1000196,1.0
2450141.6220400003,19.64265,2.477224,-0.9342896,-0.1000319,1.5534290000000002,-0.5771099000000001,-0.1000379,1.0
2450141.70167,19.7697,2.477431,-0.9335352,-0.1001239,1.553122,-0.5776391,-0.1001299,1.0
2450141.72595,21.75705,2.477495,-0.9333052,-0.100152,1.553028,-0.5778005,-0.100158,1.0
2450141.74147,22.82443,2.477535,-0.9331581,-0.1001699,1.552968,-0.5779036,-0.10017589999999997,1.0
2450141.77222,23.12065,2.477615,-0.9328668,-0.1002055,1.552849,-0.578108,-0.1002115,1.0
2450141.78752,21.61723,2.477655,-0.9327218,-0.1002232,1.55279,-0.5782096999999999,-0.1002292,1.0
2450141.79943,20.93148,2.4776860000000003,-0.932609,-0.1002369,1.552744,-0.5782888,-0.1002429,1.0
2450141.82913,18.45015,2.477763,-0.9323276,-0.1002713,1.55263,-0.5784862,-0.1002773,1.0
2452707.57373,177991.8,2.15402,-1.627047,-0.00532317,1.182854,-1.421242,-0.00532316,1.0
2452707.57684,176197.6,2.154037,-1.627023,-0.00532697,1.182859,-1.42127,-0.00532696,1.0
2452707.57994,169511.8,2.154053,-1.626998,-0.00533076,1.182864,-1.421298,-0.00533075,1.0
2452707.58305,167648.6,2.15407,-1.626974,-0.00533457,1.182869,-1.421326,-0.00533456,1.0
2452707.58706,165653.3,2.154092,-1.626942,-0.00533947,1.182875,-1.421362,-0.00533946,1.0
2452707.59018,161733.5,2.154109,-1.626917,-0.00534329,1.18288,-1.42139,-0.00534328,1.0
2452707.5933,160842.2,2.154127,-1.626893,-0.0053471000000000005,1.182885,-1.421418,-0.00534709,1.0
2452707.5964,156891.7,2.154143,-1.626868,-0.00535089,1.18289,-1.421446,-0.00535088,1.0
2452707.59951,156891.7,2.15416,-1.626843,-0.0053547,1.182895,-1.421474,-0.00535469,1.0
2452707.6041900003,153744.6,2.154186,-1.626806,-0.00536042,1.182903,-1.421516,-0.00536041,1.0
2452707.6073,155024.4,2.154203,-1.626782,-0.00536423,1.182908,-1.421544,-0.00536422,1.0
2452707.61198,153179.3,2.154229,-1.626745,-0.00536995,1.182916,-1.421586,-0.00536994,1.0
2452707.61508,155739.9,2.154246,-1.6267200000000002,-0.00537374,1.182921,-1.421614,-0.00537373,1.0
2452707.6213,158489.3,2.15428,-1.626671,-0.00538135,1.182931,-1.42167,-0.00538134,1.0
2452707.62454,162779.6,2.154297,-1.6266459999999998,-0.00538531,1.182936,-1.421699,-0.0053853,1.0
2452707.62768,161287.2,2.154314,-1.626621,-0.00538915,1.182941,-1.421727,-0.00538914,1.0
2452707.6308,166724.7,2.154331,-1.626596,-0.00539297,1.1829459999999998,-1.421755,-0.00539296,1.0
2452707.63391,166724.7,2.154348,-1.626572,-0.00539677,1.182951,-1.421783,-0.00539676,1.0
2452707.6370200003,170137.5,2.1543650000000003,-1.626547,-0.00540057,1.182957,-1.4218110000000002,-0.00540056,1.0
2452707.64013,170922.8,2.154382,-1.626522,-0.00540438,1.182962,-1.421839,-0.00540437,1.0
2452707.64324,176522.5,2.154399,-1.626498,-0.00540818,1.182967,-1.421867,-0.00540817,1.0
2452707.64635,176685.1,2.154416,-1.626473,-0.00541198,1.182972,-1.421895,-0.00541197,1.0
2452707.64947,181134.0,2.154433,-1.626449,-0.0054158,1.182977,-1.421923,-0.00541579,1.0
2452707.65258,183484.8,2.15445,-1.626424,-0.0054196,1.182982,-1.421951,-0.00541959,1.0
2452707.65569,186380.3,2.154467,-1.626399,-0.00542341,1.182987,-1.421979,-0.005423399999999999,1.0
2452707.6588,189670.6,2.154484,-1.626375,-0.00542721,1.182992,-1.422007,-0.0054272,1.0
2452707.66191,191073.3,2.154501,-1.62635,-0.00543101,1.182997,-1.422035,-0.00543101,1.0
2452707.66502,193731.4,2.154518,-1.626326,-0.00543482,1.183002,-1.422063,-0.00543481,1.0
2452707.66812,195524.0,2.154535,-1.626301,-0.00543861,1.183008,-1.422091,-0.0054386,1.0
2452707.67124,195884.5,2.154552,-1.626276,-0.00544242,1.183013,-1.422119,-0.00544242,1.0
2452707.67436,197879.1,2.154569,-1.626252,-0.00544624,1.183018,-1.4221469999999998,-0.00544623,1.0
2452707.67746,201187.0,2.154586,-1.626227,-0.00545003,1.183023,-1.422175,-0.00545002,1.0
2452707.68058,198244.0,2.154603,-1.626203,-0.00545385,1.183028,-1.422203,-0.00545384,1.0
2452707.68524,202115.7,2.154629,-1.626166,-0.00545955,1.183036,-1.422245,-0.00545954,1.0
2452707.68836,203610.4,2.154646,-1.626141,-0.00546336,1.183041,-1.422273,-0.00546335,1.0
2452707.69147,201929.6,2.154663,-1.626117,-0.00546717,1.1830459999999998,-1.422301,-0.00546716,1.0
2452707.69458,200631.9,2.15468,-1.626092,-0.00547097,1.183051,-1.4223290000000002,-0.00547096,1.0
2452707.69771,199342.5,2.154697,-1.626067,-0.0054748,1.183056,-1.422357,-0.00547479,1.0
2452707.70083,201558.0,2.154714,-1.626043,-0.00547861,1.183061,-1.422385,-0.00547861,1.0
2452707.70794,196245.6,2.154753,-1.6259860000000002,-0.00548731,1.183073,-1.422449,-0.0054873000000000005,1.0
2452707.71132,193374.9,2.154771,-1.62596,-0.00549144,1.183079,-1.42248,-0.00549144,1.0
2452707.71442,192841.3,2.154788,-1.625935,-0.00549524,1.183084,-1.422507,-0.00549523,1.0
2452707.71753,188799.1,2.154805,-1.625911,-0.00549904,1.1830889999999998,-1.422535,-0.00549903,1.0
2452707.72065,188625.3,2.154822,-1.6258860000000002,-0.00550286,1.183094,-1.422563,-0.00550285,1.0
2452707.72375,187758.7,2.154839,-1.625861,-0.00550665,1.183099,-1.422591,-0.00550664,1.0
2452707.72686,184501.5,2.154856,-1.625837,-0.00551045,1.183105,-1.422619,-0.00551044,1.0
2452707.72998,185012.0,2.154873,-1.625812,-0.00551427,1.18311,-1.422647,-0.00551426,1.0
2452707.7331,182473.6,2.15489,-1.625787,-0.00551808,1.183115,-1.422676,-0.00551807,1.0
2452707.73777,177337.3,2.154916,-1.62575,-0.00552379,1.183123,-1.422718,-0.00552378,1.0
2452707.74087,174904.1,2.154933,-1.625726,-0.00552758,1.183128,-1.422745,-0.00552758,1.0
2452707.74398,171711.7,2.15495,-1.625701,-0.00553139,1.183133,-1.422773,-0.00553138,1.0
2452707.7486400004,168577.7,2.154975,-1.625665,-0.00553709,1.183141,-1.422815,-0.00553708,1.0
2452707.75176,167494.3,2.154992,-1.62564,-0.0055409,1.1831459999999998,-1.422843,-0.00554089,1.0
2452707.75486,165196.2,2.155009,-1.625615,-0.00554469,1.183151,-1.422871,-0.00554469,1.0
2452707.75954,163230.0,2.155035,-1.625578,-0.00555042,1.183159,-1.422913,-0.00555041,1.0
2452707.76265,161584.6,2.155052,-1.6255540000000002,-0.00555422,1.183164,-1.422941,-0.00555421,1.0
2452707.76576,163230.0,2.155069,-1.625529,-0.00555803,1.183169,-1.4229690000000002,-0.00555802,1.0
2452707.77043,163380.4,2.155094,-1.625492,-0.00556374,1.183177,-1.423011,-0.00556373,1.0
2452707.77354,159514.4,2.155111,-1.625468,-0.00556754,1.183182,-1.423039,-0.00556753,1.0
2452707.7766400003,160250.7,2.155128,-1.625443,-0.00557133,1.183187,-1.423067,-0.00557132,1.0
2452707.77976,160842.2,2.155145,-1.625418,-0.00557515,1.183193,-1.423095,-0.00557514,1.0
2452707.78288,162629.8,2.155162,-1.625394,-0.00557896,1.183198,-1.423123,-0.00557896,1.0
2452707.78598,163079.7,2.155179,-1.625369,-0.00558276,1.183203,-1.423151,-0.00558275,1.0
2452707.7891,165805.9,2.155196,-1.625345,-0.00558657,1.183208,-1.4231790000000002,-0.00558656,1.0
2452707.79221,165500.8,2.1552130000000003,-1.62532,-0.00559037,1.183214,-1.423207,-0.00559037,1.0
2452707.79532,167648.6,2.15523,-1.6252950000000002,-0.00559418,1.183219,-1.423235,-0.00559417,1.0
2452707.8,168267.4,2.155256,-1.625258,-0.0055999,1.183227,-1.423278,-0.00559989,1.0
2452707.80311,169355.8,2.155273,-1.625234,-0.0056037,1.183232,-1.423306,-0.0056037,1.0
2452707.80623,173940.2,2.15529,-1.625209,-0.00560752,1.183237,-1.423334,-0.00560751,1.0
2452707.80935,175873.3,2.155307,-1.625184,-0.00561134,1.183242,-1.423362,-0.00561133,1.0
2452707.81248,181635.2,2.155324,-1.62516,-0.00561517,1.183248,-1.42339,-0.00561516,1.0
2452707.81559,182810.0,2.155341,-1.625135,-0.00561897,1.183253,-1.423418,-0.00561896,1.0
2452707.8187,186552.0,2.155358,-1.62511,-0.00562277,1.183258,-1.423446,-0.00562277,1.0
2452707.82183,188104.9,2.155375,-1.625086,-0.005626600000000001,1.183263,-1.423474,-0.00562659,1.0
2452707.82494,188625.3,2.155392,-1.625061,-0.0056304,1.183269,-1.423502,-0.0056304,1.0
2452707.82805,191778.5,2.155409,-1.625037,-0.00563421,1.183274,-1.42353,-0.0056342,1.0
2452707.83117,196245.6,2.155426,-1.625012,-0.00563802,1.1832790000000002,-1.423558,-0.00563802,1.0
2452707.8343,197879.1,2.155443,-1.6249870000000002,-0.00564185,1.183284,-1.423586,-0.00564184,1.0
2452707.83742,198609.5,2.15546,-1.624962,-0.00564567,1.18329,-1.423614,-0.00564566,1.0
2452707.84053,202301.9,2.155477,-1.624938,-0.00564947,1.183295,-1.423642,-0.00564946,1.0
2452707.84364,200447.2,2.155494,-1.6249129999999998,-0.00565327,1.1833,-1.42367,-0.00565327,1.0
2452707.84676,201187.0,2.155511,-1.624889,-0.00565709,1.1833049999999998,-1.423698,-0.00565708,1.0
2452707.84986,203423.0,2.155528,-1.624864,-0.00566088,1.183311,-1.423726,-0.00566087,1.0
2452707.85297,205305.2,2.155545,-1.624839,-0.00566468,1.183316,-1.4237540000000002,-0.00566468,1.0
2452707.8561,201929.6,2.155562,-1.624815,-0.00566851,1.1833209999999998,-1.423783,-0.00566851,1.0
2452708.55689,192132.1,2.159378,-1.619266,-0.00652556,1.184572,-1.4301,-0.00652557,1.0
2452708.56,193553.0,2.159395,-1.619241,-0.00652937,1.184578,-1.430128,-0.00652937,1.0
2452708.5631,198061.5,2.159412,-1.619216,-0.00653316,1.184584,-1.430156,-0.00653316,1.0
2452708.56623,198975.7,2.1594290000000003,-1.619192,-0.00653699,1.18459,-1.430185,-0.00653699,1.0
2452708.56934,200631.9,2.159446,-1.619167,-0.00654079,1.184595,-1.430213,-0.00654079,1.0
2452708.57246,204173.8,2.159463,-1.619142,-0.00654461,1.184601,-1.430241,-0.00654461,1.0
2452708.57558,203048.6,2.15948,-1.619117,-0.00654842,1.184607,-1.430269,-0.00654843,1.0
2452708.5786900003,205116.2,2.159496,-1.619093,-0.00655222,1.184613,-1.430297,-0.00655223,1.0
2452708.58182,208353.1,2.159514,-1.619068,-0.00655605,1.184619,-1.430325,-0.00655606,1.0
2452708.58493,205494.4,2.15953,-1.619043,-0.00655985,1.184625,-1.430353,-0.00655986,1.0
2452708.58805,207586.9,2.1595470000000003,-1.619019,-0.00656367,1.184631,-1.430381,-0.00656368,1.0
2452708.59216,210281.0,2.15957,-1.618986,-0.006568699999999999,1.184638,-1.430419,-0.006568699999999999,1.0
2452708.59529,209700.8,2.159587,-1.618961,-0.00657253,1.184644,-1.430447,-0.00657253,1.0
2452708.5984,211251.6,2.1596040000000003,-1.6189360000000002,-0.00657633,1.18465,-1.430475,-0.00657633,1.0
2452708.60153,209894.0,2.159621,-1.618912,-0.00658016,1.184656,-1.430503,-0.00658016,1.0
2452708.60464,213993.2,2.159637,-1.6188870000000002,-0.00658396,1.184662,-1.430531,-0.00658396,1.0
2452708.60775,209314.8,2.159654,-1.618862,-0.00658776,1.184668,-1.430559,-0.00658777,1.0
2452708.61098,209314.8,2.159672,-1.618837,-0.00659171,1.184674,-1.430589,-0.00659172,1.0
2452708.61568,210474.7,2.159697,-1.618799,-0.00659746,1.184683,-1.430631,-0.00659747,1.0
2452708.6188,207204.9,2.159714,-1.618775,-0.00660128,1.184689,-1.430659,-0.00660128,1.0
2452708.62191,203048.6,2.1597310000000003,-1.61875,-0.00660508,1.184695,-1.430687,-0.00660509,1.0
2452708.62658,200631.9,2.159757,-1.6187129999999998,-0.00661079,1.184703,-1.430729,-0.0066108,1.0
2452708.62971,200816.8,2.159774,-1.618688,-0.00661462,1.184709,-1.430758,-0.00661462,1.0
2452708.63301,199342.5,2.159792,-1.618662,-0.00661865,1.184716,-1.430787,-0.00661866,1.0
2452708.63613,196970.0,2.159809,-1.618637,-0.00662247,1.1847219999999998,-1.430816,-0.00662248,1.0
2452708.63925,194625.6,2.159825,-1.618613,-0.00662629,1.184727,-1.430844,-0.00662629,1.0
2452708.64237,194984.5,2.159842,-1.618588,-0.0066301,1.184733,-1.430872,-0.00663011,1.0
2452708.6455,190721.7,2.159859,-1.618563,-0.00663393,1.184739,-1.4309,-0.00663393,1.0
2452708.64891,190020.3,2.159878,-1.618536,-0.0066381,1.184746,-1.430931,-0.00663811,1.0
2452708.65202,186037.3,2.159895,-1.618511,-0.0066419,1.184752,-1.430959,-0.00664191,1.0
2452708.65826,186208.7,2.159929,-1.618462,-0.00664953,1.184764,-1.431015,-0.00664954,1.0
2452708.66139,185866.0,2.159946,-1.618437,-0.00665336,1.18477,-1.431044,-0.00665337,1.0
2452708.6645,185353.2,2.1599630000000003,-1.6184120000000002,-0.00665716,1.184775,-1.431072,-0.00665717,1.0
2452708.66763,180967.3,2.15998,-1.618388,-0.00666099,1.184781,-1.4311,-0.006661,1.0
2452708.67386,171395.7,2.160013,-1.6183379999999998,-0.00666861,1.184793,-1.431156,-0.00666862,1.0
2452708.67698,173620.1,2.16003,-1.618313,-0.00667243,1.184799,-1.431184,-0.00667243,1.0
2452708.68009,169355.8,2.160047,-1.618289,-0.00667623,1.184805,-1.4312129999999998,-0.00667624,1.0
2452708.68323,167032.1,2.160064,-1.618264,-0.00668007,1.184811,-1.431241,-0.00668008,1.0
2452708.68634,163079.7,2.160081,-1.618239,-0.00668387,1.184817,-1.431269,-0.00668388,1.0
2452708.68947,163832.5,2.160098,-1.618214,-0.0066877,1.184823,-1.431297,-0.00668771,1.0
2452708.69258,160546.2,2.160115,-1.61819,-0.00669151,1.184829,-1.431325,-0.00669151,1.0
2452708.69569,160842.2,2.160132,-1.618165,-0.00669531,1.184835,-1.431353,-0.00669531,1.0
2452708.69882,159955.8,2.160149,-1.61814,-0.00669914,1.184841,-1.431382,-0.00669914,1.0
2452708.70193,157470.8,2.160166,-1.618116,-0.00670294,1.184847,-1.43141,-0.00670295,1.0
2452708.70506,156458.8,2.160183,-1.618091,-0.00670677,1.1848530000000002,-1.431438,-0.00670677,1.0
2452708.70817,163832.5,2.1602,-1.618066,-0.00671057,1.184859,-1.431466,-0.00671058,1.0
2452708.7144,163681.7,2.160234,-1.618017,-0.00671819,1.184871,-1.431522,-0.0067182000000000006,1.0
2452708.71752,164285.8,2.160251,-1.617992,-0.006722,1.184877,-1.431551,-0.00672201,1.0
2452708.72064,168267.4,2.160267,-1.617967,-0.00672582,1.184883,-1.4315790000000002,-0.00672583,1.0
2452708.72375,171237.9,2.160284,-1.617943,-0.00672962,1.184889,-1.431607,-0.00672963,1.0
2452708.72686,172345.5,2.160301,-1.617918,-0.00673343,1.184895,-1.431635,-0.00673343,1.0
2452708.73153,176847.9,2.160327,-1.617881,-0.00673914,1.1849040000000002,-1.431677,-0.00673915,1.0
2452708.73509,182305.6,2.160346,-1.617853,-0.00674349,1.184911,-1.431709,-0.0067435,1.0
2452708.7403,183315.8,2.160374,-1.617811,-0.00674986,1.184921,-1.431756,-0.00674987,1.0
2452708.74341,187758.7,2.160391,-1.617787,-0.00675367,1.184927,-1.431784,-0.00675367,1.0
2452708.74654,191425.6,2.1604080000000003,-1.617762,-0.00675749,1.184933,-1.431813,-0.0067575000000000005,1.0
2452708.74964,191955.3,2.160425,-1.617737,-0.00676128,1.184939,-1.431841,-0.00676129,1.0
2452708.75275,195524.0,2.160442,-1.617713,-0.00676509,1.184945,-1.431869,-0.0067651000000000005,1.0
2452708.75587,198975.7,2.160459,-1.617688,-0.0067689,1.184951,-1.431897,-0.00676891,1.0
2452708.76053,201187.0,2.160484,-1.617651,-0.0067746,1.18496,-1.431939,-0.00677461,1.0
2452708.76364,205305.2,2.160501,-1.617626,-0.00677841,1.184966,-1.431967,-0.00677841,1.0
2452708.76676,208737.3,2.160518,-1.617601,-0.00678222,1.184972,-1.431995,-0.00678223,1.0
2452708.76986,209700.8,2.160535,-1.617577,-0.00678601,1.184978,-1.432023,-0.00678602,1.0
2452708.77299,209894.0,2.160552,-1.617552,-0.00678984,1.184984,-1.432052,-0.00678985,1.0
2452708.7761,211251.6,2.160569,-1.617527,-0.00679364,1.18499,-1.43208,-0.00679365,1.0
2452708.77921,208353.1,2.160585,-1.617503,-0.00679745,1.184996,-1.432108,-0.00679745,1.0
2452708.78231,206823.6,2.160602,-1.617478,-0.00680124,1.185002,-1.432136,-0.00680125,1.0
2452708.78699,208929.6,2.160628,-1.617441,-0.00680696,1.185011,-1.4321780000000002,-0.00680697,1.0
2452708.7900900003,207969.7,2.160644,-1.617416,-0.00681075,1.185017,-1.432206,-0.00681076,1.0
2452730.56974,71779.43,2.270959,-1.439062,-0.03338935,1.289816,-1.627741,-0.03338968,1.0
2452730.57284,71252.48,2.2709740000000003,-1.439036,-0.03339312,1.28984,-1.627767,-0.03339345,1.0
2452730.57595,71845.57,2.270989,-1.43901,-0.03339691,1.289864,-1.627794,-0.03339723,1.0
2452730.57908,73722.49,2.271003,-1.438983,-0.03340071,1.289888,-1.627821,-0.03340104,1.0
2452730.58218,75162.29,2.271018,-1.438957,-0.03340448,1.2899120000000002,-1.627847,-0.03340481,1.0
2452730.5852900003,75927.66,2.271032,-1.438931,-0.03340827,1.289936,-1.627873,-0.03340859,1.0
2452730.58996,77839.49,2.271054,-1.438892,-0.03341395,1.289971,-1.627913,-0.03341427,1.0
2452730.59307,79506.02,2.271069,-1.438865,-0.03341773,1.289995,-1.62794,-0.03341806,1.0
2452730.5961700003,79140.72,2.271083,-1.438839,-0.0334215,1.290019,-1.627966,-0.03342183,1.0
2452730.59928,81507.96,2.271098,-1.438813,-0.03342528,1.290043,-1.627993,-0.03342561,1.0
2452730.60241,81808.8,2.271113,-1.438787,-0.03342909,1.290067,-1.628019,-0.03342942,1.0
2452730.60707,81658.24,2.271135,-1.438747,-0.03343476,1.290103,-1.628059,-0.03343508,1.0
2452730.61018,82337.94,2.2711490000000003,-1.438721,-0.03343854,1.290127,-1.628086,-0.03343887,1.0
2452730.61329,84411.19,2.271164,-1.438695,-0.03344232,1.29015,-1.628112,-0.03344265,1.0
2452730.6164,83946.0,2.271178,-1.438668,-0.0334461,1.290174,-1.628139,-0.03344643,1.0
2452730.61952,84488.97,2.271193,-1.438642,-0.033449900000000005,1.290198,-1.628165,-0.03345023,1.0
2452730.6227,84488.97,2.271208,-1.438615,-0.03345377,1.290223,-1.628192,-0.0334541,1.0
2452730.62581,84178.27,2.271223,-1.438589,-0.03345755,1.290247,-1.628219,-0.03345788,1.0
2452730.62893,82870.51,2.271237,-1.4385629999999998,-0.03346134,1.29027,-1.6282450000000002,-0.03346167,1.0
2452730.63204,84100.78,2.271252,-1.4385370000000002,-0.03346513,1.290294,-1.628272,-0.03346546,1.0
2452730.63516,85113.8,2.271266,-1.43851,-0.03346892,1.290318,-1.628298,-0.03346925,1.0
2452730.63828,83791.51,2.271281,-1.438484,-0.03347272,1.290342,-1.628325,-0.03347304,1.0
2452730.64138,82262.14,2.271296,-1.438458,-0.03347649,1.290366,-1.628351,-0.03347682,1.0
2452730.6444900003,82565.76,2.27131,-1.438431,-0.03348027,1.29039,-1.628378,-0.0334806,1.0
2452730.64761,79286.64,2.271325,-1.438405,-0.03348406,1.290414,-1.6284040000000002,-0.03348439,1.0
2452730.65071,78777.1,2.271339,-1.438379,-0.03348783,1.290438,-1.628431,-0.03348816,1.0
2452730.65383,79213.65,2.271354,-1.438353,-0.03349163,1.290462,-1.628457,-0.03349196,1.0
2452730.6588,75927.66,2.271377,-1.438311,-0.03349767,1.2905,-1.6285,-0.033498,1.0
2452730.66347,72310.27,2.271399,-1.438271,-0.03350335,1.290536,-1.628539,-0.03350368,1.0
2452730.66658,72110.75,2.271414,-1.438245,-0.03350713,1.29056,-1.628566,-0.03350746,1.0
2452730.6696900004,68992.2,2.271429,-1.438219,-0.03351092,1.290584,-1.628592,-0.03351125,1.0
2452730.6728,70274.86,2.271443,-1.438193,-0.0335147,1.290608,-1.628619,-0.03351503,1.0
2452730.67617,68233.87,2.271459,-1.438164,-0.0335188,1.290634,-1.628648,-0.03351913,1.0
2452739.58152,56911.5,2.311863,-1.362158,-0.04432731,1.369134,-1.700798,-0.04432776,1.0
2452739.58618,57068.97,2.3118830000000004,-1.362118,-0.04433295,1.3691799999999998,-1.7008330000000005,-0.04433341,1.0
2452739.5893,54954.09,2.311897,-1.362091,-0.04433673,1.369211,-1.700857,-0.04433718,1.0
2452739.59552,55055.41,2.3119240000000003,-1.3620370000000002,-0.04434426,1.369272,-1.7009040000000002,-0.04434472,1.0
2452739.59864,53358.06,2.311938,-1.36201,-0.04434804,1.3693030000000002,-1.7009279999999998,-0.04434849,1.0
2452739.60291,51856.12,2.311957,-1.361974,-0.04435321,1.369346,-1.7009610000000002,-0.04435366,1.0
2452739.6060200003,52529.1,2.31197,-1.361947,-0.04435698,1.369377,-1.7009849999999995,-0.04435743,1.0
2452739.60915,51286.14,2.311984,-1.36192,-0.04436077,1.369408,-1.701008,-0.04436122,1.0
2452739.61381,48977.88,2.312004,-1.361879,-0.04436641,1.3694540000000002,-1.7010439999999998,-0.04436686,1.0
2452739.61848,49567.84,2.312025,-1.361839,-0.04437207,1.3695,-1.70108,-0.04437252,1.0
2452739.6231400003,48350.39,2.312045,-1.361799,-0.04437771,1.3695469999999998,-1.7011150000000002,-0.04437816,1.0
2452739.62625,47249.8,2.312059,-1.361772,-0.04438148,1.369577,-1.701139,-0.04438193,1.0
2452739.62936,46989.41,2.312072,-1.361745,-0.04438524,1.369608,-1.7011619999999998,-0.04438569,1.0
2452739.63247,46216.81,2.312086,-1.361718,-0.04438901,1.369639,-1.701186,-0.04438946,1.0
2452739.63558,45835.29,2.3121,-1.361692,-0.04439277,1.3696700000000002,-1.70121,-0.04439323,1.0
2452739.64026,43331.13,2.31212,-1.361651,-0.04439844,1.369717,-1.7012459999999998,-0.04439889,1.0
2452739.64492,43171.78,2.312141,-1.361611,-0.04440408,1.3697629999999998,-1.701281,-0.04440454,1.0
2452739.64802,43331.13,2.312154,-1.361584,-0.04440784,1.369794,-1.7013049999999998,-0.04440829,1.0
2452739.65114,43853.07,2.312168,-1.361557,-0.04441162,1.369825,-1.701328,-0.04441207,1.0
2452739.6558,45498.81,2.312188,-1.361517,-0.04441726,1.3698709999999998,-1.701364,-0.04441771,1.0
2452739.65893,44998.7,2.312202,-1.36149,-0.04442105,1.369902,-1.701388,-0.0444215,1.0
2452739.6620400003,45331.49,2.312216,-1.361463,-0.04442481,1.369933,-1.701411,-0.04442527,1.0
2452739.66829,47818.95,2.312243,-1.361409,-0.04443238,1.369995,-1.701459,-0.04443283,1.0
2452739.6714,48797.77,2.312257,-1.361382,-0.04443615,1.370026,-1.701483,-0.0444366,1.0
2452739.67608,47687.0,2.312277,-1.361342,-0.04444182,1.370072,-1.701518,-0.04444227,1.0
2452739.67921,49522.21,2.312291,-1.361315,-0.04444561,1.370104,-1.701542,-0.04444606,1.0
2452739.68232,51003.5,2.312304,-1.3612879999999998,-0.04444937,1.370134,-1.701566,-0.04444982,1.0
2452739.68543,53064.0,2.312318,-1.361261,-0.04445314,1.370165,-1.7015900000000002,-0.04445359,1.0
2452739.68856,52820.19,2.312332,-1.361234,-0.04445693,1.370196,-1.701613,-0.04445738,1.0
2452739.69167,54400.14,2.312345,-1.361207,-0.04446069,1.370227,-1.7016369999999998,-0.04446114,1.0
2452739.69635,54500.44,2.312366,-1.361167,-0.04446636,1.370274,-1.701673,-0.04446681,1.0
2452739.69946,55106.14,2.312379,-1.36114,-0.04447013,1.370305,-1.701696,-0.04447058,1.0
2452739.70258,55616.03,2.312393,-1.361113,-0.0444739,1.370336,-1.70172,-0.04447436,1.0
2452739.70571,57543.99,2.312407,-1.361086,-0.04447769,1.370367,-1.701744,-0.04447815,1.0
2452739.7088200003,57703.21,2.31242,-1.361059,-0.04448146,1.370398,-1.701768,-0.04448191,1.0
2452739.7119400003,59265.23,2.312434,-1.361033,-0.04448524,1.370429,-1.701791,-0.04448569,1.0
2452739.71818,60478.36,2.312461,-1.3609790000000002,-0.04449279,1.370491,-1.701839,-0.04449324,1.0
2452739.72284,58076.44,2.312482,-1.360938,-0.04449843,1.370537,-1.701874,-0.04449889,1.0
2452739.72596,57756.38,2.312495,-1.360911,-0.04450221,1.370569,-1.701898,-0.04450267,1.0
2452739.72907,60145.07,2.312509,-1.360885,-0.04450598,1.370599,-1.7019220000000002,-0.04450643,1.0
2452739.73218,60145.07,2.312523,-1.360858,-0.04450974,1.37063,-1.701945,-0.0445102,1.0
2452739.73529,58721.89,2.312536,-1.360831,-0.04451351,1.370661,-1.7019689999999998,-0.04451396,1.0
2452739.7384,58776.0,2.31255,-1.360804,-0.04451728,1.370692,-1.701993,-0.04451773,1.0
2452739.74151,58344.51,2.312563,-1.360777,-0.04452104,1.370723,-1.702016,-0.04452149,1.0
2452739.74462,57969.56,2.312577,-1.36075,-0.04452481,1.370754,-1.7020400000000002,-0.04452526,1.0
2452739.7493,57862.87,2.312597,-1.36071,-0.04453047,1.370801,-1.702076,-0.04453093,1.0
2452739.75241,56441.69,2.312611,-1.360683,-0.04453424,1.370832,-1.7020990000000005,-0.04453469,1.0
2452739.75552,57174.19,2.312625,-1.360656,-0.044538,1.370863,-1.702123,-0.04453846,1.0
2452739.7601900003,54701.6,2.3126450000000003,-1.360616,-0.04454366,1.370909,-1.7021580000000005,-0.04454411,1.0
2452739.76329,52917.58,2.312659,-1.360589,-0.04454741,1.37094,-1.702182,-0.04454787,1.0
2452739.7664,54400.14,2.312672,-1.360562,-0.04455118,1.370971,-1.702206,-0.04455163,1.0
