2445817.73488,0.8670093000000001,0.9409328,0.3350511,-0.04884977,0.9815525,0.17660910000000002,-0.07323819999999999,1.0
2445817.7723,1.009308,0.9409328,0.3350511,-0.04884977,0.9815525,0.17660910000000002,-0.07323819999999999,1.0
2445817.78609,1.028072,0.9409328,0.3350511,-0.04884977,0.9815525,0.17660910000000002,-0.07323819999999999,1.0
2445817.81142,1.061754,0.9409328,0.3350511,-0.04884977,0.9815525,0.17660910000000002,-0.07323819999999999,1.0
2445817.8243,1.032818,0.9409328,0.3350511,-0.04884977,0.9815525,0.17660910000000002,-0.07323819999999999,1.0
2445817.83793,1.024292,0.9409328,0.3350511,-0.04884977,0.9815525,0.17660910000000002,-0.07323819999999999,1.0
2445817.85413,0.9674392,0.9409328,0.3350511,-0.04884977,0.9815525,0.17660910000000002,-0.07323819999999999,1.0
2445818.63835,0.9363738,0.9409328,0.3350511,-0.04884977,0.9815525,0.17660910000000002,-0.07323819999999999,1.0
2445818.66602,0.8827735999999999,0.9409328,0.3350511,-0.04884977,0.9815525,0.17660910000000002,-0.07323819999999999,1.0
2445818.69427,0.9751004,0.9409328,0.3350511,-0.04884977,0.9815525,0.17660910000000002,-0.07323819999999999,1.0
2445818.73131,1.082055,0.9409328,0.3350511,-0.04884977,0.9815525,0.17660910000000002,-0.07323819999999999,1.0
2445818.76743,1.123697,0.9409328,0.3350511,-0.04884977,0.9815525,0.17660910000000002,-0.07323819999999999,1.0
2445827.67156,1.0804120000000002,0.9409328,0.3350511,-0.04884977,0.9815525,0.17660910000000002,-0.07323819999999999,1.0
2445827.76556,0.8279216999999999,0.9409328,0.3350511,-0.04884977,0.9815525,0.17660910000000002,-0.07323819999999999,1.0
2445827.81206,0.9584939,0.9409328,0.3350511,-0.04884977,0.9815525,0.17660910000000002,-0.07323819999999999,1.0
2445827.83672,1.033688,0.9409328,0.3350511,-0.04884977,0.9815525,0.17660910000000002,-0.07323819999999999,1.0
2447186.58296,1.165936,0.371223,-0.9281238000000002,-0.02792164,0.2552217,-0.9659753,-0.04187565,1.0
2447186.6075,0.8269413000000001,0.371223,-0.9281238000000002,-0.02792164,0.2552217,-0.9659753,-0.04187565,1.0
2447186.64325,0.7410966999999999,0.371223,-0.9281238000000002,-0.02792164,0.2552217,-0.9659753,-0.04187565,1.0
2447186.67105,1.147823,0.371223,-0.9281238000000002,-0.02792164,0.2552217,-0.9659753,-0.04187565,1.0
2447186.676,1.17998,0.371223,-0.9281238000000002,-0.02792164,0.2552217,-0.9659753,-0.04187565,1.0
2447186.70255,1.258563,0.371223,-0.9281238000000002,-0.02792164,0.2552217,-0.9659753,-0.04187565,1.0
2447186.73075,1.210806,0.371223,-0.9281238000000002,-0.02792164,0.2552217,-0.9659753,-0.04187565,1.0
2447186.7743,0.7479536999999999,0.371223,-0.9281238000000002,-0.02792164,0.2552217,-0.9659753,-0.04187565,1.0
2447186.79513,0.7208996999999999,0.371223,-0.9281238000000002,-0.02792164,0.2552217,-0.9659753,-0.04187565,1.0
2448999.78416,1.056806,0.4049632,-0.9138516,-0.02966624,0.4190203,-0.906843,-0.04536299,1.0
2448999.79131,0.9620444,0.4049632,-0.9138516,-0.02966624,0.4190203,-0.906843,-0.04536299,1.0
2448999.79642,0.8855134,0.4049632,-0.9138516,-0.02966624,0.4190203,-0.906843,-0.04536299,1.0
2448999.80139,0.8188327,0.4049632,-0.9138516,-0.02966624,0.4190203,-0.906843,-0.04536299,1.0
2448999.80519,0.7684137,0.4049632,-0.9138516,-0.02966624,0.4190203,-0.906843,-0.04536299,1.0
2448999.80896,0.7257635,0.4049632,-0.9138516,-0.02966624,0.4190203,-0.906843,-0.04536299,1.0
2448999.81268,0.7085902,0.4049632,-0.9138516,-0.02966624,0.4190203,-0.906843,-0.04536299,1.0
2448999.81649,0.7138305,0.4049632,-0.9138516,-0.02966624,0.4190203,-0.906843,-0.04536299,1.0
2448999.8202,0.7495406,0.4049632,-0.9138516,-0.02966624,0.4190203,-0.906843,-0.04536299,1.0
2448999.825,0.804628,0.4049632,-0.9138516,-0.02966624,0.4190203,-0.906843,-0.04536299,1.0
2448999.82883,0.8605877000000001,0.4049632,-0.9138516,-0.02966624,0.4190203,-0.906843,-0.04536299,1.0
2448999.8326,0.9136822,0.4049632,-0.9138516,-0.02966624,0.4190203,-0.906843,-0.04536299,1.0
2448999.83631,0.9718409,0.4049632,-0.9138516,-0.02966624,0.4190203,-0.906843,-0.04536299,1.0
2448999.84004,1.0139,0.4049632,-0.9138516,-0.02966624,0.4190203,-0.906843,-0.04536299,1.0
2448999.84382,1.061684,0.4049632,-0.9138516,-0.02966624,0.4190203,-0.906843,-0.04536299,1.0
2448999.84754,1.097476,0.4049632,-0.9138516,-0.02966624,0.4190203,-0.906843,-0.04536299,1.0
2448999.85145,1.143919,0.4049632,-0.9138516,-0.02966624,0.4190203,-0.906843,-0.04536299,1.0
2448999.85521,1.187942,0.4049632,-0.9138516,-0.02966624,0.4190203,-0.906843,-0.04536299,1.0
2448999.85894,1.220099,0.4049632,-0.9138516,-0.02966624,0.4190203,-0.906843,-0.04536299,1.0
2448999.87948,1.382914,0.4049632,-0.9138516,-0.02966624,0.4190203,-0.906843,-0.04536299,1.0
2448999.91432,1.351435,0.4049632,-0.9138516,-0.02966624,0.4190203,-0.906843,-0.04536299,1.0
2448999.91835,1.318242,0.4049632,-0.9138516,-0.02966624,0.4190203,-0.906843,-0.04536299,1.0
2448999.92213,1.282316,0.4049632,-0.9138516,-0.02966624,0.4190203,-0.906843,-0.04536299,1.0
2449008.53752,1.240895,0.4049632,-0.9138516,-0.02966624,0.4190203,-0.906843,-0.04536299,1.0
2449008.5422400003,1.19491,0.4049632,-0.9138516,-0.02966624,0.4190203,-0.906843,-0.04536299,1.0
2449008.5464,1.246623,0.4049632,-0.9138516,-0.02966624,0.4190203,-0.906843,-0.04536299,1.0
2449008.55031,1.191612,0.4049632,-0.9138516,-0.02966624,0.4190203,-0.906843,-0.04536299,1.0
2449008.55515,1.093793,0.4049632,-0.9138516,-0.02966624,0.4190203,-0.906843,-0.04536299,1.0
2449008.56019,1.034034,0.4049632,-0.9138516,-0.02966624,0.4190203,-0.906843,-0.04536299,1.0
2449008.56417,0.9030983,0.4049632,-0.9138516,-0.02966624,0.4190203,-0.906843,-0.04536299,1.0
2449008.568,0.8506188,0.4049632,-0.9138516,-0.02966624,0.4190203,-0.906843,-0.04536299,1.0
2449008.57174,0.7901963000000001,0.4049632,-0.9138516,-0.02966624,0.4190203,-0.906843,-0.04536299,1.0
2449008.58495,0.7449635,0.4049632,-0.9138516,-0.02966624,0.4190203,-0.906843,-0.04536299,1.0
2449008.58893,0.7219963,0.4049632,-0.9138516,-0.02966624,0.4190203,-0.906843,-0.04536299,1.0
2449008.61314,0.7786369000000001,0.4049632,-0.9138516,-0.02966624,0.4190203,-0.906843,-0.04536299,1.0
2449008.62337,0.8664331000000001,0.4049632,-0.9138516,-0.02966624,0.4190203,-0.906843,-0.04536299,1.0
2449008.62731,0.927545,0.4049632,-0.9138516,-0.02966624,0.4190203,-0.906843,-0.04536299,1.0
2449008.63746,1.044564,0.4049632,-0.9138516,-0.02966624,0.4190203,-0.906843,-0.04536299,1.0
2449008.64134,1.035941,0.4049632,-0.9138516,-0.02966624,0.4190203,-0.906843,-0.04536299,1.0
2449008.64507,1.092786,0.4049632,-0.9138516,-0.02966624,0.4190203,-0.906843,-0.04536299,1.0
2449008.64883,1.13171,0.4049632,-0.9138516,-0.02966624,0.4190203,-0.906843,-0.04536299,1.0
2449008.65259,1.129627,0.4049632,-0.9138516,-0.02966624,0.4190203,-0.906843,-0.04536299,1.0
2449008.65632,1.1602059999999998,0.4049632,-0.9138516,-0.02966624,0.4190203,-0.906843,-0.04536299,1.0
2449008.66588,1.19271,0.4049632,-0.9138516,-0.02966624,0.4190203,-0.906843,-0.04536299,1.0
2449008.66976,1.245475,0.4049632,-0.9138516,-0.02966624,0.4190203,-0.906843,-0.04536299,1.0
2449008.6735,1.240895,0.4049632,-0.9138516,-0.02966624,0.4190203,-0.906843,-0.04536299,1.0
2449008.67843,1.237471,0.4049632,-0.9138516,-0.02966624,0.4190203,-0.906843,-0.04536299,1.0
2449008.68313,1.261639,0.4049632,-0.9138516,-0.02966624,0.4190203,-0.906843,-0.04536299,1.0
2449008.68686,1.261639,0.4049632,-0.9138516,-0.02966624,0.4190203,-0.906843,-0.04536299,1.0
2449008.6906,1.18723,0.4049632,-0.9138516,-0.02966624,0.4190203,-0.906843,-0.04536299,1.0
2449008.69432,1.1623450000000002,0.4049632,-0.9138516,-0.02966624,0.4190203,-0.906843,-0.04536299,1.0
2449008.69825,1.190515,0.4049632,-0.9138516,-0.02966624,0.4190203,-0.906843,-0.04536299,1.0
2449008.70198,1.1839540000000002,0.4049632,-0.9138516,-0.02966624,0.4190203,-0.906843,-0.04536299,1.0
2449008.7115700003,1.132752,0.4049632,-0.9138516,-0.02966624,0.4190203,-0.906843,-0.04536299,1.0
2449008.71615,1.0857629999999998,0.4049632,-0.9138516,-0.02966624,0.4190203,-0.906843,-0.04536299,1.0
2449008.72378,0.9847704,0.4049632,-0.9138516,-0.02966624,0.4190203,-0.906843,-0.04536299,1.0
2449008.73295,0.8664331000000001,0.4049632,-0.9138516,-0.02966624,0.4190203,-0.906843,-0.04536299,1.0
2449008.74052,0.7470248,0.4049632,-0.9138516,-0.02966624,0.4190203,-0.906843,-0.04536299,1.0
2449008.7442400004,0.7435925999999999,0.4049632,-0.9138516,-0.02966624,0.4190203,-0.906843,-0.04536299,1.0
2449008.75353,0.6769164000000001,0.4049632,-0.9138516,-0.02966624,0.4190203,-0.906843,-0.04536299,1.0
2449008.75732,0.6476420999999999,0.4049632,-0.9138516,-0.02966624,0.4190203,-0.906843,-0.04536299,1.0
2449008.76107,0.6323173000000001,0.4049632,-0.9138516,-0.02966624,0.4190203,-0.906843,-0.04536299,1.0
2449008.7648,0.6688597,0.4049632,-0.9138516,-0.02966624,0.4190203,-0.906843,-0.04536299,1.0
2449008.76853,0.6731859,0.4049632,-0.9138516,-0.02966624,0.4190203,-0.906843,-0.04536299,1.0
2449008.77305,0.7010274999999999,0.4049632,-0.9138516,-0.02966624,0.4190203,-0.906843,-0.04536299,1.0
2449008.7768,0.7422241,0.4049632,-0.9138516,-0.02966624,0.4190203,-0.906843,-0.04536299,1.0
2449008.78052,0.815333,0.4049632,-0.9138516,-0.02966624,0.4190203,-0.906843,-0.04536299,1.0
2449008.78427,0.8600725,0.4049632,-0.9138516,-0.02966624,0.4190203,-0.906843,-0.04536299,1.0
2449008.78802,0.9081028,0.4049632,-0.9138516,-0.02966624,0.4190203,-0.906843,-0.04536299,1.0
2449008.79259,0.9232834,0.4049632,-0.9138516,-0.02966624,0.4190203,-0.906843,-0.04536299,1.0
2449008.79631,0.9207358,0.4049632,-0.9138516,-0.02966624,0.4190203,-0.906843,-0.04536299,1.0
2449008.80004,0.9369901,0.4049632,-0.9138516,-0.02966624,0.4190203,-0.906843,-0.04536299,1.0
2449008.80399,1.004928,0.4049632,-0.9138516,-0.02966624,0.4190203,-0.906843,-0.04536299,1.0
2449008.80855,1.0659459999999998,0.4049632,-0.9138516,-0.02966624,0.4190203,-0.906843,-0.04536299,1.0
2449008.81261,1.063004,0.4049632,-0.9138516,-0.02966624,0.4190203,-0.906843,-0.04536299,1.0
2449008.8163400004,1.127548,0.4049632,-0.9138516,-0.02966624,0.4190203,-0.906843,-0.04536299,1.0
2449008.82006,1.117211,0.4049632,-0.9138516,-0.02966624,0.4190203,-0.906843,-0.04536299,1.0
2449008.8238,1.092786,0.4049632,-0.9138516,-0.02966624,0.4190203,-0.906843,-0.04536299,1.0
2449008.83349,1.202638,0.4049632,-0.9138516,-0.02966624,0.4190203,-0.906843,-0.04536299,1.0
2449008.8372400003,1.214885,0.4049632,-0.9138516,-0.02966624,0.4190203,-0.906843,-0.04536299,1.0
2449008.84508,1.276836,0.4049632,-0.9138516,-0.02966624,0.4190203,-0.906843,-0.04536299,1.0
2449008.84925,1.208189,0.4049632,-0.9138516,-0.02966624,0.4190203,-0.906843,-0.04536299,1.0
2449008.86715,1.17202,0.4049632,-0.9138516,-0.02966624,0.4190203,-0.906843,-0.04536299,1.0
2449008.87097,1.11824,0.4049632,-0.9138516,-0.02966624,0.4190203,-0.906843,-0.04536299,1.0
2449008.8747,1.092786,0.4049632,-0.9138516,-0.02966624,0.4190203,-0.906843,-0.04536299,1.0
2449008.87948,1.035941,0.4049632,-0.9138516,-0.02966624,0.4190203,-0.906843,-0.04536299,1.0
2449008.88358,1.026443,0.4049632,-0.9138516,-0.02966624,0.4190203,-0.906843,-0.04536299,1.0
2449008.88731,0.8874318999999999,0.4049632,-0.9138516,-0.02966624,0.4190203,-0.906843,-0.04536299,1.0
2449008.8912,0.8259144,0.4049632,-0.9138516,-0.02966624,0.4190203,-0.906843,-0.04536299,1.0
2449008.89494,0.8115869000000001,0.4049632,-0.9138516,-0.02966624,0.4190203,-0.906843,-0.04536299,1.0
2449008.89993,0.8389479,0.4049632,-0.9138516,-0.02966624,0.4190203,-0.906843,-0.04536299,1.0
2449008.90368,0.8056288,0.4049632,-0.9138516,-0.02966624,0.4190203,-0.906843,-0.04536299,1.0
2449013.60062,0.8818726999999998,0.4049632,-0.9138516,-0.02966624,0.4190203,-0.906843,-0.04536299,1.0
2449013.60472,0.7794814999999999,0.4049632,-0.9138516,-0.02966624,0.4190203,-0.906843,-0.04536299,1.0
2449013.60846,0.7794814999999999,0.4049632,-0.9138516,-0.02966624,0.4190203,-0.906843,-0.04536299,1.0
2449013.6123200003,0.7301396,0.4049632,-0.9138516,-0.02966624,0.4190203,-0.906843,-0.04536299,1.0
2449013.61605,0.6318381999999999,0.4049632,-0.9138516,-0.02966624,0.4190203,-0.906843,-0.04536299,1.0
2449013.61982,0.6123586999999999,0.4049632,-0.9138516,-0.02966624,0.4190203,-0.906843,-0.04536299,1.0
2449013.62447,0.6489419,0.4049632,-0.9138516,-0.02966624,0.4190203,-0.906843,-0.04536299,1.0
2449013.6282,0.7089340999999999,0.4049632,-0.9138516,-0.02966624,0.4190203,-0.906843,-0.04536299,1.0
2449013.63197,0.7241123,0.4049632,-0.9138516,-0.02966624,0.4190203,-0.906843,-0.04536299,1.0
2449013.63593,0.7998451,0.4049632,-0.9138516,-0.02966624,0.4190203,-0.906843,-0.04536299,1.0
2449013.63945,0.8745928,0.4049632,-0.9138516,-0.02966624,0.4190203,-0.906843,-0.04536299,1.0
2449013.64341,0.9268424,0.4049632,-0.9138516,-0.02966624,0.4190203,-0.906843,-0.04536299,1.0
2449013.64757,0.9714174,0.4049632,-0.9138516,-0.02966624,0.4190203,-0.906843,-0.04536299,1.0
2449013.65131,0.9977135,0.4049632,-0.9138516,-0.02966624,0.4190203,-0.906843,-0.04536299,1.0
2449013.65711,1.03135,0.4049632,-0.9138516,-0.02966624,0.4190203,-0.906843,-0.04536299,1.0
2449013.66083,1.1246200000000002,0.4049632,-0.9138516,-0.02966624,0.4190203,-0.906843,-0.04536299,1.0
2449013.66461,1.128771,0.4049632,-0.9138516,-0.02966624,0.4190203,-0.906843,-0.04536299,1.0
2449013.66847,1.148698,0.4049632,-0.9138516,-0.02966624,0.4190203,-0.906843,-0.04536299,1.0
2449013.67221,1.234258,0.4049632,-0.9138516,-0.02966624,0.4190203,-0.906843,-0.04536299,1.0
2449013.68961,1.34836,0.4049632,-0.9138516,-0.02966624,0.4190203,-0.906843,-0.04536299,1.0
2449013.69424,1.282939,0.4049632,-0.9138516,-0.02966624,0.4190203,-0.906843,-0.04536299,1.0
2449013.69838,1.359584,0.4049632,-0.9138516,-0.02966624,0.4190203,-0.906843,-0.04536299,1.0
2449013.70219,1.300786,0.4049632,-0.9138516,-0.02966624,0.4190203,-0.906843,-0.04536299,1.0
2449013.70595,1.357081,0.4049632,-0.9138516,-0.02966624,0.4190203,-0.906843,-0.04536299,1.0
2449013.70968,1.334768,0.4049632,-0.9138516,-0.02966624,0.4190203,-0.906843,-0.04536299,1.0
2449013.71427,1.299588,0.4049632,-0.9138516,-0.02966624,0.4190203,-0.906843,-0.04536299,1.0
2449013.71801,1.270006,0.4049632,-0.9138516,-0.02966624,0.4190203,-0.906843,-0.04536299,1.0
2449013.72548,1.218445,0.4049632,-0.9138516,-0.02966624,0.4190203,-0.906843,-0.04536299,1.0
2449013.73035,1.206163,0.4049632,-0.9138516,-0.02966624,0.4190203,-0.906843,-0.04536299,1.0
2449013.73488,1.217323,0.4049632,-0.9138516,-0.02966624,0.4190203,-0.906843,-0.04536299,1.0
2449013.79066,0.7287958999999999,0.4049632,-0.9138516,-0.02966624,0.4190203,-0.906843,-0.04536299,1.0
2449013.7944,0.7409789000000001,0.4049632,-0.9138516,-0.02966624,0.4190203,-0.906843,-0.04536299,1.0
2449013.79883,0.8139653,0.4049632,-0.9138516,-0.02966624,0.4190203,-0.906843,-0.04536299,1.0
2449013.80267,0.8531117,0.4049632,-0.9138516,-0.02966624,0.4190203,-0.906843,-0.04536299,1.0
2449013.8064900003,0.9328372,0.4049632,-0.9138516,-0.02966624,0.4190203,-0.906843,-0.04536299,1.0
2449389.80888,0.863749,0.9741976,0.2195449,-0.05233596,0.8464663,0.5289308000000001,-0.06104854,1.0
2449389.81628,0.9401293,0.9741976,0.2195449,-0.05233596,0.8464663,0.5289308000000001,-0.06104854,1.0
2449389.8243,0.945339,0.9741976,0.2195449,-0.05233596,0.8464663,0.5289308000000001,-0.06104854,1.0
2449389.8318,0.92297,0.9741976,0.2195449,-0.05233596,0.8464663,0.5289308000000001,-0.06104854,1.0
2449389.84023,0.8912254999999999,0.9741976,0.2195449,-0.05233596,0.8464663,0.5289308000000001,-0.06104854,1.0
2449389.84808,0.9576075,0.9741976,0.2195449,-0.05233596,0.8464663,0.5289308000000001,-0.06104854,1.0
2449389.8562,1.0166879999999998,0.9741976,0.2195449,-0.05233596,0.8464663,0.5289308000000001,-0.06104854,1.0
2449389.86364,1.072476,0.9741976,0.2195449,-0.05233596,0.8464663,0.5289308000000001,-0.06104854,1.0
2449389.8721,0.9826245,0.9741976,0.2195449,-0.05233596,0.8464663,0.5289308000000001,-0.06104854,1.0
2449389.88025,1.084395,0.9741976,0.2195449,-0.05233596,0.8464663,0.5289308000000001,-0.06104854,1.0
2449389.88882,1.103539,0.9741976,0.2195449,-0.05233596,0.8464663,0.5289308000000001,-0.06104854,1.0
2449389.89659,1.100494,0.9741976,0.2195449,-0.05233596,0.8464663,0.5289308000000001,-0.06104854,1.0
2449389.90553,1.116831,0.9741976,0.2195449,-0.05233596,0.8464663,0.5289308000000001,-0.06104854,1.0
2449389.91327,1.077426,0.9741976,0.2195449,-0.05233596,0.8464663,0.5289308000000001,-0.06104854,1.0
2449389.92167,1.029882,0.9741976,0.2195449,-0.05233596,0.8464663,0.5289308000000001,-0.06104854,1.0
2449389.92946,1.014817,0.9741976,0.2195449,-0.05233596,0.8464663,0.5289308000000001,-0.06104854,1.0
2449389.93778,0.8798074,0.9741976,0.2195449,-0.05233596,0.8464663,0.5289308000000001,-0.06104854,1.0
2449390.76291,0.8259470999999999,0.9741976,0.2195449,-0.05233596,0.8464663,0.5289308000000001,-0.06104854,1.0
2449390.7716900003,0.949188,0.9741976,0.2195449,-0.05233596,0.8464663,0.5289308000000001,-0.06104854,1.0
2449390.79717,0.9535694,0.9741976,0.2195449,-0.05233596,0.8464663,0.5289308000000001,-0.06104854,1.0
2449390.80479,1.038849,0.9741976,0.2195449,-0.05233596,0.8464663,0.5289308000000001,-0.06104854,1.0
2449390.82558,1.119315,0.9741976,0.2195449,-0.05233596,0.8464663,0.5289308000000001,-0.06104854,1.0
2449390.8331,1.063046,0.9741976,0.2195449,-0.05233596,0.8464663,0.5289308000000001,-0.06104854,1.0
2449390.8410400003,1.151734,0.9741976,0.2195449,-0.05233596,0.8464663,0.5289308000000001,-0.06104854,1.0
2449390.84847,1.08281,0.9741976,0.2195449,-0.05233596,0.8464663,0.5289308000000001,-0.06104854,1.0
2449390.85658,0.9994299,0.9741976,0.2195449,-0.05233596,0.8464663,0.5289308000000001,-0.06104854,1.0
2449390.86412,1.043644,0.9741976,0.2195449,-0.05233596,0.8464663,0.5289308000000001,-0.06104854,1.0
2449390.87249,0.9301484,0.9741976,0.2195449,-0.05233596,0.8464663,0.5289308000000001,-0.06104854,1.0
2449390.88,0.9404858,0.9741976,0.2195449,-0.05233596,0.8464663,0.5289308000000001,-0.06104854,1.0
2449390.8895900003,0.985717,0.9741976,0.2195449,-0.05233596,0.8464663,0.5289308000000001,-0.06104854,1.0
2449390.89777,0.9570889,0.9741976,0.2195449,-0.05233596,0.8464663,0.5289308000000001,-0.06104854,1.0
2449390.90645,0.9258747,0.9741976,0.2195449,-0.05233596,0.8464663,0.5289308000000001,-0.06104854,1.0
2449390.91379,0.9588536,0.9741976,0.2195449,-0.05233596,0.8464663,0.5289308000000001,-0.06104854,1.0
2449390.92197,1.058162,0.9741976,0.2195449,-0.05233596,0.8464663,0.5289308000000001,-0.06104854,1.0
2449390.92949,1.016137,0.9741976,0.2195449,-0.05233596,0.8464663,0.5289308000000001,-0.06104854,1.0
2449416.70001,1.103484,0.9492985,0.3102786,-0.05059294,0.8357788,0.5448373000000001,-0.06801529,1.0
2449416.71175,1.110622,0.9492985,0.3102786,-0.05059294,0.8357788,0.5448373000000001,-0.06801529,1.0
2449416.71967,1.0823459999999998,0.9492985,0.3102786,-0.05059294,0.8357788,0.5448373000000001,-0.06801529,1.0
2449416.7273,1.105519,0.9492985,0.3102786,-0.05059294,0.8357788,0.5448373000000001,-0.06801529,1.0
2449416.73513,1.067496,0.9492985,0.3102786,-0.05059294,0.8357788,0.5448373000000001,-0.06801529,1.0
2449416.74295,1.002689,0.9492985,0.3102786,-0.05059294,0.8357788,0.5448373000000001,-0.06801529,1.0
2449416.75071,1.015702,0.9492985,0.3102786,-0.05059294,0.8357788,0.5448373000000001,-0.06801529,1.0
2449416.75845,0.9418161,0.9492985,0.3102786,-0.05059294,0.8357788,0.5448373000000001,-0.06801529,1.0
2449416.77026,0.9069141,0.9492985,0.3102786,-0.05059294,0.8357788,0.5448373000000001,-0.06801529,1.0
2449416.77843,0.8821982,0.9492985,0.3102786,-0.05059294,0.8357788,0.5448373000000001,-0.06801529,1.0
2449416.78823,0.8903610000000001,0.9492985,0.3102786,-0.05059294,0.8357788,0.5448373000000001,-0.06801529,1.0
2449416.79803,0.8887224,0.9492985,0.3102786,-0.05059294,0.8357788,0.5448373000000001,-0.06801529,1.0
2449416.8138900003,0.9044116,0.9492985,0.3102786,-0.05059294,0.8357788,0.5448373000000001,-0.06801529,1.0
2449416.82185,0.947908,0.9492985,0.3102786,-0.05059294,0.8357788,0.5448373000000001,-0.06801529,1.0
2449416.8317,0.9708813,0.9492985,0.3102786,-0.05059294,0.8357788,0.5448373000000001,-0.06801529,1.0
2449416.85035,1.073411,0.9492985,0.3102786,-0.05059294,0.8357788,0.5448373000000001,-0.06801529,1.0
2449416.86431,1.105519,0.9492985,0.3102786,-0.05059294,0.8357788,0.5448373000000001,-0.06801529,1.0
2449417.82025,1.064994,0.9492985,0.3102786,-0.05059294,0.8357788,0.5448373000000001,-0.06801529,1.0
2449417.82962,1.066957,0.9492985,0.3102786,-0.05059294,0.8357788,0.5448373000000001,-0.06801529,1.0
2449417.837,1.03788,0.9492985,0.3102786,-0.05059294,0.8357788,0.5448373000000001,-0.06801529,1.0
2449417.8783,0.9430769,0.9492985,0.3102786,-0.05059294,0.8357788,0.5448373000000001,-0.06801529,1.0
2449417.88578,0.9748709,0.9492985,0.3102786,-0.05059294,0.8357788,0.5448373000000001,-0.06801529,1.0
2449417.894,0.9632679,0.9492985,0.3102786,-0.05059294,0.8357788,0.5448373000000001,-0.06801529,1.0
2449417.9014,0.9641555,0.9492985,0.3102786,-0.05059294,0.8357788,0.5448373000000001,-0.06801529,1.0
2449417.9094,0.9847979,0.9492985,0.3102786,-0.05059294,0.8357788,0.5448373000000001,-0.06801529,1.0
2449423.6831,0.8760697000000001,0.9492985,0.3102786,-0.05059294,0.8357788,0.5448373000000001,-0.06801529,1.0
2449423.6908,0.9114622,0.9492985,0.3102786,-0.05059294,0.8357788,0.5448373000000001,-0.06801529,1.0
2449423.69896,0.892357,0.9492985,0.3102786,-0.05059294,0.8357788,0.5448373000000001,-0.06801529,1.0
2449423.70645,0.9006139000000001,0.9492985,0.3102786,-0.05059294,0.8357788,0.5448373000000001,-0.06801529,1.0
2449423.71459,0.9064391,0.9492985,0.3102786,-0.05059294,0.8357788,0.5448373000000001,-0.06801529,1.0
2449423.7222,0.936998,0.9492985,0.3102786,-0.05059294,0.8357788,0.5448373000000001,-0.06801529,1.0
2449423.75742,1.040731,0.9492985,0.3102786,-0.05059294,0.8357788,0.5448373000000001,-0.06801529,1.0
2449423.7649,1.070875,0.9492985,0.3102786,-0.05059294,0.8357788,0.5448373000000001,-0.06801529,1.0
2449423.77308,1.09481,0.9492985,0.3102786,-0.05059294,0.8357788,0.5448373000000001,-0.06801529,1.0
2449423.78051,1.078794,0.9492985,0.3102786,-0.05059294,0.8357788,0.5448373000000001,-0.06801529,1.0
2449423.78876,1.1306770000000002,0.9492985,0.3102786,-0.05059294,0.8357788,0.5448373000000001,-0.06801529,1.0
2449423.7968,1.105958,0.9492985,0.3102786,-0.05059294,0.8357788,0.5448373000000001,-0.06801529,1.0
2449423.83739,0.9838722,0.9492985,0.3102786,-0.05059294,0.8357788,0.5448373000000001,-0.06801529,1.0
2449423.8448400004,0.9829663,0.9492985,0.3102786,-0.05059294,0.8357788,0.5448373000000001,-0.06801529,1.0
2449423.85305,0.9993984,0.9492985,0.3102786,-0.05059294,0.8357788,0.5448373000000001,-0.06801529,1.0
2449423.86046,0.9911483,0.9492985,0.3102786,-0.05059294,0.8357788,0.5448373000000001,-0.06801529,1.0
2449423.86889,1.017041,0.9492985,0.3102786,-0.05059294,0.8357788,0.5448373000000001,-0.06801529,1.0
2449423.87643,1.079788,0.9492985,0.3102786,-0.05059294,0.8357788,0.5448373000000001,-0.06801529,1.0
2450839.60127,1.2572020000000002,0.5221475999999999,-0.8520675,-0.03664371,0.487099,-0.871561,-0.0558215,1.0
2450839.60527,1.247973,0.5221475999999999,-0.8520675,-0.03664371,0.487099,-0.871561,-0.0558215,1.0
2450839.60995,1.224067,0.5221475999999999,-0.8520675,-0.03664371,0.487099,-0.871561,-0.0558215,1.0
2450839.61355,1.235393,0.5221475999999999,-0.8520675,-0.03664371,0.487099,-0.871561,-0.0558215,1.0
2450839.61717,1.1863290000000002,0.5221475999999999,-0.8520675,-0.03664371,0.487099,-0.871561,-0.0558215,1.0
2450839.62087,1.179791,0.5221475999999999,-0.8520675,-0.03664371,0.487099,-0.871561,-0.0558215,1.0
2450839.6245,1.156126,0.5221475999999999,-0.8520675,-0.03664371,0.487099,-0.871561,-0.0558215,1.0
2450839.62813,1.125655,0.5221475999999999,-0.8520675,-0.03664371,0.487099,-0.871561,-0.0558215,1.0
2450839.6324,1.094978,0.5221475999999999,-0.8520675,-0.03664371,0.487099,-0.871561,-0.0558215,1.0
2450839.63602,1.0544,0.5221475999999999,-0.8520675,-0.03664371,0.487099,-0.871561,-0.0558215,1.0
2450839.63962,1.021893,0.5221475999999999,-0.8520675,-0.03664371,0.487099,-0.871561,-0.0558215,1.0
2450839.64322,0.9741038,0.5221475999999999,-0.8520675,-0.03664371,0.487099,-0.871561,-0.0558215,1.0
2450839.6469900003,0.9217333,0.5221475999999999,-0.8520675,-0.03664371,0.487099,-0.871561,-0.0558215,1.0
2450839.6506,0.8851263,0.5221475999999999,-0.8520675,-0.03664371,0.487099,-0.871561,-0.0558215,1.0
2450839.6549400003,0.8199837999999999,0.5221475999999999,-0.8520675,-0.03664371,0.487099,-0.871561,-0.0558215,1.0
2450839.65856,0.7744711999999999,0.5221475999999999,-0.8520675,-0.03664371,0.487099,-0.871561,-0.0558215,1.0
2450839.6622,0.7254461999999999,0.5221475999999999,-0.8520675,-0.03664371,0.487099,-0.871561,-0.0558215,1.0
2450839.66581,0.6858122,0.5221475999999999,-0.8520675,-0.03664371,0.487099,-0.871561,-0.0558215,1.0
2450839.66945,0.658575,0.5221475999999999,-0.8520675,-0.03664371,0.487099,-0.871561,-0.0558215,1.0
2450839.67305,0.6453647,0.5221475999999999,-0.8520675,-0.03664371,0.487099,-0.871561,-0.0558215,1.0
2450839.6780000003,0.6826612,0.5221475999999999,-0.8520675,-0.03664371,0.487099,-0.871561,-0.0558215,1.0
2450839.6816,0.7281238,0.5221475999999999,-0.8520675,-0.03664371,0.487099,-0.871561,-0.0558215,1.0
2450839.6852,0.7751848000000001,0.5221475999999999,-0.8520675,-0.03664371,0.487099,-0.871561,-0.0558215,1.0
2450839.68881,0.8429566,0.5221475999999999,-0.8520675,-0.03664371,0.487099,-0.871561,-0.0558215,1.0
2450839.7374,1.25952,0.5221475999999999,-0.8520675,-0.03664371,0.487099,-0.871561,-0.0558215,1.0
2450839.741,1.272346,0.5221475999999999,-0.8520675,-0.03664371,0.487099,-0.871561,-0.0558215,1.0
2450839.74463,1.301983,0.5221475999999999,-0.8520675,-0.03664371,0.487099,-0.871561,-0.0558215,1.0
2450839.75308,1.285302,0.5221475999999999,-0.8520675,-0.03664371,0.487099,-0.871561,-0.0558215,1.0
2450839.75676,1.275867,0.5221475999999999,-0.8520675,-0.03664371,0.487099,-0.871561,-0.0558215,1.0
2450839.7639900004,1.268835,0.5221475999999999,-0.8520675,-0.03664371,0.487099,-0.871561,-0.0558215,1.0
2450839.76885,1.251426,0.5221475999999999,-0.8520675,-0.03664371,0.487099,-0.871561,-0.0558215,1.0
2450839.7725,1.226324,0.5221475999999999,-0.8520675,-0.03664371,0.487099,-0.871561,-0.0558215,1.0
2450839.77611,1.17762,0.5221475999999999,-0.8520675,-0.03664371,0.487099,-0.871561,-0.0558215,1.0
2450839.77972,1.184146,0.5221475999999999,-0.8520675,-0.03664371,0.487099,-0.871561,-0.0558215,1.0
2450839.78407,1.131893,0.5221475999999999,-0.8520675,-0.03664371,0.487099,-0.871561,-0.0558215,1.0
2450839.78767,1.105109,0.5221475999999999,-0.8520675,-0.03664371,0.487099,-0.871561,-0.0558215,1.0
2450839.7913,1.0553709999999998,0.5221475999999999,-0.8520675,-0.03664371,0.487099,-0.871561,-0.0558215,1.0
2450839.79495,1.021893,0.5221475999999999,-0.8520675,-0.03664371,0.487099,-0.871561,-0.0558215,1.0
2450839.80005,0.9493039,0.5221475999999999,-0.8520675,-0.03664371,0.487099,-0.871561,-0.0558215,1.0
2450839.8037,0.9032443,0.5221475999999999,-0.8520675,-0.03664371,0.487099,-0.871561,-0.0558215,1.0
2450839.8072900004,0.8507564000000001,0.5221475999999999,-0.8520675,-0.03664371,0.487099,-0.871561,-0.0558215,1.0
2450839.8108900003,0.8117182,0.5221475999999999,-0.8520675,-0.03664371,0.487099,-0.871561,-0.0558215,1.0
2450839.8151,0.7464576999999999,0.5221475999999999,-0.8520675,-0.03664371,0.487099,-0.871561,-0.0558215,1.0
2450839.81904,0.6985625,0.5221475999999999,-0.8520675,-0.03664371,0.487099,-0.871561,-0.0558215,1.0
2450839.82265,0.6591819,0.5221475999999999,-0.8520675,-0.03664371,0.487099,-0.871561,-0.0558215,1.0
2450839.82643,0.6597893,0.5221475999999999,-0.8520675,-0.03664371,0.487099,-0.871561,-0.0558215,1.0
2450840.69885,1.7191310000000002,0.5221475999999999,-0.8520675,-0.03664371,0.487099,-0.871561,-0.0558215,1.0
2450840.75247,1.098775,0.5221475999999999,-0.8520675,-0.03664371,0.487099,-0.871561,-0.0558215,1.0
2450840.75617,0.9938226,0.5221475999999999,-0.8520675,-0.03664371,0.487099,-0.871561,-0.0558215,1.0
2450840.76087,0.8955893,0.5221475999999999,-0.8520675,-0.03664371,0.487099,-0.871561,-0.0558215,1.0
2450840.76558,0.8381252,0.5221475999999999,-0.8520675,-0.03664371,0.487099,-0.871561,-0.0558215,1.0
2450840.77078,0.8182931,0.5221475999999999,-0.8520675,-0.03664371,0.487099,-0.871561,-0.0558215,1.0
2450840.7744,0.8381252,0.5221475999999999,-0.8520675,-0.03664371,0.487099,-0.871561,-0.0558215,1.0
2450840.77978,0.863195,0.5221475999999999,-0.8520675,-0.03664371,0.487099,-0.871561,-0.0558215,1.0
2450840.7834900003,0.9438629,0.5221475999999999,-0.8520675,-0.03664371,0.487099,-0.871561,-0.0558215,1.0
2450840.78719,0.9910805,0.5221475999999999,-0.8520675,-0.03664371,0.487099,-0.871561,-0.0558215,1.0
2450845.58044,1.36911,0.5221475999999999,-0.8520675,-0.03664371,0.487099,-0.871561,-0.0558215,1.0
2450845.58417,1.334253,0.5221475999999999,-0.8520675,-0.03664371,0.487099,-0.871561,-0.0558215,1.0
2450845.58781,1.3099,0.5221475999999999,-0.8520675,-0.03664371,0.487099,-0.871561,-0.0558215,1.0
2450845.59154,1.2966959999999998,0.5221475999999999,-0.8520675,-0.03664371,0.487099,-0.871561,-0.0558215,1.0
2450845.59517,1.263683,0.5221475999999999,-0.8520675,-0.03664371,0.487099,-0.871561,-0.0558215,1.0
2450845.59887,1.229244,0.5221475999999999,-0.8520675,-0.03664371,0.487099,-0.871561,-0.0558215,1.0
2450845.61413,0.9909192,0.5221475999999999,-0.8520675,-0.03664371,0.487099,-0.871561,-0.0558215,1.0
2450845.61808,0.9290481,0.5221475999999999,-0.8520675,-0.03664371,0.487099,-0.871561,-0.0558215,1.0
2450845.62169,0.8457425999999999,0.5221475999999999,-0.8520675,-0.03664371,0.487099,-0.871561,-0.0558215,1.0
2450845.6252900003,0.8091670999999999,0.5221475999999999,-0.8520675,-0.03664371,0.487099,-0.871561,-0.0558215,1.0
2450845.62984,0.7784635,0.5221475999999999,-0.8520675,-0.03664371,0.487099,-0.871561,-0.0558215,1.0
2450845.63345,0.7106214,0.5221475999999999,-0.8520675,-0.03664371,0.487099,-0.871561,-0.0558215,1.0
2450845.6373,0.6995813,0.5221475999999999,-0.8520675,-0.03664371,0.487099,-0.871561,-0.0558215,1.0
2450845.6409,0.7614444,0.5221475999999999,-0.8520675,-0.03664371,0.487099,-0.871561,-0.0558215,1.0
2450845.64505,0.8106591,0.5221475999999999,-0.8520675,-0.03664371,0.487099,-0.871561,-0.0558215,1.0
2450845.64878,0.8614662000000001,0.5221475999999999,-0.8520675,-0.03664371,0.487099,-0.871561,-0.0558215,1.0
2450861.6483400003,0.7662263000000001,0.5873116999999999,-0.8083653000000001,-0.04013179,0.4250733,-0.9033267,-0.05756403,1.0
2450861.65531,0.8502703000000001,0.5873116999999999,-0.8083653000000001,-0.04013179,0.4250733,-0.9033267,-0.05756403,1.0
2450861.66417,1.178032,0.5873116999999999,-0.8083653000000001,-0.04013179,0.4250733,-0.9033267,-0.05756403,1.0
2450861.6674900004,1.205472,0.5873116999999999,-0.8083653000000001,-0.04013179,0.4250733,-0.9033267,-0.05756403,1.0
2450872.6052,1.047644,0.5873116999999999,-0.8083653000000001,-0.04013179,0.4250733,-0.9033267,-0.05756403,1.0
2450872.6088,0.9732258,0.5873116999999999,-0.8083653000000001,-0.04013179,0.4250733,-0.9033267,-0.05756403,1.0
2450872.61281,0.87059,0.5873116999999999,-0.8083653000000001,-0.04013179,0.4250733,-0.9033267,-0.05756403,1.0
2450872.61641,0.7680928000000001,0.5873116999999999,-0.8083653000000001,-0.04013179,0.4250733,-0.9033267,-0.05756403,1.0
2450872.62007,0.7645637,0.5873116999999999,-0.8083653000000001,-0.04013179,0.4250733,-0.9033267,-0.05756403,1.0
2450872.62367,0.7227925000000001,0.5873116999999999,-0.8083653000000001,-0.04013179,0.4250733,-0.9033267,-0.05756403,1.0
2450872.62824,0.8080044,0.5873116999999999,-0.8083653000000001,-0.04013179,0.4250733,-0.9033267,-0.05756403,1.0
2450872.63216,0.8207554,0.5873116999999999,-0.8083653000000001,-0.04013179,0.4250733,-0.9033267,-0.05756403,1.0
2450872.74383,1.439507,0.5873116999999999,-0.8083653000000001,-0.04013179,0.4250733,-0.9033267,-0.05756403,1.0
2450872.7515,1.382336,0.5873116999999999,-0.8083653000000001,-0.04013179,0.4250733,-0.9033267,-0.05756403,1.0
2450872.75515,1.178728,0.5873116999999999,-0.8083653000000001,-0.04013179,0.4250733,-0.9033267,-0.05756403,1.0
2450872.75876,1.096008,0.5873116999999999,-0.8083653000000001,-0.04013179,0.4250733,-0.9033267,-0.05756403,1.0
2450872.76311,1.127752,0.5873116999999999,-0.8083653000000001,-0.04013179,0.4250733,-0.9033267,-0.05756403,1.0
2450878.63948,1.1169950000000002,0.5873116999999999,-0.8083653000000001,-0.04013179,0.4250733,-0.9033267,-0.05756403,1.0
2450878.65499,1.227018,0.5873116999999999,-0.8083653000000001,-0.04013179,0.4250733,-0.9033267,-0.05756403,1.0
2450878.66991,1.195779,0.5873116999999999,-0.8083653000000001,-0.04013179,0.4250733,-0.9033267,-0.05756403,1.0
2450878.68499,1.14512,0.5873116999999999,-0.8083653000000001,-0.04013179,0.4250733,-0.9033267,-0.05756403,1.0
2450878.7123,1.070659,0.5873116999999999,-0.8083653000000001,-0.04013179,0.4250733,-0.9033267,-0.05756403,1.0
2450878.73971,0.5824398000000001,0.5873116999999999,-0.8083653000000001,-0.04013179,0.4250733,-0.9033267,-0.05756403,1.0
2450878.75477,0.6619894000000001,0.5873116999999999,-0.8083653000000001,-0.04013179,0.4250733,-0.9033267,-0.05756403,1.0
2450924.53588,1.024449,0.7515795999999999,-0.6579583000000001,-0.04710645,0.4734811,-0.8793498,-0.05059294,1.0
2450924.55114,0.7538596,0.7515795999999999,-0.6579583000000001,-0.04710645,0.4734811,-0.8793498,-0.05059294,1.0
2450924.56661,0.7531656,0.7515795999999999,-0.6579583000000001,-0.04710645,0.4734811,-0.8793498,-0.05059294,1.0
2450924.5812,0.8350076999999999,0.7515795999999999,-0.6579583000000001,-0.04710645,0.4734811,-0.8793498,-0.05059294,1.0
2450924.59588,1.005751,0.7515795999999999,-0.6579583000000001,-0.04710645,0.4734811,-0.8793498,-0.05059294,1.0
2450924.6116,1.186016,0.7515795999999999,-0.6579583000000001,-0.04710645,0.4734811,-0.8793498,-0.05059294,1.0
2450924.636,1.441752,0.7515795999999999,-0.6579583000000001,-0.04710645,0.4734811,-0.8793498,-0.05059294,1.0
2450925.5215,0.7239959,0.7515795999999999,-0.6579583000000001,-0.04710645,0.4734811,-0.8793498,-0.05059294,1.0
2450925.53645,0.8632493,0.7515795999999999,-0.6579583000000001,-0.04710645,0.4734811,-0.8793498,-0.05059294,1.0
2450925.55095,0.962357,0.7515795999999999,-0.6579583000000001,-0.04710645,0.4734811,-0.8793498,-0.05059294,1.0
2450925.56562,1.145345,0.7515795999999999,-0.6579583000000001,-0.04710645,0.4734811,-0.8793498,-0.05059294,1.0
2450925.58166,1.141133,0.7515795999999999,-0.6579583000000001,-0.04710645,0.4734811,-0.8793498,-0.05059294,1.0
2450925.59716,1.235197,0.7515795999999999,-0.6579583000000001,-0.04710645,0.4734811,-0.8793498,-0.05059294,1.0
2450925.61787,1.089773,0.7515795999999999,-0.6579583000000001,-0.04710645,0.4734811,-0.8793498,-0.05059294,1.0
2450925.6365,0.8389503,0.7515795999999999,-0.6579583000000001,-0.04710645,0.4734811,-0.8793498,-0.05059294,1.0
2450952.55292,0.937724,0.8120594,-0.5813775,-0.05059294,0.5786380999999999,-0.8142229,-0.04710645,1.0
2450952.56785,1.064817,0.8120594,-0.5813775,-0.05059294,0.5786380999999999,-0.8142229,-0.04710645,1.0
2450952.58129,1.07467,0.8120594,-0.5813775,-0.05059294,0.5786380999999999,-0.8142229,-0.04710645,1.0
2450952.59792,0.9720198,0.8120594,-0.5813775,-0.05059294,0.5786380999999999,-0.8142229,-0.04710645,1.0
2450952.60527,0.9507692,0.8120594,-0.5813775,-0.05059294,0.5786380999999999,-0.8142229,-0.04710645,1.0
2452221.4966,1.011952,-0.7948871999999999,-0.6055417,0.03838781,-0.8371944,-0.5436804000000001,0.05930637,1.0
2452221.50983,1.046068,-0.7948871999999999,-0.6055417,0.03838781,-0.8371944,-0.5436804000000001,0.05930637,1.0
2452221.51629,1.045105,-0.7948871999999999,-0.6055417,0.03838781,-0.8371944,-0.5436804000000001,0.05930637,1.0
2452221.52448,1.047032,-0.7948871999999999,-0.6055417,0.03838781,-0.8371944,-0.5436804000000001,0.05930637,1.0
2452221.53097,1.055747,-0.7948871999999999,-0.6055417,0.03838781,-0.8371944,-0.5436804000000001,0.05930637,1.0
2452221.53872,1.0479969999999998,-0.7948871999999999,-0.6055417,0.03838781,-0.8371944,-0.5436804000000001,0.05930637,1.0
2452221.54525,1.035524,-0.7948871999999999,-0.6055417,0.03838781,-0.8371944,-0.5436804000000001,0.05930637,1.0
2452221.55479,1.028869,-0.7948871999999999,-0.6055417,0.03838781,-0.8371944,-0.5436804000000001,0.05930637,1.0
2452221.56126,1.008231,-0.7948871999999999,-0.6055417,0.03838781,-0.8371944,-0.5436804000000001,0.05930637,1.0
2452221.5691,0.9825619,-0.7948871999999999,-0.6055417,0.03838781,-0.8371944,-0.5436804000000001,0.05930637,1.0
2452221.57559,0.9619665,-0.7948871999999999,-0.6055417,0.03838781,-0.8371944,-0.5436804000000001,0.05930637,1.0
2452221.58377,0.9549045,-0.7948871999999999,-0.6055417,0.03838781,-0.8371944,-0.5436804000000001,0.05930637,1.0
2452221.59028,0.9435392,-0.7948871999999999,-0.6055417,0.03838781,-0.8371944,-0.5436804000000001,0.05930637,1.0
2452221.59696,0.9152927,-0.7948871999999999,-0.6055417,0.03838781,-0.8371944,-0.5436804000000001,0.05930637,1.0
2452221.60343,0.894458,-0.7948871999999999,-0.6055417,0.03838781,-0.8371944,-0.5436804000000001,0.05930637,1.0
2452221.61153,0.9136081,-0.7948871999999999,-0.6055417,0.03838781,-0.8371944,-0.5436804000000001,0.05930637,1.0
2452221.618,0.9119268,-0.7948871999999999,-0.6055417,0.03838781,-0.8371944,-0.5436804000000001,0.05930637,1.0
2452221.62738,0.9383395,-0.7948871999999999,-0.6055417,0.03838781,-0.8371944,-0.5436804000000001,0.05930637,1.0
2452221.63385,0.9444087,-0.7948871999999999,-0.6055417,0.03838781,-0.8371944,-0.5436804000000001,0.05930637,1.0
2452221.6445,0.9789488000000002,-0.7948871999999999,-0.6055417,0.03838781,-0.8371944,-0.5436804000000001,0.05930637,1.0
2452221.65103,0.9898285,-0.7948871999999999,-0.6055417,0.03838781,-0.8371944,-0.5436804000000001,0.05930637,1.0
2452221.65949,1.004523,-0.7948871999999999,-0.6055417,0.03838781,-0.8371944,-0.5436804000000001,0.05930637,1.0
2452221.6658900003,1.019436,-0.7948871999999999,-0.6055417,0.03838781,-0.8371944,-0.5436804000000001,0.05930637,1.0
2452221.67286,1.01756,-0.7948871999999999,-0.6055417,0.03838781,-0.8371944,-0.5436804000000001,0.05930637,1.0
2452221.6798,1.045105,-0.7948871999999999,-0.6055417,0.03838781,-0.8371944,-0.5436804000000001,0.05930637,1.0
2452221.6861900003,1.050897,-0.7948871999999999,-0.6055417,0.03838781,-0.8371944,-0.5436804000000001,0.05930637,1.0
2452221.69397,1.0538040000000002,-0.7948871999999999,-0.6055417,0.03838781,-0.8371944,-0.5436804000000001,0.05930637,1.0
2452221.70037,1.050897,-0.7948871999999999,-0.6055417,0.03838781,-0.8371944,-0.5436804000000001,0.05930637,1.0
2452221.7078400003,1.061598,-0.7948871999999999,-0.6055417,0.03838781,-0.8371944,-0.5436804000000001,0.05930637,1.0
2452221.71532,1.030766,-0.7948871999999999,-0.6055417,0.03838781,-0.8371944,-0.5436804000000001,0.05930637,1.0
2452221.72171,1.012885,-0.7948871999999999,-0.6055417,0.03838781,-0.8371944,-0.5436804000000001,0.05930637,1.0
2452221.72778,1.029817,-0.7948871999999999,-0.6055417,0.03838781,-0.8371944,-0.5436804000000001,0.05930637,1.0
2452221.788,0.9664068,-0.7948871999999999,-0.6055417,0.03838781,-0.8371944,-0.5436804000000001,0.05930637,1.0
2452221.73264,1.063898,-0.7948871999999999,-0.6055417,0.03838781,-0.8371944,-0.5436804000000001,0.05930637,1.0
2452221.7390400004,1.020704,-0.7948871999999999,-0.6055417,0.03838781,-0.8371944,-0.5436804000000001,0.05930637,1.0
2452221.74709,0.9928873,-0.7948871999999999,-0.6055417,0.03838781,-0.8371944,-0.5436804000000001,0.05930637,1.0
2452221.75348,0.9792644,-0.7948871999999999,-0.6055417,0.03838781,-0.8371944,-0.5436804000000001,0.05930637,1.0
2452221.76039,0.9747652,-0.7948871999999999,-0.6055417,0.03838781,-0.8371944,-0.5436804000000001,0.05930637,1.0
2452221.76733,0.981974,-0.7948871999999999,-0.6055417,0.03838781,-0.8371944,-0.5436804000000001,0.05930637,1.0
2452221.77371,0.9865066,-0.7948871999999999,-0.6055417,0.03838781,-0.8371944,-0.5436804000000001,0.05930637,1.0
