2438932.02446,95675.34,0.3636686,2.450043,-0.15463410000000002,0.3538611,1.433848,-0.1546931,1.0
2438932.02992,94623.72,0.3636093,2.450056,-0.1546388,0.3538942,1.43386,-0.1546978,1.0
2438932.0309200003,93153.68,0.3635985,2.450059,-0.15463970000000002,0.35390029999999995,1.433862,-0.1546987,1.0
2438932.03842,92640.31,0.3635171,2.450077,-0.1546461,0.35394590000000004,1.433878,-0.1547051,1.0
2438932.04212,89949.76,0.3634769000000001,2.450085,-0.1546493,0.3539684,1.433886,-0.1547083,1.0
2438932.04542,91033.24,0.3634412,2.450093,-0.1546521,0.3539884,1.433894,-0.15471110000000002,1.0
2438932.05117,90032.64,0.3633788,2.450107,-0.15465710000000002,0.3540233,1.433906,-0.1547161,1.0
2438932.05392,88064.32,0.363349,2.450113,-0.1546594,0.35404,1.433912,-0.1547184,1.0
2438932.05912,88226.69,0.3632925,2.450126,-0.1546639,0.3540717,1.433923,-0.1547229,1.0
2438932.06325,89618.98,0.3632477,2.450136,-0.1546674,0.3540967,1.433932,-0.1547264,1.0
2438932.069,90281.76,0.3631853,2.450149,-0.1546724,0.3541317,1.433945,-0.1547314,1.0
2438932.07242,90281.76,0.3631483,2.450157,-0.1546753,0.35415240000000003,1.433952,-0.1547343,1.0
2438932.072,89125.09,0.3631528,2.450156,-0.1546749,0.3541499,1.433951,-0.1547339,1.0
2438932.0767900003,89618.98,0.3631008,2.450168,-0.1546791,0.354179,1.4339620000000002,-0.15473810000000002,1.0
2438932.0821700003,89701.56,0.3630425000000001,2.450181,-0.15468370000000006,0.3542117,1.433973,-0.1547427,1.0
2438932.08379,91453.43,0.3630248,2.450184,-0.15468510000000002,0.3542215,1.433977,-0.1547441,1.0
2438932.08612,90865.7,0.3629995,2.45019,-0.15468710000000002,0.3542357,1.433982,-0.1547461,1.0
2438932.09092,91117.12,0.3629475,2.450201,-0.1546912,0.3542648,1.433992,-0.1547502,1.0
2438932.09396,91453.43,0.3629146,2.450209,-0.1546938,0.3542833,1.433999,-0.15475279999999994,1.0
2438932.09942,91706.47,0.3628553,2.450222,-0.1546985,0.3543165,1.434011,-0.1547575,1.0
2438932.10271,91033.24,0.3628196,2.450229,-0.1547013,0.3543365,1.434018,-0.1547603,1.0
2438932.13121,92384.69,0.3625104,2.450297,-0.15472579999999994,0.3545096,1.43408,-0.1547848,1.0
2438932.13587,92214.67,0.3624598,2.450308,-0.15472979999999995,0.3545379,1.43409,-0.1547888,1.0
2438932.14054,94710.91,0.3624092,2.450319,-0.1547338,0.3545663,1.4341,-0.15479279999999998,1.0
2438932.1446700003,95411.34,0.3623644,2.450329,-0.1547374,0.3545913,1.434109,-0.1547964,1.0
2438932.15108,95411.34,0.3622948,2.450344,-0.1547429,0.3546303,1.434123,-0.1548019,1.0
2438932.15204,96294.17,0.3622844,2.4503470000000003,-0.1547437,0.3546362,1.434125,-0.15480270000000002,1.0
2438932.15562,96827.79,0.3622455,2.450355,-0.1547468,0.3546579,1.434133,-0.1548058,1.0
2438932.16042,97813.77,0.3621935,2.450367,-0.1547509,0.354687,1.434143,-0.1548099,1.0
2438932.16796,97095.7,0.3621117,2.450385,-0.1547574,0.3547328,1.434159,-0.1548164,1.0
2438932.17,96205.52,0.3620896,2.450389,-0.1547591,0.35474520000000004,1.434164,-0.1548181,1.0
2438932.17742,95411.34,0.3620091,2.450407,-0.1547655,0.3547903,1.43418,-0.15482449999999998,1.0
2438932.18167,96028.47,0.361963,2.450417,-0.1547692,0.3548161,1.434189,-0.15482820000000005,1.0
2438932.18604,97185.17,0.3619155,2.450428,-0.1547729,0.3548427,1.434199,-0.1548319,1.0
2438932.19262,95851.74,0.3618441,2.450443,-0.15477860000000002,0.3548827,1.434213,-0.1548376,1.0
2438932.1955,97813.77,0.3618129000000001,2.45045,-0.154781,0.3549002,1.434219,-0.15484,1.0
2438932.19975,97454.07,0.3617668,2.45046,-0.15478470000000005,0.354926,1.434228,-0.1548437,1.0
2438932.20346,98084.41,0.3617266,2.450469,-0.15478789999999998,0.3549485,1.434236,-0.1548469,1.0
2438932.20825,98084.41,0.3616746,2.45048,-0.154792,0.3549776,1.4342469999999998,-0.154851,1.0
2438932.21071,100554.2,0.3616479,2.450486,-0.1547941,0.3549926,1.434252,-0.1548531,1.0
2438932.21758,100554.2,0.3615733,2.450502,-0.1548,0.3550343,1.434267,-0.154859,1.0
2438932.20933,102423.6,0.3616628,2.450483,-0.15479289999999998,0.3549842,1.434249,-0.1548519,1.0
2438932.22512,103276.1,0.3614915,2.45052,-0.1548065,0.3550801,1.434283,-0.1548655,1.0
2438932.2300400003,102991.2,0.3614382,2.450532,-0.15481070000000002,0.35511,1.434294,-0.1548697,1.0
2438932.23171,100184.4,0.3614201,2.450536,-0.1548121,0.35512009999999994,1.434298,-0.1548711,1.0
2438932.2378700003,97185.17,0.3613532,2.450551,-0.1548174,0.3551576,1.434311,-0.1548764,1.0
2438932.2412900003,98355.81,0.3613161,2.450559,-0.1548204,0.3551783,1.434318,-0.1548794,1.0
2438932.2526700003,94972.97,0.3611927,2.450586,-0.15483010000000005,0.3552474,1.434343,-0.1548891,1.0
2438932.25596,92555.02,0.361157,2.450594,-0.154833,0.3552674000000001,1.43435,-0.154892,1.0
2438932.26775,92299.64,0.3610291,2.450622,-0.1548431,0.3553391,1.434376,-0.1549021,1.0
2438932.26375,97095.7,0.3610725,2.450612,-0.15483970000000002,0.3553148,1.434367,-0.1548987,1.0
2438932.28075,102707.0,0.360888,2.450653,-0.1548543,0.3554181,1.434404,-0.15491329999999998,1.0
2438932.14264,96116.95,0.3648632,2.461814,-0.1554023,0.3396478,1.378263,-0.1554603,1.0
2438932.14806,96382.9,0.3648056,2.461832,-0.1554073,0.3396753,1.378247,-0.15546529999999995,1.0
2438932.15273,97633.76,0.3647559,2.461848,-0.1554116,0.339699,1.378233,-0.1554696,1.0
2438932.16198,97994.12,0.3646575,2.46188,-0.1554201,0.339746,1.378206,-0.1554781,1.0
2438932.15531,95499.26,0.3647284,2.461857,-0.1554139,0.3397121,1.378226,-0.1554719,1.0
2438932.16577,95323.5,0.3646171,2.461893,-0.15542360000000002,0.3397653,1.378195,-0.1554816,1.0
2438932.1627700003,94536.6,0.364649,2.4618830000000003,-0.1554208,0.33975,1.378204,-0.15547879999999994,1.0
2438932.18118,99265.88,0.364453,2.461946,-0.1554378,0.3398437,1.378149,-0.1554958,1.0
2438932.18635,98718.83,0.3643981,2.461963,-0.15544249999999998,0.3398699,1.378134,-0.1555005,1.0
2438932.1911,98446.44,0.3643475,2.461979,-0.1554469,0.3398941,1.37812,-0.1555049,1.0
2438932.19518,98991.98,0.3643041,2.461993,-0.1554507,0.3399148,1.378108,-0.15550870000000006,1.0
2438932.20227,99083.19,0.3642287,2.462018,-0.15545720000000002,0.3399508,1.378087,-0.1555152,1.0
2438932.1943900003,96649.59,0.3643125,2.461991,-0.1554499,0.3399108,1.37811,-0.1555079,1.0
2438932.2053900003,96917.01,0.3641954,2.462028,-0.15546010000000002,0.3399667,1.378078,-0.1555181,1.0
2438932.20948,98446.44,0.364152,2.462042,-0.1554638,0.3399875,1.378065,-0.1555218,1.0
2438932.2186,98174.79,0.3640549000000001,2.462073,-0.15547220000000006,0.3400338,1.378039,-0.1555302,1.0
2438932.21452,99083.19,0.3640983,2.46206,-0.15546849999999998,0.3400131,1.378051,-0.1555265,1.0
2438932.21943,99357.35,0.364046,2.462076,-0.155473,0.3400381,1.378036,-0.155531,1.0
2438932.22431,100461.6,0.3639941,2.462093,-0.15547750000000002,0.3400629000000001,1.378022,-0.1555355,1.0
2438932.22748,99540.54,0.3639604,2.462104,-0.1554804,0.340079,1.378012,-0.1555384,1.0
2438932.23318,97006.31,0.3638997000000001,2.462123,-0.15548570000000006,0.340108,1.377995,-0.1555437,1.0
2438932.24081,96827.79,0.3638185,2.462149,-0.1554927,0.3401467,1.377973,-0.1555507,1.0
2438932.2450200003,96560.61,0.3637737,2.462164,-0.1554966,0.3401681,1.37796,-0.15555460000000002,1.0
2438932.24856,96827.79,0.363736,2.462176,-0.1554998,0.3401861,1.37795,-0.1555578,1.0
2438932.25373,94798.18,0.3636811,2.462194,-0.1555046,0.3402124,1.377935,-0.1555626,1.0
2438932.25577,93669.89,0.3636593,2.462201,-0.1555065,0.3402228,1.3779290000000002,-0.1555645,1.0
2438932.26177,91622.05,0.3635955,2.462221,-0.15551199999999998,0.3402533,1.377911,-0.15557,1.0
2438932.28668,92640.31,0.3633303,2.4623060000000003,-0.1555349,0.3403799000000001,1.377837,-0.15559289999999998,1.0
2438932.28889,93153.68,0.3633068,2.462314,-0.15553699999999998,0.34039109999999995,1.377831,-0.155595,1.0
2438932.30356,88879.17,0.3631507,2.462364,-0.1555505,0.34046570000000004,1.377787,-0.1556085,1.0
2438932.31243,89371.7,0.3630563,2.462394,-0.15555870000000002,0.34051079999999995,1.377761,-0.15561670000000002,1.0
2438932.3166400003,91285.12,0.3630115,2.462409,-0.1555625,0.3405322,1.377749,-0.1556205,1.0
2438932.3196400004,92811.12,0.3629796,2.462419,-0.1555653,0.3405474,1.37774,-0.1556233,1.0
2438932.32631,93497.5,0.3629086,2.462442,-0.1555714,0.34058130000000003,1.37772,-0.15562939999999995,1.0
2438932.32918,90032.64,0.362878,2.462452,-0.1555741,0.3405959,1.377712,-0.15563210000000002,1.0
2438932.33573,89949.76,0.3628084,2.4624740000000003,-0.15558010000000005,0.3406292,1.377692,-0.1556381,1.0
2438932.3393900003,90614.98,0.3627694,2.462486,-0.1555835,0.3406478,1.377682,-0.1556415,1.0
2438932.34198,91285.12,0.3627419,2.462495,-0.1555859,0.340661,1.377674,-0.15564389999999995,1.0
2438932.34648,90531.56,0.362694,2.462511,-0.15559,0.3406838,1.377661,-0.155648,1.0
2438932.35056,91033.24,0.3626506,2.462525,-0.15559379999999998,0.3407046,1.377649,-0.15565179999999998,1.0
2438932.36023,93669.89,0.3625477,2.462558,-0.1556027,0.34075370000000005,1.37762,-0.1556607,1.0
2438932.36198,95675.34,0.3625291,2.462564,-0.1556043,0.3407626,1.377615,-0.15566229999999998,1.0
2438932.2078,99265.88,0.3639316,2.4610220000000003,-0.1554191,0.3419669,1.382846,-0.1554771,1.0
2438932.21039,98084.41,0.363904,2.46103,-0.1554214,0.3419803,1.382839,-0.1554794,1.0
2438932.2143,98537.15,0.3638623,2.461043,-0.155425,0.3420005,1.3828280000000002,-0.15548299999999998,1.0
2438932.2198900003,100276.7,0.3638028,2.461062,-0.15543020000000002,0.34202940000000004,1.3828129999999998,-0.1554882,1.0
2438932.2228900003,99632.26,0.3637709,2.461072,-0.15543289999999998,0.3420449,1.3828049999999998,-0.1554909,1.0
2438932.23264,97543.87,0.363667,2.461105,-0.1554419,0.3420954,1.382778,-0.1554999,1.0
2438932.23589,98355.81,0.3636324,2.461116,-0.1554449,0.34211220000000003,1.382769,-0.1555029,1.0
2438932.2408,98174.79,0.36358,2.461133,-0.1554494,0.3421377,1.382756,-0.1555074,1.0
2438932.24389,97543.87,0.3635472,2.461143,-0.1554522,0.34215359999999995,1.382748,-0.15551020000000002,1.0
2438932.24664,96205.52,0.3635179,2.461152,-0.15545479999999998,0.3421678,1.38274,-0.1555128,1.0
2438932.25422,95587.26,0.3634371,2.461178,-0.1554617,0.3422071,1.382719,-0.1555197,1.0
2438932.25043,94362.62,0.3634775,2.4611650000000003,-0.15545820000000002,0.3421875,1.38273,-0.1555162,1.0
2438932.26601,93153.68,0.3633115,2.461218,-0.15547260000000002,0.3422681,1.382687,-0.1555306,1.0
2438932.26985,91033.24,0.3632706,2.461231,-0.1554761,0.34228800000000004,1.382677,-0.1555341,1.0
2438932.27185,91875.56,0.3632493,2.461237,-0.1554779,0.34229829999999994,1.382671,-0.1555359,1.0
2438932.27526,91453.43,0.3632129000000001,2.461249,-0.1554811,0.342316,1.382662,-0.1555391,1.0
2438932.28164,87579.0,0.363145,2.4612700000000003,-0.15548689999999998,0.342349,1.382644,-0.1555449,1.0
2438932.28801,89289.42,0.3630771,2.461292,-0.1554928,0.342382,1.382627,-0.1555508,1.0
2438932.29305,88715.6,0.3630234000000001,2.461309,-0.15549739999999998,0.3424081,1.382613,-0.15555539999999998,1.0
2438932.2991400003,89207.22,0.3629586,2.461329,-0.155503,0.3424395,1.382597,-0.15556099999999998,1.0
2438932.3053900003,88961.07,0.362892,2.461351,-0.1555088,0.3424719,1.382579,-0.15556679999999998,1.0
2438932.31055,89536.48,0.362837,2.461368,-0.1555135,0.3424986,1.382565,-0.1555715,1.0
2438932.31447,89289.42,0.3627952,2.4613810000000003,-0.1555171,0.3425189,1.382555,-0.1555751,1.0
2438932.3218,92384.69,0.3627171,2.461406,-0.1555238,0.3425568,1.382535,-0.1555818,1.0
2438932.32589,91033.24,0.3626736,2.46142,-0.15552760000000002,0.342578,1.382523,-0.1555856,1.0
2438932.33418,90614.98,0.3625853,2.461448,-0.1555352,0.3426209,1.382501,-0.1555932,1.0
2438932.3396,90531.56,0.3625276,2.461466,-0.15554020000000002,0.3426489,1.382486,-0.15559820000000002,1.0
2438932.3461,89784.22,0.3624583,2.461488,-0.15554620000000002,0.3426825,1.382468,-0.15560420000000005,1.0
2438932.3448900003,87417.83,0.3624712,2.461484,-0.1555451,0.3426763,1.382471,-0.1556031,1.0
2438932.34801,86536.63,0.3624379,2.461494,-0.15554790000000002,0.3426925,1.382463,-0.1556059,1.0
2438932.3723,97006.31,0.3621791,2.461576,-0.15557020000000002,0.3428182,1.382397,-0.15562820000000002,1.0
2438932.37693,97723.72,0.3621299000000001,2.461592,-0.15557449999999998,0.3428421,1.382384,-0.1556325,1.0
2438932.3979700003,99083.19,0.3619057,2.461663,-0.15559379999999998,0.342951,1.382326,-0.15565179999999998,1.0
2438932.40039,97454.07,0.36188,2.461671,-0.1555961,0.34296350000000003,1.38232,-0.15565410000000002,1.0
2438932.40622,97543.87,0.3618178,2.461691,-0.1556014,0.3429937,1.382304,-0.1556594,1.0
2438932.40339,96649.59,0.361848,2.461681,-0.15559879999999998,0.342979,1.382312,-0.1556568,1.0
2438932.41043,96827.79,0.361773,2.461705,-0.1556053,0.34301550000000003,1.382292,-0.15566329999999998,1.0
2438932.4153,96649.59,0.3617211,2.461721,-0.1556098,0.34304070000000003,1.382279,-0.1556678,1.0
2438932.40839,92555.02,0.3617947,2.461698,-0.15560339999999998,0.3430049000000001,1.382298,-0.1556614,1.0
2438932.41776,94885.53,0.3616949,2.46173,-0.155612,0.3430534,1.382272,-0.15567,1.0
2438932.42035,92982.24,0.3616674,2.461738,-0.1556144,0.34306679999999995,1.382265,-0.1556724,1.0
2438932.4308,93411.43,0.3615559,2.461773,-0.155624,0.3431209,1.3822370000000002,-0.155682,1.0
2438932.43189,92129.77,0.3615444,2.461777,-0.155625,0.3431265,1.382234,-0.155683,1.0
2438932.43705,91369.24,0.3614894,2.461795,-0.15562979999999998,0.3431533,1.382219,-0.1556878,1.0
2438932.43989,90115.6,0.3614592,2.461804,-0.15563239999999998,0.3431679,1.382212,-0.1556904,1.0
2438932.44476,90698.48,0.3614072,2.461821,-0.1556368,0.3431931,1.382198,-0.1556948,1.0
2438932.44747,88064.32,0.3613784,2.46183,-0.15563929999999998,0.3432072,1.382191,-0.15569729999999998,1.0
2438932.45293,88064.32,0.3613202,2.461848,-0.1556443,0.3432354,1.382176,-0.1557023,1.0
2438932.45497,87337.35,0.3612985,2.461855,-0.1556462,0.343246,1.3821709999999998,-0.1557042,1.0
2438932.46105,87176.61,0.3612337,2.461875,-0.15565179999999998,0.3432775,1.382154,-0.1557098,1.0
2438932.46893,86377.37,0.3611498,2.4619020000000003,-0.155659,0.3433182,1.382132,-0.155717,1.0
2438932.47164,89949.76,0.3611209,2.461911,-0.1556615,0.34333220000000003,1.382125,-0.15571949999999998,1.0
2438932.48072,90115.6,0.3610242,2.461942,-0.15566989999999994,0.3433792,1.3821,-0.1557279,1.0
2438932.48305,91369.24,0.3609993,2.46195,-0.155672,0.3433913,1.3820940000000002,-0.15573,1.0
2438932.4878,91875.56,0.3609487,2.461966,-0.1556764,0.3434159,1.382081,-0.1557344,1.0
2442744.28366,93067.92,-1.00748,-2.516206,0.1201549,-0.5942202,-1.620151,0.1201849,1.0
2442744.2861200003,91960.22,-1.007456,-2.516213,0.120157,-0.5942353,-1.620141,0.120187,1.0
2442744.29662,91201.08,-1.007355,-2.516246,0.12016580000000003,-0.5942998,-1.620096,0.1201958,1.0
2442744.30591,94275.75,-1.007265,-2.516275,0.1201735,-0.5943569000000001,-1.620057,0.1202035,1.0
2442744.3132,95235.75,-1.007194,-2.516297,0.1201797,-0.5944017,-1.620026,0.1202097,1.0
2442744.32008,93756.2,-1.007128,-2.516319,0.1201854,-0.5944439,-1.619996,0.1202154,1.0
2442744.32779,95235.75,-1.007054,-2.516343,0.1201919,-0.5944913000000001,-1.619964,0.1202219,1.0
2442744.3374900003,95763.5,-1.00696,-2.516373,0.1202,-0.5945509,-1.619922,0.12023,1.0
2442744.34474,97006.31,-1.00689,-2.516395,0.1202061,-0.5945954000000001,-1.619892,0.1202361,1.0
2442744.35245,94972.97,-1.006815,-2.516419,0.1202125,-0.5946428,-1.619859,0.1202425,1.0
2442744.3605400003,93929.07,-1.006737,-2.516445,0.1202193,-0.5946924,-1.619825,0.1202493,1.0
2442744.36741,91875.56,-1.006671,-2.516466,0.120225,-0.5947346,-1.619795,0.120255,1.0
2442744.37024,93325.43,-1.006643,-2.516475,0.12022739999999997,-0.5947520000000001,-1.619783,0.1202574,1.0
2442744.37591,91622.05,-1.006589,-2.516492,0.1202321,-0.5947868000000001,-1.619759,0.1202621,1.0
2442744.37874,92044.96,-1.006561,-2.516501,0.1202345,-0.5948041999999999,-1.6197469999999998,0.1202645,1.0
2442744.3856200003,90531.56,-1.006495,-2.516523,0.1202403,-0.5948465000000001,-1.619718,0.1202703,1.0
2442744.38887,90032.64,-1.006464,-2.5165330000000004,0.120243,-0.5948664,-1.619704,0.120273,1.0
2442744.39454,88307.99,-1.006409,-2.51655,0.1202477,-0.5949012,-1.61968,0.1202777,1.0
2442744.39895,88797.35,-1.006366,-2.516564,0.1202514,-0.5949284,-1.619661,0.12028139999999997,1.0
2442744.40304,88633.93,-1.006327,-2.516577,0.1202548,-0.5949534000000001,-1.619644,0.1202848,1.0
2442744.40545,88552.33,-1.0063030000000002,-2.516584,0.1202569,-0.5949683000000001,-1.619634,0.1202869,1.0
2442744.4114900003,87498.38,-1.006245,-2.516603,0.1202619,-0.5950054,-1.619608,0.1202919,1.0
2442744.41516,88879.17,-1.00621,-2.516614,0.120265,-0.5950279,-1.619592,0.120295,1.0
2442744.42162,88470.81,-1.006147,-2.516634,0.1202704,-0.5950675999999999,-1.619565,0.1203004,1.0
2442744.42529,89454.05,-1.006112,-2.516646,0.1202735,-0.5950901,-1.619549,0.1203035,1.0
2442744.4297,88145.47,-1.006069,-2.51666,0.1202772,-0.5951171999999999,-1.619531,0.1203072,1.0
2442744.4369900003,90198.64,-1.005999,-2.516682,0.1202833,-0.595162,-1.6195,0.1203133,1.0
2442744.44308,89784.22,-1.00594,-2.516701,0.1202884,-0.5951994,-1.619474,0.1203184,1.0
2442744.4454900003,90115.6,-1.005917,-2.516709,0.1202904,-0.5952142,-1.619464,0.1203204,1.0
2442744.45237,89454.05,-1.00585,-2.51673,0.1202961,-0.5952565,-1.619434,0.1203261,1.0
2442744.4547900003,91285.12,-1.005827,-2.516737,0.1202982,-0.5952713000000001,-1.619424,0.1203282,1.0
2442744.46045,90782.05,-1.005772,-2.516755,0.1203029,-0.5953061,-1.6194,0.1203329,1.0
2442744.46412,91875.56,-1.005737,-2.516766,0.120306,-0.5953286,-1.619384,0.12033599999999997,1.0
2442744.47541,95411.34,-1.005628,-2.516802,0.1203154,-0.595398,-1.619336,0.1203454,1.0
2442744.47945,97994.12,-1.005588,-2.516814,0.1203188,-0.5954228,-1.619319,0.1203488,1.0
2442744.48474,98355.81,-1.005537,-2.5168310000000003,0.1203232,-0.5954553000000001,-1.619297,0.1203532,1.0
2442744.4887900003,99632.26,-1.005498,-2.516843,0.1203266,-0.5954801,-1.6192799999999998,0.1203566,1.0
2442744.4940400003,101765.4,-1.005448,-2.516859,0.120331,-0.5955123999999999,-1.619257,0.120361,1.0
2442744.49687,102329.3,-1.00542,-2.516868,0.12033339999999998,-0.5955298000000001,-1.619245,0.1203634,1.0
2442744.50862,104520.1,-1.005307,-2.516905,0.1203432,-0.5956019,-1.6191950000000002,0.1203732,1.0
2442744.51141,104231.7,-1.00528,-2.516913,0.1203456,-0.5956191,-1.619184,0.1203756,1.0
2442744.51833,102801.6,-1.005213,-2.516935,0.1203513,-0.5956616,-1.619154,0.1203813,1.0
2442744.52237,103466.6,-1.005174,-2.516948,0.1203547,-0.5956864000000001,-1.619137,0.1203847,1.0
2442744.52679,101671.7,-1.005131,-2.516961,0.12035839999999998,-0.5957135,-1.619118,0.1203884,1.0
2442744.53045,101391.1,-1.005096,-2.516973,0.1203615,-0.5957359999999999,-1.619103,0.1203915,1.0
2442744.5361200003,100369.1,-1.005041,-2.5169900000000003,0.1203662,-0.5957708,-1.6190790000000002,0.1203962,1.0
2442744.54299,98718.83,-1.004975,-2.517012,0.120372,-0.5958131,-1.619049,0.120402,1.0
2442744.54745,98174.79,-1.004932,-2.517025,0.1203757,-0.5958405,-1.61903,0.1204057,1.0
2442744.55308,96116.95,-1.004877,-2.517043,0.12038039999999997,-0.595875,-1.619006,0.1204104,1.0
2442744.55633,95235.75,-1.004846,-2.517053,0.1203831,-0.595895,-1.618993,0.1204131,1.0
2442744.5627900003,94362.62,-1.004783,-2.517073,0.1203886,-0.5959346,-1.618965,0.1204186,1.0
2442744.56687,94623.72,-1.004744,-2.517086,0.120392,-0.5959597,-1.618948,0.120422,1.0
2442744.5737400004,94449.57,-1.004678,-2.517107,0.12039769999999997,-0.5960019,-1.618919,0.1204277,1.0
2442744.57658,91960.22,-1.00465,-2.517116,0.1204001,-0.5960193,-1.618907,0.1204301,1.0
2442744.5822400004,93669.89,-1.0045959999999998,-2.517134,0.1204048,-0.5960541,-1.618883,0.1204348,1.0
2442744.59112,87256.94,-1.00451,-2.517161,0.1204123,-0.5961086999999999,-1.618845,0.1204423,1.0
2442744.5959900003,87337.35,-1.004463,-2.517176,0.1204163,-0.5961386,-1.618824,0.1204463,1.0
2442744.60166,88797.35,-1.004408,-2.517194,0.1204211,-0.5961734000000001,-1.6188,0.1204511,1.0
2442744.60608,88961.07,-1.004365,-2.517208,0.1204248,-0.5962005,-1.618781,0.1204548,1.0
2442744.61258,89043.04,-1.0043030000000002,-2.517228,0.1204302,-0.5962405,-1.618754,0.1204602,1.0
2442744.6162,91201.08,-1.004267,-2.517239,0.1204333,-0.5962626999999999,-1.618738,0.1204633,1.0
2442744.62187,89454.05,-1.004213,-2.517257,0.12043800000000003,-0.5962975,-1.618714,0.120468,1.0
2442744.62549,90949.43,-1.004178,-2.517268,0.120441,-0.5963198000000001,-1.618699,0.120471,1.0
2442744.63116,90281.76,-1.004123,-2.517286,0.1204458,-0.5963546,-1.618675,0.1204758,1.0
2442744.63441,90115.6,-1.004092,-2.517296,0.1204485,-0.5963746,-1.618661,0.1204785,1.0
2442744.64049,90448.21,-1.004033,-2.517315,0.1204536,-0.5964119000000001,-1.618635,0.1204836,1.0
2442744.6526200003,91790.98,-1.003916,-2.5173520000000003,0.1204637,-0.5964864000000001,-1.618584,0.1204937,1.0
2442744.65666,92640.31,-1.003877,-2.5173650000000003,0.1204671,-0.5965111999999999,-1.618566,0.1204971,1.0
2442744.66274,92640.31,-1.003818,-2.517384,0.1204722,-0.5965486,-1.61854,0.1205022,1.0
2442747.2645900003,109647.8,-0.9785834,-2.525217,0.1226381,-0.6132809,-1.609113,0.1226691,1.0
2442747.26813,110764.3,-0.9785491,-2.525227,0.1226411,-0.6133038000000001,-1.6091,0.1226721,1.0
2442747.27246,111070.8,-0.978507,-2.52524,0.1226447,-0.6133318,-1.609085,0.1226757,1.0
2442747.27563,110255.4,-0.9784763,-2.52525,0.1226473,-0.6133523,-1.609074,0.12267830000000003,1.0
2442747.27913,109043.6,-0.9784423,-2.52526,0.1226502,-0.613375,-1.609061,0.1226812,1.0
2442747.28267,107944.4,-0.9784079,-2.525271,0.1226532,-0.6133979,-1.609049,0.1226842,1.0
2442747.28584,105779.1,-0.9783772,-2.52528,0.1226558,-0.6134184,-1.609038,0.1226868,1.0
2442747.28742,103944.1,-0.9783618,-2.525285,0.12265710000000002,-0.6134286,-1.609032,0.1226881,1.0
2442747.29292,104039.9,-0.9783085,-2.525302,0.1226617,-0.6134642,-1.609013,0.1226927,1.0
2442747.29684,102329.3,-0.9782705,-2.525313,0.122665,-0.6134896,-1.608999,0.122696,1.0
2442747.30076,101111.4,-0.9782325,-2.525325,0.1226682,-0.6135149000000001,-1.608985,0.1226992,1.0
2442747.30471,99815.96,-0.978194,-2.525337,0.1226715,-0.6135404999999999,-1.608971,0.1227025,1.0
2442747.3094200003,96917.01,-0.9781484,-2.525351,0.1226754,-0.613571,-1.608954,0.12270639999999998,1.0
2442747.31296,95763.5,-0.978114,-2.525362,0.1226784,-0.6135939,-1.608942,0.1227094,1.0
2442747.3176700003,95411.34,-0.9780683,-2.525376,0.1226823,-0.6136243,-1.608925,0.1227133,1.0
2442747.32121,93067.92,-0.9780339,-2.525386,0.1226853,-0.6136473000000001,-1.6089129999999998,0.1227163,1.0
2442747.32513,91706.47,-0.9779959,-2.525398,0.1226885,-0.6136726,-1.608899,0.1227195,1.0
2442747.33026,90865.7,-0.9779462,-2.525413,0.1226928,-0.6137058000000001,-1.608881,0.1227238,1.0
2442747.33338,92384.69,-0.9779159,-2.525423,0.1226954,-0.613726,-1.60887,0.1227264,1.0
2442747.33655,91537.7,-0.9778851,-2.525432,0.122698,-0.6137465,-1.608859,0.122729,1.0
2442747.34126,91875.56,-0.9778394,-2.525446,0.1227019,-0.6137769000000001,-1.608842,0.1227329,1.0
2442747.34676,93756.2,-0.9777861,-2.525463,0.1227065,-0.6138125,-1.608823,0.1227375,1.0
2442747.34992,93669.89,-0.9777553,-2.525472,0.12270910000000003,-0.613833,-1.608811,0.1227401,1.0
2442747.35342,93411.43,-0.9777214,-2.5254830000000004,0.122712,-0.6138556,-1.608799,0.122743,1.0
2442747.35817,93583.65,-0.9776753,-2.525497,0.122716,-0.6138864,-1.608782,0.122747,1.0
2442747.36246,94362.62,-0.9776336,-2.52551,0.1227196,-0.6139140999999999,-1.608767,0.12275060000000003,1.0
2442747.3668,94798.18,-0.9775916,-2.525523,0.1227232,-0.6139422,-1.608752,0.1227542,1.0
2442747.36996,94102.25,-0.9775609,-2.525532,0.1227258,-0.6139627,-1.608741,0.1227568,1.0
2442747.37505,95675.34,-0.9775115,-2.525548,0.12273,-0.6139956,-1.608723,0.122761,1.0
2442747.37901,94972.97,-0.9774731,-2.525559,0.1227333,-0.6140211999999999,-1.608709,0.1227643,1.0
2442747.3833,94362.62,-0.9774315,-2.525572,0.1227369,-0.6140489,-1.608694,0.1227679,1.0
2442747.38605,94972.97,-0.9774048,-2.5255810000000003,0.1227392,-0.6140667,-1.608684,0.1227702,1.0
2442747.3908,96028.47,-0.9773587,-2.525595,0.1227431,-0.6140975000000001,-1.608667,0.1227741,1.0
2442747.39471,95148.07,-0.9773207,-2.525607,0.1227464,-0.6141228,-1.608653,0.1227774,1.0
2442747.39709,96028.47,-0.9772976,-2.525614,0.1227484,-0.6141382,-1.608645,0.12277939999999997,1.0
2442747.40413,97723.72,-0.9772293,-2.525635,0.1227542,-0.6141837,-1.6086200000000002,0.12278519999999997,1.0
2442747.40571,95323.5,-0.9772139,-2.52564,0.1227556,-0.6141939999999999,-1.608615,0.1227866,1.0
2442747.40888,98809.8,-0.9771832,-2.525649,0.12275819999999997,-0.6142145,-1.608603,0.1227892,1.0
2442747.4128,97903.9,-0.9771452,-2.525661,0.1227614,-0.6142398,-1.60859,0.1227924,1.0
2442747.41671,97723.72,-0.9771072,-2.525672,0.1227647,-0.6142651,-1.608576,0.1227957,1.0
2442747.41946,98265.26,-0.9770805,-2.525681,0.122767,-0.6142829000000001,-1.608566,0.122798,1.0
2442747.42421,98084.41,-0.9770344,-2.525695,0.1227709,-0.6143137,-1.608549,0.1228019,1.0
2442747.42734,98084.41,-0.9770041,-2.525704,0.1227735,-0.6143339,-1.608538,0.1228045,1.0
2442747.43126,99632.26,-0.9769661,-2.525716,0.1227768,-0.6143592,-1.608525,0.1228078,1.0
2442747.4348,98537.15,-0.9769317,-2.525727,0.1227798,-0.6143821,-1.6085120000000002,0.1228108,1.0
2442747.44188,98900.84,-0.976863,-2.525748,0.1227856,-0.614428,-1.608487,0.1228166,1.0
2442747.44621,98537.15,-0.9768209,-2.525761,0.1227893,-0.614456,-1.608472,0.1228203,1.0
2442747.45134,99083.19,-0.9767712,-2.525776,0.1227935,-0.6144892,-1.608454,0.1228245,1.0
2442747.45409,100369.1,-0.9767445,-2.525784,0.1227958,-0.614507,-1.608444,0.1228268,1.0
2442747.45838,101018.3,-0.9767029,-2.5257970000000003,0.1227994,-0.6145347,-1.608429,0.1228304,1.0
2442747.46313,100646.8,-0.9766568,-2.525812,0.12280330000000003,-0.6145655,-1.6084120000000002,0.1228343,1.0
2442747.46784,100184.4,-0.9766110999999998,-2.525826,0.1228072,-0.6145959,-1.608395,0.1228382,1.0
2442747.47451,102141.0,-0.9765464,-2.525846,0.1228128,-0.6146391,-1.608372,0.12284380000000003,1.0
2442747.47688,100369.1,-0.9765233,-2.525853,0.12281480000000003,-0.6146543999999999,-1.608364,0.1228458,1.0
2442747.48042,101578.1,-0.976489,-2.525863,0.1228177,-0.6146773,-1.608351,0.1228487,1.0
2442747.48551,101953.0,-0.9764396,-2.525879,0.1228219,-0.6147102,-1.608333,0.1228529,1.0
2442747.48905,101671.7,-0.9764053,-2.525889,0.1228249,-0.6147331,-1.608321,0.1228559,1.0
2442747.49417,101859.1,-0.9763555,-2.525905,0.1228292,-0.6147663000000001,-1.608303,0.1228602,1.0
2442747.50046,100832.4,-0.9762945,-2.525923,0.1228344,-0.614807,-1.60828,0.1228654,1.0
2442747.5035900003,100276.7,-0.9762642,-2.525933,0.122837,-0.6148272,-1.608269,0.122868,1.0
2442747.5083,98718.83,-0.9762185,-2.525947,0.1228409,-0.6148577,-1.6082530000000002,0.1228719,1.0
2442747.51421,99815.96,-0.9761611,-2.525965,0.1228458,-0.614896,-1.608232,0.1228768,1.0
2442747.51776,98537.15,-0.9761267,-2.525975,0.1228488,-0.6149189,-1.608219,0.1228798,1.0
2442747.5213,98265.26,-0.9760923,-2.525986,0.1228517,-0.6149418000000001,-1.608207,0.1228827,1.0
2442747.52484,97813.77,-0.976058,-2.525996,0.1228547,-0.6149647,-1.608194,0.1228857,1.0
2442747.52913,97813.77,-0.9760163,-2.526009,0.1228582,-0.6149925,-1.608179,0.1228892,1.0
2442747.53113,95499.26,-0.9759969,-2.526015,0.1228599,-0.6150054,-1.608172,0.12289089999999997,1.0
2442747.53621,94102.25,-0.9759476,-2.526031,0.1228641,-0.6150383,-1.608154,0.1228951,1.0
2442747.54134,94449.57,-0.9758978,-2.526046,0.1228684,-0.6150715,-1.608136,0.1228994,1.0
2442747.54526,94623.72,-0.9758598,-2.5260580000000004,0.1228717,-0.6150968000000001,-1.6081219999999998,0.1229027,1.0
2442747.54959,93929.07,-0.9758178,-2.526071,0.1228753,-0.6151248,-1.608107,0.1229063,1.0
2442747.55313,94362.62,-0.9757834,-2.526081,0.1228782,-0.6151478,-1.608095,0.12290919999999997,1.0
2442747.55901,94015.62,-0.9757264,-2.5260990000000003,0.1228831,-0.6151858,-1.608074,0.1229141,1.0
2442747.5633400003,91622.05,-0.9756844,-2.526112,0.1228867,-0.6152138,-1.608059,0.1229177,1.0
2442747.5673,93153.68,-0.9756459,-2.5261240000000003,0.12289,-0.6152394,-1.6080450000000002,0.122921,1.0
2442747.5708,93411.43,-0.975612,-2.526134,0.1228929,-0.6152621,-1.608032,0.1229239,1.0
2442747.5743400003,92896.64,-0.9755776,-2.526145,0.1228959,-0.6152850000000001,-1.60802,0.1229269,1.0
2442747.57867,92896.64,-0.9755356,-2.526158,0.1228995,-0.615313,-1.608004,0.1229305,1.0
2442747.58221,93669.89,-0.9755011999999998,-2.526168,0.1229024,-0.6153359,-1.607992,0.12293339999999997,1.0
2442747.58576,95411.34,-0.9754668,-2.526179,0.1229053,-0.6153588000000001,-1.607979,0.1229363,1.0
2442747.5893,95675.34,-0.9754325,-2.52619,0.1229083,-0.6153818,-1.607967,0.1229393,1.0
2442747.59363,94536.6,-0.9753904,-2.526203,0.1229119,-0.6154098000000001,-1.607952,0.12294289999999998,1.0
2442747.59596,96116.95,-0.9753678,-2.52621,0.1229138,-0.6154248999999999,-1.607943,0.1229448,1.0
2442747.59871,95851.74,-0.9753411,-2.526218,0.1229161,-0.6154427,-1.607934,0.1229471,1.0
2442747.60305,96294.17,-0.975299,-2.526231,0.1229197,-0.6154706999999999,-1.607918,0.1229507,1.0
2442747.60659,96294.17,-0.9752647,-2.526241,0.12292269999999997,-0.6154936,-1.607906,0.1229537,1.0
2442747.61092,97903.9,-0.9752226,-2.526254,0.1229263,-0.6155217,-1.607891,0.1229573,1.0
2442747.61405,99265.88,-0.9751923,-2.526264,0.1229289,-0.6155419,-1.60788,0.1229599,1.0
2442747.62151,97813.77,-0.9751199,-2.5262860000000003,0.1229351,-0.6155901,-1.607853,0.1229661,1.0
2442747.62663,102235.1,-0.9750702,-2.526301,0.1229394,-0.6156233,-1.607835,0.1229704,1.0
2442747.6301700003,104135.8,-0.9750358,-2.526312,0.1229423,-0.6156461999999999,-1.607823,0.1229733,1.0
2442747.63451,105584.5,-0.9749937,-2.526325,0.12294589999999997,-0.6156743,-1.607807,0.1229769,1.0
2442747.63842,108842.9,-0.9749557,-2.526337,0.1229492,-0.6156996,-1.607794,0.12298019999999997,1.0
2442747.64509,108742.7,-0.974891,-2.526357,0.1229547,-0.6157427,-1.60777,0.1229857,1.0
2442747.64746,110255.4,-0.974868,-2.526364,0.1229567,-0.6157581,-1.607762,0.1229877,1.0
2442747.65138,109850.0,-0.97483,-2.526376,0.1229599,-0.6157834,-1.607748,0.1229909,1.0
2442747.65809,110866.4,-0.9747649,-2.526396,0.1229655,-0.6158268,-1.607724,0.1229965,1.0
2442747.66242,109144.0,-0.9747228,-2.526409,0.1229691,-0.6158549,-1.607709,0.1230001,1.0
2442747.66438,110153.9,-0.9747038,-2.526414,0.1229708,-0.6158675,-1.607702,0.1230018,1.0
2442747.66988,107646.5,-0.9746505,-2.526431,0.1229753,-0.6159031,-1.607683,0.1230063,1.0
2442748.24822,99174.5,-0.9690191,-2.528116,0.123453,-0.619768,-1.605947,0.123484,1.0
2442748.2505900003,102518.0,-0.968996,-2.528123,0.123455,-0.6197836999999999,-1.605939,0.12348599999999997,1.0
2442748.25339,100646.8,-0.9689688,-2.528132,0.1234573,-0.6198020000000001,-1.60593,0.1234883,1.0
2442748.25497,99632.26,-0.9689535,-2.528136,0.1234586,-0.6198123999999999,-1.605925,0.1234896,1.0
2442748.25893,100925.3,-0.968915,-2.528148,0.1234619,-0.6198384,-1.605912,0.1234929,1.0
2442748.2601400004,102141.0,-0.9689032,-2.528151,0.1234629,-0.6198463000000001,-1.605908,0.1234939,1.0
2442748.26372,102991.2,-0.9688684,-2.528162,0.1234659,-0.6198699000000001,-1.605896,0.1234969,1.0
2442748.2653,102423.6,-0.968853,-2.528167,0.1234672,-0.6198803,-1.605891,0.1234982,1.0
2442748.26847,103466.6,-0.9688223,-2.528176,0.1234698,-0.6199011,-1.60588,0.1235008,1.0
2442748.27005,102423.6,-0.9688069,-2.528181,0.1234711,-0.6199115,-1.605875,0.1235021,1.0
2442748.27322,102896.4,-0.9687761,-2.52819,0.1234738,-0.6199323,-1.605865,0.1235048,1.0
2442748.2748,101953.0,-0.9687607,-2.528195,0.1234751,-0.6199427,-1.60586,0.12350610000000002,1.0
2442748.27801,100184.4,-0.9687295,-2.528204,0.1234777,-0.6199638000000001,-1.605849,0.1235087,1.0
2442748.27959,103561.9,-0.9687141,-2.528209,0.12347910000000002,-0.6199741999999999,-1.605844,0.1235101,1.0
2442748.28276,103371.3,-0.9686834,-2.528218,0.1234817,-0.619995,-1.605833,0.1235127,1.0
2442748.28434,103181.1,-0.968668,-2.528223,0.123483,-0.6200054,-1.605828,0.123514,1.0
2442748.28793,101204.5,-0.9686331,-2.528234,0.12348599999999997,-0.6200289000000001,-1.605816,0.123517,1.0
2442748.28951,100369.1,-0.9686177,-2.528238,0.1234873,-0.6200393,-1.605811,0.1235183,1.0
2442748.29268,99907.94,-0.968587,-2.528248,0.1234899,-0.6200601,-1.605801,0.1235209,1.0
2442748.2938900003,99632.26,-0.9685752,-2.528251,0.1234909,-0.6200680000000001,-1.605797,0.1235219,1.0
2442748.29743,99083.19,-0.9685408,-2.528262,0.1234939,-0.6200913,-1.605785,0.1235249,1.0
2442748.29943,100276.7,-0.9685214,-2.528268,0.1234955,-0.6201044,-1.605779,0.1235265,1.0
2442748.30222,98084.41,-0.9684942,-2.528276,0.1234978,-0.6201228,-1.60577,0.1235288,1.0
2442748.30418,98718.83,-0.9684752,-2.528282,0.12349949999999997,-0.6201356,-1.6057629999999998,0.1235305,1.0
2442748.3073400003,97006.31,-0.9684444,-2.528291,0.1235021,-0.6201564,-1.605753,0.1235331,1.0
2442748.30934,97543.87,-0.968425,-2.528297,0.1235038,-0.6201696,-1.605746,0.1235348,1.0
2442748.31172,98627.95,-0.9684019,-2.528304,0.1235057,-0.6201852,-1.605738,0.1235367,1.0
2442748.31293,97274.72,-0.9683902,-2.528308,0.1235067,-0.6201930999999999,-1.605734,0.1235377,1.0
2442748.3160900003,97095.7,-0.9683594,-2.528317,0.1235094,-0.6202139,-1.605724,0.1235404,1.0
2442748.31809,96294.17,-0.9683399,-2.528323,0.123511,-0.6202270999999999,-1.605717,0.123542,1.0
2442748.32164,95940.06,-0.9683055,-2.5283330000000004,0.123514,-0.6202503,-1.605706,0.123545,1.0
2442748.3248,94102.25,-0.9682747,-2.528343,0.12351660000000003,-0.6202711,-1.605695,0.1235476,1.0
2442748.3268,94536.6,-0.9682553,-2.528349,0.1235182,-0.6202843000000001,-1.605689,0.1235492,1.0
2442748.32997,94885.53,-0.9682245,-2.5283580000000003,0.1235209,-0.6203050999999999,-1.6056780000000002,0.1235519,1.0
2442748.33234,95060.48,-0.9682015,-2.528365,0.1235228,-0.6203207,-1.6056709999999998,0.1235538,1.0
2442748.33672,94015.62,-0.9681589,-2.528378,0.1235265,-0.6203494,-1.605656,0.1235575,1.0
2442748.33951,93756.2,-0.9681318,-2.528386,0.1235288,-0.6203677,-1.6056469999999998,0.1235598,1.0
2442748.34109,93497.5,-0.9681164,-2.528391,0.12353010000000003,-0.6203781,-1.605642,0.1235611,1.0
2442748.34426,93842.59,-0.9680856,-2.5284,0.1235327,-0.6203989000000001,-1.605631,0.1235637,1.0
2442748.34743,93842.59,-0.9680549,-2.52841,0.1235354,-0.6204196999999999,-1.605621,0.1235664,1.0
2442748.35059,94015.62,-0.9680241,-2.528419,0.123538,-0.6204405,-1.605611,0.123569,1.0
2442748.35459,94275.75,-0.9679852,-2.5284310000000003,0.1235413,-0.6204668000000001,-1.605598,0.1235723,1.0
2442748.35618,93669.89,-0.9679698,-2.528436,0.12354260000000003,-0.6204772,-1.605592,0.1235736,1.0
2442748.35976,94188.96,-0.967935,-2.528446,0.12354560000000002,-0.6205008000000001,-1.605581,0.1235766,1.0
2442748.36251,94015.62,-0.9679083,-2.528454,0.1235479,-0.6205188,-1.605572,0.1235789,1.0
2442748.3653,94275.75,-0.9678811,-2.528463,0.1235502,-0.6205371999999999,-1.6055620000000002,0.1235812,1.0
2442748.36847,95060.48,-0.9678504,-2.5284720000000003,0.1235528,-0.6205579999999999,-1.605552,0.1235838,1.0
2442748.37322,94188.96,-0.9678042,-2.528486,0.1235568,-0.6205892,-1.605536,0.1235878,1.0
2442748.37759,95851.74,-0.9677617,-2.528499,0.1235604,-0.6206179000000001,-1.605522,0.1235914,1.0
2442748.37918,97095.7,-0.9677463,-2.5285040000000003,0.1235617,-0.6206283,-1.605517,0.1235927,1.0
2442748.38393,95851.74,-0.9677001,-2.528518,0.1235657,-0.6206595,-1.605501,0.1235967,1.0
2442748.38793,95587.26,-0.9676612,-2.528529,0.123569,-0.6206858000000001,-1.605488,0.1236,1.0
2442748.38989,95675.34,-0.9676422,-2.528535,0.12357060000000003,-0.6206986999999999,-1.605482,0.1236016,1.0
2442748.39347,95940.06,-0.9676074,-2.528546,0.1235736,-0.6207222,-1.6054700000000002,0.1236046,1.0
2442748.39547,97006.31,-0.9675879,-2.528552,0.1235752,-0.6207353,-1.605463,0.1236062,1.0
2442748.39822,97185.17,-0.9675612,-2.52856,0.1235775,-0.6207534,-1.6054540000000002,0.1236085,1.0
2442748.40059,97633.76,-0.9675381,-2.528567,0.1235795,-0.620769,-1.605446,0.1236105,1.0
2442748.40339,98446.44,-0.967511,-2.528575,0.1235818,-0.6207873,-1.605437,0.1236128,1.0
2442748.40576,99265.88,-0.9674879,-2.528582,0.1235838,-0.6208029,-1.605429,0.1236148,1.0
2442748.40855,101297.8,-0.9674608,-2.5285900000000003,0.1235861,-0.6208213,-1.60542,0.1236171,1.0
2442748.40976,101578.1,-0.967449,-2.528594,0.1235871,-0.6208292,-1.605416,0.1236181,1.0
2442748.41293,103181.1,-0.9674183,-2.528603,0.1235897,-0.62085,-1.605406,0.1236207,1.0
2442748.41451,102991.2,-0.9674029,-2.528608,0.123591,-0.6208604,-1.605401,0.123622,1.0
2442748.41726,105196.2,-0.9673761,-2.528616,0.1235933,-0.6208785,-1.605392,0.1236243,1.0
2442748.41968,105876.6,-0.9673527,-2.528623,0.1235953,-0.6208944000000001,-1.605384,0.1236263,1.0
2442748.42284,105876.6,-0.9673219,-2.528633,0.123598,-0.6209151999999999,-1.605373,0.123629,1.0
2442748.42522,107349.5,-0.9672988,-2.52864,0.1235999,-0.6209308000000001,-1.605366,0.1236309,1.0
2442748.42839,106757.9,-0.967268,-2.528649,0.1236026,-0.6209515999999999,-1.605355,0.1236336,1.0
2442748.4303900003,107547.4,-0.9672486,-2.528655,0.1236042,-0.6209647,-1.605349,0.1236352,1.0
2442748.43514,108342.8,-0.9672024,-2.528669,0.1236082,-0.6209958999999999,-1.605333,0.1236392,1.0
2445649.26033,70.27486,-2.119611,-1.806631,-0.00166116,-1.4572200000000002,-1.070638,-0.00164816,1.0
2445649.26567,69.05577,-2.119575,-1.806669,-0.00165609,-1.457254,-1.070616,-0.00164309,1.0
2445649.27025,67.6083,-2.119545,-1.806703,-0.00165172,-1.457284,-1.070597,-0.00163872,1.0
2445649.2727900003,65.94775,-2.119528,-1.806721,-0.0016492999999999998,-1.4573,-1.070586,-0.0016363,1.0
2445649.27496,64.4466,-2.119513,-1.806737,-0.00164724,-1.457314,-1.070577,-0.00163424,1.0
2445649.27721,62.34477,-2.119498,-1.806753,-0.0016451,-1.457329,-1.070568,-0.0016320999999999998,1.0
2445649.28267,62.34477,-2.119462,-1.806793,-0.0016399,-1.457364,-1.070545,-0.0016269,1.0
2445649.28396,59.92389,-2.119453,-1.806802,-0.00163867,-1.457372,-1.07054,-0.00162567,1.0
2445649.29083,56.54575,-2.119408,-1.806852,-0.00163213,-1.457417,-1.070512,-0.00161913,1.0
2445649.29492,56.4937,-2.11938,-1.806882,-0.00162824,-1.457443,-1.070495,-0.00161524,1.0
2445649.29837,58.45208,-2.119357,-1.806907,-0.00162495,-1.457465,-1.070481,-0.00161195,1.0
2445649.3015400004,56.59786,-2.119336,-1.80693,-0.00162193,-1.457486,-1.070467,-0.00160893,1.0
2445649.30625,54.752,-2.119305,-1.806964,-0.00161745,-1.457516,-1.070448,-0.00160445,1.0
2445649.31079,55.71856999999999,-2.1192740000000003,-1.806997,-0.00161313,-1.457545,-1.070429,-0.00160013,1.0
2445649.31425,53.90139,-2.119251,-1.807022,-0.00160983,-1.457568,-1.070415,-0.00159684,1.0
2445649.33375,54.50044000000001,-2.119121,-1.807164,-0.00159127,-1.457693,-1.070334,-0.00157827,1.0
2445649.33833,56.96394,-2.119091,-1.807197,-0.00158691,-1.457723,-1.070315,-0.00157391,1.0
2445649.34229,55.10614,-2.119064,-1.807225,-0.00158314,-1.457748,-1.070299,-0.00157014,1.0
2445649.35012,54.7016,-2.119012,-1.807282,-0.00157568,-1.457799,-1.070267,-0.00156268,1.0
2445649.35154,55.3605,-2.119003,-1.807293,-0.00157433,-1.457808,-1.070261,-0.00156133,1.0
2445649.3571200003,55.87274,-2.118965,-1.807333,-0.00156902,-1.457844,-1.070238,-0.00155602,1.0
2445649.34846,56.59786,-2.119023,-1.80727,-0.00157727,-1.457788,-1.070273,-0.00156427,1.0
2445649.35992,57.96956,-2.118947,-1.807353,-0.00156636,-1.457862,-1.070226,-0.00155336,1.0
2445649.36121,58.55986,-2.118938,-1.807363,-0.00156513,-1.45787,-1.070221,-0.00155213,1.0
2445649.37133,59.1017,-2.1188700000000003,-1.807436,-0.00155549,-1.457936,-1.070179,-0.00154249,1.0
2445649.37117,59.42922,-2.118872,-1.807435,-0.00155565,-1.457935,-1.07018,-0.00154265,1.0
2445649.38033,59.3745,-2.11881,-1.807502,-0.00154692,-1.457994,-1.070142,-0.00153392,1.0
2445649.37671,60.70158000000001,-2.118835,-1.807475,-0.00155038,-1.45797,-1.070157,-0.00153737,1.0
2445649.37771,61.3762,-2.118828,-1.807483,-0.00154942,-1.457977,-1.070153,-0.00153642,1.0
2445649.3941200003,60.42268000000001,-2.118718,-1.807602,-0.00153379,-1.458083,-1.070085,-0.00152079,1.0
2445649.4377900003,65.88704,-2.118427,-1.807919,-0.00149222,-1.458364,-1.0699040000000002,-0.00147922,1.0
2445649.44179,64.03243,-2.1184,-1.807948,-0.00148842,-1.45839,-1.069888,-0.00147542,1.0
2445649.44708,62.05832,-2.1183650000000003,-1.807986,-0.00148338,-1.458424,-1.069866,-0.00147038,1.0
2445649.45196,64.03243,-2.118333,-1.808021,-0.00147874,-1.4584549999999998,-1.069846,-0.00146574,1.0
2445649.45642,63.56236,-2.118303,-1.808054,-0.00147449,-1.458484,-1.069827,-0.00146149,1.0
2445649.4621200003,63.91459,-2.118265,-1.808095,-0.00146906,-1.458521,-1.069804,-0.00145606,1.0
2445649.46421,64.80373,-2.118251,-1.80811,-0.00146707,-1.458534,-1.069795,-0.00145407,1.0
2445649.46812,66.43547,-2.118225,-1.808139,-0.00146335,-1.45856,-1.069779,-0.00145035,1.0
2445649.47521,65.34314,-2.118177,-1.80819,-0.0014566,-1.458605,-1.069749,-0.0014436,1.0
2445649.48062,65.34314,-2.118141,-1.808229,-0.00145145,-1.45864,-1.069727,-0.00143845,1.0
2445649.48492,64.09144,-2.118113,-1.808261,-0.00144736,-1.458668,-1.069709,-0.00143436,1.0
2445649.493,63.50384,-2.118059,-1.808319,-0.00143966,-1.45872,-1.069676,-0.00142666,1.0
2445649.49571,62.63254000000001,-2.118041,-1.808339,-0.00143709,-1.4587370000000002,-1.069665,-0.00142409,1.0
2445649.48917,61.03796,-2.118084,-1.808291,-0.00144331,-1.458695,-1.069692,-0.00143031,1.0
2445649.5115,60.53409,-2.117935,-1.808453,-0.00142205,-1.458839,-1.069599,-0.00140905,1.0
2445649.50033,59.15616,-2.11801,-1.808372,-0.00143268,-1.458767,-1.069646,-0.00141968,1.0
2445649.50125,58.23713000000001,-2.118004,-1.808379,-0.00143181,-1.458773,-1.069642,-0.00141881,1.0
2445649.51433,54.20009,-2.117916,-1.808474,-0.00141936,-1.458857,-1.069588,-0.00140636,1.0
2445649.51696,54.60092,-2.117899,-1.808493,-0.00141686,-1.458874,-1.069577,-0.00140386,1.0
2445649.51987,56.18236,-2.1178790000000003,-1.808514,-0.00141408,-1.458893,-1.069565,-0.00140108,1.0
2445649.52142,56.8591,-2.117869,-1.808525,-0.00141261,-1.458903,-1.069558,-0.00139961,1.0
2445649.52696,56.59786,-2.117832,-1.808566,-0.00140734,-1.458939,-1.069536,-0.00139434,1.0
2445649.53167,54.35006,-2.117801,-1.8086,-0.00140285,-1.458969,-1.069516,-0.00138985,1.0
2445649.52904,55.10614,-2.117818,-1.808581,-0.00140535,-1.458952,-1.069527,-0.00139235,1.0
2445649.53558,54.9035,-2.117775,-1.808628,-0.00139913,-1.458994,-1.0695,-0.00138613,1.0
2445649.53912,56.4937,-2.117751,-1.808654,-0.00139575,-1.459017,-1.069485,-0.00138275,1.0
2445649.54175,55.66728000000001,-2.1177330000000003,-1.808673,-0.00139325,-1.459034,-1.069474,-0.00138025,1.0
2445649.5443700003,54.55066,-2.117716,-1.808692,-0.00139076,-1.459051,-1.069464,-0.00137776,1.0
2445649.55046,55.41151,-2.117675,-1.808736,-0.00138496,-1.45909,-1.069438,-0.00137196,1.0
2445649.55479,54.05054000000001,-2.117646,-1.808768,-0.00138084,-1.459118,-1.069421,-0.00136784,1.0
2445649.55817,55.71856999999999,-2.117624,-1.808792,-0.00137763,-1.45914,-1.069407,-0.00136463,1.0
2445649.56125,56.9115,-2.117603,-1.808814,-0.00137469,-1.45916,-1.069394,-0.00136169,1.0
2445649.56908,57.01643000000001,-2.117551,-1.808871,-0.00136723,-1.45921,-1.069361,-0.00135423,1.0
2445649.57525,57.75638000000001,-2.11751,-1.808916,-0.00136136,-1.45925,-1.069336,-0.00134836,1.0
2445649.57325,58.66783,-2.117523,-1.808902,-0.00136327,-1.459237,-1.069344,-0.00135027,1.0
2445649.57779,60.25596,-2.117493,-1.808935,-0.00135894,-1.459266,-1.069325,-0.00134594,1.0
2447094.57725,62.1155,-2.526428,-1.212883,-0.07041269,-1.685923,-0.681822,-0.07040769,1.0
2447094.5817400003,60.20049,-2.526409,-1.2129219999999998,-0.07040856,-1.685946,-0.6817965,-0.07040356,1.0
2447094.58465,60.42268000000001,-2.526396,-1.212948,-0.07040589,-1.685961,-0.68178,-0.07040089,1.0
2447094.58772,59.26523,-2.526383,-1.212975,-0.07040307,-1.685977,-0.6817626,-0.07039807,1.0
2447094.58956,58.61382,-2.526375,-1.212991,-0.07040138,-1.685986,-0.6817522,-0.07039638,1.0
2447094.59295,57.59701999999999,-2.52636,-1.213021,-0.07039827,-1.686004,-0.681733,-0.07039327,1.0
2447094.59603,57.96956,-2.526347,-1.213048,-0.07039545,-1.68602,-0.6817155,-0.07039045,1.0
2447094.59783,57.2796,-2.526339,-1.213064,-0.07039379,-1.686029,-0.6817053000000001,-0.07038879,1.0
2447094.6008900004,56.65001,-2.526326,-1.213091,-0.07039098,-1.686045,-0.681688,-0.07038598,1.0
2447094.60424,56.28595,-2.526311,-1.21312,-0.07038791,-1.686062,-0.681669,-0.07038291,1.0
2447094.60862,56.96394,-2.526292,-1.213159,-0.07038389,-1.6860849999999998,-0.6816441,-0.07037889,1.0
2447094.6106,56.8591,-2.526284,-1.213176,-0.07038207,-1.686095,-0.6816329000000001,-0.07037707,1.0
2447094.61368,57.2796,-2.52627,-1.213203,-0.07037924,-1.686111,-0.6816154000000001,-0.07037424,1.0
2447094.61719,57.65009000000001,-2.526255,-1.213234,-0.07037602,-1.686129,-0.6815955,-0.07037102,1.0
2447094.61906,57.38521,-2.526247,-1.213251,-0.0703743,-1.6861389999999998,-0.6815849,-0.0703693,1.0
2447094.62246,58.07644000000001,-2.526232,-1.21328,-0.07037118,-1.686157,-0.6815656999999999,-0.07036618,1.0
2447094.62571,58.55986,-2.526218,-1.213309,-0.0703682,-1.686174,-0.6815472,-0.0703632,1.0
2447094.62757,59.04729,-2.52621,-1.213325,-0.07036649,-1.6861830000000002,-0.6815366999999999,-0.07036149,1.0
2447094.63083,59.26523,-2.526196,-1.213354,-0.0703635,-1.6862,-0.6815182,-0.0703585,1.0
2447094.63508,59.97911,-2.526178,-1.213391,-0.0703596,-1.686222,-0.6814941,-0.0703546,1.0
2447094.65302,62.92164,-2.5261,-1.213549,-0.07034313,-1.6863150000000002,-0.6813924,-0.07033813,1.0
2447094.65609,63.50384,-2.526087,-1.213576,-0.07034031,-1.686331,-0.681375,-0.07033531,1.0
2447094.65971,64.09144,-2.526071,-1.213608,-0.07033699,-1.686349,-0.6813544,-0.07033199,1.0
2447094.67986,69.11941,-2.525984,-1.213785,-0.07031849,-1.686454,-0.6812402,-0.07031349,1.0
2447094.68312,69.31065,-2.52597,-1.213814,-0.0703155,-1.6864709999999998,-0.6812216999999999,-0.0703105,1.0
2447094.68491,71.38386,-2.525962,-1.213829,-0.07031385,-1.68648,-0.6812116,-0.07030885,1.0
2447094.68792,71.64733000000003,-2.525949,-1.213856,-0.07031109,-1.686495,-0.6811944999999999,-0.07030609,1.0
2447094.6925,73.51907,-2.525929,-1.213896,-0.07030689,-1.686519,-0.6811685000000001,-0.07030189,1.0
2447094.69436,74.33614,-2.525921,-1.213912,-0.07030518,-1.6865290000000002,-0.681158,-0.07030018,1.0
2447094.69722,74.74807,-2.525909,-1.213938,-0.07030255,-1.6865439999999998,-0.6811418,-0.07029755,1.0
2447094.70026,75.09309,-2.525896,-1.213964,-0.07029976,-1.686559,-0.6811245,-0.07029476,1.0
2447094.70199,76.13774000000002,-2.525888,-1.213979,-0.07029817,-1.686568,-0.6811147,-0.07029317,1.0
2447094.70499,76.27812,-2.525875,-1.214006,-0.07029542,-1.686584,-0.6810977,-0.07029042,1.0
2447094.7082,76.70082,-2.525862,-1.214034,-0.07029247,-1.6866,-0.6810795000000001,-0.07028747,1.0
2447094.71009,75.85776,-2.525853,-1.214051,-0.07029074,-1.68661,-0.6810688,-0.07028574,1.0
2447094.71341,76.70082,-2.525839,-1.2140799999999998,-0.07028769,-1.686627,-0.68105,-0.07028269,1.0
2447094.71672,76.55966,-2.525825,-1.214109,-0.07028465,-1.6866450000000002,-0.6810312,-0.07027965,1.0
2447094.72071,75.64844000000002,-2.525807,-1.214144,-0.07028099,-1.686665,-0.6810086,-0.07027599,1.0
2447094.72244,75.64844000000002,-2.5258,-1.214159,-0.07027939999999999,-1.6866740000000002,-0.6809988,-0.07027439999999999,1.0
2447094.7256400003,74.74807,-2.525786,-1.214187,-0.07027646,-1.686691,-0.6809805999999999,-0.07027146,1.0
2447094.7286900003,73.92648,-2.525773,-1.214214,-0.07027366,-1.686706,-0.6809633,-0.07026866,1.0
2447094.73071,72.77798,-2.525764,-1.214232,-0.07027181,-1.6867169999999998,-0.6809519,-0.07026681,1.0
2447094.73409,72.11075,-2.52575,-1.2142620000000002,-0.07026871,-1.686734,-0.6809327,-0.07026371,1.0
2447094.73736,71.31814,-2.525735,-1.21429,-0.07026569999999999,-1.686751,-0.6809142,-0.0702607,1.0
2447094.73896,70.92511,-2.525728,-1.214304,-0.07026424,-1.6867599999999998,-0.6809050999999999,-0.07025924,1.0
2447094.7426,69.88758,-2.525713,-1.214336,-0.07026089,-1.686778,-0.6808845,-0.07025589,1.0
2447094.74584,67.6083,-2.5256990000000004,-1.214365,-0.07025792,-1.686795,-0.6808661,-0.07025292,1.0
2447094.74773,68.23387,-2.525691,-1.214382,-0.07025618,-1.686805,-0.6808554,-0.07025118,1.0
2447094.75113,68.04559,-2.525676,-1.214411,-0.07025306,-1.686823,-0.6808360999999999,-0.07024806,1.0
2447094.75468,66.25215,-2.52566,-1.214443,-0.0702498,-1.686841,-0.680816,-0.0702448,1.0
2447094.7566400003,66.00851999999999,-2.525652,-1.21446,-0.07024801,-1.686851,-0.6808049,-0.07024301,1.0
2447094.76036,64.62491999999999,-2.525636,-1.214493,-0.07024459,-1.68687,-0.6807838,-0.07023959,1.0
2447094.76419,63.62093,-2.525619,-1.214526,-0.07024107,-1.6868900000000002,-0.680762,-0.07023607,1.0
2447094.7661,62.69025,-2.525611,-1.214543,-0.07023932,-1.6869,-0.6807512,-0.07023432,1.0
2447094.76976,61.3197,-2.525595,-1.214575,-0.07023596,-1.6869189999999998,-0.6807305,-0.07023096,1.0
2447094.77337,60.31148,-2.52558,-1.214607,-0.07023265,-1.686938,-0.68071,-0.07022765,1.0
2447094.77576,59.3745,-2.525569,-1.214628,-0.07023045,-1.68695,-0.6806964,-0.07022545,1.0
2447094.77938,57.70321,-2.525554,-1.21466,-0.07022713,-1.686969,-0.6806759,-0.07022213,1.0
2447094.78311,56.07897,-2.525537,-1.214693,-0.07022371,-1.6869880000000002,-0.6806548000000001,-0.07021871,1.0
2447094.78525,54.30002,-2.525528,-1.214711,-0.07022174,-1.686999,-0.6806426,-0.07021674,1.0
2447094.7886900003,54.15019,-2.525513,-1.214742,-0.07021858,-1.6870169999999998,-0.6806230999999999,-0.07021358,1.0
2447094.79211,52.77157,-2.525499,-1.214772,-0.07021544,-1.6870349999999998,-0.6806036999999999,-0.07021044,1.0
2447094.79443,52.09547,-2.525488,-1.214792,-0.07021331,-1.6870470000000002,-0.6805906,-0.07020831,1.0
2447094.79822,52.72299,-2.525472,-1.214825,-0.07020983,-1.687066,-0.6805690999999999,-0.07020483,1.0
2447094.80359,52.23962,-2.525449,-1.214873,-0.07020491,-1.687094,-0.6805386999999999,-0.07019991,1.0
2447094.80756,52.09547,-2.525432,-1.214907,-0.07020126,-1.687115,-0.6805161,-0.07019626,1.0
2447094.81261,52.43243,-2.52541,-1.214952,-0.07019662,-1.687141,-0.6804875,-0.07019162,1.0
2447094.81795,51.66542000000001,-2.525387,-1.214999,-0.07019172,-1.687168,-0.6804571999999999,-0.07018672,1.0
2447095.59023,50.72242,-2.522032,-1.221781,-0.06948288,-1.69125,-0.6761354,-0.06947788,1.0
2447095.59298,51.66542000000001,-2.52202,-1.221805,-0.06948035,-1.6912650000000002,-0.6761202,-0.06947535,1.0
2447095.59435,51.42804,-2.522014,-1.221817,-0.06947909,-1.691272,-0.6761126000000001,-0.06947409,1.0
2447095.6061400003,52.38416,-2.521962,-1.22192,-0.06946826,-1.691336,-0.6760475,-0.06946326,1.0
2447095.60823,51.9039,-2.521953,-1.221939,-0.06946634,-1.6913470000000002,-0.6760359,-0.06946134,1.0
2447095.6123900004,52.14348,-2.521935,-1.221975,-0.06946251,-1.69137,-0.676013,-0.06945751,1.0
2447095.62623,54.85295,-2.521875,-1.222097,-0.06944979,-1.691444,-0.6759364999999999,-0.06944479,1.0
2447095.6269400003,54.50044000000001,-2.521872,-1.2221030000000002,-0.06944914,-1.691448,-0.6759326,-0.06944414,1.0
2447095.62902,55.87274,-2.521862,-1.222121,-0.06944723,-1.691459,-0.6759210999999999,-0.06944223,1.0
2447095.65394,59.59365,-2.521754,-1.22234,-0.06942433,-1.6915939999999998,-0.6757834,-0.06941933,1.0
2447095.65531,59.86872,-2.521748,-1.222352,-0.06942307,-1.691601,-0.6757759,-0.06941807,1.0
2447095.66085,60.42268000000001,-2.5217240000000003,-1.222401,-0.06941798,-1.691631,-0.6757453,-0.06941298,1.0
2447095.67539,61.83011,-2.52166,-1.222528,-0.06940462,-1.691709,-0.6756649,-0.06939962,1.0
2447095.67818,62.40221,-2.521648,-1.222553,-0.06940205,-1.6917240000000002,-0.6756495,-0.06939705,1.0
2447095.68027,62.97961,-2.521639,-1.222571,-0.06940013,-1.691736,-0.675638,-0.06939513,1.0
2447095.69273,63.85575,-2.521585,-1.22268,-0.06938868,-1.691803,-0.6755691999999999,-0.06938368,1.0
2447095.69619,64.56541999999999,-2.52157,-1.222711,-0.0693855,-1.691821,-0.67555,-0.0693805,1.0
2447095.69893,64.74407,-2.521558,-1.222735,-0.06938298,-1.691836,-0.6755349,-0.06937798,1.0
2447095.71281,64.74407,-2.521497,-1.222856,-0.06937023,-1.6919110000000002,-0.6754581999999999,-0.06936523,1.0
2447095.71627,64.15049,-2.521482,-1.222887,-0.06936705,-1.69193,-0.6754391,-0.06936205,1.0
2447095.71764,64.4466,-2.521476,-1.222899,-0.06936579,-1.6919369999999998,-0.6754316,-0.06936079,1.0
2447095.73844,63.56236,-2.521385,-1.223081,-0.06934667,-1.692049,-0.6753167,-0.06934167,1.0
2447095.74119,63.27032,-2.521373,-1.223105,-0.06934415,-1.692064,-0.6753015,-0.06933915,1.0
2447095.74535,62.69025,-2.521355,-1.223142,-0.06934032,-1.692087,-0.6752785,-0.06933532,1.0
2447095.7606,58.50595,-2.521289,-1.223276,-0.06932631,-1.6921689999999998,-0.6751941999999999,-0.06932131,1.0
2447095.76198,58.776,-2.5212830000000004,-1.223288,-0.06932504,-1.692176,-0.6751866,-0.06932004,1.0
