2435460.71694,1.093609,-0.3954726,-0.9182771,-0.01919744,-0.5574996,-0.8296469999999999,-0.02966624,1.0
2435460.7206900003,1.100682,-0.3954726,-0.9182771,-0.01919744,-0.5574996,-0.8296469999999999,-0.02966624,1.0
2435460.72174,1.145149,-0.3954726,-0.9182771,-0.01919744,-0.5574996,-0.8296469999999999,-0.02966624,1.0
2435460.72636,1.068715,-0.3954726,-0.9182771,-0.01919744,-0.5574996,-0.8296469999999999,-0.02966624,1.0
2435460.7249,1.028163,-0.3954726,-0.9182771,-0.01919744,-0.5574996,-0.8296469999999999,-0.02966624,1.0
2435460.73065,0.9773767,-0.3954726,-0.9182771,-0.01919744,-0.5574996,-0.8296469999999999,-0.02966624,1.0
2435460.73253,0.9773767,-0.3954726,-0.9182771,-0.01919744,-0.5574996,-0.8296469999999999,-0.02966624,1.0
2435460.7379,0.9062792,-0.3954726,-0.9182771,-0.01919744,-0.5574996,-0.8296469999999999,-0.02966624,1.0
2435460.73661,0.8946681000000001,-0.3954726,-0.9182771,-0.01919744,-0.5574996,-0.8296469999999999,-0.02966624,1.0
2435460.74403,0.8615132999999999,-0.3954726,-0.9182771,-0.01919744,-0.5574996,-0.8296469999999999,-0.02966624,1.0
2435460.74203,0.8536149,-0.3954726,-0.9182771,-0.01919744,-0.5574996,-0.8296469999999999,-0.02966624,1.0
2435460.74948,0.8646931000000001,-0.3954726,-0.9182771,-0.01919744,-0.5574996,-0.8296469999999999,-0.02966624,1.0
2435460.74853,0.8832059999999999,-0.3954726,-0.9182771,-0.01919744,-0.5574996,-0.8296469999999999,-0.02966624,1.0
2435460.75478,0.9481172,-0.3954726,-0.9182771,-0.01919744,-0.5574996,-0.8296469999999999,-0.02966624,1.0
2435460.76153,0.9909733,-0.3954726,-0.9182771,-0.01919744,-0.5574996,-0.8296469999999999,-0.02966624,1.0
2435460.75661,1.000143,-0.3954726,-0.9182771,-0.01919744,-0.5574996,-0.8296469999999999,-0.02966624,1.0
2435460.7601900003,1.038633,-0.3954726,-0.9182771,-0.01919744,-0.5574996,-0.8296469999999999,-0.02966624,1.0
2435460.76561,1.043427,-0.3954726,-0.9182771,-0.01919744,-0.5574996,-0.8296469999999999,-0.02966624,1.0
2435460.76778,1.098657,-0.3954726,-0.9182771,-0.01919744,-0.5574996,-0.8296469999999999,-0.02966624,1.0
2435460.7749,1.141989,-0.3954726,-0.9182771,-0.01919744,-0.5574996,-0.8296469999999999,-0.02966624,1.0
2435460.7719,1.162149,-0.3954726,-0.9182771,-0.01919744,-0.5574996,-0.8296469999999999,-0.02966624,1.0
2435460.77028,1.169666,-0.3954726,-0.9182771,-0.01919744,-0.5574996,-0.8296469999999999,-0.02966624,1.0
2435460.77798,1.170744,-0.3954726,-0.9182771,-0.01919744,-0.5574996,-0.8296469999999999,-0.02966624,1.0
2435460.7825700003,1.080593,-0.3954726,-0.9182771,-0.01919744,-0.5574996,-0.8296469999999999,-0.02966624,1.0
2435460.7839,1.07266,-0.3954726,-0.9182771,-0.01919744,-0.5574996,-0.8296469999999999,-0.02966624,1.0
2435460.7879,1.066748,-0.3954726,-0.9182771,-0.01919744,-0.5574996,-0.8296469999999999,-0.02966624,1.0
2435460.78898,1.051144,-0.3954726,-0.9182771,-0.01919744,-0.5574996,-0.8296469999999999,-0.02966624,1.0
2435460.79569,0.9533712,-0.3954726,-0.9182771,-0.01919744,-0.5574996,-0.8296469999999999,-0.02966624,1.0
2435460.79269,0.9046112,-0.3954726,-0.9182771,-0.01919744,-0.5574996,-0.8296469999999999,-0.02966624,1.0
2435460.80248,0.8174515,-0.3954726,-0.9182771,-0.01919744,-0.5574996,-0.8296469999999999,-0.02966624,1.0
2435460.8004,0.7929795999999999,-0.3954726,-0.9182771,-0.01919744,-0.5574996,-0.8296469999999999,-0.02966624,1.0
2435460.80657,0.8341843000000001,-0.3954726,-0.9182771,-0.01919744,-0.5574996,-0.8296469999999999,-0.02966624,1.0
2435460.80911,0.9138228,-0.3954726,-0.9182771,-0.01919744,-0.5574996,-0.8296469999999999,-0.02966624,1.0
2435460.81573,0.9630792,-0.3954726,-0.9182771,-0.01919744,-0.5574996,-0.8296469999999999,-0.02966624,1.0
2435460.81773,0.997383,-0.3954726,-0.9182771,-0.01919744,-0.5574996,-0.8296469999999999,-0.02966624,1.0
2435460.82402,1.034813,-0.3954726,-0.9182771,-0.01919744,-0.5574996,-0.8296469999999999,-0.02966624,1.0
2435460.82573,1.066748,-0.3954726,-0.9182771,-0.01919744,-0.5574996,-0.8296469999999999,-0.02966624,1.0
2435460.83148,1.061847,-0.3954726,-0.9182771,-0.01919744,-0.5574996,-0.8296469999999999,-0.02966624,1.0
2435460.83352,1.094617,-0.3954726,-0.9182771,-0.01919744,-0.5574996,-0.8296469999999999,-0.02966624,1.0
2435460.84073,1.07266,-0.3954726,-0.9182771,-0.01919744,-0.5574996,-0.8296469999999999,-0.02966624,1.0
2435460.83831,1.02911,-0.3954726,-0.9182771,-0.01919744,-0.5574996,-0.8296469999999999,-0.02966624,1.0
2435460.85002,1.02911,-0.3954726,-0.9182771,-0.01919744,-0.5574996,-0.8296469999999999,-0.02966624,1.0
2435460.8484400003,1.007539,-0.3954726,-0.9182771,-0.01919744,-0.5574996,-0.8296469999999999,-0.02966624,1.0
2435460.85461,0.8815806,-0.3954726,-0.9182771,-0.01919744,-0.5574996,-0.8296469999999999,-0.02966624,1.0
2435460.85565,0.8544016,-0.3954726,-0.9182771,-0.01919744,-0.5574996,-0.8296469999999999,-0.02966624,1.0
2435461.58312,0.8621866,-0.3954726,-0.9182771,-0.01919744,-0.5574996,-0.8296469999999999,-0.02966624,1.0
2435461.59153,0.903652,-0.3954726,-0.9182771,-0.01919744,-0.5574996,-0.8296469999999999,-0.02966624,1.0
2435461.59566,0.962058,-0.3954726,-0.9182771,-0.01919744,-0.5574996,-0.8296469999999999,-0.02966624,1.0
2435461.59932,1.025183,-0.3954726,-0.9182771,-0.01919744,-0.5574996,-0.8296469999999999,-0.02966624,1.0
2435461.6042,1.058769,-0.3954726,-0.9182771,-0.01919744,-0.5574996,-0.8296469999999999,-0.02966624,1.0
2435461.61162,1.146044,-0.3954726,-0.9182771,-0.01919744,-0.5574996,-0.8296469999999999,-0.02966624,1.0
2435461.61399,1.106627,-0.3954726,-0.9182771,-0.01919744,-0.5574996,-0.8296469999999999,-0.02966624,1.0
2435461.60445,1.058769,-0.3954726,-0.9182771,-0.01919744,-0.5574996,-0.8296469999999999,-0.02966624,1.0
2435461.62162,1.012981,-0.3954726,-0.9182771,-0.01919744,-0.5574996,-0.8296469999999999,-0.02966624,1.0
2435461.62924,0.9790418,-0.3954726,-0.9182771,-0.01919744,-0.5574996,-0.8296469999999999,-0.02966624,1.0
2435461.63328,0.8448921,-0.3954726,-0.9182771,-0.01919744,-0.5574996,-0.8296469999999999,-0.02966624,1.0
2435461.67661,1.076468,-0.3954726,-0.9182771,-0.01919744,-0.5574996,-0.8296469999999999,-0.02966624,1.0
2435461.67516,1.050029,-0.3954726,-0.9182771,-0.01919744,-0.5574996,-0.8296469999999999,-0.02966624,1.0
2435461.68715,0.9908348,-0.3954726,-0.9182771,-0.01919744,-0.5574996,-0.8296469999999999,-0.02966624,1.0
2435461.69349,0.8961923,-0.3954726,-0.9182771,-0.01919744,-0.5574996,-0.8296469999999999,-0.02966624,1.0
2435461.69836,0.8433371,-0.3954726,-0.9182771,-0.01919744,-0.5574996,-0.8296469999999999,-0.02966624,1.0
2435461.7127,0.943629,-0.3954726,-0.9182771,-0.01919744,-0.5574996,-0.8296469999999999,-0.02966624,1.0
2435461.71828,1.017657,-0.3954726,-0.9182771,-0.01919744,-0.5574996,-0.8296469999999999,-0.02966624,1.0
2435461.72211,1.115838,-0.3954726,-0.9182771,-0.01919744,-0.5574996,-0.8296469999999999,-0.02966624,1.0
2435461.7299,1.127201,-0.3954726,-0.9182771,-0.01919744,-0.5574996,-0.8296469999999999,-0.02966624,1.0
2435461.73753,1.129279,-0.3954726,-0.9182771,-0.01919744,-0.5574996,-0.8296469999999999,-0.02966624,1.0
2435461.74199,1.063656,-0.3954726,-0.9182771,-0.01919744,-0.5574996,-0.8296469999999999,-0.02966624,1.0
2435461.74899,0.9754416,-0.3954726,-0.9182771,-0.01919744,-0.5574996,-0.8296469999999999,-0.02966624,1.0
2435461.75528,0.8511405000000001,-0.3954726,-0.9182771,-0.01919744,-0.5574996,-0.8296469999999999,-0.02966624,1.0
2435461.76144,0.8441143,-0.3954726,-0.9182771,-0.01919744,-0.5574996,-0.8296469999999999,-0.02966624,1.0
2435461.76782,0.8645722,-0.3954726,-0.9182771,-0.01919744,-0.5574996,-0.8296469999999999,-0.02966624,1.0
2435461.77536,0.9781406,-0.3954726,-0.9182771,-0.01919744,-0.5574996,-0.8296469999999999,-0.02966624,1.0
2435461.78144,1.050029,-0.3954726,-0.9182771,-0.01919744,-0.5574996,-0.8296469999999999,-0.02966624,1.0
2435461.78957,1.099515,-0.3954726,-0.9182771,-0.01919744,-0.5574996,-0.8296469999999999,-0.02966624,1.0
2435461.79457,1.113785,-0.3954726,-0.9182771,-0.01919744,-0.5574996,-0.8296469999999999,-0.02966624,1.0
2435461.80032,1.063656,-0.3954726,-0.9182771,-0.01919744,-0.5574996,-0.8296469999999999,-0.02966624,1.0
2435461.80557,1.018594,-0.3954726,-0.9182771,-0.01919744,-0.5574996,-0.8296469999999999,-0.02966624,1.0
2435461.81319,0.9444985,-0.3954726,-0.9182771,-0.01919744,-0.5574996,-0.8296469999999999,-0.02966624,1.0
2435461.8190200003,0.8863419,-0.3954726,-0.9182771,-0.01919744,-0.5574996,-0.8296469999999999,-0.02966624,1.0
2435461.82323,0.9358392,-0.3954726,-0.9182771,-0.01919744,-0.5574996,-0.8296469999999999,-0.02966624,1.0
2435461.82977,0.9990824,-0.3954726,-0.9182771,-0.01919744,-0.5574996,-0.8296469999999999,-0.02966624,1.0
2446935.63468,1.150058,0.7880096,0.6156604999999999,-0.00174533,0.8821215,0.471009,-0.00349065,1.0
2446935.64036,1.151118,0.7880096,0.6156604999999999,-0.00174533,0.8821215,0.471009,-0.00349065,1.0
2446935.6495,0.9770566,0.7880096,0.6156604999999999,-0.00174533,0.8821215,0.471009,-0.00349065,1.0
2446935.65505,0.9339418,0.7880096,0.6156604999999999,-0.00174533,0.8821215,0.471009,-0.00349065,1.0
2446935.66767,0.8501974,0.7880096,0.6156604999999999,-0.00174533,0.8821215,0.471009,-0.00349065,1.0
2446935.67045,0.902651,0.7880096,0.6156604999999999,-0.00174533,0.8821215,0.471009,-0.00349065,1.0
2446935.6764700003,1.044047,0.7880096,0.6156604999999999,-0.00174533,0.8821215,0.471009,-0.00349065,1.0
2446935.67994,1.110503,0.7880096,0.6156604999999999,-0.00174533,0.8821215,0.471009,-0.00349065,1.0
2446935.68943,1.157497,0.7880096,0.6156604999999999,-0.00174533,0.8821215,0.471009,-0.00349065,1.0
2446935.6929,1.207591,0.7880096,0.6156604999999999,-0.00174533,0.8821215,0.471009,-0.00349065,1.0
2446935.70205,1.118716,0.7880096,0.6156604999999999,-0.00174533,0.8821215,0.471009,-0.00349065,1.0
2446935.7055200003,1.060522,0.7880096,0.6156604999999999,-0.00174533,0.8821215,0.471009,-0.00349065,1.0
2446935.70957,1.034475,0.7880096,0.6156604999999999,-0.00174533,0.8821215,0.471009,-0.00349065,1.0
2446935.7130400003,0.9833764000000002,0.7880096,0.6156604999999999,-0.00174533,0.8821215,0.471009,-0.00349065,1.0
2446935.71953,0.8853597,0.7880096,0.6156604999999999,-0.00174533,0.8821215,0.471009,-0.00349065,1.0
2446935.72276,0.8331433000000001,0.7880096,0.6156604999999999,-0.00174533,0.8821215,0.471009,-0.00349065,1.0
2446935.72693,0.8239860000000001,0.7880096,0.6156604999999999,-0.00174533,0.8821215,0.471009,-0.00349065,1.0
2446935.7304,0.8316100000000001,0.7880096,0.6156604999999999,-0.00174533,0.8821215,0.471009,-0.00349065,1.0
2446935.74036,1.019342,0.7880096,0.6156604999999999,-0.00174533,0.8821215,0.471009,-0.00349065,1.0
2446935.74383,1.045009,0.7880096,0.6156604999999999,-0.00174533,0.8821215,0.471009,-0.00349065,1.0
2446935.74858,1.149,0.7880096,0.6156604999999999,-0.00174533,0.8821215,0.471009,-0.00349065,1.0
2446935.7517,1.154303,0.7880096,0.6156604999999999,-0.00174533,0.8821215,0.471009,-0.00349065,1.0
2446935.75552,1.213165,0.7880096,0.6156604999999999,-0.00174533,0.8821215,0.471009,-0.00349065,1.0
2446935.76478,1.097286,0.7880096,0.6156604999999999,-0.00174533,0.8821215,0.471009,-0.00349065,1.0
2446935.76825,1.008137,0.7880096,0.6156604999999999,-0.00174533,0.8821215,0.471009,-0.00349065,1.0
2446935.7745,0.9365258,0.7880096,0.6156604999999999,-0.00174533,0.8821215,0.471009,-0.00349065,1.0
2446935.77797,0.871605,0.7880096,0.6156604999999999,-0.00174533,0.8821215,0.471009,-0.00349065,1.0
2446935.78249,0.7825638,0.7880096,0.6156604999999999,-0.00174533,0.8821215,0.471009,-0.00349065,1.0
2446935.78596,0.7696969,0.7880096,0.6156604999999999,-0.00174533,0.8821215,0.471009,-0.00349065,1.0
2446935.79209,0.8393048000000001,0.7880096,0.6156604999999999,-0.00174533,0.8821215,0.471009,-0.00349065,1.0
2446935.79545,0.8509808000000001,0.7880096,0.6156604999999999,-0.00174533,0.8821215,0.471009,-0.00349065,1.0
2446935.79973,1.014658,0.7880096,0.6156604999999999,-0.00174533,0.8821215,0.471009,-0.00349065,1.0
2446935.80841,1.101336,0.7880096,0.6156604999999999,-0.00174533,0.8821215,0.471009,-0.00349065,1.0
2446935.81188,1.0912389999999998,0.7880096,0.6156604999999999,-0.00174533,0.8821215,0.471009,-0.00349065,1.0
2448766.57953,0.9259593,0.6996591,0.7144683000000001,0.00349065,0.7986246,0.6018066999999999,0.00523596,1.0
2448766.58463,1.037987,0.6996591,0.7144683000000001,0.00349065,0.7986246,0.6018066999999999,0.00523596,1.0
2448766.58905,1.093936,0.6996591,0.7144683000000001,0.00349065,0.7986246,0.6018066999999999,0.00523596,1.0
2448766.5953,1.132901,0.6996591,0.7144683000000001,0.00349065,0.7986246,0.6018066999999999,0.00523596,1.0
2448766.60407,0.9166254,0.6996591,0.7144683000000001,0.00349065,0.7986246,0.6018066999999999,0.00523596,1.0
2448766.61067,0.9554147,0.6996591,0.7144683000000001,0.00349065,0.7986246,0.6018066999999999,0.00523596,1.0
2448766.6137900003,0.8570218000000001,0.6996591,0.7144683000000001,0.00349065,0.7986246,0.6018066999999999,0.00523596,1.0
2448766.61692,0.8802213,0.6996591,0.7144683000000001,0.00349065,0.7986246,0.6018066999999999,0.00523596,1.0
2448766.63002,1.006913,0.6996591,0.7144683000000001,0.00349065,0.7986246,0.6018066999999999,0.00523596,1.0
2448766.63323,0.9633673,0.6996591,0.7144683000000001,0.00349065,0.7986246,0.6018066999999999,0.00523596,1.0
2448766.63637,1.008769,0.6996591,0.7144683000000001,0.00349065,0.7986246,0.6018066999999999,0.00523596,1.0
2448766.63948,1.160358,0.6996591,0.7144683000000001,0.00349065,0.7986246,0.6018066999999999,0.00523596,1.0
2448766.64261,1.205013,0.6996591,0.7144683000000001,0.00349065,0.7986246,0.6018066999999999,0.00523596,1.0
2448766.64573,1.1276959999999998,0.6996591,0.7144683000000001,0.00349065,0.7986246,0.6018066999999999,0.00523596,1.0
2448766.64886,1.186293,0.6996591,0.7144683000000001,0.00349065,0.7986246,0.6018066999999999,0.00523596,1.0
2448766.65698,1.005986,0.6996591,0.7144683000000001,0.00349065,0.7986246,0.6018066999999999,0.00523596,1.0
2448766.67073,0.8609777,0.6996591,0.7144683000000001,0.00349065,0.7986246,0.6018066999999999,0.00523596,1.0
2448766.67421,0.7808936,0.6996591,0.7144683000000001,0.00349065,0.7986246,0.6018066999999999,0.00523596,1.0
2448766.67737,0.7983474,0.6996591,0.7144683000000001,0.00349065,0.7986246,0.6018066999999999,0.00523596,1.0
2448766.6836200003,0.7917569000000001,0.6996591,0.7144683000000001,0.00349065,0.7986246,0.6018066999999999,0.00523596,1.0
2448766.69963,1.004135,0.6996591,0.7144683000000001,0.00349065,0.7986246,0.6018066999999999,0.00523596,1.0
2448766.70281,1.05049,0.6996591,0.7144683000000001,0.00349065,0.7986246,0.6018066999999999,0.00523596,1.0
2448766.70597,1.117357,0.6996591,0.7144683000000001,0.00349065,0.7986246,0.6018066999999999,0.00523596,1.0
2448766.71278,1.104058,0.6996591,0.7144683000000001,0.00349065,0.7986246,0.6018066999999999,0.00523596,1.0
2448766.719,1.027524,0.6996591,0.7144683000000001,0.00349065,0.7986246,0.6018066999999999,0.00523596,1.0
2448772.60661,0.9923735,0.6996591,0.7144683000000001,0.00349065,0.7986246,0.6018066999999999,0.00523596,1.0
2448772.60977,1.0604129999999998,0.6996591,0.7144683000000001,0.00349065,0.7986246,0.6018066999999999,0.00523596,1.0
2448772.61286,1.103253,0.6996591,0.7144683000000001,0.00349065,0.7986246,0.6018066999999999,0.00523596,1.0
2448772.61633,1.087114,0.6996591,0.7144683000000001,0.00349065,0.7986246,0.6018066999999999,0.00523596,1.0
2448772.62466,1.126874,0.6996591,0.7144683000000001,0.00349065,0.7986246,0.6018066999999999,0.00523596,1.0
2448772.6573,0.7724585999999999,0.6996591,0.7144683000000001,0.00349065,0.7986246,0.6018066999999999,0.00523596,1.0
2448772.66046,0.7803245,0.6996591,0.7144683000000001,0.00349065,0.7986246,0.6018066999999999,0.00523596,1.0
2448772.66355,0.9424867,0.6996591,0.7144683000000001,0.00349065,0.7986246,0.6018066999999999,0.00523596,1.0
2448772.70175,1.102237,0.6996591,0.7144683000000001,0.00349065,0.7986246,0.6018066999999999,0.00523596,1.0
2448772.70904,1.032465,0.6996591,0.7144683000000001,0.00349065,0.7986246,0.6018066999999999,0.00523596,1.0
2449214.61098,0.9390089,-0.609517,0.791474,0.04536299,-0.5345859000000001,0.8423726999999999,0.06801529,1.0
2449214.61842,0.8747212,-0.609517,0.791474,0.04536299,-0.5345859000000001,0.8423726999999999,0.06801529,1.0
2449214.62206,0.8043956,-0.609517,0.791474,0.04536299,-0.5345859000000001,0.8423726999999999,0.06801529,1.0
2449214.62612,0.9083843,-0.609517,0.791474,0.04536299,-0.5345859000000001,0.8423726999999999,0.06801529,1.0
2449214.6298,0.8992277,-0.609517,0.791474,0.04536299,-0.5345859000000001,0.8423726999999999,0.06801529,1.0
2449214.6361,0.9167896,-0.609517,0.791474,0.04536299,-0.5345859000000001,0.8423726999999999,0.06801529,1.0
2449214.64003,0.9555857,-0.609517,0.791474,0.04536299,-0.5345859000000001,0.8423726999999999,0.06801529,1.0
2449214.6437,1.063334,-0.609517,0.791474,0.04536299,-0.5345859000000001,0.8423726999999999,0.06801529,1.0
2449214.64736,1.127898,-0.609517,0.791474,0.04536299,-0.5345859000000001,0.8423726999999999,0.06801529,1.0
2449214.6516,1.165922,-0.609517,0.791474,0.04536299,-0.5345859000000001,0.8423726999999999,0.06801529,1.0
2449214.65526,1.150985,-0.609517,0.791474,0.04536299,-0.5345859000000001,0.8423726999999999,0.06801529,1.0
2449214.65894,1.169148,-0.609517,0.791474,0.04536299,-0.5345859000000001,0.8423726999999999,0.06801529,1.0
2449214.66261,1.1155,-0.609517,0.791474,0.04536299,-0.5345859000000001,0.8423726999999999,0.06801529,1.0
2449214.66658,1.0420049999999998,-0.609517,0.791474,0.04536299,-0.5345859000000001,0.8423726999999999,0.06801529,1.0
2449214.67025,0.9688793,-0.609517,0.791474,0.04536299,-0.5345859000000001,0.8423726999999999,0.06801529,1.0
2449214.67392,0.9355557,-0.609517,0.791474,0.04536299,-0.5345859000000001,0.8423726999999999,0.06801529,1.0
2449214.67758,0.9364178,-0.609517,0.791474,0.04536299,-0.5345859000000001,0.8423726999999999,0.06801529,1.0
2449214.68897,0.9381443000000002,-0.609517,0.791474,0.04536299,-0.5345859000000001,0.8423726999999999,0.06801529,1.0
2449214.69477,0.9787452,-0.609517,0.791474,0.04536299,-0.5345859000000001,0.8423726999999999,0.06801529,1.0
2449214.69844,1.109353,-0.609517,0.791474,0.04536299,-0.5345859000000001,0.8423726999999999,0.06801529,1.0
2451465.5660900003,1.077201,-0.7301612,-0.6832727,-0.00174533,-0.5735729,-0.8191470000000001,-0.00349065,1.0
2451465.56905,1.049776,-0.7301612,-0.6832727,-0.00174533,-0.5735729,-0.8191470000000001,-0.00349065,1.0
2451465.57132,1.0287190000000002,-0.7301612,-0.6832727,-0.00174533,-0.5735729,-0.8191470000000001,-0.00349065,1.0
2451465.57375,0.9951686,-0.7301612,-0.6832727,-0.00174533,-0.5735729,-0.8191470000000001,-0.00349065,1.0
2451465.57602,0.9416654,-0.7301612,-0.6832727,-0.00174533,-0.5735729,-0.8191470000000001,-0.00349065,1.0
2451465.5783,0.8926815999999999,-0.7301612,-0.6832727,-0.00174533,-0.5735729,-0.8191470000000001,-0.00349065,1.0
2451465.58058,0.8446886999999998,-0.7301612,-0.6832727,-0.00174533,-0.5735729,-0.8191470000000001,-0.00349065,1.0
2451465.58285,0.8277449,-0.7301612,-0.6832727,-0.00174533,-0.5735729,-0.8191470000000001,-0.00349065,1.0
2451465.58513,0.8431341,-0.7301612,-0.6832727,-0.00174533,-0.5735729,-0.8191470000000001,-0.00349065,1.0
2451465.58741,0.8493693999999999,-0.7301612,-0.6832727,-0.00174533,-0.5735729,-0.8191470000000001,-0.00349065,1.0
2451465.58968,0.863568,-0.7301612,-0.6832727,-0.00174533,-0.5735729,-0.8191470000000001,-0.00349065,1.0
2451465.59196,0.8763884,-0.7301612,-0.6832727,-0.00174533,-0.5735729,-0.8191470000000001,-0.00349065,1.0
2451465.59423,0.9059343,-0.7301612,-0.6832727,-0.00174533,-0.5735729,-0.8191470000000001,-0.00349065,1.0
2451465.59651,0.9468835,-0.7301612,-0.6832727,-0.00174533,-0.5735729,-0.8191470000000001,-0.00349065,1.0
2451465.59879,0.9878628,-0.7301612,-0.6832727,-0.00174533,-0.5735729,-0.8191470000000001,-0.00349065,1.0
2451465.60106,1.017412,-0.7301612,-0.6832727,-0.00174533,-0.5735729,-0.8191470000000001,-0.00349065,1.0
2451465.6033400004,1.045915,-0.7301612,-0.6832727,-0.00174533,-0.5735729,-0.8191470000000001,-0.00349065,1.0
2451465.60562,1.075218,-0.7301612,-0.6832727,-0.00174533,-0.5735729,-0.8191470000000001,-0.00349065,1.0
2451465.60789,1.101277,-0.7301612,-0.6832727,-0.00174533,-0.5735729,-0.8191470000000001,-0.00349065,1.0
2451465.61017,1.125892,-0.7301612,-0.6832727,-0.00174533,-0.5735729,-0.8191470000000001,-0.00349065,1.0
2451465.61245,1.148938,-0.7301612,-0.6832727,-0.00174533,-0.5735729,-0.8191470000000001,-0.00349065,1.0
2451465.61473,1.1531790000000002,-0.7301612,-0.6832727,-0.00174533,-0.5735729,-0.8191470000000001,-0.00349065,1.0
2451465.617,1.151056,-0.7301612,-0.6832727,-0.00174533,-0.5735729,-0.8191470000000001,-0.00349065,1.0
2451465.61927,1.1405040000000002,-0.7301612,-0.6832727,-0.00174533,-0.5735729,-0.8191470000000001,-0.00349065,1.0
2451465.62155,1.138405,-0.7301612,-0.6832727,-0.00174533,-0.5735729,-0.8191470000000001,-0.00349065,1.0
2451465.62383,1.113516,-0.7301612,-0.6832727,-0.00174533,-0.5735729,-0.8191470000000001,-0.00349065,1.0
2451465.6261,1.093193,-0.7301612,-0.6832727,-0.00174533,-0.5735729,-0.8191470000000001,-0.00349065,1.0
2451465.62838,1.042069,-0.7301612,-0.6832727,-0.00174533,-0.5735729,-0.8191470000000001,-0.00349065,1.0
2451465.63065,1.004377,-0.7301612,-0.6832727,-0.00174533,-0.5735729,-0.8191470000000001,-0.00349065,1.0
2451465.63293,0.9538865,-0.7301612,-0.6832727,-0.00174533,-0.5735729,-0.8191470000000001,-0.00349065,1.0
2451465.63521,0.9382027,-0.7301612,-0.6832727,-0.00174533,-0.5735729,-0.8191470000000001,-0.00349065,1.0
2451465.63748,0.8828697,-0.7301612,-0.6832727,-0.00174533,-0.5735729,-0.8191470000000001,-0.00349065,1.0
2451465.63976,0.8462458,-0.7301612,-0.6832727,-0.00174533,-0.5735729,-0.8191470000000001,-0.00349065,1.0
2451465.64203,0.8247014000000001,-0.7301612,-0.6832727,-0.00174533,-0.5735729,-0.8191470000000001,-0.00349065,1.0
2451465.64431,0.8171404000000001,-0.7301612,-0.6832727,-0.00174533,-0.5735729,-0.8191470000000001,-0.00349065,1.0
2451465.64659,0.8156364,-0.7301612,-0.6832727,-0.00174533,-0.5735729,-0.8191470000000001,-0.00349065,1.0
2451465.64886,0.8292714,-0.7301612,-0.6832727,-0.00174533,-0.5735729,-0.8191470000000001,-0.00349065,1.0
2451465.65114,0.8812450000000001,-0.7301612,-0.6832727,-0.00174533,-0.5735729,-0.8191470000000001,-0.00349065,1.0
2451465.65342,0.9143167,-0.7301612,-0.6832727,-0.00174533,-0.5735729,-0.8191470000000001,-0.00349065,1.0
2451465.65569,0.9503788,-0.7301612,-0.6832727,-0.00174533,-0.5735729,-0.8191470000000001,-0.00349065,1.0
2451465.65797,0.9878628,-0.7301612,-0.6832727,-0.00174533,-0.5735729,-0.8191470000000001,-0.00349065,1.0
2451465.66025,1.040152,-0.7301612,-0.6832727,-0.00174533,-0.5735729,-0.8191470000000001,-0.00349065,1.0
2451465.66253,1.061443,-0.7301612,-0.6832727,-0.00174533,-0.5735729,-0.8191470000000001,-0.00349065,1.0
2451465.6648,1.087168,-0.7301612,-0.6832727,-0.00174533,-0.5735729,-0.8191470000000001,-0.00349065,1.0
2451465.66707,1.089172,-0.7301612,-0.6832727,-0.00174533,-0.5735729,-0.8191470000000001,-0.00349065,1.0
2451465.66936,1.1155700000000002,-0.7301612,-0.6832727,-0.00174533,-0.5735729,-0.8191470000000001,-0.00349065,1.0
2451465.6716400003,1.109422,-0.7301612,-0.6832727,-0.00174533,-0.5735729,-0.8191470000000001,-0.00349065,1.0
2451465.6739,1.123819,-0.7301612,-0.6832727,-0.00174533,-0.5735729,-0.8191470000000001,-0.00349065,1.0
2451465.67619,1.1155700000000002,-0.7301612,-0.6832727,-0.00174533,-0.5735729,-0.8191470000000001,-0.00349065,1.0
2451465.67847,1.117627,-0.7301612,-0.6832727,-0.00174533,-0.5735729,-0.8191470000000001,-0.00349065,1.0
2451465.68073,1.119687,-0.7301612,-0.6832727,-0.00174533,-0.5735729,-0.8191470000000001,-0.00349065,1.0
2451465.68301,1.117627,-0.7301612,-0.6832727,-0.00174533,-0.5735729,-0.8191470000000001,-0.00349065,1.0
2451465.6853,1.095208,-0.7301612,-0.6832727,-0.00174533,-0.5735729,-0.8191470000000001,-0.00349065,1.0
2451465.68756,1.069293,-0.7301612,-0.6832727,-0.00174533,-0.5735729,-0.8191470000000001,-0.00349065,1.0
2451465.68984,1.05949,-0.7301612,-0.6832727,-0.00174533,-0.5735729,-0.8191470000000001,-0.00349065,1.0
2451465.69213,1.043991,-0.7301612,-0.6832727,-0.00174533,-0.5735729,-0.8191470000000001,-0.00349065,1.0
2451465.6943900003,0.9382027,-0.7301612,-0.6832727,-0.00174533,-0.5735729,-0.8191470000000001,-0.00349065,1.0
2451465.69667,0.9330321,-0.7301612,-0.6832727,-0.00174533,-0.5735729,-0.8191470000000001,-0.00349065,1.0
2451465.69895,0.8400335999999999,-0.7301612,-0.6832727,-0.00174533,-0.5735729,-0.8191470000000001,-0.00349065,1.0
2451466.43594,0.9532731,-0.7301612,-0.6832727,-0.00174533,-0.5735729,-0.8191470000000001,-0.00349065,1.0
2451466.44049,1.018632,-0.7301612,-0.6832727,-0.00174533,-0.5735729,-0.8191470000000001,-0.00349065,1.0
2451466.44504,1.082474,-0.7301612,-0.6832727,-0.00174533,-0.5735729,-0.8191470000000001,-0.00349065,1.0
2451466.4496,1.143977,-0.7301612,-0.6832727,-0.00174533,-0.5735729,-0.8191470000000001,-0.00349065,1.0
2451466.45415,1.148199,-0.7301612,-0.6832727,-0.00174533,-0.5735729,-0.8191470000000001,-0.00349065,1.0
2451466.45871,1.12103,-0.7301612,-0.6832727,-0.00174533,-0.5735729,-0.8191470000000001,-0.00349065,1.0
2451466.46326,1.056859,-0.7301612,-0.6832727,-0.00174533,-0.5735729,-0.8191470000000001,-0.00349065,1.0
2451466.4678,1.026165,-0.7301612,-0.6832727,-0.00174533,-0.5735729,-0.8191470000000001,-0.00349065,1.0
2451466.47237,0.9341515,-0.7301612,-0.6832727,-0.00174533,-0.5735729,-0.8191470000000001,-0.00349065,1.0
2451466.47691,0.8211401,-0.7301612,-0.6832727,-0.00174533,-0.5735729,-0.8191470000000001,-0.00349065,1.0
2451466.48146,0.7943600000000001,-0.7301612,-0.6832727,-0.00174533,-0.5735729,-0.8191470000000001,-0.00349065,1.0
2451466.48602,0.8287382,-0.7301612,-0.6832727,-0.00174533,-0.5735729,-0.8191470000000001,-0.00349065,1.0
2451466.49285,0.9393281,-0.7301612,-0.6832727,-0.00174533,-0.5735729,-0.8191470000000001,-0.00349065,1.0
2451466.4974,1.016758,-0.7301612,-0.6832727,-0.00174533,-0.5735729,-0.8191470000000001,-0.00349065,1.0
2451466.50196,1.074527,-0.7301612,-0.6832727,-0.00174533,-0.5735729,-0.8191470000000001,-0.00349065,1.0
2451466.50651,1.104631,-0.7301612,-0.6832727,-0.00174533,-0.5735729,-0.8191470000000001,-0.00349065,1.0
2451466.51106,1.112801,-0.7301612,-0.6832727,-0.00174533,-0.5735729,-0.8191470000000001,-0.00349065,1.0
2451466.51561,1.0904790000000002,-0.7301612,-0.6832727,-0.00174533,-0.5735729,-0.8191470000000001,-0.00349065,1.0
2451466.52017,1.080481,-0.7301612,-0.6832727,-0.00174533,-0.5735729,-0.8191470000000001,-0.00349065,1.0
2451466.52472,1.045243,-0.7301612,-0.6832727,-0.00174533,-0.5735729,-0.8191470000000001,-0.00349065,1.0
2451466.52926,0.9908717,-0.7301612,-0.6832727,-0.00174533,-0.5735729,-0.8191470000000001,-0.00349065,1.0
2451466.53382,0.9036857,-0.7301612,-0.6832727,-0.00174533,-0.5735729,-0.8191470000000001,-0.00349065,1.0
2451466.53837,0.8256905999999999,-0.7301612,-0.6832727,-0.00174533,-0.5735729,-0.8191470000000001,-0.00349065,1.0
2451466.54293,0.8272132,-0.7301612,-0.6832727,-0.00174533,-0.5735729,-0.8191470000000001,-0.00349065,1.0
2451466.54748,0.8551009,-0.7301612,-0.6832727,-0.00174533,-0.5735729,-0.8191470000000001,-0.00349065,1.0
2451466.55203,0.9137287,-0.7301612,-0.6832727,-0.00174533,-0.5735729,-0.8191470000000001,-0.00349065,1.0
2451466.55658,0.9727861,-0.7301612,-0.6832727,-0.00174533,-0.5735729,-0.8191470000000001,-0.00349065,1.0
2451466.5611400004,1.031852,-0.7301612,-0.6832727,-0.00174533,-0.5735729,-0.8191470000000001,-0.00349065,1.0
2451466.56569,1.104631,-0.7301612,-0.6832727,-0.00174533,-0.5735729,-0.8191470000000001,-0.00349065,1.0
2451466.57025,1.137673,-0.7301612,-0.6832727,-0.00174533,-0.5735729,-0.8191470000000001,-0.00349065,1.0
2451466.57481,1.141872,-0.7301612,-0.6832727,-0.00174533,-0.5735729,-0.8191470000000001,-0.00349065,1.0
2451466.57936,1.112801,-0.7301612,-0.6832727,-0.00174533,-0.5735729,-0.8191470000000001,-0.00349065,1.0
2451466.58392,1.052973,-0.7301612,-0.6832727,-0.00174533,-0.5735729,-0.8191470000000001,-0.00349065,1.0
2451466.5884700003,0.967425,-0.7301612,-0.6832727,-0.00174533,-0.5735729,-0.8191470000000001,-0.00349065,1.0
2451466.59302,0.8954004999999999,-0.7301612,-0.6832727,-0.00174533,-0.5735729,-0.8191470000000001,-0.00349065,1.0
2451466.59758,0.816615,-0.7301612,-0.6832727,-0.00174533,-0.5735729,-0.8191470000000001,-0.00349065,1.0
2451484.649602,1.0225030000000002,-1.87518691,-2.03270538,-0.01488494,-1.10698328,-1.40449316,-0.01487723,1.0
2451484.653364,0.9648483,-1.87515727,-2.03273177,-0.01488672,-1.10699566,-1.4044697,-0.01487902,1.0
2451484.657126,0.879941,-1.87512763,-2.03275816,-0.0148885,-1.10700805,-1.40444624,-0.0148808,1.0
2451484.660887,0.8496659,-1.87509799,-2.03278454,-0.01489028,-1.10702043,-1.40442278,-0.01488258,1.0
2451484.6646490004,0.8310796,-1.87506835,-2.03281093,-0.01489207,-1.10703283,-1.40439932,-0.01488436,1.0
2451484.668399,0.8710382999999999,-1.8750388,-2.03283724,-0.01489384,-1.10704519,-1.40437594,-0.01488614,1.0
2451484.67216,0.9112382,-1.87500916,-2.03286363,-0.01489562,-1.10705758,-1.40435249,-0.01488792,1.0
2451484.6759450003,0.9376189,-1.87497933,-2.03289018,-0.01489742,-1.10707006,-1.40432889,-0.01488971,1.0
2451484.679707,0.9836056,-1.87494968,-2.03291657,-0.0148992,-1.10708247,-1.40430544,-0.01489149,1.0
2451484.683515,1.040436,-1.87491967,-2.03294328,-0.01490101,-1.10709503,-1.40428171,-0.0148933,1.0
2451484.687288,1.059766,-1.87488994,-2.03296975,-0.01490279,-1.10710747,-1.40425819,-0.01489508,1.0
2451484.694846,1.120984,-1.87483037,-2.03302276,-0.01490637,-1.10713242,-1.40421109,-0.01489866,1.0
2451484.698607,1.098483,-1.87480073,-2.03304914,-0.01490816,-1.10714483,-1.40418766,-0.01490044,1.0
2451484.702369,1.093423,-1.87477108,-2.03307553,-0.01490994,-1.10715726,-1.40416422,-0.01490223,1.0
2451484.706153,1.072464,-1.87474126,-2.03310207,-0.01491173,-1.10716976,-1.40414065,-0.01490402,1.0
2451484.812186,1.117458,-1.87390545,-2.03384562,-0.01496197,-1.10752118,-1.40348109,-0.01495424,1.0
2451484.835079,0.9633823,-1.87372495,-2.03400611,-0.01497282,-1.10759736,-1.40333893,-0.01496508,1.0
2451484.838853,0.8810351999999999,-1.8736952,-2.03403256,-0.01497461,-1.10760993,-1.40331551,-0.01496687,1.0
2451484.842615,0.8499393,-1.87366554,-2.03405893,-0.01497639,-1.10762246,-1.40329216,-0.01496865,1.0
2451484.8464,0.8562143,-1.87363569,-2.03408547,-0.01497819,-1.10763507,-1.40326866,-0.01497044,1.0
2451484.850173,0.917439,-1.87360594,-2.03411192,-0.01497997,-1.10764764,-1.40324525,-0.01497223,1.0
2451484.853946,0.9362067,-1.87357619,-2.03413836,-0.01498176,-1.10766022,-1.40322184,-0.01497401,1.0
2451484.857707,0.933612,-1.87354654,-2.03416473,-0.01498354,-1.10767276,-1.4031985,-0.014975799999999997,1.0
2451484.861492,1.026505,-1.87351669,-2.03419126,-0.01498534,-1.10768538,-1.40317502,-0.01497759,1.0
2451484.865265,1.0938450000000002,-1.87348694,-2.03421771,-0.01498712,-1.10769797,-1.40315161,-0.01497938,1.0
2451484.869038,1.134882,-1.87345719,-2.03424415,-0.01498891,-1.10771056,-1.40312821,-0.01498116,1.0
2451484.8728,1.157031,-1.87342752,-2.03427052,-0.01499069,-1.10772311,-1.40310487,-0.01498294,1.0
2451484.876562,1.1817879999999998,-1.87339785,-2.03429689,-0.01499248,-1.10773567,-1.40308154,-0.01498473,1.0
2451484.880346,1.119268,-1.87336801,-2.03432341,-0.01499427,-1.10774831,-1.40305808,-0.01498652,1.0
2451484.884119,1.126494,-1.87333826,-2.03434986,-0.01499606,-1.10776091,-1.40303468,-0.014988299999999996,1.0
2451484.887893,1.055173,-1.8733085,-2.03437631,-0.01499785,-1.10777351,-1.40301129,-0.01499009,1.0
2451484.891666,0.9811116,-1.87327874,-2.03440275,-0.01499963,-1.10778612,-1.4029878999999998,-0.01499188,1.0
2451484.895439,0.9274981,-1.87324899,-2.0344292,-0.01500142,-1.10779873,-1.40296451,-0.01499367,1.0
2451484.899213,0.862398,-1.87321923,-2.03445564,-0.01500321,-1.10781134,-1.40294112,-0.01499545,1.0
2451484.9029860003,0.8334939,-1.87318948,-2.03448208,-0.015005,-1.10782396,-1.40291774,-0.01499724,1.0
2451484.906759,0.8296541999999999,-1.87315972,-2.03450853,-0.01500678,-1.10783658,-1.40289436,-0.01499903,1.0
2451484.910521,0.8623662,-1.87313005,-2.03453489,-0.01500857,-1.10784916,-1.40287105,-0.01500081,1.0
2451484.9143060003,0.93344,-1.8731002,-2.03456142,-0.01501036,-1.10786182,-1.4028476,-0.0150026,1.0
2451484.918067,1.007584,-1.87307054,-2.03458778,-0.01501214,-1.10787441,-1.4028243,-0.01500438,1.0
2451484.921852,1.046347,-1.87304069,-2.0346143,-0.01501394,-1.10788708,-1.40280086,-0.01500617,1.0
2451484.925613,1.0886049999999998,-1.87301102,-2.03464066,-0.01501572,-1.10789967,-1.40277756,-0.01500796,1.0
2451484.929387,1.100691,-1.87298126,-2.0346671,-0.01501751,-1.10791231,-1.40275419,-0.01500974,1.0
2451484.93316,1.125278,-1.8729515,-2.03469354,-0.01501929,-1.10792495,-1.40273082,-0.01501153,1.0
2451484.936945,1.128377,-1.87292165,-2.03472007,-0.01502109,-1.10793763,-1.40270739,-0.01501332,1.0
2451484.940718,1.113907,-1.87289189,-2.03474651,-0.01502287,-1.10795028,-1.40268403,-0.01501511,1.0
2451484.944491,1.089541,-1.87286213,-2.03477294,-0.01502466,-1.10796293,-1.40266067,-0.015016899999999996,1.0
2451484.952037,1.029042,-1.87280261,-2.03482582,-0.01502824,-1.10798823,-1.40261396,-0.01502047,1.0
2451484.9557990003,0.9532966,-1.87277293,-2.03485218,-0.01503002,-1.10800085,-1.40259068,-0.01502225,1.0
2451488.595372,1.05955,-1.84388979,-2.06016653,-0.0167532,-1.12154601,-1.38117833,-0.01674465,1.0
2451488.60381,0.9373759,-1.84382243,-2.06022477,-0.01675719,-1.12158046,-1.38113134,-0.01674864,1.0
2451488.612027,0.8171584,-1.84375683,-2.06028149,-0.01676107,-1.12161402,-1.3810856000000002,-0.01675252,1.0
2451488.62028,0.9151638,-1.84369095,-2.06033846,-0.01676498,-1.12164773,-1.38103966,-0.01675642,1.0
2451488.628509,1.0306030000000002,-1.84362525,-2.06039526,-0.01676887,-1.12168137,-1.38099388,-0.01676031,1.0
2451488.6367490003,1.10531,-1.84355946,-2.06045213,-0.01677277,-1.12171506,-1.38094804,-0.01676421,1.0
2451488.644979,1.120667,-1.84349375,-2.06050893,-0.01677666,-1.12174872,-1.38090227,-0.016768099999999998,1.0
2451488.653208,1.094131,-1.84342805,-2.06056572,-0.01678055,-1.1217823999999998,-1.38085652,-0.01677199,1.0
2451488.661438,0.9859656,-1.84336235,-2.06062251,-0.01678445,-1.12181608,-1.38081078,-0.01677588,1.0
2451488.669679,0.8650761,-1.84329654,-2.06067938,-0.01678834,-1.12184983,-1.38076499,-0.01677978,1.0
2451488.677896,0.8876606,-1.84323093,-2.06073608,-0.01679223,-1.1218834999999998,-1.38071934,-0.01678366,1.0
2451488.686137,0.9904659,-1.84316513,-2.06079295,-0.01679613,-1.12191727,-1.38067357,-0.01678756,1.0
2451488.714829,1.08596,-1.842936,-2.06099093,-0.0168097,-1.12203496,-1.38051432,-0.01680113,1.0
2451488.723058,0.927698,-1.84287029,-2.0610477,-0.01681359,-1.12206875,-1.38046867,-0.01680502,1.0
2451488.731311,0.8321456,-1.84280438,-2.06110464,-0.016817500000000003,-1.12210264,-1.3804229,-0.01680892,1.0
2451488.739551,0.9023853,-1.84273857,-2.06116149,-0.01682139,-1.1221365,-1.38037721,-0.01681282,1.0
2451488.747792,1.035106,-1.84267275,-2.06121834,-0.01682529,-1.12217037,-1.38033153,-0.01681671,1.0
2451488.756021,1.085869,-1.84260702,-2.06127511,-0.01682918,-1.12220421,-1.38028593,-0.016820599999999998,1.0
2451488.7642630003,1.139122,-1.8425412,-2.06133195,-0.01683308,-1.12223811,-1.38024028,-0.0168245,1.0
2451488.772527,1.096889,-1.8424752,-2.06138896,-0.01683699,-1.12227212,-1.38019451,-0.01682841,1.0
2451488.780779,1.00405,-1.84240928,-2.06144588,-0.01684089,-1.12230609,-1.38014881,-0.01683231,1.0
2451488.789032,0.8577252000000001,-1.84234336,-2.0615028000000004,-0.016844799999999997,-1.12234007,-1.38010313,-0.01683621,1.0
2451488.797272,0.9215969,-1.84227754,-2.06155964,-0.0168487,-1.12237402,-1.38005753,-0.016840099999999997,1.0
2451488.805536,0.9685758,-1.84221152,-2.06161664,-0.0168526,-1.12240808,-1.38001181,-0.01684401,1.0
2451488.813788,1.072819,-1.8421456000000005,-2.06167355,-0.01685651,-1.12244211,-1.37996616,-0.01684791,1.0
2451488.822018,1.166593,-1.84207986,-2.06173031,-0.0168604,-1.12247605,-1.37992065,-0.0168518,1.0
2451488.830258,1.142121,-1.84201403,-2.06178713,-0.0168643,-1.12251005,-1.3798751,-0.0168557,1.0
2451488.8384990003,1.01229,-1.84194819,-2.06184396,-0.016868200000000003,-1.12254407,-1.37982956,-0.0168596,1.0
2451488.84674,0.8735696,-1.84188235,-2.06190079,-0.01687209,-1.1225781,-1.37978402,-0.01686349,1.0
2451488.854969,0.8607763,-1.84181661,-2.06195753,-0.01687599,-1.12261209,-1.37973857,-0.01686738,1.0
2451488.863199,0.9578184,-1.84175086,-2.06201428,-0.01687988,-1.1226461,-1.37969312,-0.01687127,1.0
2451488.8714400004,1.07072,-1.84168502,-2.0620711,-0.01688378,-1.12268017,-1.37964763,-0.01687517,1.0
2451488.879681,1.111908,-1.84161917,-2.06212792,-0.01688767,-1.12271425,-1.37960214,-0.01687906,1.0
2451488.887921,1.106781,-1.84155333,-2.06218473,-0.01689157,-1.12274834,-1.37955667,-0.01688296,1.0
2451488.896151,1.068697,-1.84148757,-2.06224147,-0.01689546,-1.12278241,-1.37951127,-0.01688685,1.0
2451488.904403,0.9129509,-1.84142163,-2.06229836,-0.01689937,-1.12281658,-1.37946576,-0.01689075,1.0
2451519.58683,0.8776921,-0.5749736999999999,-0.8181048000000001,-0.01047178,-0.7094627,-0.7045269000000001,-0.01745241,1.0
2451519.59145,0.7822439999999999,-0.5749736999999999,-0.8181048000000001,-0.01047178,-0.7094627,-0.7045269000000001,-0.01745241,1.0
2451519.59608,0.8529866,-0.5749736999999999,-0.8181048000000001,-0.01047178,-0.7094627,-0.7045269000000001,-0.01745241,1.0
2451519.60304,0.9106306,-0.5749736999999999,-0.8181048000000001,-0.01047178,-0.7094627,-0.7045269000000001,-0.01745241,1.0
2451519.6076700003,1.014244,-0.5749736999999999,-0.8181048000000001,-0.01047178,-0.7094627,-0.7045269000000001,-0.01745241,1.0
2451519.6123,1.049403,-0.5749736999999999,-0.8181048000000001,-0.01047178,-0.7094627,-0.7045269000000001,-0.01745241,1.0
2451519.61693,1.060088,-0.5749736999999999,-0.8181048000000001,-0.01047178,-0.7094627,-0.7045269000000001,-0.01745241,1.0
2451519.62156,1.130686,-0.5749736999999999,-0.8181048000000001,-0.01047178,-0.7094627,-0.7045269000000001,-0.01745241,1.0
2451519.62619,1.091797,-0.5749736999999999,-0.8181048000000001,-0.01047178,-0.7094627,-0.7045269000000001,-0.01745241,1.0
2451519.63082,1.088785,-0.5749736999999999,-0.8181048000000001,-0.01047178,-0.7094627,-0.7045269000000001,-0.01745241,1.0
2451519.63545,1.081788,-0.5749736999999999,-0.8181048000000001,-0.01047178,-0.7094627,-0.7045269000000001,-0.01745241,1.0
2451519.64008,1.0331,-0.5749736999999999,-0.8181048000000001,-0.01047178,-0.7094627,-0.7045269000000001,-0.01745241,1.0
2451519.6447,0.9267065,-0.5749736999999999,-0.8181048000000001,-0.01047178,-0.7094627,-0.7045269000000001,-0.01745241,1.0
2451519.64933,0.8696454,-0.5749736999999999,-0.8181048000000001,-0.01047178,-0.7094627,-0.7045269000000001,-0.01745241,1.0
2451519.65397,0.8616724,-0.5749736999999999,-0.8181048000000001,-0.01047178,-0.7094627,-0.7045269000000001,-0.01745241,1.0
2451519.6586,0.8712488000000002,-0.5749736999999999,-0.8181048000000001,-0.01047178,-0.7094627,-0.7045269000000001,-0.01745241,1.0
2451519.66324,0.9301269,-0.5749736999999999,-0.8181048000000001,-0.01047178,-0.7094627,-0.7045269000000001,-0.01745241,1.0
2451519.66787,0.9775574,-0.5749736999999999,-0.8181048000000001,-0.01047178,-0.7094627,-0.7045269000000001,-0.01745241,1.0
2451519.6725,1.037868,-0.5749736999999999,-0.8181048000000001,-0.01047178,-0.7094627,-0.7045269000000001,-0.01745241,1.0
2451519.67712,1.096837,-0.5749736999999999,-0.8181048000000001,-0.01047178,-0.7094627,-0.7045269000000001,-0.01745241,1.0
2451519.6817400004,1.122386,-0.5749736999999999,-0.8181048000000001,-0.01047178,-0.7094627,-0.7045269000000001,-0.01745241,1.0
2451519.68638,1.130686,-0.5749736999999999,-0.8181048000000001,-0.01047178,-0.7094627,-0.7045269000000001,-0.01745241,1.0
2451519.69101,1.096837,-0.5749736999999999,-0.8181048000000001,-0.01047178,-0.7094627,-0.7045269000000001,-0.01745241,1.0
2451519.69564,1.049403,-0.5749736999999999,-0.8181048000000001,-0.01047178,-0.7094627,-0.7045269000000001,-0.01745241,1.0
2451519.70027,0.9884211,-0.5749736999999999,-0.8181048000000001,-0.01047178,-0.7094627,-0.7045269000000001,-0.01745241,1.0
2451519.7049,0.8712488000000002,-0.5749736999999999,-0.8181048000000001,-0.01047178,-0.7094627,-0.7045269000000001,-0.01745241,1.0
2451519.71185,0.8343383,-0.5749736999999999,-0.8181048000000001,-0.01047178,-0.7094627,-0.7045269000000001,-0.01745241,1.0
2451519.71648,0.8381894,-0.5749736999999999,-0.8181048000000001,-0.01047178,-0.7094627,-0.7045269000000001,-0.01745241,1.0
2451519.72112,0.8940097,-0.5749736999999999,-0.8181048000000001,-0.01047178,-0.7094627,-0.7045269000000001,-0.01745241,1.0
2451519.72575,0.965033,-0.5749736999999999,-0.8181048000000001,-0.01047178,-0.7094627,-0.7045269000000001,-0.01745241,1.0
2451519.73037,1.049403,-0.5749736999999999,-0.8181048000000001,-0.01047178,-0.7094627,-0.7045269000000001,-0.01745241,1.0
2451519.73501,1.07187,-0.5749736999999999,-0.8181048000000001,-0.01047178,-0.7094627,-0.7045269000000001,-0.01745241,1.0
2451519.7396400003,1.076818,-0.5749736999999999,-0.8181048000000001,-0.01047178,-0.7094627,-0.7045269000000001,-0.01745241,1.0
2451519.74427,1.099873,-0.5749736999999999,-0.8181048000000001,-0.01047178,-0.7094627,-0.7045269000000001,-0.01745241,1.0
2451519.7489,1.122386,-0.5749736999999999,-0.8181048000000001,-0.01047178,-0.7094627,-0.7045269000000001,-0.01745241,1.0
2451519.75353,1.07187,-0.5749736999999999,-0.8181048000000001,-0.01047178,-0.7094627,-0.7045269000000001,-0.01745241,1.0
2451519.75815,1.023629,-0.5749736999999999,-0.8181048000000001,-0.01047178,-0.7094627,-0.7045269000000001,-0.01745241,1.0
2451519.76278,0.9553054,-0.5749736999999999,-0.8181048000000001,-0.01047178,-0.7094627,-0.7045269000000001,-0.01745241,1.0
2451519.76741,0.8537726000000001,-0.5749736999999999,-0.8181048000000001,-0.01047178,-0.7094627,-0.7045269000000001,-0.01745241,1.0
2451519.77204,0.8475049000000001,-0.5749736999999999,-0.8181048000000001,-0.01047178,-0.7094627,-0.7045269000000001,-0.01745241,1.0
2451519.77667,0.8736594999999999,-0.5749736999999999,-0.8181048000000001,-0.01047178,-0.7094627,-0.7045269000000001,-0.01745241,1.0
2451519.78131,0.9318418,-0.5749736999999999,-0.8181048000000001,-0.01047178,-0.7094627,-0.7045269000000001,-0.01745241,1.0
2451519.78595,0.9748598,-0.5749736999999999,-0.8181048000000001,-0.01047178,-0.7094627,-0.7045269000000001,-0.01745241,1.0
2451519.79057,1.012376,-0.5749736999999999,-0.8181048000000001,-0.01047178,-0.7094627,-0.7045269000000001,-0.01745241,1.0
2451519.7952,1.081788,-0.5749736999999999,-0.8181048000000001,-0.01047178,-0.7094627,-0.7045269000000001,-0.01745241,1.0
2451519.79983,1.124455,-0.5749736999999999,-0.8181048000000001,-0.01047178,-0.7094627,-0.7045269000000001,-0.01745241,1.0
2451519.80446,1.130686,-0.5749736999999999,-0.8181048000000001,-0.01047178,-0.7094627,-0.7045269000000001,-0.01745241,1.0
2451519.80909,1.140098,-0.5749736999999999,-0.8181048000000001,-0.01047178,-0.7094627,-0.7045269000000001,-0.01745241,1.0
2451519.81372,1.140098,-0.5749736999999999,-0.8181048000000001,-0.01047178,-0.7094627,-0.7045269000000001,-0.01745241,1.0
2451519.81835,1.047472,-0.5749736999999999,-0.8181048000000001,-0.01047178,-0.7094627,-0.7045269000000001,-0.01745241,1.0
2451520.5843700003,1.121612,-0.5749736999999999,-0.8181048000000001,-0.01047178,-0.7094627,-0.7045269000000001,-0.01745241,1.0
2451520.589,1.1498540000000002,-0.5749736999999999,-0.8181048000000001,-0.01047178,-0.7094627,-0.7045269000000001,-0.01745241,1.0
2451520.59293,1.071132,-0.5749736999999999,-0.8181048000000001,-0.01047178,-0.7094627,-0.7045269000000001,-0.01745241,1.0
2451520.59825,0.9832015,-0.5749736999999999,-0.8181048000000001,-0.01047178,-0.7094627,-0.7045269000000001,-0.01745241,1.0
2451520.60289,0.9476386,-0.5749736999999999,-0.8181048000000001,-0.01047178,-0.7094627,-0.7045269000000001,-0.01745241,1.0
2451520.60752,0.8730573,-0.5749736999999999,-0.8181048000000001,-0.01047178,-0.7094627,-0.7045269000000001,-0.01745241,1.0
2451520.61215,0.8746669,-0.5749736999999999,-0.8181048000000001,-0.01047178,-0.7094627,-0.7045269000000001,-0.01745241,1.0
2451520.6167900003,0.8991719000000001,-0.5749736999999999,-0.8181048000000001,-0.01047178,-0.7094627,-0.7045269000000001,-0.01745241,1.0
2451520.62142,0.9467662,-0.5749736999999999,-0.8181048000000001,-0.01047178,-0.7094627,-0.7045269000000001,-0.01745241,1.0
2451520.62605,1.018223,-0.5749736999999999,-0.8181048000000001,-0.01047178,-0.7094627,-0.7045269000000001,-0.01745241,1.0
2451520.63068,1.083035,-0.5749736999999999,-0.8181048000000001,-0.01047178,-0.7094627,-0.7045269000000001,-0.01745241,1.0
2451520.6353,1.100127,-0.5749736999999999,-0.8181048000000001,-0.01047178,-0.7094627,-0.7045269000000001,-0.01745241,1.0
2451520.63993,1.136168,-0.5749736999999999,-0.8181048000000001,-0.01047178,-0.7094627,-0.7045269000000001,-0.01745241,1.0
2451520.64456,1.075085,-0.5749736999999999,-0.8181048000000001,-0.01047178,-0.7094627,-0.7045269000000001,-0.01745241,1.0
2451520.6491900003,1.0486799999999998,-0.5749736999999999,-0.8181048000000001,-0.01047178,-0.7094627,-0.7045269000000001,-0.01745241,1.0
2451520.65382,1.012611,-0.5749736999999999,-0.8181048000000001,-0.01047178,-0.7094627,-0.7045269000000001,-0.01745241,1.0
2451520.65845,0.92863,-0.5749736999999999,-0.8181048000000001,-0.01047178,-0.7094627,-0.7045269000000001,-0.01745241,1.0
2451520.66239,0.8547570999999999,-0.5749736999999999,-0.8181048000000001,-0.01047178,-0.7094627,-0.7045269000000001,-0.01745241,1.0
2451520.66771,0.8013878000000001,-0.5749736999999999,-0.8181048000000001,-0.01047178,-0.7094627,-0.7045269000000001,-0.01745241,1.0
2451520.67234,0.7962376,-0.5749736999999999,-0.8181048000000001,-0.01047178,-0.7094627,-0.7045269000000001,-0.01745241,1.0
2451520.67698,0.8852027,-0.5749736999999999,-0.8181048000000001,-0.01047178,-0.7094627,-0.7045269000000001,-0.01745241,1.0
2451520.68022,0.9750852,-0.5749736999999999,-0.8181048000000001,-0.01047178,-0.7094627,-0.7045269000000001,-0.01745241,1.0
2451520.68624,1.073107,-0.5749736999999999,-0.8181048000000001,-0.01047178,-0.7094627,-0.7045269000000001,-0.01745241,1.0
2451520.69087,1.037153,-0.5749736999999999,-0.8181048000000001,-0.01047178,-0.7094627,-0.7045269000000001,-0.01745241,1.0
2451520.6955,1.060334,-0.5749736999999999,-0.8181048000000001,-0.01047178,-0.7094627,-0.7045269000000001,-0.01745241,1.0
2451520.7395,0.8909283000000001,-0.5749736999999999,-0.8181048000000001,-0.01047178,-0.7094627,-0.7045269000000001,-0.01745241,1.0
2451520.70245,1.086032,-0.5749736999999999,-0.8181048000000001,-0.01047178,-0.7094627,-0.7045269000000001,-0.01745241,1.0
2451520.70707,1.081042,-0.5749736999999999,-0.8181048000000001,-0.01047178,-0.7094627,-0.7045269000000001,-0.01745241,1.0
2451520.7117,1.068176,-0.5749736999999999,-0.8181048000000001,-0.01047178,-0.7094627,-0.7045269000000001,-0.01745241,1.0
2451520.71633,1.003328,-0.5749736999999999,-0.8181048000000001,-0.01047178,-0.7094627,-0.7045269000000001,-0.01745241,1.0
2451520.72096,0.9398157,-0.5749736999999999,-0.8181048000000001,-0.01047178,-0.7094627,-0.7045269000000001,-0.01745241,1.0
2451520.7256,0.8469206,-0.5749736999999999,-0.8181048000000001,-0.01047178,-0.7094627,-0.7045269000000001,-0.01745241,1.0
2451520.73023,0.8852027,-0.5749736999999999,-0.8181048000000001,-0.01047178,-0.7094627,-0.7045269000000001,-0.01745241,1.0
2451520.7348700003,0.8469206,-0.5749736999999999,-0.8181048000000001,-0.01047178,-0.7094627,-0.7045269000000001,-0.01745241,1.0
2451520.74181,0.9252152,-0.5749736999999999,-0.8181048000000001,-0.01047178,-0.7094627,-0.7045269000000001,-0.01745241,1.0
2451520.7464400004,0.9697118,-0.5749736999999999,-0.8181048000000001,-0.01047178,-0.7094627,-0.7045269000000001,-0.01745241,1.0
2451520.75107,1.0201,-0.5749736999999999,-0.8181048000000001,-0.01047178,-0.7094627,-0.7045269000000001,-0.01745241,1.0
2451520.7557,1.098102,-0.5749736999999999,-0.8181048000000001,-0.01047178,-0.7094627,-0.7045269000000001,-0.01745241,1.0
2451520.76033,1.118517,-0.5749736999999999,-0.8181048000000001,-0.01047178,-0.7094627,-0.7045269000000001,-0.01745241,1.0
2451520.76496,1.121612,-0.5749736999999999,-0.8181048000000001,-0.01047178,-0.7094627,-0.7045269000000001,-0.01745241,1.0
2451520.76959,1.108263,-0.5749736999999999,-0.8181048000000001,-0.01047178,-0.7094627,-0.7045269000000001,-0.01745241,1.0
2451520.77422,1.0323870000000002,-0.5749736999999999,-0.8181048000000001,-0.01047178,-0.7094627,-0.7045269000000001,-0.01745241,1.0
2451520.77885,0.9346364,-0.5749736999999999,-0.8181048000000001,-0.01047178,-0.7094627,-0.7045269000000001,-0.01745241,1.0
2451520.78347,0.8706483,-0.5749736999999999,-0.8181048000000001,-0.01047178,-0.7094627,-0.7045269000000001,-0.01745241,1.0
2451520.7881,0.8170389,-0.5749736999999999,-0.8181048000000001,-0.01047178,-0.7094627,-0.7045269000000001,-0.01745241,1.0
2451520.79273,0.8484822,-0.5749736999999999,-0.8181048000000001,-0.01047178,-0.7094627,-0.7045269000000001,-0.01745241,1.0
2451520.7973700003,0.9201163,-0.5749736999999999,-0.8181048000000001,-0.01047178,-0.7094627,-0.7045269000000001,-0.01745241,1.0
2451520.802,1.0014809999999998,-0.5749736999999999,-0.8181048000000001,-0.01047178,-0.7094627,-0.7045269000000001,-0.01745241,1.0
2451520.80664,1.051581,-0.5749736999999999,-0.8181048000000001,-0.01047178,-0.7094627,-0.7045269000000001,-0.01745241,1.0
2451520.81127,1.121612,-0.5749736999999999,-0.8181048000000001,-0.01047178,-0.7094627,-0.7045269000000001,-0.01745241,1.0
2451520.8159,1.131991,-0.5749736999999999,-0.8181048000000001,-0.01047178,-0.7094627,-0.7045269000000001,-0.01745241,1.0
2451520.82052,1.142465,-0.5749736999999999,-0.8181048000000001,-0.01047178,-0.7094627,-0.7045269000000001,-0.01745241,1.0
2451520.82515,1.136168,-0.5749736999999999,-0.8181048000000001,-0.01047178,-0.7094627,-0.7045269000000001,-0.01745241,1.0
2451520.82978,1.130948,-0.5749736999999999,-0.8181048000000001,-0.01047178,-0.7094627,-0.7045269000000001,-0.01745241,1.0
2451944.598,1.109231,0.8340531999999999,-0.5499568,-0.04361939,0.8883573,-0.4545954,-0.06453231,1.0
2451944.60142,1.165795,0.8340531999999999,-0.5499568,-0.04361939,0.8883573,-0.4545954,-0.06453231,1.0
2451944.60455,1.191852,0.8340531999999999,-0.5499568,-0.04361939,0.8883573,-0.4545954,-0.06453231,1.0
2451944.6077900003,1.082984,0.8340531999999999,-0.5499568,-0.04361939,0.8883573,-0.4545954,-0.06453231,1.0
2451944.61102,1.0438120000000002,0.8340531999999999,-0.5499568,-0.04361939,0.8883573,-0.4545954,-0.06453231,1.0
2451944.61548,1.028542,0.8340531999999999,-0.5499568,-0.04361939,0.8883573,-0.4545954,-0.06453231,1.0
2451944.61884,0.9590079,0.8340531999999999,-0.5499568,-0.04361939,0.8883573,-0.4545954,-0.06453231,1.0
2451944.62219,0.8283658000000002,0.8340531999999999,-0.5499568,-0.04361939,0.8883573,-0.4545954,-0.06453231,1.0
2451944.62538,0.8080202,0.8340531999999999,-0.5499568,-0.04361939,0.8883573,-0.4545954,-0.06453231,1.0
2451944.62862,0.800612,0.8340531999999999,-0.5499568,-0.04361939,0.8883573,-0.4545954,-0.06453231,1.0
2451944.63337,0.9074489,0.8340531999999999,-0.5499568,-0.04361939,0.8883573,-0.4545954,-0.06453231,1.0
2451944.63689,0.8876099000000001,0.8340531999999999,-0.5499568,-0.04361939,0.8883573,-0.4545954,-0.06453231,1.0
2451944.6400200003,0.9183795,0.8340531999999999,-0.5499568,-0.04361939,0.8883573,-0.4545954,-0.06453231,1.0
2451944.64315,1.023817,0.8340531999999999,-0.5499568,-0.04361939,0.8883573,-0.4545954,-0.06453231,1.0
2451944.64615,1.087983,0.8340531999999999,-0.5499568,-0.04361939,0.8883573,-0.4545954,-0.06453231,1.0
2451944.65067,1.138209,0.8340531999999999,-0.5499568,-0.04361939,0.8883573,-0.4545954,-0.06453231,1.0
2451944.65368,1.134024,0.8340531999999999,-0.5499568,-0.04361939,0.8883573,-0.4545954,-0.06453231,1.0
2451944.6597,1.169021,0.8340531999999999,-0.5499568,-0.04361939,0.8883573,-0.4545954,-0.06453231,1.0
2451944.6627,1.147684,0.8340531999999999,-0.5499568,-0.04361939,0.8883573,-0.4545954,-0.06453231,1.0
2451944.67179,1.056385,0.8340531999999999,-0.5499568,-0.04361939,0.8883573,-0.4545954,-0.06453231,1.0
2451944.67485,0.9643222,0.8340531999999999,-0.5499568,-0.04361939,0.8883573,-0.4545954,-0.06453231,1.0
2451944.6781,0.8738203000000001,0.8340531999999999,-0.5499568,-0.04361939,0.8883573,-0.4545954,-0.06453231,1.0
2451944.68828,0.8966484,0.8340531999999999,-0.5499568,-0.04361939,0.8883573,-0.4545954,-0.06453231,1.0
2451944.69552,0.9537228,0.8340531999999999,-0.5499568,-0.04361939,0.8883573,-0.4545954,-0.06453231,1.0
2451944.69911,1.013496,0.8340531999999999,-0.5499568,-0.04361939,0.8883573,-0.4545954,-0.06453231,1.0
2451944.70278,1.044774,0.8340531999999999,-0.5499568,-0.04361939,0.8883573,-0.4545954,-0.06453231,1.0
2451944.70657,1.179837,0.8340531999999999,-0.5499568,-0.04361939,0.8883573,-0.4545954,-0.06453231,1.0
2451944.72,1.170098,0.8340531999999999,-0.5499568,-0.04361939,0.8883573,-0.4545954,-0.06453231,1.0
2451944.7241,1.135069,0.8340531999999999,-0.5499568,-0.04361939,0.8883573,-0.4545954,-0.06453231,1.0
2451944.73064,1.072067,0.8340531999999999,-0.5499568,-0.04361939,0.8883573,-0.4545954,-0.06453231,1.0
2451944.73493,1.001434,0.8340531999999999,-0.5499568,-0.04361939,0.8883573,-0.4545954,-0.06453231,1.0
2451944.73845,0.9363154,0.8340531999999999,-0.5499568,-0.04361939,0.8883573,-0.4545954,-0.06453231,1.0
2451944.7417,0.8360306000000001,0.8340531999999999,-0.5499568,-0.04361939,0.8883573,-0.4545954,-0.06453231,1.0
2451944.745,0.8500063,0.8340531999999999,-0.5499568,-0.04361939,0.8883573,-0.4545954,-0.06453231,1.0
2451944.74899,0.836801,0.8340531999999999,-0.5499568,-0.04361939,0.8883573,-0.4545954,-0.06453231,1.0
2451944.7527,0.860245,0.8340531999999999,-0.5499568,-0.04361939,0.8883573,-0.4545954,-0.06453231,1.0
2451944.75593,0.9363154,0.8340531999999999,-0.5499568,-0.04361939,0.8883573,-0.4545954,-0.06453231,1.0
2451944.75912,0.9502156,0.8340531999999999,-0.5499568,-0.04361939,0.8883573,-0.4545954,-0.06453231,1.0
2451987.6257700003,0.8454222,0.9040333,-0.4254059,-0.04187565,0.8156207,-0.5753571999999999,-0.06104854,1.0
2451987.63011,0.8415379000000001,0.9040333,-0.4254059,-0.04187565,0.8156207,-0.5753571999999999,-0.06104854,1.0
2451987.6732,1.102234,0.9040333,-0.4254059,-0.04187565,0.8156207,-0.5753571999999999,-0.06104854,1.0
2451987.6764700003,1.0487540000000002,0.9040333,-0.4254059,-0.04187565,0.8156207,-0.5753571999999999,-0.06104854,1.0
2451987.67962,0.9814625,0.9040333,-0.4254059,-0.04187565,0.8156207,-0.5753571999999999,-0.06104854,1.0
2451987.683,0.8755354,0.9040333,-0.4254059,-0.04187565,0.8156207,-0.5753571999999999,-0.06104854,1.0
2451987.68636,0.8269395,0.9040333,-0.4254059,-0.04187565,0.8156207,-0.5753571999999999,-0.06104854,1.0
2451987.68938,0.8844508,0.9040333,-0.4254059,-0.04187565,0.8156207,-0.5753571999999999,-0.06104854,1.0
2451987.6925,0.8516745000000001,0.9040333,-0.4254059,-0.04187565,0.8156207,-0.5753571999999999,-0.06104854,1.0
2451987.6955,0.8603472,0.9040333,-0.4254059,-0.04187565,0.8156207,-0.5753571999999999,-0.06104854,1.0
2451987.69921,0.9617755,0.9040333,-0.4254059,-0.04187565,0.8156207,-0.5753571999999999,-0.06104854,1.0
2451987.70222,0.9688883,0.9040333,-0.4254059,-0.04187565,0.8156207,-0.5753571999999999,-0.06104854,1.0
2451987.70523,0.96089,0.9040333,-0.4254059,-0.04187565,0.8156207,-0.5753571999999999,-0.06104854,1.0
2451987.70824,1.008031,0.9040333,-0.4254059,-0.04187565,0.8156207,-0.5753571999999999,-0.06104854,1.0
2451987.7119400003,1.14782,0.9040333,-0.4254059,-0.04187565,0.8156207,-0.5753571999999999,-0.06104854,1.0
2451987.71553,1.15418,0.9040333,-0.4254059,-0.04187565,0.8156207,-0.5753571999999999,-0.06104854,1.0
2451987.7185400003,1.160576,0.9040333,-0.4254059,-0.04187565,0.8156207,-0.5753571999999999,-0.06104854,1.0
2451987.72212,1.24932,0.9040333,-0.4254059,-0.04187565,0.8156207,-0.5753571999999999,-0.06104854,1.0
2451987.72513,1.207463,0.9040333,-0.4254059,-0.04187565,0.8156207,-0.5753571999999999,-0.06104854,1.0
2451987.72815,1.153118,0.9040333,-0.4254059,-0.04187565,0.8156207,-0.5753571999999999,-0.06104854,1.0
2451987.73116,1.113458,0.9040333,-0.4254059,-0.04187565,0.8156207,-0.5753571999999999,-0.06104854,1.0
2451987.73428,1.071208,0.9040333,-0.4254059,-0.04187565,0.8156207,-0.5753571999999999,-0.06104854,1.0
2451987.74036,0.9347031,0.9040333,-0.4254059,-0.04187565,0.8156207,-0.5753571999999999,-0.06104854,1.0
2451987.74342,0.8811983,0.9040333,-0.4254059,-0.04187565,0.8156207,-0.5753571999999999,-0.06104854,1.0
2451987.74643,0.8516745000000001,0.9040333,-0.4254059,-0.04187565,0.8156207,-0.5753571999999999,-0.06104854,1.0
2451987.74944,0.8376715,0.9040333,-0.4254059,-0.04187565,0.8156207,-0.5753571999999999,-0.06104854,1.0
2451987.75245,0.8044031,0.9040333,-0.4254059,-0.04187565,0.8156207,-0.5753571999999999,-0.06104854,1.0
2451987.75546,0.8361298,0.9040333,-0.4254059,-0.04187565,0.8156207,-0.5753571999999999,-0.06104854,1.0
2451987.75852,0.8959292999999999,0.9040333,-0.4254059,-0.04187565,0.8156207,-0.5753571999999999,-0.06104854,1.0
2451987.76165,0.9896319,0.9040333,-0.4254059,-0.04187565,0.8156207,-0.5753571999999999,-0.06104854,1.0
2451987.76732,1.101219,0.9040333,-0.4254059,-0.04187565,0.8156207,-0.5753571999999999,-0.06104854,1.0
2451987.77051,1.143599,0.9040333,-0.4254059,-0.04187565,0.8156207,-0.5753571999999999,-0.06104854,1.0
2451987.7735200003,1.153118,0.9040333,-0.4254059,-0.04187565,0.8156207,-0.5753571999999999,-0.06104854,1.0
2451987.77653,1.1383450000000002,0.9040333,-0.4254059,-0.04187565,0.8156207,-0.5753571999999999,-0.06104854,1.0
2451987.77953,1.174556,0.9040333,-0.4254059,-0.04187565,0.8156207,-0.5753571999999999,-0.06104854,1.0
2451987.78255,1.157374,0.9040333,-0.4254059,-0.04187565,0.8156207,-0.5753571999999999,-0.06104854,1.0
2451987.78567,1.182153,0.9040333,-0.4254059,-0.04187565,0.8156207,-0.5753571999999999,-0.06104854,1.0
2451987.78891,1.120659,0.9040333,-0.4254059,-0.04187565,0.8156207,-0.5753571999999999,-0.06104854,1.0
2451987.79435,1.071208,0.9040333,-0.4254059,-0.04187565,0.8156207,-0.5753571999999999,-0.06104854,1.0
2451987.79747,1.078136,0.9040333,-0.4254059,-0.04187565,0.8156207,-0.5753571999999999,-0.06104854,1.0
2451987.80048,0.9416157,0.9040333,-0.4254059,-0.04187565,0.8156207,-0.5753571999999999,-0.06104854,1.0
2451987.8034900003,0.8967546999999999,0.9040333,-0.4254059,-0.04187565,0.8156207,-0.5753571999999999,-0.06104854,1.0
2451987.8065,0.8548181,0.9040333,-0.4254059,-0.04187565,0.8156207,-0.5753571999999999,-0.06104854,1.0
2451987.80951,0.8844508,0.9040333,-0.4254059,-0.04187565,0.8156207,-0.5753571999999999,-0.06104854,1.0
2451987.81417,0.8548181,0.9040333,-0.4254059,-0.04187565,0.8156207,-0.5753571999999999,-0.06104854,1.0
2451987.8172,0.940749,0.9040333,-0.4254059,-0.04187565,0.8156207,-0.5753571999999999,-0.06104854,1.0
2451988.54188,0.9802539,0.9040333,-0.4254059,-0.04187565,0.8156207,-0.5753571999999999,-0.06104854,1.0
2451988.54506,1.053267,0.9040333,-0.4254059,-0.04187565,0.8156207,-0.5753571999999999,-0.06104854,1.0
2451988.55229,1.152759,0.9040333,-0.4254059,-0.04187565,0.8156207,-0.5753571999999999,-0.06104854,1.0
2451988.55964,1.152759,0.9040333,-0.4254059,-0.04187565,0.8156207,-0.5753571999999999,-0.06104854,1.0
2451988.56288,1.1861469999999998,0.9040333,-0.4254059,-0.04187565,0.8156207,-0.5753571999999999,-0.06104854,1.0
2451988.56612,1.09481,0.9040333,-0.4254059,-0.04187565,0.8156207,-0.5753571999999999,-0.06104854,1.0
2451988.56948,1.111063,0.9040333,-0.4254059,-0.04187565,0.8156207,-0.5753571999999999,-0.06104854,1.0
2451988.57277,1.017041,0.9040333,-0.4254059,-0.04187565,0.8156207,-0.5753571999999999,-0.06104854,1.0
2451988.5759,0.9309761,0.9040333,-0.4254059,-0.04187565,0.8156207,-0.5753571999999999,-0.06104854,1.0
2451988.57891,0.8561276,0.9040333,-0.4254059,-0.04187565,0.8156207,-0.5753571999999999,-0.06104854,1.0
2451988.58273,0.7743522,0.9040333,-0.4254059,-0.04187565,0.8156207,-0.5753571999999999,-0.06104854,1.0
2451988.58667,0.7525556,0.9040333,-0.4254059,-0.04187565,0.8156207,-0.5753571999999999,-0.06104854,1.0
2451988.58996,0.7945816,0.9040333,-0.4254059,-0.04187565,0.8156207,-0.5753571999999999,-0.06104854,1.0
2451988.59315,0.8389548000000001,0.9040333,-0.4254059,-0.04187565,0.8156207,-0.5753571999999999,-0.06104854,1.0
2451988.59621,0.908947,0.9040333,-0.4254059,-0.04187565,0.8156207,-0.5753571999999999,-0.06104854,1.0
2451988.60026,1.033091,0.9040333,-0.4254059,-0.04187565,0.8156207,-0.5753571999999999,-0.06104854,1.0
2451988.60414,1.056181,0.9040333,-0.4254059,-0.04187565,0.8156207,-0.5753571999999999,-0.06104854,1.0
2451988.60732,1.082776,0.9040333,-0.4254059,-0.04187565,0.8156207,-0.5753571999999999,-0.06104854,1.0
2451988.61085,1.093802,0.9040333,-0.4254059,-0.04187565,0.8156207,-0.5753571999999999,-0.06104854,1.0
2451988.61403,1.13485,0.9040333,-0.4254059,-0.04187565,0.8156207,-0.5753571999999999,-0.06104854,1.0
2451988.61751,1.13485,0.9040333,-0.4254059,-0.04187565,0.8156207,-0.5753571999999999,-0.06104854,1.0
2451988.62104,1.164498,0.9040333,-0.4254059,-0.04187565,0.8156207,-0.5753571999999999,-0.06104854,1.0
2451988.62416,1.136943,0.9040333,-0.4254059,-0.04187565,0.8156207,-0.5753571999999999,-0.06104854,1.0
2451988.62723,1.136943,0.9040333,-0.4254059,-0.04187565,0.8156207,-0.5753571999999999,-0.06104854,1.0
2451988.6303,1.063992,0.9040333,-0.4254059,-0.04187565,0.8156207,-0.5753571999999999,-0.06104854,1.0
2451988.63417,0.9948063,0.9040333,-0.4254059,-0.04187565,0.8156207,-0.5753571999999999,-0.06104854,1.0
2451988.63823,0.9552974,0.9040333,-0.4254059,-0.04187565,0.8156207,-0.5753571999999999,-0.06104854,1.0
2451988.64158,0.8817360000000001,0.9040333,-0.4254059,-0.04187565,0.8156207,-0.5753571999999999,-0.06104854,1.0
2451988.64471,0.8078645999999999,0.9040333,-0.4254059,-0.04187565,0.8156207,-0.5753571999999999,-0.06104854,1.0
2451988.64777,0.8506256999999999,0.9040333,-0.4254059,-0.04187565,0.8156207,-0.5753571999999999,-0.06104854,1.0
2451988.65142,0.8874390999999999,0.9040333,-0.4254059,-0.04187565,0.8156207,-0.5753571999999999,-0.06104854,1.0
2451988.65513,0.9482843,0.9040333,-0.4254059,-0.04187565,0.8156207,-0.5753571999999999,-0.06104854,1.0
2451988.65848,1.013301,0.9040333,-0.4254059,-0.04187565,0.8156207,-0.5753571999999999,-0.06104854,1.0
2451988.66178,0.9911482,0.9040333,-0.4254059,-0.04187565,0.8156207,-0.5753571999999999,-0.06104854,1.0
2451988.66519,1.043611,0.9040333,-0.4254059,-0.04187565,0.8156207,-0.5753571999999999,-0.06104854,1.0
2451988.66925,1.133806,0.9040333,-0.4254059,-0.04187565,0.8156207,-0.5753571999999999,-0.06104854,1.0
2451988.6733,1.168796,0.9040333,-0.4254059,-0.04187565,0.8156207,-0.5753571999999999,-0.06104854,1.0
2451988.67682,1.1861469999999998,0.9040333,-0.4254059,-0.04187565,0.8156207,-0.5753571999999999,-0.06104854,1.0
2451988.68041,1.200435,0.9040333,-0.4254059,-0.04187565,0.8156207,-0.5753571999999999,-0.06104854,1.0
2451988.69031,1.0571549999999998,0.9040333,-0.4254059,-0.04187565,0.8156207,-0.5753571999999999,-0.06104854,1.0
2451988.70038,0.8108463,0.9040333,-0.4254059,-0.04187565,0.8156207,-0.5753571999999999,-0.06104854,1.0
2451988.7036200003,0.7616203,0.9040333,-0.4254059,-0.04187565,0.8156207,-0.5753571999999999,-0.06104854,1.0
2451988.70715,0.7354254,0.9040333,-0.4254059,-0.04187565,0.8156207,-0.5753571999999999,-0.06104854,1.0
2451988.71051,0.7967801999999999,0.9040333,-0.4254059,-0.04187565,0.8156207,-0.5753571999999999,-0.06104854,1.0
2451988.74006,1.149578,0.9040333,-0.4254059,-0.04187565,0.8156207,-0.5753571999999999,-0.06104854,1.0
2451988.74893,1.062034,0.9040333,-0.4254059,-0.04187565,0.8156207,-0.5753571999999999,-0.06104854,1.0
2451988.7579,0.9207433,0.9040333,-0.4254059,-0.04187565,0.8156207,-0.5753571999999999,-0.06104854,1.0
2455617.355073,0.7285665,2.77828409,-0.74463037,-0.10686954,1.87609409,-0.33775682,-0.10687169,1.0
2455617.357973,0.723218,2.77829297,-0.74460231,-0.10686883,1.87608164,-0.33777442,-0.10687098,1.0
2455617.360863,0.7671304,2.77830181,-0.74457434,-0.10686812,1.87606923,-0.33779197,-0.10687028,1.0
2455617.363763,0.8703004999999999,2.77831068,-0.74454627,-0.10686742,1.87605679,-0.33780958,-0.10686957,1.0
2455617.366664,0.9316853,2.77831955,-0.7445182,-0.10686671,1.87604434,-0.33782718,-0.10686886,1.0
2455617.369564,0.9711122,2.77832842,-0.74449013,-0.106866,1.8760319,-0.33784479,-0.10686815,1.0
2455617.372454,1.015007,2.77833726,-0.74446216,-0.10686529,1.87601951,-0.33786234,-0.10686744,1.0
2455617.375354,1.047296,2.77834613,-0.74443409,-0.10686459,1.87600707,-0.33787995,-0.10686674,1.0
2455617.378254,1.086598,2.778355,-0.74440602,-0.10686388,1.87599463,-0.33789756,-0.10686603,1.0
2455617.381144,1.108841,2.77836384,-0.74437805,-0.10686317,1.87598224,-0.33791511,-0.10686532,1.0
2455617.384044,1.148336,2.77837271,-0.74434998,-0.10686246,1.87596981,-0.33793273,-0.10686461,1.0
2455617.386944,1.148336,2.77838158,-0.74432191,-0.10686176,1.87595738,-0.33795034,-0.10686389999999997,1.0
2455617.452435,1.171842,2.7785818,-0.74368803,-0.10684576,1.87567722,-0.33834838,-0.1068479,1.0
2455617.455325,1.148336,2.77859063,-0.74366005,-0.10684506,1.87566488,-0.33836596,-0.10684719,1.0
2455617.458225,1.085599,2.77859949,-0.74363198,-0.10684435,1.8756525,-0.33838359999999995,-0.10684648,1.0
2455617.461125,1.027234,2.77860836,-0.74360391,-0.10684364,1.87564013,-0.33840124,-0.10684577,1.0
2455617.464015,0.9928171999999998,2.77861719,-0.74357594,-0.10684293,1.87562779,-0.33841882,-0.10684507,1.0
2455617.466915,0.9299706,2.77862605,-0.74354787,-0.10684223,1.87561542,-0.33843646,-0.10684436,1.0
2455617.469815,0.8663018,2.77863491,-0.7435198000000001,-0.10684152,1.87560305,-0.3384541,-0.10684365,1.0
2455617.472705,0.7915333999999999,2.77864374,-0.74349182,-0.10684081,1.87559072,-0.33847168,-0.10684294,1.0
2455617.475605,0.7414284000000001,2.7786526,-0.74346375,-0.1068401,1.87557835,-0.33848932,-0.10684223,1.0
2455617.478506,0.7552126,2.77866146,-0.74343568,-0.10683939,1.87556599,-0.33850697,-0.10684152,1.0
2455617.481396,0.8334302,2.77867029,-0.74340771,-0.10683869,1.87555367,-0.33852455,-0.10684082,1.0
2455617.484296,0.8922144000000001,2.77867915,-0.74337963,-0.10683798,1.87554131,-0.3385422,-0.10684011,1.0
2455617.487196,0.9675409,2.77868801,-0.74335156,-0.10683727,1.87552895,-0.33855985,-0.1068394,1.0
2455617.490096,1.01314,2.77869687,-0.74332349,-0.10683656,1.87551659,-0.33857750000000003,-0.10683869,1.0
2455617.502286,1.1253030000000002,2.7787341,-0.74320549,-0.10683358,1.87546467,-0.33865169,-0.10683571,1.0
2455617.505176,1.149394,2.77874293,-0.74317752,-0.10683288,1.87545236,-0.33866929,-0.106835,1.0
2455617.508076,1.143061,2.77875179,-0.74314945,-0.10683217,1.87544002,-0.33868694,-0.10683429,1.0
2455617.510976,1.150454,2.77876065,-0.74312137,-0.10683146,1.87542767,-0.3387046,-0.10683358,1.0
2455617.513876,1.130496,2.7787695,-0.7430933000000001,-0.10683075,1.87541533,-0.33872225,-0.10683287,1.0
2455617.516766,1.117041,2.77877833,-0.74306533,-0.10683005,1.87540304,-0.33873985,-0.10683217,1.0
2455617.519666,1.067749,2.77878718,-0.74303726,-0.10682934,1.8753907,-0.33875751,-0.10683146,1.0
2455617.522566,1.030076,2.77879604,-0.74300918,-0.10682863,1.87537836,-0.33877517,-0.10683075,1.0
2455617.525456,0.9720069,2.77880487,-0.74298121,-0.10682792,1.87536607,-0.33879277,-0.10683004,1.0
2455617.5283560003,0.9037936,2.77881372,-0.74295313,-0.10682721,1.87535374,-0.33881043,-0.10682933,1.0
2455617.532707,0.8084799,2.778827,-0.74291103,-0.10682615,1.87533525,-0.33883692,-0.10682827,1.0
2455617.625098,1.139907,2.77910895,-0.74201663,-0.10680357,1.87494357,-0.33940014,-0.10680567,1.0
2455617.627988,1.161099,2.77911777,-0.74198865,-0.10680286,1.87493135,-0.33941777,-0.10680496,1.0
2455617.630888,1.155764,2.77912661,-0.74196058,-0.10680215,1.87491909,-0.33943547,-0.10680425,1.0
2455617.6337880003,1.129456,2.77913546,-0.7419325,-0.10680145,1.87490683,-0.33945316,-0.10680354,1.0
2455617.644309,0.9882559,2.77916754,-0.74183066,-0.10679887,1.87486239,-0.33951737,-0.10680097,1.0
2455617.647199,0.9088019,2.77917635,-0.74180268,-0.10679817,1.87485018,-0.33953501,-0.10680026,1.0
2455618.33307,1.101611,2.78125971,-0.73516053,-0.10663015,1.87201074,-0.34374783,-0.10663211,1.0
2455618.33597,1.095541,2.78126848,-0.73513244,-0.10662944,1.87199898,-0.34376576,-0.1066314,1.0
2455618.33888,1.09756,2.78127729,-0.73510425,-0.10662873,1.87198718,-0.34378375,-0.10663068,1.0
2455618.3417700003,1.125196,2.78128603,-0.73507625,-0.10662802,1.87197546,-0.34380161,-0.10662997,1.0
2455618.344671,1.13875,2.7812947999999995,-0.73504816,-0.10662731,1.8719637,-0.34381954,-0.10662926,1.0
2455618.347571,1.147171,2.78130358,-0.73502006,-0.10662659,1.87195195,-0.34383746,-0.10662855,1.0
2455618.350471,1.122092,2.78131235,-0.73499197,-0.10662588,1.87194019,-0.34385539,-0.10662784,1.0
2455618.353371,1.102626,2.78132112,-0.73496387,-0.10662517,1.87192844,-0.34387332,-0.10662712,1.0
2455618.356271,1.068632,2.78132989,-0.73493578,-0.10662446,1.87191669,-0.34389125,-0.10662641,1.0
2455618.359171,1.02336,2.78133867,-0.73490768,-0.10662375,1.87190494,-0.34390919,-0.1066257,1.0
2455618.362071,0.9638922,2.78134744,-0.73487959,-0.10662304,1.8718932,-0.34392712,-0.10662499,1.0
2455618.364961,0.913752,2.78135618,-0.73485159,-0.10662233,1.8718815,-0.34394499,-0.10662428,1.0
2455618.367861,0.8356575999999999,2.78136495,-0.7348235,-0.10662161,1.87186975,-0.34396292,-0.10662357,1.0
2455618.370761,0.7929181,2.78137372,-0.7347954000000001,-0.10662089999999998,1.87185802,-0.34398086,-0.10662285,1.0
2455618.3736610003,0.7951121,2.78138249,-0.73476731,-0.10662019,1.87184628,-0.3439988,-0.10662214,1.0
2455618.376561,0.8196498,2.78139126,-0.73473921,-0.10661948,1.87183454,-0.34401673,-0.10662143,1.0
2455618.379451,0.8519779000000001,2.7814,-0.73471121,-0.10661877,1.87182285,-0.34403461,-0.10662072,1.0
2455618.382361,0.9012148,2.7814088,-0.73468302,-0.10661805,1.87181108,-0.34405261,-0.10662,1.0
2455618.385251,0.9298831,2.78141754,-0.73465502,-0.10661735,1.87179939,-0.34407049,-0.10661929,1.0
2455618.388151,0.9728106,2.78142631,-0.73462693,-0.10661663,1.87178766,-0.34408843,-0.10661858,1.0
2455618.395661,1.106696,2.78144902,-0.73455417,-0.10661479,1.8717573,-0.34413489,-0.10661674,1.0
2455618.398551,1.136654,2.78145776,-0.73452617,-0.10661408,1.87174562,-0.34415278,-0.10661603,1.0
2455618.401461,1.158853,2.78146656,-0.73449798,-0.10661337,1.87173387,-0.34417078,-0.10661531,1.0
2455618.404352,1.171732,2.78147529,-0.73446998,-0.10661266,1.87172219,-0.34418867,-0.1066146,1.0
2455618.407252,1.166349,2.78148406,-0.73444188,-0.10661194,1.87171048,-0.34420661,-0.10661389,1.0
2455618.410152,1.137701,2.78149283,-0.73441379,-0.10661123,1.87169877,-0.34422456,-0.10661317,1.0
2455618.413052,1.092518,2.7815016,-0.73438569,-0.10661052,1.87168706,-0.34424251,-0.10661246,1.0
2455618.415942,1.055914,2.78151033,-0.73435769,-0.10660981,1.87167539,-0.3442604,-0.10661175,1.0
2455618.418852,1.000987,2.78151913,-0.7343295,-0.1066091,1.87166364,-0.34427841,-0.10661104,1.0
2455618.421742,0.9436879,2.78152786,-0.7343015,-0.10660839,1.87165198,-0.3442963,-0.10661033,1.0
2455618.424642,0.8847659,2.78153663,-0.7342734000000001,-0.10660767,1.87164028,-0.34431425,-0.10660961,1.0
2455618.427542,0.8143824000000001,2.78154539,-0.73424531,-0.10660696,1.87162858,-0.34433221,-0.1066089,1.0
2455618.430442,0.7434099000000001,2.78155416,-0.73421721,-0.10660625,1.87161688,-0.34435016,-0.10660819,1.0
2455618.433342,0.7278273000000001,2.78156292,-0.73418912,-0.10660554,1.87160519,-0.34436812,-0.10660748,1.0
2455618.436232,0.7523645999999999,2.78157166,-0.73416112,-0.10660483,1.87159354,-0.34438601,-0.10660677,1.0
2455618.439132,0.8249513,2.78158042,-0.73413302,-0.10660412,1.87158184,-0.34440397,-0.10660605,1.0
2455618.442032,0.8937753,2.78158919,-0.73410492,-0.1066034,1.87157016,-0.34442193,-0.10660534,1.0
2455618.444922,0.9576976,2.78159792,-0.73407692,-0.10660269,1.87155851,-0.34443982,-0.10660463,1.0
2455618.447832,1.018658,2.78160671,-0.73404873,-0.10660198,1.87154678,-0.34445784,-0.10660392,1.0
2455618.450722,1.058835,2.78161545,-0.73402073,-0.10660127,1.87153514,-0.34447574,-0.1066032,1.0
2455618.4536220003,1.070603,2.78162421,-0.73399263,-0.10660056,1.87152346,-0.3444937,-0.10660249,1.0
2455618.456522,1.087497,2.78163297,-0.73396453,-0.10659985,1.87151178,-0.34451167,-0.10660178,1.0
2455618.459412,1.121059,2.7816417,-0.73393653,-0.10659914,1.87150014,-0.34452957,-0.10660107,1.0
2455618.462312,1.13039,2.78165047,-0.73390844,-0.10659842,1.87148847,-0.34454753,-0.10660036,1.0
2455618.4652130003,1.152467,2.78165923,-0.73388034,-0.10659771,1.8714768,-0.3445655,-0.10659964,1.0
