2438005.003802,1.090425,-0.78461408,-2.64708904,-0.25918551,-0.51997465,-1.69804282,-0.25908943,1.0
2438005.007343,1.058756,-0.78457906,-2.64710177,-0.25918984,-0.51999932,-1.69803942,-0.25909376,1.0
2438005.010802,1.013901,-0.78454485,-2.6471142000000003,-0.25919407,-0.52002341,-1.6980361000000002,-0.259098,1.0
2438005.01351,0.992649,-0.78451807,-2.64712394,-0.25919738,-0.52004227,-1.6980335,-0.25910131,1.0
2438005.017593,0.9558631,-0.7844777,-2.64713862,-0.25920238,-0.5200707,-1.69802959,-0.2591063,1.0
2438005.020968,0.8928853000000001,-0.78444432,-2.64715075,-0.25920651,-0.52009421,-1.69802636,-0.25911043,1.0
2438005.026385,0.8717575000000001,-0.78439075,-2.64717022,-0.25921314,-0.52013194,-1.69802118,-0.25911706,1.0
2438005.02951,0.8503460999999999,-0.78435985,-2.64718146,-0.25921696,-0.52015371,-1.6980182,-0.25912088,1.0
2438005.03501,0.8264101999999999,-0.78430546,-2.64720123,-0.25922369,-0.52019203,-1.69801295,-0.25912761,1.0
2438005.048176,0.9036405,-0.78417525,-2.64724855,-0.2592398,-0.52028376,-1.69800042,-0.25914371,1.0
2438005.055717,1.013901,-0.78410067,-2.64727565,-0.25924903,-0.5203363,-1.69799326,-0.25915294,1.0
2438005.060509,1.032751,-0.78405328,-2.64729287,-0.25925489,-0.52036969,-1.69798872,-0.2591588,1.0
2438005.064967,1.045191,-0.78400919,-2.64730889,-0.25926034,-0.52040076,-1.69798451,-0.25916425,1.0
2438005.074801,0.9709474,-0.78391194,-2.64734422,-0.25927237,-0.52046929,-1.69797522,-0.25917628,1.0
2438005.087592,1.070522,-0.78378544,-2.64739018,-0.25928802,-0.52055844,-1.69796318,-0.25919192,1.0
2438005.151676,0.9647076,-0.78315164,-2.64762032,-0.25936641,-0.52100526,-1.69790348,-0.25927029,1.0
2438005.166759,0.9718421,-0.78300246,-2.64767447,-0.25938486,-0.52111046,-1.69788958,-0.25928873,1.0
2438005.170091,0.9871785,-0.78296949,-2.64768643,-0.25938893,-0.52113371,-1.69788652,-0.25929281,1.0
2438005.177716,1.067568,-0.78289408,-2.6477138,-0.25939826,-0.52118691,-1.69787952,-0.25930213,1.0
2438005.181258,1.066586,-0.78285904,-2.64772651,-0.25940259,-0.52121162,-1.69787628,-0.25930646,1.0
2438005.185091,1.094449,-0.78282113,-2.64774027,-0.25940728,-0.52123836,-1.69787277,-0.25931115,1.0
2438005.18805,1.089421,-0.78279186,-2.64775088,-0.2594109,-0.521259,-1.69787007,-0.25931477,1.0
2438005.191425,1.118912,-0.78275848,-2.6477630000000003,-0.25941502,-0.52128255,-1.69786698,-0.25931889,1.0
2438005.195508,1.122007,-0.7827181,-2.64777765,-0.25942002,-0.52131104,-1.69786326,-0.25932389,1.0
2438005.196175,1.077446,-0.7827115,-2.64778004,-0.25942083,-0.5213157,-1.69786265,-0.2593247,1.0
2438005.201508,1.132389,-0.78265875,-2.64779918,-0.25942736,-0.52135291,-1.69785779,-0.25933122,1.0
2438005.240175,0.8661552,-0.78227629,-2.6479379,-0.25947464,-0.52162278,-1.69782278,-0.25937849,1.0
2438005.243091,0.9315275,-0.78224744,-2.64794836,-0.25947821,-0.52164314,-1.69782015,-0.25938206,1.0
2438005.25055,0.9053066,-0.78217366,-2.64797511,-0.25948733,-0.52169521,-1.69781345,-0.25939118,1.0
2438005.2538,0.9427482,-0.78214152,-2.64798676,-0.2594913,-0.5217179,-1.69781053,-0.25939515,1.0
2438005.2572580003,0.9505954,-0.78210731,-2.64799917,-0.25949553,-0.52174205,-1.69780743,-0.25939938,1.0
2438005.26105,1.005532,-0.7820698,-2.64801276,-0.25950016,-0.52176852,-1.69780403,-0.25940401,1.0
2438005.266341,0.9691605,-0.78201746,-2.64803174,-0.25950663,-0.52180547,-1.6977993000000002,-0.25941048,1.0
2438005.274966,1.02706,-0.78193215,-2.64806266,-0.25951718,-0.52186569,-1.6977916000000002,-0.25942102,1.0
2438005.2791330004,1.059731,-0.78189093,-2.64807761,-0.25952227,-0.52189479,-1.69778789,-0.25942612,1.0
2438005.281841,1.059731,-0.78186414,-2.64808731,-0.25952558,-0.52191371,-1.69778548,-0.25942943,1.0
2438006.986992,0.9114546,-0.76498113,-2.65414739,-0.26160512,-0.5339191,-1.69664352,-0.26150848,1.0
2438006.993284,0.8915280000000001,-0.76491878,-2.65416955,-0.26161277,-0.53396375,-1.6966407,-0.26151613,1.0
2438006.999242,0.8948186,-0.76485973,-2.65419054,-0.26162002,-0.53400602,-1.69663804,-0.26152337,1.0
2438007.005284,0.9181952,-0.76479985,-2.65421182,-0.26162737,-0.5340489,-1.69663535,-0.26153072,1.0
2438007.0125740003,0.9811491,-0.7647276,-2.65423749,-0.26163624,-0.53410064,-1.69663212,-0.26153959,1.0
2438007.017991,1.019847,-0.76467391,-2.65425657,-0.26164282,-0.53413908,-1.69662973,-0.26154618,1.0
2438007.022991,1.053259,-0.76462436,-2.65427418,-0.26164891,-0.53417456,-1.69662753,-0.26155226,1.0
2438007.0289080003,1.09178,-0.76456572,-2.65429501,-0.2616561,-0.53421656,-1.69662493,-0.26155945,1.0
2438007.035366,1.08177,-0.76450172,-2.65431775,-0.26166396,-0.5342624,-1.69662211,-0.26156731,1.0
2438007.040449,1.099854,-0.76445134,-2.65433565,-0.26167014,-0.53429848,-1.6966199,-0.26157349,1.0
2438007.0451990003,1.112078,-0.76440426,-2.65435237,-0.26167592,-0.53433219,-1.69661783,-0.26157926,1.0
2438007.050491,1.100868,-0.76435181,-2.654371,-0.26168235,-0.53436976,-1.69661554,-0.2615857,1.0
2438007.055949,1.083765,-0.76429772,-2.65439021,-0.26168899,-0.53440851,-1.69661318,-0.26159233,1.0
2438007.065033,1.043602,-0.76420769,-2.65442219,-0.26170004,-0.534473,-1.69660928,-0.26160338,1.0
2438007.070491,1.019847,-0.7641536,-2.6544414,-0.26170668,-0.53451175,-1.69660694,-0.26161002,1.0
2438007.076074,0.9676872,-0.76409826,-2.65446105,-0.26171347,-0.53455139,-1.69660456,-0.26161681,1.0
2438007.0815330003,0.9318264,-0.76404416,-2.65448026,-0.26172011,-0.53459015,-1.69660224,-0.26162344,1.0
2438007.085533,0.9165054,-0.76400451,-2.65449433,-0.26172497,-0.53461856,-1.69660055,-0.26162831,1.0
2438007.0906990003,0.9014362,-0.76395331,-2.65451251,-0.26173125,-0.53465524,-1.69659836,-0.26163459,1.0
2438007.097616,0.9014362,-0.76388475,-2.65453685,-0.26173966,-0.53470436,-1.69659545,-0.261643,1.0
2438007.103532,0.8784864,-0.76382611,-2.65455767,-0.26174686,-0.53474639,-1.69659297,-0.26165019,1.0
2438007.110115,0.8964685,-0.76376086,-2.65458083,-0.26175487,-0.53479314,-1.69659022,-0.26165819,1.0
2438007.116448,0.9474036,-0.76369809,-2.65460311,-0.26176257,-0.53483812,-1.69658758,-0.26166589,1.0
2438007.1228650003,0.9957149,-0.76363449,-2.65462568,-0.26177037,-0.5348837,-1.69658492,-0.26167369,1.0
2438007.128823,1.088767,-0.76357543,-2.65464664,-0.26177761,-0.53492602,-1.69658247,-0.26168094,1.0
2438007.135115,1.136933,-0.76351307,-2.65466877,-0.26178526,-0.53497072,-1.69657988,-0.26168859,1.0
2438007.14074,1.15275,-0.76345732,-2.65468855,-0.2617921,-0.53501068,-1.69657757,-0.26169543,1.0
2438007.1486150003,1.174181,-0.76337926,-2.65471625,-0.26180168,-0.53506663,-1.69657436,-0.261705,1.0
2438007.161573,1.1474540000000002,-0.76325082,-2.65476181,-0.26181743,-0.5351587,-1.69656911,-0.26172075,1.0
2438007.175198,1.029284,-0.76311577,-2.65480972,-0.261834,-0.53525552,-1.69656364,-0.26173731,1.0
2438007.179282,0.9439196,-0.76307529,-2.65482407,-0.26183896,-0.53528454,-1.696562,-0.26174228,1.0
2438007.185698,0.8898872999999999,-0.76301169,-2.65484663,-0.26184677,-0.53533014,-1.69655945,-0.26175007,1.0
2438007.191864,0.8720372,-0.76295056,-2.65486831,-0.26185426,-0.53537397,-1.696557,-0.26175757,1.0
2438007.198197,0.9156616,-0.76288778,-2.65489057,-0.26186196,-0.53541898,-1.6965544999999995,-0.26176527,1.0
2438007.208239,0.975742,-0.76278824,-2.65492586,-0.26187417,-0.53549036,-1.69655056,-0.26177747,1.0
2438007.215156,1.018908,-0.76271968,-2.65495017,-0.26188258,-0.53553953,-1.69654786,-0.26178588,1.0
2438007.221197,1.063004,-0.76265979,-2.6549714,-0.26188992,-0.53558248,-1.69654551,-0.26179322,1.0
2438007.225406,1.0768,-0.76261807,-2.65498619,-0.26189504,-0.5356124,-1.69654388,-0.26179834,1.0
2438007.232656,1.077792,-0.7625462,-2.65501166,-0.26190385,-0.53566394,-1.69654108,-0.26180715,1.0
2438007.238322,1.0857629999999998,-0.76249004,-2.65503157,-0.26191074,-0.53570423,-1.6965389,-0.26181404,1.0
2438007.2444470003,1.088767,-0.76242932,-2.65505309,-0.26191818,-0.53574778,-1.69653656,-0.26182148,1.0
2438007.253322,1.067911,-0.76234134,-2.65508427,-0.26192897,-0.53581089,-1.69653318,-0.26183226,1.0
2438007.259197,1.052289,-0.76228311,-2.6551049,-0.26193611,-0.53585267,-1.69653095,-0.2618394,1.0
2438007.263406,1.015161,-0.76224138,-2.65511969,-0.26194123,-0.5358826,-1.69652936,-0.26184452,1.0
2438007.273656,0.9623544,-0.76213977,-2.65515569,-0.26195369,-0.5359555,-1.69652551,-0.26185697,1.0
2438007.277489,0.9266911,-0.76210177,-2.65516915,-0.26195835,-0.53598276,-1.69652408,-0.26186163,1.0
2438007.282696,0.9173499,-0.76205014,-2.65518744,-0.26196468,-0.5360198,-1.69652214,-0.26186796,1.0
2438007.289071,0.9089396,-0.76198695,-2.65520983,-0.26197242,-0.53606515,-1.69651977,-0.26187571,1.0
2438007.2936130003,0.8825412,-0.76194192,-2.65522577,-0.26197794,-0.53609746,-1.69651809,-0.26188123,1.0
2438007.299696,0.8923496,-0.76188162,-2.65524713,-0.26198534,-0.53614073,-1.69651585,-0.26188862,1.0
2438831.43115,0.9166232,2.28489532,2.1629694,0.08102016,1.30173651,2.30757881,0.08102584,1.0
2438831.435193,1.028468,2.28486842,2.16299526,0.08102544,1.30169835,2.3075356,0.08103112,1.0
2438831.44586,0.9107326,2.28479741,2.16306349,0.08103938,1.30159768,2.30742157,0.08104504,1.0
2438831.447861,0.9466532,2.2847841,2.16307629,0.08104199999999999,1.3015788,2.30740019,0.08104765,1.0
2438831.4535270003,0.8745623,2.28474638,2.16311253,0.0810494,1.30152535,2.30733961,0.08105504,1.0
2438831.456986,0.8949335999999999,2.28472335,2.16313466,0.08105392,1.30149271,2.30730263,0.08105956,1.0
2438831.461445,0.8483808,2.28469368,2.16316317,0.08105974,1.30145066,2.30725497,0.08106537,1.0
2438831.46532,0.8382834000000001,2.28466788,2.16318796,0.08106481,1.30141411,2.30721354,0.08107043,1.0
2438831.468528,0.8429286,2.28464653,2.16320848,0.081069,1.30138386,2.30717924,0.08107462,1.0
2438831.473071,0.8352008,2.28461629,2.16323753,0.08107493,1.30134103,2.30713067,0.08108054,1.0
2438831.477029,0.8290695,2.28458994,2.16326285,0.0810801,1.30130371,2.30708835,0.08108571,1.0
2438831.480988,0.8867288000000001,2.28456358,2.16328817,0.08108528,1.30126639,2.30704602,0.08109088,1.0
2438831.483071,0.9328048,2.28454972,2.16330149,0.081088,1.30124675,2.30702374,0.08109359,1.0
2438831.485405,0.9940103,2.28453418,2.16331641,0.08109105,1.30122476,2.3069988,0.08109664,1.0
2438831.491155,1.106091,2.2844959,2.16335319,0.08109856,1.30117057,2.30693731,0.08110414,1.0
2438831.495114,1.146544,2.28446954,2.16337851,0.08110373,1.30113326,2.30689497,0.08110931,1.0
2438831.49874,1.128732,2.28444541,2.1634017000000005,0.08110847,1.30109911,2.30685621,0.08111404,1.0
2438831.5008650003,1.18629,2.28443126,2.16341529,0.08111124,1.30107909,2.30683348,0.08111681,1.0
2438831.503823,1.2229,2.28441157,2.1634342,0.08111511,1.30105122,2.30680185,0.08112067,1.0
2438831.508365,1.1983700000000002,2.28438133,2.16346325,0.08112104,1.30100843,2.30675328,0.08112660000000001,1.0
2438831.512074,1.23763,2.28435664,2.16348697,0.08112589,1.30097351,2.30671362,0.08113144,1.0
2438831.513991,1.210573,2.28434388,2.16349923,0.08112839,1.30095545,2.30669312,0.08113394,1.0
2438831.519741,1.207232,2.28430559,2.163536,0.08113591,1.30090131,2.30663162,0.08114144,1.0
2438831.521992,1.221774,2.28429061,2.16355039,0.08113885,1.30088012,2.30660755,0.08114438,1.0
2438831.527158,1.157153,2.28425621,2.16358343,0.0811456,1.30083148,2.3065523,0.08115112,1.0
2438831.531117,1.1204459999999998,2.28422985,2.16360875,0.08115077,1.30079421,2.30650995,0.08115629,1.0
2438831.535826,1.075947,2.2841985,2.16363885,0.08115692,1.3007499,2.3064596,0.08116243,1.0
2438831.540076,1.017164,2.2841702,2.16366603,0.08116247,1.3007098999999998,2.30641414,0.08116798,1.0
2438831.545243,0.9740714,2.2841358,2.16369907,0.08116922,1.30066128,2.30635887,0.08117472,1.0
2438831.54891,0.9023829,2.28411139,2.16372252,0.08117401,1.30062679,2.30631965,0.0811795,1.0
2438831.555202,0.9015523,2.28406949,2.16376275,0.08118223,1.3005676000000002,2.30625234,0.08118771,1.0
2438831.557202,0.8875458,2.28405617,2.16377554,0.08118485,1.30054879,2.30623095,0.08119032,1.0
2438831.561995,0.8802194,2.28402426,2.16380618,0.08119111,1.30050372,2.30617968,0.08119657,1.0
2438831.56512,0.8729530999999999,2.28400345,2.16382617,0.08119519,1.30047433,2.30614625,0.08120065,1.0
2438831.568703,0.8941099,2.28397959,2.16384908,0.08119987,1.30044064,2.30610792,0.08120533,1.0
2438831.574162,0.9098941,2.28394324,2.16388398,0.081207,1.30038932,2.30604952,0.08121245,1.0
2438831.576996,0.9217028,2.28392437,2.1639021,0.08121071,1.30036268,2.3060192,0.08121615,1.0
2438831.579496,0.9457814,2.28390772,2.16391808,0.08121397,1.30033918,2.30599246,0.08121941,1.0
2438831.583872,0.9217028,2.28387858,2.16394606,0.08121969,1.30029806,2.30594565,0.08122512,1.0
2438831.587247,0.9362479,2.28385611,2.16396764,0.08122410000000001,1.30026634,2.30590953,0.08122952,1.0
2438831.590747,0.9940103,2.2838328,2.16399001,0.08122867,1.30023345,2.30587209,0.08123409,1.0
2438831.594205,1.020918,2.28380977,2.16401212,0.08123319,1.30020096,2.30583508,0.08123860000000001,1.0
2438831.597039,1.042776,2.2837909,2.16403024,0.08123689,1.30017434,2.30580477,0.0812423,1.0
2438831.600081,1.078924,2.28377064,2.16404969,0.08124086,1.30014576,2.30577222,0.08124627,1.0
2438831.603081,1.098983,2.28375066,2.16406887,0.08124478,1.30011758,2.30574012,0.08125018,1.0
2438852.380857,1.092676,2.14079355,2.29235987,0.10820179,1.16455803,2.0774142,0.10817354,1.0
2438852.3870650004,1.11299,2.14074949,2.29239682,0.10820978,1.1645352,2.07734644,0.10818152,1.0
2438852.3902330003,1.088657,2.14072701,2.29241567,0.10821386,1.16452356,2.07731187,0.10818559,1.0
2438852.392191,1.1007559999999998,2.14071311,2.29242732,0.10821638,1.16451636,2.0772905,0.10818811,1.0
2438852.394066,1.024451,2.1406998,2.29243848,0.10821879,1.16450947,2.07727003,0.10819052,1.0
2438852.406609,0.9801471,2.14061077,2.29251312,0.10823494,1.1644633999999998,2.07713314,0.10820665,1.0
2438852.413609,0.9283064,2.14056108,2.29255478,0.10824396,1.16443771,2.07705674,0.10821565,1.0
2438852.416276,0.8889785,2.14054215,2.29257065,0.10824739,1.16442792,2.07702763,0.10821908,1.0
2438852.419359,0.8955530999999999,2.14052026,2.292589,0.10825136,1.16441661,2.07699399,0.10822305,1.0
2438852.422027,0.8767812,2.14050133,2.29260487,0.1082548,1.16440683,2.07696488,0.10822648,1.0
2438852.429277,0.8497503000000001,2.14044986,2.29264802,0.10826413,1.16438025,2.07688576,0.1082358,1.0
2438852.433068,0.8396365,2.14042295,2.29267058,0.10826901,1.16436635,2.07684438,0.10824068,1.0
2438852.435027,0.8474055,2.14040904,2.29268223,0.10827153,1.16435918,2.07682301,0.1082432,1.0
2438852.441319,0.8980308000000001,2.14036438,2.29271967,0.10827964,1.16433613,2.07675435,0.10825129,1.0
2438852.448736,1.018806,2.14031172,2.2927638,0.10828919,1.16430898,2.07667341,0.10826083,1.0
2438852.451279,1.021625,2.14029368,2.29277893,0.10829246,1.16429967,2.07664567,0.1082641,1.0
2438852.45432,0.9919535,2.14027209,2.29279703,0.10829637,1.16428855,2.07661249,0.10826801,1.0
2438852.457237,1.02918,2.14025138,2.29281438,0.10830013,1.16427787,2.07658066,0.10827176,1.0
2438852.460487,1.0796709999999998,2.1402283,2.29283372,0.10830431,1.16426599,2.07654519,0.10827594,1.0
2438852.464112,1.134727,2.14020257,2.29285529,0.10830898,1.16425273,2.07650564,0.1082806,1.0
2438852.46653,1.097719,2.14018541,2.29286967,0.10831209,1.1642438999999998,2.07647926,0.10828371,1.0
2438852.469321,1.0687870000000002,2.14016559,2.29288628,0.10831569,1.1642337,2.07644881,0.1082873,1.0
2438852.473155,1.151573,2.14013837,2.29290909,0.10832062,1.16421969,2.07640697,0.10829223,1.0
2438852.477113,1.159021,2.14011027,2.29293264,0.10832572,1.16420523,2.07636379,0.10829732,1.0
2438852.4822810004,1.19259,2.14007358,2.29296338,0.10833237,1.16418636,2.07630741,0.10830396,1.0
2438852.484822,1.180569,2.14005554,2.2929785,0.10833565,1.16417708,2.07627968,0.10830723,1.0
2438852.4873220003,1.196992,2.14003779,2.29299337,0.10833886,1.16416795,2.07625241,0.10831045,1.0
2438852.490489,1.149453,2.1400153,2.29301221,0.10834294,1.1641563999999998,2.07621785,0.10831452,1.0
2438852.495697,1.142066,2.13997833,2.2930432,0.10834965,1.1641374,2.07616103,0.10832122,1.0
2438852.510198,0.965809,2.13987537,2.29312946,0.10836832,1.16408453,2.07600283,0.10833986,1.0
2438852.516408,0.9080115,2.13983128,2.2931664,0.10837631,1.16406191,2.07593509,0.10834785,1.0
2438852.518449,0.8996866,2.13981679,2.29317854,0.10837894,1.16405448,2.07591282,0.10835047,1.0
2438852.522783,0.8980308000000001,2.13978601,2.29320432,0.10838452,1.1640387,2.07586554,0.10835605,1.0
2438852.525533,0.8568232,2.13976648,2.29322068,0.10838806,1.16402869,2.07583554,0.10835958,1.0
2438852.528784,0.8679431000000001,2.1397434,2.29324002,0.10839225,1.16401687,2.07580009,0.10836376,1.0
2438852.532492,0.8848940999999999,2.13971707,2.29326207,0.10839702,1.16400337,2.07575964,0.10836853,1.0
2438852.535617,0.8599858,2.13969488,2.29328066,0.10840104,1.16399201,2.07572555,0.10837255,1.0
2438852.5634520003,1.0320280000000002,2.13949722,2.29344622,0.10843688,1.16389089,2.07542194,0.10840834,1.0
2438852.566036,1.061919,2.13947887,2.29346159,0.10844021,1.16388151,2.07539375,0.10841166,1.0
2438852.569119,1.063877,2.13945698,2.29347993,0.10844417,1.16387032,2.07536012,0.10841563,1.0
2438852.572036,1.055094,2.13943626,2.29349728,0.10844793,1.16385974,2.07532831,0.10841938,1.0
2438852.575245,1.073721,2.13941348,2.29351636,0.10845206,1.16384811,2.07529332,0.1084235,1.0
2438852.578328,1.09469,2.13939158,2.29353469,0.10845603,1.16383693,2.07525969,0.10842747,1.0
2438852.581078,1.1058370000000002,2.13937205,2.29355105,0.10845957,1.16382696,2.07522969,0.10843101,1.0
2438852.5843700003,1.034883,2.13934867,2.29357063,0.10846381,1.16381503,2.07519379,0.10843524,1.0
2438852.587787,1.047349,2.1393244,2.29359095,0.10846821,1.16380265,2.07515652,0.10843963,1.0
2438852.590538,1.025395,2.13930487,2.2936073,0.10847175,1.16379269,2.07512653,0.10844317,1.0
2438852.593538,1.011326,2.13928356,2.29362515,0.10847561,1.16378182,2.07509381,0.10844703,1.0
2438852.596038,0.9783434,2.13926581,2.29364001,0.10847883,1.16377277,2.07506654,0.10845024,1.0
2438852.598788,0.9810504,2.13924628,2.29365637,0.10848237,1.16376281,2.07503655,0.10845378,1.0
2438852.6011630003,0.9172576,2.13922941,2.29367049,0.10848543,1.16375422,2.07501065,0.10845683,1.0
2438852.604329,0.8963781,2.13920692,2.29368932,0.1084895,1.16374276,2.07497612,0.1084609,1.0
2438852.605664,0.8824525,2.13919745,2.29369725,0.10849122,1.16373793,2.07496157,0.10846262,1.0
2438852.60983,0.8751675999999999,2.13916786,2.29372203,0.10849658,1.16372286,2.07491614,0.10846797,1.0
2438852.617955,0.8350091999999999,2.13911014,2.29377035,0.10850705,1.16369348,2.07482753,0.10847842,1.0
2438852.620164,0.8481863000000002,2.13909445,2.29378348,0.10850989,1.1636855,2.07480344,0.10848126,1.0
2438875.421376,0.9500655,1.97195075,2.42352517,0.1375666,1.14774672,1.84657161,0.13750534,1.0
2438875.424251,0.8981596,1.97192903,2.42354078,0.13757023,1.14775256,1.84654651,0.13750896,1.0
2438875.437002,0.9182344,1.97183271,2.42361,0.1375863,1.14777851,1.84643522,0.13752501,1.0
2438875.441377,0.8616950000000001,1.97179966,2.42363375,0.13759181,1.14778742,1.84639704,0.13753052,1.0
2438875.446544,0.8428564000000001,1.97176063,2.42366179,0.13759832,1.14779795,1.84635195,0.13753703,1.0
2438875.451002,0.8601091999999999,1.97172695,2.42368599,0.13760394,1.14780704,1.84631305,0.13754264,1.0
2438875.457795,0.8428564000000001,1.97167564,2.42372286,0.1376125,1.14782089,1.84625378,0.13755119,1.0
2438875.46167,0.8704696,1.97164636,2.4237439,0.13761739,1.1478288,1.84621998,0.13755607,1.0
2438875.466128,0.8736824000000001,1.97161268,2.42376809,0.137623,1.14783791,1.84618109,0.13756168,1.0
2438875.469587,0.9413553,1.97158655,2.42378687,0.13762736,1.14784497,1.84615091,0.13756604,1.0
2438875.472128,0.9793851999999998,1.97156735,2.42380066,0.13763057,1.14785017,1.84612875,0.13756924,1.0
2438875.476503,1.017076,1.9715343,2.42382441,0.13763608,1.14785911,1.84609059,0.13757475,1.0
2438875.48017,1.058165,1.97150659,2.42384431,0.1376407,1.14786661,1.8460586,0.13757936,1.0
2438875.483503,1.081816,1.97148141,2.4238624,0.1376449,1.14787343,1.84602953,0.13758356,1.0
2438875.487171,1.089817,1.97145371,2.4238823,0.13764952,1.14788094,1.84599755,0.13758818,1.0
2438875.4960040003,1.076846,1.97138697,2.42393024,0.13766066,1.14789903,1.84592053,0.13759929999999998,1.0
2438875.500088,1.058165,1.97135611,2.42395241,0.13766579999999998,1.1479073999999998,1.84588492,0.13760444,1.0
2438875.508921,1.013336,1.97128938,2.42400035,0.13767693,1.14792552,1.84580792,0.13761556,1.0
2438875.511004,0.9839058,1.97127364,2.42401165,0.13767956,1.14792979,1.84578976,0.13761818,1.0
2438875.515005,0.9775827,1.97124341,2.42403336,0.1376846,1.14793801,1.84575489,0.13762322,1.0
2438875.519047,0.929295,1.97121287,2.42405529,0.13768969,1.14794631,1.84571966,0.13762831,1.0
2438875.522297,0.9224727,1.97118832,2.42407293,0.13769379,1.14795298,1.84569133,0.1376324,1.0
2438875.524797,0.8809546,1.97116943,2.4240865,0.13769694,1.14795812,1.84566954,0.13763555,1.0
2438875.527964,0.8769070999999999,1.9711455,2.42410368,0.13770093,1.14796463,1.84564194,0.13763953,1.0
2438875.532589,0.8809546,1.97111055,2.42412878,0.13770676,1.14797415,1.84560164,0.13764536,1.0
2438875.536089,0.8712715,1.9710841,2.42414777,0.13771117,1.14798135,1.84557114,0.13764976,1.0
2438875.53938,0.8358984,1.97105923,2.42416563,0.13771532,1.14798812,1.84554247,0.13765391,1.0
2438875.5426310003,0.8522235999999999,1.97103468,2.42418326,0.13771941,1.14799482,1.84551415,0.137658,1.0
2438875.546465,0.8569460999999999,1.9710057,2.42420407,0.13772425,1.14800271,1.84548075,0.13766282,1.0
2438875.55109,0.8648754999999999,1.97097076,2.42422916,0.13773007,1.14801224,1.84544046,0.13766865,1.0
2438875.554006,0.8866527,1.97094872,2.42424499,0.13773375,1.14801826,1.84541505,0.13767232,1.0
2438875.5587150003,0.9216236,1.97091314,2.42427054,0.13773968,1.14802797,1.84537404,0.13767825,1.0
2438875.564798,1.0003540000000002,1.97086717,2.42430354,0.13774735,1.14804052,1.84532105,0.1376859,1.0
2438875.567423,1.069925,1.97084733,2.42431778,0.13775066,1.14804594,1.84529819,0.13768921,1.0
2438875.571966,1.094847,1.97081301,2.42434243,0.13775638,1.14805532,1.84525864,0.13769493,1.0
2438875.5750490003,1.143282,1.97078971,2.42435915,0.13776026,1.14806169,1.84523179,0.13769881,1.0
2438875.577132,1.179651,1.97077397,2.42437045,0.13776289,1.148066,1.84521365,0.13770143,1.0
2438875.581674,1.181826,1.97073965,2.42439509,0.13776861,1.14807539,1.8451741,0.13770715,1.0
2438875.583841,1.203798,1.97072327,2.42440685,0.13777134,1.14807987,1.84515524,0.13770988,1.0
2438875.587507,1.219421,1.97069557,2.42442674,0.13777596,1.14808746,1.84512332,0.13771449,1.0
2438875.591216,1.213818,1.97066754,2.42444686,0.13778064,1.14809513,1.84509103,0.13771916,1.0
2438875.5947990003,1.221669,1.97064046,2.4244663,0.13778515,1.14810255,1.84505984,0.13772367,1.0
2438875.599133,1.211584,1.97060771,2.4244898,0.13779061,1.14811153,1.84502212,0.13772913,1.0
2438875.6015080004,1.186188,1.97058976,2.42450269,0.13779361,1.14811645,1.84500145,0.13773211,1.0
2438875.60455,1.1807379999999998,1.97056677,2.42451919,0.13779744,1.14812276,1.84497497,0.13773594,1.0
2438875.609008,1.115202,1.97053308,2.42454337,0.13780306,1.148132,1.84493617,0.13774156,1.0
2438875.612675,1.064029,1.97050537,2.42456327,0.13780768,1.14813961,1.84490426,0.13774617,1.0
2438875.616092,1.017076,1.97047954,2.4245818,0.13781198,1.1481467,1.84487452,0.13775047,1.0
2438875.619592,0.9839058,1.97045309,2.42460079,0.13781639,1.14815396,1.84484407,0.13775488,1.0
2438875.623092,0.9370301,1.97042664,2.42461977,0.1378208,1.14816123,1.84481361,0.13775929,1.0
2438887.354905,1.086332,1.88047552,2.48661741,0.15250752,1.18682179,1.7537317,0.15243276,1.0
2438887.361031,1.034576,1.8804279,2.48664892,0.15251513,1.18684897,1.7536903999999998,0.15244036,1.0
2438887.365864,0.9880128,1.88039033,2.48667377,0.15252114,1.18687043,1.75365781,0.15244637,1.0
2438887.369864,0.9664126,1.88035923,2.48669434,0.15252612,1.18688819,1.75363084,0.15245134,1.0
2438887.374072,0.933174,1.88032651,2.48671599,0.15253135,1.18690688,1.75360248,0.15245656,1.0
2438887.377656,0.9060717,1.88029864,2.48673442,0.1525358,1.18692279,1.75357832,0.15246102,1.0
2438887.381572,0.9085789,1.8802682,2.48675456,0.15254067,1.18694019,1.75355193,0.15246588,1.0
2438887.385031,0.8878969999999999,1.8802413,2.48677234,0.15254497,1.18695556,1.75352862,0.15247018,1.0
2438887.389156,0.8797567,1.88020923,2.48679356,0.1525501,1.18697389,1.75350082,0.15247529999999998,1.0
2438887.393614,0.8652917999999999,1.88017456,2.48681648,0.15255564,1.1869937,1.75347079,0.15248084,1.0
2438887.394781,0.8862629000000001,1.88016549,2.48682248,0.15255709,1.18699889,1.75346293,0.15248229,1.0
2438887.3997810003,0.8887152,1.88012661,2.48684819,0.15256331,1.18702111,1.75342924,0.1524885,1.0
2438887.4018220003,0.8813788,1.88011074,2.48685869,0.15256585,1.18703019,1.7534154999999998,0.15249103,1.0
2438887.4064470003,0.8749083000000001,1.88007478,2.48688247,0.1525716,1.18705076,1.75338435,0.15249678,1.0
2438887.409239,0.8813788,1.88005307,2.48689683,0.15257507,1.18706317,1.75336554,0.15250025,1.0
2438887.411822,0.9237673,1.88003299,2.48691011,0.15257828,1.18707466,1.75334815,0.15250346,1.0
2438887.415823,0.9288864,1.88000188,2.48693067,0.15258325,1.18709245,1.75332122,0.15250842,1.0
2438887.41849,0.9610868,1.87998115,2.48694439,0.15258657,1.18710432,1.75330326,0.15251174,1.0
2438887.419865,1.018504,1.87997045,2.48695146,0.15258828,1.18711044,1.75329401,0.15251345,1.0
2438887.422698,1.05965,1.87994842,2.48696602,0.1525918,1.18712304,1.75327493,0.15251696,1.0
2438887.432948,1.115739,1.87986872,2.48701872,0.15260454,1.18716867,1.75320595,0.1525297,1.0
2438887.43599,1.103475,1.87984506,2.48703436,0.15260832,1.18718221,1.75318547,0.15253347,1.0
2438887.439573,1.111636,1.8798172,2.48705278,0.15261277,1.18719816,1.75316137,0.15253792,1.0
2438887.44324,1.098405,1.87978869,2.48707164,0.15261733,1.1872145,1.75313669,0.15254248,1.0
2438887.448115,1.094366,1.87975078,2.4870967,0.15262339,1.18723621,1.7531039000000002,0.15254853,1.0
2438887.450782,1.084333,1.87973004,2.48711041,0.15262671,1.18724809,1.75308596,0.15255185,1.0
2438887.454365,1.032672,1.87970217,2.48712883,0.15263116,1.18726405,1.75306186,0.15255629999999998,1.0
2438887.459032,0.9880128,1.87966588,2.48715282,0.15263696,1.18728485,1.75303047,0.15256209,1.0
2438887.467948,0.9212183,1.87959654,2.48719865,0.15264805,1.18732459,1.75297052,0.15257317,1.0
2438887.471323,0.9136137,1.8795703,2.487216,0.15265224,1.18733964,1.75294783,0.15257736,1.0
2438887.4744490003,0.9263234,1.87954599,2.48723207,0.15265613,1.18735358,1.75292683,0.15258124,1.0
2438887.477491,0.9186765,1.87952234,2.4872477,0.15265991,1.18736714,1.75290638,0.15258502,1.0
2438887.482658,0.9119322,1.87948215,2.48727426,0.15266633,1.18739019,1.75287165,0.15259144,1.0
2438887.4864080003,0.8911742,1.87945299,2.48729354,0.15267099,1.18740692,1.75284645,0.1525961,1.0
2438887.489366,0.8985921,1.87942998,2.48730874,0.15267467,1.18742012,1.75282658,0.15259977,1.0
2438887.493199,0.8944634,1.87940017,2.48732844,0.15267943,1.18743722,1.75280082,0.15260453,1.0
2438887.496741,0.8757145000000001,1.87937263,2.48734665,0.15268384,1.18745303,1.75277703,0.15260893,1.0
2438887.499866,0.8862629000000001,1.87934832,2.48736271,0.15268772,1.18746698,1.75275604,0.15261281,1.0
2438887.5040740003,0.8838174999999999,1.87931559,2.48738434,0.15269295,1.18748577,1.75272777,0.15261804,1.0
2438887.506574,0.9186765,1.87929615,2.48739719,0.15269606,1.18749693,1.75271098,0.15262114,1.0
2438887.508533,0.9934879,1.87928091,2.48740726,0.1526985,1.18750568,1.75269783,0.15262358,1.0
2438887.511991,1.047038,1.87925402,2.48742503,0.15270279,1.18752112,1.75267461,0.15262787,1.0
2438887.514241,1.104492,1.87923652,2.48743659,0.15270559,1.18753117,1.7526595,0.15263066,1.0
2438887.5174490004,1.1491129999999998,1.87921157,2.48745308,0.15270958,1.1875455,1.75263796,0.15263465,1.0
2438887.520324,1.162954,1.87918921,2.48746785,0.15271315,1.18755834,1.75261866,0.15263822,1.0
2438887.525741,1.154417,1.87914707,2.48749569,0.15271989,1.18758255,1.75258229,0.15264495,1.0
2438887.5284490003,1.20771,1.87912601,2.48750961,0.15272325,1.18759465,1.75256412,0.15264831,1.0
2438887.532784,1.174796,1.8790923,2.48753188,0.15272864,1.18761402,1.75253503,0.15265369,1.0
2438887.535284,1.191139,1.87907286,2.48754473,0.15273175,1.18762519,1.75251825,0.1526568,1.0
2438887.53895,1.182395,1.87904434,2.48756357,0.1527363,1.18764158,1.75249365,0.15266135,1.0
2438887.542992,1.186759,1.8790129,2.48758434,0.15274133,1.18765966,1.75246654,0.15266637,1.0
2438887.546534,1.1491129999999998,1.87898535,2.48760254,0.15274573,1.1876755,1.75244277,0.15267077,1.0
2438887.5517,1.102459,1.87894517,2.48762908,0.15275215,1.18769861,1.75240812,0.15267719,1.0
2438887.556992,1.034576,1.87890401,2.48765628,0.15275873,1.18772228,1.75237263,0.15268376,1.0
2438887.56145,1.023205,1.87886933,2.48767918,0.15276427,1.18774223,1.75234273,0.15268929,1.0
2438887.566367,0.9699796,1.87883108,2.48770445,0.15277038,1.18776424,1.75230976,0.1526954,1.0
2438887.569284,0.9366181,1.87880839,2.48771944,0.15277401,1.18777729,1.75229021,0.15269902,1.0
2438890.421201,0.8516396999999999,1.8565453,2.50227746,0.15631325,1.20126786,1.73394141,0.15623546,1.0
2438890.425867,0.8611045,1.85650875,2.50230112,0.15631903,1.20129109,1.73391267,0.15624123,1.0
2438890.429367,0.8779219000000001,1.85648134,2.50231887,0.15632337,1.20130852,1.73389113,0.15624557,1.0
2438890.432909,0.8819741,1.85645359,2.50233682,0.15632776,1.20132616,1.73386932,0.15624995,1.0
2438890.436534,0.8618979999999999,1.8564252,2.5023552,0.15633225,1.20134421,1.73384701,0.15625444,1.0
2438890.440076,0.8722799000000001,1.85639746,2.50237316,0.15633664,1.20136185,1.73382521,0.15625882,1.0
2438890.443617,0.8917761999999999,1.85636972,2.50239111,0.15634102,1.2013795,1.73380342,0.15626321,1.0
2438890.446617,0.9150732,1.85634622,2.50240632,0.15634474,1.20139444,1.73378495,0.15626692,1.0
2438890.448534,0.9923294,1.85633121,2.50241604,0.15634712,1.20140399,1.73377316,0.15626929,1.0
2438890.451409,1.039096,1.85630869,2.50243061,0.15635068,1.20141832,1.73375547,0.15627285,1.0
2438890.458409,1.165885,1.85625385,2.5024661,0.15635935,1.20145321,1.73371241,0.15628152,1.0
2438890.460909,1.144606,1.85623427,2.50247877,0.15636245,1.20146567,1.73369703,0.15628461,1.0
2438890.465201,1.191944,1.85620065,2.50250053,0.15636776,1.20148707,1.73367064,0.15628993,1.0
2438890.468659,1.178843,1.85617356,2.50251806,0.15637205,1.20150431,1.73364938,0.15629421,1.0
2438890.472492,1.186468,1.85614354,2.50253749,0.15637679999999998,1.20152342,1.73362581,0.15629895,1.0
2438890.47716,1.173426,1.85610698,2.50256114,0.15638258,1.2015467,1.73359712,0.15630473,1.0
2438890.479743,1.16374,1.85608674,2.50257424,0.15638578,1.20155958,1.73358124,0.15630793,1.0
2438890.48466,1.113412,1.85604823,2.50259916,0.15639187,1.20158411,1.73355102,0.15631401,1.0
2438890.491868,1.099147,1.85599176,2.50263569,0.15640079999999998,1.20162008,1.73350673,0.15632293,1.0
2438890.497827,1.027675,1.85594508,2.50266589,0.15640818,1.20164982,1.73347012,0.15633031,1.0
2438890.501952,0.956436,1.85591276,2.5026868,0.15641329,1.20167041,1.73344478,0.15633542,1.0
2438890.5067020003,0.9303704,1.85587555,2.50271087,0.15641917,1.20169412,1.7334156000000005,0.1563413,1.0
2438890.5103680003,0.9218407,1.85584683,2.50272945,0.15642371,1.20171243,1.73339309,0.15634583,1.0
2438890.51441,0.9201441,1.85581516,2.50274994,0.15642872,1.20173261,1.73336827,0.15635084,1.0
2438890.518035,0.8884968000000001,1.85578677,2.50276831,0.15643321,1.20175072,1.73334602,0.15635532,1.0
2438890.522535,0.8690722,1.85575151,2.50279111,0.15643879,1.2017732,1.73331839,0.15636089,1.0
2438890.526327,0.8787309000000001,1.8557218,2.50281033,0.15644348,1.20179214,1.73329512,0.15636559,1.0
2438890.533702,0.8779219000000001,1.85566402,2.5028477,0.15645262,1.20182899,1.73324986,0.15637472,1.0
2438890.541743,0.8626921999999999,1.85560103,2.50288845,0.15646258,1.20186918,1.73320053,0.15638467,1.0
2438890.545202,0.8852293999999999,1.85557392,2.50290598,0.15646686,1.20188647,1.73317931,0.15638895,1.0
2438890.548452,0.9312276,1.85554846,2.50292245,0.15647089,1.20190272,1.73315938,0.15639297,1.0
2438890.550868,0.9573172,1.85552953,2.50293469,0.15647388,1.2019148000000002,1.73314456,0.15639596,1.0
2438890.555577,0.9751151,1.85549264,2.50295855,0.15647972,1.20193835,1.73311568,0.15640179,1.0
2438890.557453,1.034322,1.85547795,2.50296805,0.15648204,1.20194773,1.73310419,0.15640411,1.0
2438890.563619,1.05744,1.85542964,2.50299929,0.15648968,1.20197857,1.73306638,0.15641175,1.0
2438890.568619,1.06428,1.85539046,2.50302462,0.15649587,1.20200359,1.73303574,0.15641793,1.0
2438890.571703,1.05939,1.8553663,2.50304025,0.15649969,1.20201902,1.73301683,0.15642175,1.0
2438890.574828,1.118551,1.85534181,2.50305608,0.15650356,1.20203466,1.73299768,0.15642562,1.0
2438890.578536,1.095105,1.85531276,2.50307487,0.15650815,1.20205321,1.73297496,0.15643021,1.0
2438890.583744,1.086065,1.85527195,2.50310125,0.1565146,1.20207928,1.73294306,0.15643665,1.0
2438890.587203,1.076108,1.85524485,2.50311878,0.15651889,1.2020966,1.73292187,0.15644094,1.0
2438890.591369,1.027675,1.85521221,2.50313988,0.15652405,1.20211746,1.73289635,0.15644609,1.0
2438890.594994,1.036229,1.8551838,2.50315825,0.15652854,1.20213561,1.73287415,0.15645058,1.0
2438902.244855,1.09035,1.7626906000000002,2.56050299,0.17085188,1.27095937,1.67563599,0.17076444,1.0
2438902.263355,0.940949,1.76254182,2.56059137,0.17087445,1.27108366,1.67556863,0.17078699,1.0
2438902.267938,0.9331814,1.76250497,2.56061326,0.17088004,1.27111446,1.67555195,0.17079258,1.0
2438902.273605,0.9144629,1.76245939,2.56064033,0.17088696,1.27115254,1.67553134,0.17079949,1.0
2438902.276563,0.9136211,1.7624356,2.56065446,0.17089056,1.27117242,1.67552058,0.1708031,1.0
2438902.28198,0.9220746,1.76239204,2.56068034,0.17089717,1.27120883,1.67550088,0.1708097,1.0
2438902.2843130003,0.9306064,1.76237328,2.56069148,0.17090002,1.27122451,1.6754924,0.17081255,1.0
2438902.2884380003,0.9136211,1.7623401,2.56071118,0.17090505,1.27125224,1.67547741,0.17081758,1.0
2438902.291105,0.8870868000000001,1.76231865,2.56072392,0.1709083,1.27127017,1.67546772,0.17082083,1.0
2438902.294563,0.8773361999999999,1.76229084,2.56074044,0.17091252,1.27129342,1.67545516,0.17082504,1.0
2438902.298355,0.9237747,1.76226035,2.56075855,0.17091715,1.27131891,1.67544139,0.17082967,1.0
2438902.3029380003,0.9323223,1.76222349,2.56078044,0.17092274,1.27134973,1.67542475,0.17083526,1.0
2438902.3056880003,0.9862025,1.76220137,2.56079357,0.17092609,1.27136822,1.67541477,0.17083861,1.0
2438902.309105,0.9953277,1.76217389,2.56080989,0.17093026,1.2713912,1.67540237,0.17084277,1.0
2438902.312105,1.048977,1.76214976,2.56082422,0.17093392,1.27141138,1.67539148,0.17084643,1.0
2438902.318188,1.077373,1.76210083,2.56085327,0.17094134,1.27145229,1.67536942,0.17085385,1.0
2438902.321063,1.114721,1.76207771,2.560867,0.17094485,1.27147163,1.67535899,0.17085735,1.0
2438902.324688,1.129188,1.76204856,2.56088431,0.17094927,1.27149601,1.67534585,0.17086177,1.0
2438902.326646,1.104501,1.76203281,2.56089366,0.17095166,1.27150918,1.67533875,0.17086416,1.0
2438902.330563,1.099426,1.7620013,2.56091237,0.17095644,1.27153554,1.67532455,0.17086894,1.0
2438902.33473,1.112669,1.76196779,2.56093227,0.17096152,1.27156357,1.67530945,0.17087402,1.0
2438902.340646,1.0823459999999998,1.7619202,2.56096052,0.17096874,1.27160338,1.67528802,0.17088123,1.0
2438902.345063,1.06357,1.76188468,2.56098161,0.17097412,1.2716331,1.67527203,0.17088661,1.0
2438902.347646,0.9971628,1.7618638999999998,2.56099394,0.17097727,1.27165048,1.67526268,0.17088976,1.0
2438902.35223,1.004537,1.76182703,2.56101583,0.17098287,1.27168133,1.67524609,0.17089535,1.0
2438902.354396,0.9655307,1.76180961,2.56102617,0.17098551,1.27169591,1.67523825,0.17089799,1.0
2438902.358188,0.9628665,1.76177911,2.56104428,0.17099013,1.27172143,1.67522453,0.17090261,1.0
2438902.360938,0.9496555,1.76175699,2.56105741,0.17099349,1.27173994,1.67521458,0.17090597,1.0
2438902.363979,0.9144629,1.76173252,2.56107193,0.17099720000000002,1.27176042,1.67520358,0.17090968,1.0
2438902.366937,0.9136211,1.76170872,2.56108606,0.17100081,1.27178034,1.67519288,0.17091328,1.0
2438902.374187,0.8838246,1.76165041,2.56112067,0.17100965,1.27182915,1.67516668,0.17092212,1.0
2438902.37652,0.8708956,1.76163164,2.56113181,0.1710125,1.27184486,1.67515824,0.17092496,1.0
2438902.382395,0.8821979999999999,1.76158438,2.56115986,0.17101966,1.27188442,1.67513702,0.17093213,1.0
2438902.38477,0.8821979999999999,1.76156528,2.56117119,0.17102256,1.27190041,1.67512844,0.17093502,1.0
2438902.387229,0.8911813000000001,1.7615455000000002,2.56118293,0.17102556,1.27191697,1.67511956,0.17093802,1.0
2438902.392062,0.8733052,1.76150662,2.56120601,0.17103145,1.27194952,1.67510211,0.17094391,1.0
2438902.394687,0.9111001,1.7614855,2.56121854,0.17103465,1.2719672,1.67509264,0.17094711,1.0
2438902.398187,0.9682022,1.76145735,2.56123524,0.17103892,1.27199077,1.67508,0.17095138,1.0
2438902.402354,1.005463,1.76142383,2.56125514,0.17104401,1.27201884,1.67506497,0.17095646,1.0
2438902.40452,1.044158,1.7614063999999998,2.56126548,0.17104665,1.27203344,1.67505716,0.1709591,1.0
2438902.408895,1.06357,1.76137121,2.56128636,0.17105198,1.27206291,1.67504138,0.17096443,1.0
2438902.412395,1.116776,1.76134305,2.56130307,0.17105625,1.27208649,1.67502876,0.1709687,1.0
2438902.415854,1.15762,1.76131523,2.56131958,0.17106047,1.2721098,1.67501629,0.17097291,1.0
2438902.419979,1.161893,1.76128204,2.56133927,0.1710655,1.27213759,1.67500142,0.17097794,1.0
2438902.423562,1.170486,1.76125322,2.56135637,0.17106987,1.27216174,1.67498851,0.17098231,1.0
2438902.426479,1.1922469999999998,1.76122975,2.56137029,0.17107343,1.2721813999999998,1.674978,0.17098587,1.0
2438902.430729,1.195545,1.76119556,2.56139058,0.17107861,1.27221004,1.67496269,0.17099105,1.0
2438902.434062,1.187862,1.76116875,2.56140648,0.17108268,1.27223251,1.67495069,0.17099511,1.0
2438902.438229,1.1672559999999998,1.76113523,2.56142637,0.17108776,1.27226059,1.67493569,0.17100019,1.0
2438902.44177,1.148064,1.76110674,2.56144327,0.17109208,1.27228446,1.67492295,0.17100451,1.0
2438902.444187,1.123999,1.7610873,2.56145481,0.17109503,1.27230076,1.67491425,0.17100745,1.0
2438902.449187,1.0823459999999998,1.76104707,2.56147867,0.17110113,1.27233447,1.67489626,0.17101355,1.0
2438902.4511450003,1.05188,1.76103132,2.56148801,0.17110352,1.27234767,1.67488922,0.17101593,1.0
2438902.452812,0.9962449,1.76101791,2.56149597,0.17110555,1.27235891,1.67488322,0.17101797,1.0
2438902.4580200003,0.9470352,1.76097601,2.56152082,0.17111189999999998,1.27239403,1.6748645,0.17102431,1.0
2438902.459895,0.905245,1.76096092,2.56152977,0.17111419,1.27240667,1.67485776,0.1710266,1.0
2438902.463479,0.8708956,1.76093209,2.56154687,0.17111856,1.27243084,1.67484487,0.17103097,1.0
2438902.464895,0.8700939,1.7609206999999998,2.56155362,0.17112029,1.27244039,1.67483979,0.17103269,1.0
2438902.467312,0.8952949,1.76090125,2.56156516,0.17112323,1.27245669,1.6748311000000002,0.17103564,1.0
2438902.472604,0.8838246,1.76085868,2.56159041,0.17112969,1.27249239,1.67481209,0.17104209,1.0
2438902.475354,0.8977719999999999,1.76083655,2.56160353,0.17113304,1.27251094,1.67480221,0.17104544,1.0
2438914.214696,0.9379223,1.6652228,2.61586863,0.1853304,1.3589332,1.64887481,0.18523675,1.0
2438914.218946,0.925906,1.66518777,2.61588764,0.1853355,1.35896669,1.64887147,0.18524185,1.0
2438914.222655,0.9081694,1.66515719,2.61590423,0.18533994,1.35899591,1.64886856,0.18524629,1.0
2438914.227945,0.8932374,1.66511358,2.61592789,0.18534629,1.3590376,1.64886441,0.18525263,1.0
2438914.23007,0.8753200999999999,1.66509606,2.61593739,0.18534883,1.35905434,1.64886275,0.18525518,1.0
2438914.235529,0.8957088,1.66505106,2.6159618,0.18535538,1.35909736,1.64885848,0.18526173,1.0
2438914.238779,0.9098438,1.66502427,2.61597634,0.18535928,1.35912297,1.64885595,0.18526562,1.0
2438914.24332,0.9023331,1.66498683,2.61599664,0.18536472,1.35915875,1.64885241,0.18527106,1.0
2438914.246695,0.8858636000000001,1.66495901,2.61601174,0.18536877,1.35918535,1.64884978,0.18527511,1.0
2438914.2513200003,0.9250535,1.66492088,2.61603242,0.18537431,1.35922179,1.64884618,0.18528065,1.0
2438914.255237,0.9794153,1.66488859,2.61604993,0.18537901,1.35925266,1.64884314,0.18528535,1.0
2438914.259862,1.016171,1.66485046,2.61607061,0.18538455,1.35928912,1.64883955,0.18529089,1.0
2438914.262904,1.039841,1.66482539,2.61608421,0.1853882,1.35931309,1.64883719,0.18529454,1.0
2438914.266528,1.072919,1.6647955,2.61610042,0.18539255,1.35934166,1.64883439,0.18529888,1.0
2438914.269111,1.098922,1.66477421,2.61611197,0.18539564,1.35936202,1.64883239,0.18530198,1.0
2438914.272403,1.132836,1.66474707,2.61612669,0.18539959,1.35938797,1.64882985,0.18530592,1.0
2438914.275736,1.110112,1.66471959,2.61614159,0.18540359,1.35941424,1.64882728,0.18530992,1.0
2438914.279194,1.12867,1.66469108,2.61615705,0.18540773,1.3594415000000002,1.64882461,0.18531406,1.0
2438914.281903,1.12867,1.66466875,2.61616916,0.18541098,1.35946286,1.64882252,0.18531731,1.0
2438914.286986,1.114209,1.66462684,2.61619189,0.18541707,1.35950293,1.64881862,0.1853234,1.0
2438914.291694,1.094881,1.66458803,2.61621293,0.18542272,1.35954004,1.648815,0.18532904,1.0
2438914.298028,1.043679,1.66453581,2.61624125,0.18543031,1.35958998,1.64881015,0.18533663,1.0
2438914.306735,0.9803177,1.66446402,2.61628017,0.18544075,1.35965864,1.64880349,0.18534707,1.0
2438915.343958,1.187935,1.65590344,2.62090287,0.18668325,1.36787393,1.64814551,0.18658921,1.0
2438915.350874,1.216725,1.65584629,2.6209336,0.18669153,1.36792895,1.64814202,0.18659749,1.0
2438915.354332,1.227983,1.65581772,2.62094897,0.18669567,1.36795646,1.64814028,0.18660163,1.0
2438915.357415,1.185748,1.65579225,2.62096266,0.18669936,1.36798099,1.64813874,0.18660532,1.0
2438915.360207,1.20446,1.65576918,2.62097507,0.1867027,1.3680032,1.64813734,0.18660866,1.0
2438915.3639990003,1.20446,1.65573786,2.62099192,0.18670724,1.36803337,1.64813544,0.18661319,1.0
2438915.366624,1.163034,1.65571617,2.62100358,0.18671038,1.36805426,1.64813413,0.18661633,1.0
2438915.369165,1.159825,1.65569517,2.62101487,0.18671342,1.36807448,1.64813286,0.18661937,1.0
2438915.374082,1.114789,1.65565455,2.62103671,0.18671931,1.3681136,1.64813041,0.18662526,1.0
2438915.377707,1.061677,1.6556246,2.62105282,0.18672364,1.36814244,1.64812861,0.1866296,1.0
2438915.380332,1.018574,1.65560291,2.62106448,0.18672679,1.36816333,1.6481273,0.18663274,1.0
2438915.387914,0.9523412,1.65554026,2.62109816,0.18673586,1.36822367,1.64812355,0.18664181,1.0
2438915.3913310003,0.9289505,1.65551203,2.62111334,0.18673995,1.36825087,1.64812186,0.1866459,1.0
2438915.394206,0.9094787,1.65548827,2.62112611,0.18674339,1.36827375,1.64812045,0.18664934,1.0
2438915.398206,0.8970002,1.65545522,2.62114388,0.18674818,1.36830558,1.64811848,0.18665412,1.0
2438915.4028310003,0.8701469000000001,1.65541701,2.62116442,0.18675371,1.36834239,1.64811621,0.18665966,1.0
2438915.404789,0.8846928,1.65540083,2.62117312,0.18675606,1.36835797,1.64811525,0.186662,1.0
2438915.407498,0.8773896999999999,1.65537844,2.62118515,0.1867593,1.36837953,1.64811392,0.18666524,1.0
2438915.411039,0.8814396000000001,1.65534919,2.62120088,0.18676354,1.36840772,1.64811219,0.18666948,1.0
2438915.414164,0.8986540000000001,1.65532337,2.62121476,0.18676728,1.36843259,1.64811067,0.18667322,1.0
2438915.416206,0.8830646999999999,1.65530649,2.62122383,0.18676972,1.36844884,1.64810967,0.18667566,1.0
2438915.421038,0.8749687,1.65526656,2.62124529,0.18677551,1.36848731,1.64810732,0.18668144,1.0
2438915.424122,0.8978267,1.65524108,2.62125899,0.1867792,1.36851186,1.64810583,0.18668513,1.0
2438915.427372,0.9340982,1.65521422,2.62127342,0.18678309,1.36853773,1.64810425,0.18668902,1.0
2438915.431663,0.9664791,1.65517876,2.62129248,0.18678822,1.36857189,1.64810218,0.18669416,1.0
2438915.43633,1.017636,1.6551401999999995,2.62131321,0.18679381,1.36860904,1.64809992,0.18669974,1.0
2438915.43933,1.0548540000000002,1.65511541,2.62132653,0.1867974,1.36863293,1.64809848,0.18670333,1.0
2438915.44458,1.058748,1.65507203,2.62134984,0.18680368,1.36867472,1.64809596,0.18670961,1.0
2438915.4474130003,1.099493,1.65504862,2.62136242,0.18680707,1.36869728,1.6480946,0.186713,1.0
2438915.4519970003,1.070514,1.65501074,2.62138278,0.18681256,1.36873377,1.6480924,0.18671848,1.0
2438915.454705,1.127178,1.65498836,2.6213948,0.1868158,1.36875534,1.64809111,0.18672172,1.0
2438915.458746,1.130297,1.65495496,2.62141275,0.18682063,1.36878752,1.64808918,0.18672656,1.0
2438915.461371,1.115816,1.65493327,2.62142441,0.18682378,1.36880842,1.64808793,0.1867297,1.0
2438915.465621,1.0804200000000002,1.65489815,2.62144328,0.18682886,1.36884226,1.64808591,0.18673478,1.0
2438915.469537,1.074466,1.65486579,2.62146067,0.18683355,1.36887344,1.64808406,0.18673947,1.0
2438915.473246,0.9853546,1.65483514,2.62147713,0.18683799,1.36890298,1.6480823,0.18674391,1.0
2438915.478704,0.9700464,1.65479003,2.62150137,0.18684452,1.36894645,1.64807973,0.18675044,1.0
2438915.483162,0.9754219,1.65475319,2.62152116,0.18684985,1.36898195,1.64807763,0.18675577,1.0
2438915.485371,0.9289505,1.65473494,2.62153097,0.1868525,1.36899954,1.64807659,0.18675841,1.0
2438915.489412,0.8677458,1.65470154,2.62154891,0.18685733,1.36903172,1.64807469,0.18676325,1.0
2438915.4919950003,0.8953494000000001,1.65468019,2.62156038,0.18686042,1.3690523,1.64807348,0.18676634,1.0
2438915.4961200003,0.8717511,1.6546461,2.62157869,0.18686536,1.36908516,1.64807156,0.18677127,1.0
2438915.499786,0.8653514000000001,1.6546158,2.62159496,0.18686975,1.36911436,1.64806984,0.18677566,1.0
2438915.50287,0.8773896999999999,1.65459032,2.62160865,0.18687344,1.36913892,1.64806841,0.18677935,1.0
2438915.505495,0.8733584999999999,1.65456862,2.62162031,0.18687658,1.36915983,1.64806719,0.18678249,1.0
2438915.5129110003,0.855052,1.65450734,2.62165323,0.18688545,1.3692189,1.64806375,0.18679136,1.0
2438915.518161,0.8749687,1.65446395,2.62167653,0.18689173,1.36926073,1.64806132,0.18679764,1.0
2438915.522036,0.9280952,1.65443192,2.62169373,0.18689637,1.3692916000000002,1.64805954,0.18680228,1.0
2438930.295685,0.8921242,1.53058971,2.68441341,0.2043659,1.49153629,1.66904465,0.20426993,1.0
2438930.299893,0.8896625,1.53055396,2.68443045,0.20437082,1.49157169,1.66905864,0.20427485,1.0
2438930.302725,0.9120639,1.53052989,2.68444192,0.20437412,1.49159551,1.66906807,0.20427816,1.0
2438930.303184,0.9120639,1.53052599,2.68444377,0.20437466,1.49159938,1.66906959,0.20427869,1.0
2438930.305475,0.8766482,1.53050653,2.68445305,0.20437734,1.49161865,1.66907721,0.20428137,1.0
2438930.307975,0.868611,1.53048529,2.68446317,0.20438025,1.49163967,1.66908553,0.20428429,1.0
2438930.311725,0.8726202,1.53045343,2.68447835,0.20438463,1.49167121,1.66909801,0.20428866,1.0
2438930.314392,0.9129044,1.53043077,2.68448915,0.20438775,1.49169365,1.66910689,0.20429178,1.0
2438930.317517,0.9358911,1.53040422,2.6845018,0.2043914,1.49171993,1.66911729,0.20429543,1.0
2438930.319975,0.9701198,1.53038334,2.68451175,0.20439427,1.49174061,1.66912548,0.2042983,1.0
2438930.324349,1.036634,1.53034617,2.68452946,0.20439937,1.4917774,1.66914005,0.20430341,1.0
2438930.3285580003,1.062736,1.53031041,2.6845465,0.20440429,1.49181281,1.66915408,0.20430832,1.0
2438930.332266,1.054934,1.5302789,2.68456151,0.20440862,1.49184399,1.66916644,0.20431265,1.0
2438930.335016,1.0785129999999998,1.53025554,2.68457264,0.20441183,1.49186712,1.6691756000000002,0.20431586,1.0
2438930.337433,1.07752,1.530235,2.68458243,0.20441465,1.49188745,1.66918366,0.20431868,1.0
2438930.3423490003,1.0765280000000002,1.53019323,2.68460233,0.20442039,1.4919288,1.66920006,0.20432442,1.0
2438930.345182,1.09251,1.53016915,2.6846138,0.2044237,1.49195264,1.66920952,0.20432773,1.0
2438930.34939,1.088492,1.5301334,2.68463083,0.20442861,1.49198803,1.66922356,0.20433265,1.0
2438930.351682,1.102619,1.53011393,2.68464011,0.20443129,1.49200731,1.66923121,0.20433532,1.0
2438930.355057,1.030921,1.53008525,2.68465377,0.20443523,1.49203569,1.66924248,0.20433926,1.0
2438930.358265,1.010242,1.53005799,2.68466675,0.20443897,1.49206268,1.6692532,0.20434301,1.0
2438930.362473,0.9550483,1.53002224,2.68468378,0.20444389,1.49209807,1.66926726,0.20434792,1.0
2438930.364765,0.9154304,1.53000276,2.68469306,0.20444656,1.49211735,1.66927492,0.2043506,1.0
2438930.369222,0.9053684,1.52996488,2.6847111,0.20445177,1.49215484,1.66928982,0.2043558,1.0
2438930.372056,0.8880252000000001,1.5299408,2.68472257,0.20445507,1.49217868,1.66929929,0.20435911,1.0
2438930.375722,0.8790737,1.52990965,2.6847374,0.20445935,1.49220951,1.66931155,0.20436339,1.0
2438930.378556,0.8622343000000001,1.52988557,2.68474887,0.20446266,1.49223335,1.66932103,0.2043667,1.0
2438930.382139,0.8325786000000001,1.52985513,2.68476337,0.20446685,1.49226348,1.66933302,0.20437088,1.0
2438930.384722,0.8387360999999999,1.52983318,2.68477382,0.20446986,1.49228521,1.66934167,0.2043739,1.0
2438930.387846,0.851972,1.52980663,2.68478647,0.20447351,1.49231149,1.66935213,0.20437755,1.0
2438930.390596,0.8815061,1.52978326,2.6847976000000005,0.20447672,1.49233462,1.66936134,0.20438076,1.0
2438930.393638,0.8774558000000001,1.52975741,2.68480991,0.20448027,1.49236021,1.66937153,0.20438431,1.0
2438930.396471,0.8535429,1.52973334,2.68482137,0.20448358,1.49238404,1.66938102,0.20438762,1.0
2438930.399513,0.8726202,1.52970749,2.68483368,0.20448713,1.49240962,1.66939121,0.20439117,1.0
2438930.402055,0.8574825,1.52968589,2.68484396,0.2044901,1.4924309999999998,1.66939973,0.20439414,1.0
2438930.404013,0.9145876,1.52966925,2.68485188,0.20449238,1.49244747,1.66940629,0.20439642,1.0
2438930.408679,0.9515362,1.52962959,2.68487077,0.20449783,1.49248672,1.66942194,0.20440187,1.0
2438930.41072,1.007454,1.52961225,2.68487902,0.20450021,1.49250389,1.66942879,0.20440425,1.0
2438930.413012,1.023353,1.52959277,2.6848883,0.20450289,1.49252316,1.66943647,0.20440693,1.0
2438930.416429,1.036634,1.52956374,2.68490212,0.20450688,1.4925518999999998,1.66944794,0.20441092,1.0
2438930.4190950003,1.085489,1.52954108,2.68491291,0.20450999,1.49257433,1.66945688,0.20441403,1.0
2438930.421679,1.123118,1.52951912,2.68492336,0.20451301,1.49259606,1.66946556,0.20441705,1.0
2438930.424429,1.178217,1.52949575,2.68493449,0.20451622,1.49261919,1.66947479,0.20442026,1.0
2438930.42772,1.193508,1.52946779,2.6849478,0.20452006,1.49264687,1.66948584,0.2044241,1.0
2438930.4301360003,1.16634,1.52944725,2.68495758,0.20452288,1.49266719,1.66949396,0.20442692,1.0
2438930.433761,1.178217,1.52941644,2.68497224,0.20452711,1.49269768,1.66950614,0.20443115,1.0
2438930.435928,1.188024,1.52939803,2.68498101,0.20452964,1.49271591,1.66951342,0.20443368,1.0
2438930.438594,1.200122,1.52937537,2.68499179,0.20453275,1.49273833,1.66952238,0.2044368,1.0
2438930.441969,1.219061,1.52934669,2.68500544,0.20453669,1.49276672,1.66953373,0.20444074,1.0
2438930.445094,1.1439979999999998,1.52932014,2.68501808,0.20454034,1.492793,1.66954423,0.20444438,1.0
2438930.447928,1.1356,1.52929605,2.68502955,0.20454365,1.49281683,1.66955376,0.20444769,1.0
2438930.450427,1.1439979999999998,1.52927481,2.68503966,0.20454657,1.49283786,1.66956217,0.20445061,1.0
2438930.454135,1.081497,1.5292433,2.68505466,0.2045509,1.49286905,1.66957465,0.20445494,1.0
2438930.456635,1.023353,1.52922205,2.68506477,0.20455381,1.49289007,1.66958307,0.20445786,1.0
2438930.459302,1.029972,1.52919939,2.68507556,0.20455693,1.4929125,1.66959204,0.20446097,1.0
2438930.462343,1.011173,1.52917354,2.68508786,0.20456048,1.49293808,1.66960228,0.20446452,1.0
2438930.46501,0.9674428,1.52915088,2.68509864,0.20456359,1.49296051,1.66961126,0.20446763,1.0
2438930.4680520003,0.9963806,1.52912503,2.68511095,0.20456714,1.49298609,1.66962151,0.20447118,1.0
2438930.470468,0.9754955,1.52910449,2.68512072,0.20456996,1.49300641,1.66962965,0.20447401,1.0
2438961.266005,0.8697043999999999,1.26047454,2.79674453,0.23949607,1.72706902,1.89404453,0.23941488,1.0
2438961.267963,0.9492305,1.26045705,2.79675079,0.23949822,1.72708091,1.89406613,0.23941703,1.0
2438961.2712970003,0.9509808,1.26042727,2.79676144,0.23950188,1.72710114,1.89410291,0.23942070000000004,1.0
2438961.27413,1.023698,1.26040196,2.7967705,0.23950499,1.72711834,1.89413416,0.23942381,1.0
2438961.277838,1.018994,1.26036884,2.79678234,0.23950907,1.72714084,1.89417508,0.23942789,1.0
2438961.280671,1.057235,1.26034353,2.7967914,0.23951218,1.72715804,1.89420635,0.23943101,1.0
2438961.284754,1.047543,1.26030705,2.79680444,0.23951667,1.72718281,1.89425141,0.2394355,1.0
2438961.287254,1.067018,1.26028472,2.79681243,0.23951941,1.72719798,1.894279,0.23943824,1.0
2438961.289296,1.088859,1.26026648,2.79681896,0.23952166,1.72721037,1.89430153,0.23944049,1.0
2438961.292921,1.080866,1.2602341,2.79683054,0.23952564,1.72723236,1.89434154,0.23944448,1.0
2438961.2960860003,1.077883,1.26020581,2.79684065,0.23952912,1.72725157,1.89437649,0.23944796,1.0
2438961.299253,1.086855,1.26017752,2.79685077,0.2395326,1.72727078,1.89441145,0.23945144,1.0
2438961.3032110003,1.072931,1.26014217,2.79686341,0.23953694,1.72729478,1.89445514,0.23945579,1.0
2438961.307503,1.04177,1.26010383,2.79687712,0.23954166,1.72732081,1.89450252,0.23946051,1.0
2438961.312377,0.9803289,1.26006028,2.7968927000000003,0.23954701,1.72735037,1.89455635,0.23946587,1.0
2438961.316419,0.9704469,1.26002417,2.79690561,0.23955146,1.72737488,1.89460098,0.23947031,1.0
2438961.319502,0.9362067,1.25999663,2.79691545,0.23955484,1.72739357,1.89463503,0.2394737,1.0
2438961.322834,0.9073435,1.25996685,2.7969261000000003,0.2395585,1.72741378,1.89467184,0.23947737,1.0
2438961.325918,0.8697043999999999,1.2599393,2.79693595,0.23956189,1.72743247,1.8947059,0.23948076,1.0
2438961.3291680003,0.8850581,1.25991027,2.79694633,0.23956546,1.72745217,1.8947418000000005,0.23948433,1.0
2438961.333043,0.8907828000000001,1.25987565,2.7969587,0.23956972,1.72747566,1.8947846,0.23948859,1.0
2438961.336043,0.8617311,1.25984885,2.79696828,0.23957301,1.72749384,1.89481774,0.23949189,1.0
2438961.338417,0.8713081,1.25982763,2.79697587,0.23957562,1.72750823,1.89484398,0.23949450000000005,1.0
2438961.343417,0.8514746,1.25978296,2.79699184,0.23958112,1.72753853,1.89489922,0.2395,1.0
2438961.346917,0.8305614,1.2597517,2.79700301,0.23958496,1.72755973,1.89493789,0.23950384,1.0
2438961.350541,0.8413405,1.25971931,2.79701459,0.23958894,1.72758169,1.89497795,0.23950783,1.0
2438961.3532490004,0.88669,1.25969512,2.79702323,0.23959192,1.7275981,1.89500788,0.23951081,1.0
2438961.356541,0.9267696,1.25966571,2.79703375,0.23959553,1.72761804,1.89504426,0.23951442,1.0
2438961.3587490004,0.9642103,1.25964598,2.7970408,0.23959796,1.72763141,1.89506866,0.23951685,1.0
2438961.3631240004,1.031268,1.2596069,2.79705476,0.23960276,1.72765791,1.89511702,0.23952166,1.0
2438961.365623,1.048508,1.25958456,2.79706275,0.23960551,1.72767305,1.89514465,0.23952441,1.0
2438961.369206,1.077883,1.25955255,2.79707419,0.23960945,1.72769475,1.89518426,0.23952835,1.0
2438961.37179,1.124532,1.25952947,2.79708244,0.23961228,1.72771039,1.89521282,0.23953119,1.0
2438961.374956,1.18952,1.25950118,2.79709254,0.23961576,1.72772956,1.89524783,0.23953467,1.0
2438961.3782900004,1.22849,1.25947139,2.79710319,0.23961942,1.72774975,1.89528469,0.23953833,1.0
2438961.381455,1.203848,1.25944311,2.79711329,0.2396229,1.72776891,1.8953197,0.23954181,1.0
2438961.384539,1.188425,1.25941556,2.79712314,0.23962629,1.72778758,1.8953538,0.2395452,1.0
2443509.27058,0.8018843000000001,-0.60004031,-2.69275824,-0.27995156,-0.77573456,-1.72525538,-0.27989001,1.0
2443509.282955,0.8396758,-0.59991503,-2.69279431,-0.27996588,-0.77582222,-1.7253303,-0.27990433,1.0
2443509.292662,1.063927,-0.59981675,-2.69282261,-0.27997711,-0.77589098,-1.7253891,-0.27991556,1.0
2443509.313453,1.155877,-0.59960625,-2.69288319,-0.28000116,-0.77603823,-1.72551513,-0.27993962,1.0
2443509.321786,1.146335,-0.59952189,-2.69290747,-0.28001079999999995,-0.77609724,-1.72556567,-0.27994926,1.0
2443509.336994,1.020732,-0.59936792,-2.69295177,-0.28002839,-0.77620493,-1.72565797,-0.27996686,1.0
2443509.350326,0.9022185,-0.59923293,-2.6929906000000003,-0.28004381,-0.77629932,-1.72573893,-0.27998228,1.0
2443509.361618,0.8584431999999999,-0.59911861,-2.69302348,-0.28005687,-0.77637925,-1.72580753,-0.27999534,1.0
2443509.366701,0.874403,-0.59906715,-2.69303828,-0.28006274,-0.77641523,-1.72583842,-0.28000122,1.0
2443509.375992,0.9013879,-0.59897307,-2.69306533,-0.28007349,-0.7764810000000001,-1.72589491,-0.28001197,1.0
2443509.382158,0.9865333,-0.59891065,-2.69308328,-0.28008062,-0.77652464,-1.72593241,-0.2800191,1.0
2443509.387408,1.0095120000000002,-0.59885749,-2.69309857,-0.28008669,-0.77656179,-1.72596435,-0.28002518,1.0
2443509.393991,1.037795,-0.59879083,-2.69311773,-0.28009431,-0.77660838,-1.72600441,-0.28003279,1.0
2443509.398699,1.057089,-0.59874317,-2.69313143,-0.28009975,-0.7766417,-1.72603306,-0.28003824,1.0
2443509.407866,1.075751,-0.59865035,-2.69315811,-0.28011035,-0.77670656,-1.72608887,-0.28004884,1.0
2443509.4126560003,1.076742,-0.59860185,-2.69317205,-0.28011589,-0.77674046,-1.72611804,-0.28005438,1.0
2443509.4192810003,1.083707,-0.59853477,-2.69319133,-0.28012355,-0.77678733,-1.7261584,-0.28006204,1.0
2443509.4243650003,1.074761,-0.5984833,-2.69320612,-0.28012943,-0.7768233,-1.72618937,-0.28006792,1.0
2443509.437155,1.003949,-0.59835379,-2.69324333,-0.28014422,-0.77691378,-1.72626733,-0.28008272,1.0
2443509.4404470003,0.9765889,-0.59832046,-2.6932529,-0.28014802,-0.77693706,-1.72628741,-0.28008652,1.0
2443509.455071,0.8833073,-0.59817238,-2.69329544,-0.28016493,-0.77704051,-1.72637661,-0.28010344,1.0
2443509.460071,0.8451074000000001,-0.59812175,-2.69330998,-0.28017071,-0.77707587,-1.72640712,-0.28010922,1.0
2443509.470321,0.8220759,-0.59801797,-2.69333978,-0.28018256,-0.77714835,-1.72646969,-0.28012107,1.0
2443509.47507,0.8160403,-0.59796988,-2.6933536,-0.28018805,-0.77718194,-1.72649869,-0.28012656,1.0
2443509.48107,0.8482263000000001,-0.59790913,-2.69337104,-0.28019499,-0.77722437,-1.72653534,-0.2801335,1.0
2443509.48657,0.9920003,-0.59785344,-2.69338703,-0.28020135,-0.77726325,-1.72656894,-0.28013986,1.0
2443509.493402,1.1099709999999998,-0.59778425,-2.69340689,-0.28020925,-0.77731157,-1.72661069,-0.28014776,1.0
2443509.498527,1.152688,-0.59773236,-2.69342179,-0.28021517,-0.7773478,-1.72664202,-0.28015369,1.0
2443509.505861,1.179537,-0.5976581,-2.6934431,-0.28022365,-0.77739965,-1.72668686,-0.28016217,1.0
2443509.510777,1.178452,-0.59760832,-2.69345739,-0.28022933,-0.7774344,-1.72671692,-0.28016785,1.0
2443509.517193,1.168723,-0.59754335,-2.69347604,-0.28023675,-0.77747976,-1.72675618,-0.28017527,1.0
2443509.52261,1.144226,-0.5974885,-2.69349178,-0.28024301,-0.77751804,-1.72678932,-0.28018153,1.0
2443509.53315,1.055144,-0.59738176,-2.69352241,-0.28025520000000004,-0.77759255,-1.72685384,-0.28019372,1.0
2443509.540817,0.9874421,-0.59730413,-2.69354468,-0.28026406,-0.77764673,-1.72690078,-0.28020259,1.0
2443509.552774,0.8632004000000001,-0.59718304,-2.69357941,-0.28027788,-0.77773123,-1.72697403,-0.28021641,1.0
2444771.66542,0.9434442,-1.73778406,2.17636038,0.40235244,-1.8229963,1.16402301,0.40229319,1.0
2444771.675337,0.9548084,-1.73785956,2.17628949,0.40234975,-1.82290455,1.16393719,0.4022905,1.0
2444771.681504,0.9924673,-1.7379064999999998,2.17624541,0.40234808,-1.82284749,1.16388384,0.40228883,1.0
2444771.691129,1.0183950000000002,-1.73797976,2.1761766,0.40234547,-1.82275843,1.16380058,0.40228622,1.0
2444771.698089,1.024038,-1.73803274,2.17612685,0.40234358,-1.82269403,1.1637403999999998,0.40228433,1.0
2444771.712798,1.063448,-1.73814469,2.17602169,0.4023396,-1.82255792,1.16361325,0.40228035,1.0
2444771.721132,1.052728,-1.73820812,2.17596211,0.40233734,-1.8224808,1.16354123,0.40227809,1.0
2444771.730424,1.044038,-1.73827884,2.17589567,0.40233482,-1.8223948,1.16346095,0.40227557,1.0
2444771.7383,1.006274,-1.73833878,2.17583935,0.40233268,-1.82232191,1.16339293,0.40227343,1.0
2444771.745175,1.006274,-1.73839111,2.17579019,0.40233081,-1.82225828,1.16333356,0.40227156,1.0
2444771.76576,0.9618697,-1.73854776,2.175643,0.40232523,-1.82206775,1.16315588,0.40226598,1.0
2444771.773219,0.9322152,-1.73860453,2.17558966,0.4023232,-1.8219987,1.16309152,0.40226395,1.0
2444772.730078,1.025637,-1.74587369,2.16873528,0.40206106,-1.81312225,1.15495604,0.4020018,1.0
2444772.73537,1.0097040000000002,-1.74591384,2.1686973,0.4020596,-1.81307305,1.1549117,0.40200034,1.0
2444772.740204,1.001368,-1.7459505000000002,2.16866261,0.40205826,-1.81302811,1.15487121,0.401999,1.0
2444772.744829,0.9894499,-1.74598558,2.16862941,0.40205698,-1.81298511,1.15483247,0.40199772,1.0
2444772.762997,0.99585,-1.74612338,2.16849901,0.40205196,-1.81281618,1.15468036,0.4019927,1.0
2444772.768498,0.9903615,-1.7461651000000002,2.16845953,0.40205043,-1.81276504,1.15463432,0.40199118,1.0
2444772.772831,0.9876291,-1.74619796,2.16842843,0.40204924,-1.81272474,1.15459806,0.40198998,1.0
