2444171.645064,1.133216,-2.5235973,-0.50553663,0.45155967,-1.67488516,0.01273493,0.45159577,1.0
2444171.690271,0.8111712,-2.52343121,-0.5060185,0.45160313,-1.67513736,0.01291382,0.45163926,1.0
2444171.734895,1.00998,-2.52326718,-0.50649413,0.45164601,-1.67538673,0.0130901,0.45168218,1.0
2444171.759769,1.080221,-2.5231757000000004,-0.50675925,0.4516699000000001,-1.67552592,0.01318824,0.4517061,1.0
2444171.792601,0.965412,-2.52305493,-0.50710918,0.45170144,-1.67570984,0.01331763,0.45173766,1.0
2444173.6068720003,0.9364907,-2.51631091,-0.52643152,0.45343136,-1.6862277,0.02021537,0.45346912,1.0
2444173.6519130003,0.8959905999999999,-2.51614173,-0.52691084,0.45347399,-1.6864976000000005,0.02038019,0.45351178,1.0
2444173.675745,1.04786,-2.51605218,-0.52716445,0.45349655,-1.68664059,0.02046727,0.45353435,1.0
2444173.702036,1.151074,-2.51595337,-0.52744422,0.45352142,-1.68679846,0.02056324,0.45355925,1.0
2444173.735118,0.9915243,-2.51582899,-0.52779625,0.45355271,-1.68699732,0.02068384,0.45359057,1.0
2444173.777575,0.8788269000000001,-2.51566929,-0.52824804,0.45359285,-1.68725287,0.02083836,0.45363075,1.0
2444173.803407,1.059506,-2.51557209,-0.5285229,0.45361727,-1.68740853,0.02093224,0.45365519,1.0
2444173.824573,1.107397,-2.51549242,-0.52874812,0.45363727,-1.68753618,0.02100909,0.45367521,1.0
2444173.872613,0.9313299,-2.51531154,-0.52925926,0.45368266,-1.68782625,0.02118324,0.45372064,1.0
2444174.619795,1.019681,-2.5124857999999994,-0.53720665,0.45438638,-1.69239928,0.02384488,0.45442497,1.0
2444174.65571,0.921434,-2.51234939,-0.53758853,0.4544201,-1.69262199,0.02397058,0.45445872,1.0
2444174.681459,0.8823979,-2.51225155,-0.53786231,0.45444427,-1.69278183,0.02406057,0.45448291,1.0
2444174.721374,1.124254,-2.51209984,-0.53828671,0.45448173,-1.69302987,0.02419986,0.4545204000000001,1.0
2444174.744665,1.175071,-2.51201128,-0.53853434,0.45450358,-1.69317476,0.02428102,0.45454227,1.0
2444174.787289,0.8512643,-2.51184916,-0.53898751,0.45454356,-1.69344019,0.02442932,0.45458228,1.0
2444174.820621,0.9551341,-2.51172232,-0.53934187,0.45457481,-1.69364802,0.02454509,0.45461356,1.0
2444174.8486200003,1.056001,-2.51161574,-0.53963954,0.45460105,-1.69382278,0.02464219,0.45463983,1.0
2444174.866286,1.083588,-2.51154848,-0.53982735,0.45461761,-1.69393312,0.0247034,0.4546564,1.0
2444174.88791,1.013128,-2.51146613,-0.54005723,0.45463787,-1.69406828,0.02477825,0.45467668,1.0
2444174.923992,0.9180457,-2.51132868,-0.5404408,0.45467168,-1.69429401,0.02490297,0.45471051,1.0
2445964.585966,0.8716894000000001,-2.68346122,0.72707831,0.30514883,-1.67990653,0.70066079,0.30515034,1.0
2445964.5895080003,0.8732965,-2.68346424,0.72704121,0.30515452,-1.67990893,0.70068438,0.30515603,1.0
2445964.606173,0.8961108,-2.68347841,0.72686662,0.30518127,-1.6799203,0.70079536,0.3051828,1.0
2445964.61009,0.9127708,-2.68348174,0.72682559,0.30518756,-1.67992298,0.70082144,0.30518909,1.0
2445964.622048,0.9593161,-2.6834919,0.72670032,0.30520676,-1.6799311999999995,0.70090107,0.3052083,1.0
2445964.623632,0.9953178,-2.68349325,0.72668372,0.3052093,-1.67993229,0.70091161,0.30521084,1.0
2445964.632382,1.035528,-2.68350068,0.72659206,0.30522335,-1.67993832,0.70096988,0.3052249,1.0
2445964.637007,1.046072,-2.68350461,0.72654361,0.30523078,-1.67994152,0.70100068,0.30523233,1.0
2445964.645756,1.050901,-2.68351204,0.72645194,0.30524482,-1.67994759,0.70105894,0.30524638,1.0
2445964.648089,1.056724,-2.68351402,0.7264275,0.30524857,-1.67994921,0.70107448,0.30525013,1.0
2445964.657672,1.081339,-2.68352215,0.72632711,0.30526395,-1.67995588,0.70113829,0.30526552,1.0
2445964.659839,1.0734,-2.68352399,0.7263044,0.30526743,-1.6799574000000002,0.70115272,0.305269,1.0
2445964.668256,1.056724,-2.68353113,0.72621623,0.30528094,-1.67996328,0.70120877,0.30528252,1.0
2445964.670672,1.053809,-2.68353318,0.72619091,0.30528482,-1.67996497,0.70122486,0.3052864,1.0
2445964.680672,1.027926,-2.68354165,0.72608615,0.30530087,-1.679972,0.70129145,0.30530246,1.0
2445964.737255,0.9085769,-2.68358955,0.72549333,0.30539169,-1.68001221,0.70166822,0.30539333,1.0
2445964.7393380003,0.9110909,-2.68359131,0.72547151,0.30539503,-1.68001371,0.70168209,0.30539667,1.0
2445964.74817,0.9195211,-2.68359878,0.72537896,0.30540921,-1.68002007,0.70174091,0.30541086,1.0
2445964.750254,0.9348926,-2.68360054,0.72535713,0.30541255,-1.68002157,0.70175479,0.3054142,1.0
2445964.7581700003,0.9834713,-2.68360723,0.72527419,0.30542526,-1.68002729,0.7018075,0.30542692,1.0
2445964.761129,0.9898326,-2.68360973,0.72524319,0.30543001,-1.68002943,0.7018272,0.30543167,1.0
2445964.769379,1.0374370000000002,-2.68361669,0.72515675,0.30544325,-1.68003541,0.70188213,0.30544491,1.0
2445964.771004,1.059648,-2.68361807,0.72513973,0.30544586,-1.68003659,0.70189295,0.30544752,1.0
2445964.77942,1.134388,-2.68362517,0.72505155,0.30545936,-1.68004272,0.70194899,0.30546104,1.0
2445964.78142,1.130217,-2.68362686,0.72503059,0.30546257,-1.68004418,0.70196231,0.30546425,1.0
2445965.584278,1.1346379999999998,-2.68429267,0.71661535,0.30674965,-1.68071272,0.70730689,0.30675203,1.0
2445965.585778,1.11701,-2.68429389,0.71659962,0.30675205,-1.68071413,0.70731687,0.30675443,1.0
2445965.602362,0.954239,-2.68430739,0.71642573,0.30677861,-1.68072969,0.70742723,0.306781,1.0
2445965.604403,0.9333773,-2.68430905,0.71640433,0.30678188,-1.68073161,0.70744081,0.30678427,1.0
2445965.613362,0.8694752,-2.68431635,0.71631039,0.30679622,-1.68074006,0.70750043,0.30679863,1.0
2445965.618237,0.8536054,-2.68432031,0.71625928,0.30680403,-1.68074466,0.70753287,0.30680644,1.0
2445965.619445,0.8520346,-2.68432129,0.71624661,0.30680596,-1.6807458,0.7075409,0.30680837,1.0
2445965.626902,0.8938347,-2.68432736,0.71616841,0.30681791,-1.68075285,0.70759053,0.30682032,1.0
2445965.627902,0.9004449000000001,-2.68432817,0.71615792,0.30681951,-1.6807538,0.70759719,0.30682192,1.0
2445965.635694,0.9087766,-2.68433451,0.71607622,0.30683199,-1.68076119,0.70764903,0.30683441,1.0
2445965.6371110003,0.9046012,-2.68433566,0.71606136,0.30683425,-1.68076254,0.70765846,0.30683668,1.0
2445965.646611,0.9146546,-2.68434338,0.71596174,0.30684947,-1.68077157,0.70772168,0.3068519,1.0
2445965.647194,0.9222681,-2.68434385,0.71595563,0.3068504,-1.68077212,0.70772556,0.30685283,1.0
2445965.655027,0.9982911,-2.68435021,0.71587349,0.30686294,-1.68077959,0.70777768,0.30686538,1.0
2445965.658569,1.026259,-2.68435309,0.71583635,0.30686861,-1.68078297,0.70780125,0.30687105,1.0
2445965.6665270003,1.049197,-2.68435955,0.7157529,0.30688135,-1.68079058,0.7078542,0.3068838,1.0
2445965.668318,1.05404,-2.68436101,0.71573411,0.30688422,-1.6807922999999998,0.70786612,0.30688667,1.0
2445965.687568,1.065754,-2.68437662,0.71553225,0.30691504,-1.68081078,0.70799421,0.30691751,1.0
2445965.689401,1.072648,-2.68437811,0.71551303,0.30691798,-1.68081254,0.70800641,0.30692044,1.0
2445965.698276,1.080581,-2.6843853,0.71541997,0.30693219,-1.6808211,0.70806546,0.30693466,1.0
2445965.700943,1.0795860000000002,-2.68438747,0.715392,0.30693645,-1.68082368,0.7080831999999999,0.30693893,1.0
2445965.728067,1.084569,-2.68440944,0.71510755,0.30697988,-1.68084997,0.70826368,0.30698238,1.0
2445965.728942,1.076607,-2.68441014,0.71509838,0.30698128,-1.68085083,0.7082695,0.30698378,1.0
2445965.73765,1.047266,-2.68441719,0.71500706,0.30699522,-1.68085931,0.70832744,0.30699773,1.0
2445965.739067,1.045339,-2.68441834,0.7149922,0.30699749,-1.68086069,0.70833687,0.307,1.0
2445965.742775,1.057931,-2.68442134,0.71495331,0.30700342,-1.68086431,0.70836154,0.30700594,1.0
2445965.746484,1.062814,-2.68442434,0.71491442,0.30700936,-1.68086794,0.70838622,0.30701188,1.0
2445965.748609,0.9992109,-2.68442606,0.71489213,0.30701276,-1.68087002,0.70840036,0.30701528,1.0
2445965.750567,0.9489804,-2.68442764,0.7148715999999999,0.3070159,-1.68087193,0.70841338,0.30701842,1.0
2445965.75715,0.9437505,-2.68443296,0.71480256,0.30702643,-1.68087838,0.70845718,0.30702896,1.0
2445965.758275,0.9411464,-2.68443387,0.71479077,0.30702823,-1.68087948,0.70846467,0.30703076,1.0
2445965.765399,0.9180306,-2.68443963,0.71471605,0.30703964,-1.68088648,0.70851207,0.30704217,1.0
2445965.773191,0.8987877000000001,-2.68444592,0.71463433,0.30705211,-1.68089414,0.70856391,0.30705465,1.0
2445965.774149,0.9037684,-2.6844467,0.71462429,0.30705364,-1.68089509,0.70857029,0.30705619,1.0
2445965.781691,0.9054348,-2.68445279,0.71454519,0.30706572,-1.68090252,0.70862046,0.30706827,1.0
2445965.7843580004,0.9096142,-2.68445494,0.71451722,0.30706999,-1.68090516,0.70863821,0.30707254,1.0
2445965.792941,0.9737717,-2.68446187,0.71442721,0.30708372,-1.68091364,0.70869531,0.30708628,1.0
2445965.794816,0.997372,-2.68446338,0.71440755,0.30708672,-1.6809154999999998,0.70870778,0.30708928,1.0
2445965.801483,1.040536,-2.68446876,0.71433763,0.30709739,-1.6809221,0.70875214,0.30709996,1.0
2445965.803066,1.044377,-2.68447004,0.71432103,0.30709993,-1.68092367,0.70876267,0.3071025,1.0
2445965.810773,1.101684,-2.68447626,0.71424019,0.30711227,-1.68093133,0.70881395,0.30711484,1.0
2445965.812732,1.113928,-2.68447784,0.71421964,0.30711540000000004,-1.68093328,0.70882698,0.30711798,1.0
2445965.819982,1.138826,-2.68448368,0.71414361,0.307127,-1.6809405,0.70887522,0.30712959,1.0
2445965.822398,1.133593,-2.68448563,0.71411827,0.30713087,-1.68094291,0.70889129,0.30713345,1.0
2445965.83044,1.127346,-2.68449211,0.71403393,0.30714374,-1.68095094,0.70894479,0.30714633,1.0
2446440.310625,1.138748,0.80169978,-2.45063441,0.2235959,0.47423083,-1.5233706,0.22363908,1.0
2446440.317655,1.120025,0.80177738,-2.4506197,0.22358204,0.47419242,-1.52339663,0.22362521,1.0
2446440.321375,1.177139,0.80181845,-2.45061191,0.22357470000000004,0.4741720999999999,-1.5234104,0.22361788,1.0
2446440.324975,1.141899,0.80185819,-2.45060437,0.2235676,0.47415244,-1.52342373,0.22361078,1.0
2446440.329205,1.079513,0.80190489,-2.45059551,0.22355926,0.47412933,-1.5234393999999998,0.22360243,1.0
2446440.332355,1.132473,0.80193967,-2.45058892,0.22355305,0.47411213,-1.52345108,0.22359622,1.0
2446440.335045,1.153527,0.80196936,-2.45058328,0.22354774,0.47409743,-1.52346105,0.22359092,1.0
2446440.339175,1.067647,0.80201496,-2.45057463,0.2235396,0.47407488,-1.52347636,0.22358277,1.0
2446440.342155,1.063721,0.80204785,-2.45056839,0.22353372,0.47405861,-1.52348741,0.22357689,1.0
2446440.344655,1.040466,0.80207545,-2.45056316,0.22352879,0.47404495,-1.52349668,0.22357196,1.0
2446440.347355,1.079513,0.80210526,-2.4505575,0.22352347,0.47403021,-1.52350669,0.22356664,1.0
2446440.350055,1.021475,0.80213506,-2.45055184,0.22351814,0.47401547,-1.52351671,0.22356131,1.0
2446440.352605,0.9665577,0.80216321,-2.4505465,0.22351311,0.47400155,-1.52352617,0.22355628,1.0
2446440.355275,0.9256094,0.80219269,-2.45054091,0.22350785,0.47398697,-1.52353608,0.22355101,1.0
2446440.358705,0.8921294,0.80223055,-2.45053372,0.22350108,0.47396824,-1.52354881,0.22354425,1.0
2446440.361355,0.8670171999999998,0.80225981,-2.45052817,0.22349586,0.47395378,-1.52355865,0.22353902,1.0
2446440.366215,0.8662190999999999,0.80231346,-2.45051799,0.22348627,0.47392725,-1.5235767,0.22352943,1.0
2446440.369035,0.8921294,0.80234459,-2.45051208,0.22348071,0.47391185,-1.52358718,0.22352387,1.0
2446440.3717150004,0.8535476000000001,0.80237417,-2.45050646,0.22347542,0.47389722,-1.52359713,0.22351859,1.0
2446440.377404,0.8978995999999999,0.80243698,-2.45049453,0.22346420000000006,0.47386617,-1.52361828,0.22350736,1.0
2446440.379984,0.9145927,0.80246546,-2.45048913,0.22345911,0.47385209,-1.52362787,0.22350227,1.0
2446440.383064,0.9003839,0.80249946,-2.45048267,0.22345304,0.47383528,-1.52363932,0.2234962,1.0
2446440.386784,0.9307387,0.80254053,-2.45047487,0.2234457,0.47381498,-1.52365316,0.22348886,1.0
2446440.389464,0.8790788,0.80257011,-2.45046925,0.22344042,0.47380036,-1.52366313,0.22348357,1.0
2446440.392114,0.8937742000000001,0.80259936,-2.4504637,0.22343519,0.4737859,-1.52367299,0.22347834,1.0
2446440.395554,0.9428177,0.80263734,-2.45045649,0.22342841,0.47376713,-1.52368579,0.22347156,1.0
2446440.397954,0.9256094,0.80266383,-2.45045145,0.22342367,0.47375403,-1.52369472,0.22346682,1.0
2446440.400664,0.933314,0.80269374,-2.45044577,0.22341833,0.47373925,-1.52370481,0.22346148,1.0
2446440.403434,0.9037071,0.80272432,-2.45043996,0.22341286,0.47372414,-1.52371512,0.22345601,1.0
2446440.406304,0.948916,0.802756,-2.45043394,0.2234072,0.47370848,-1.52372581,0.22345035,1.0
2446440.414094,0.9436867,0.80284199,-2.4504176,0.22339184,0.47366599,-1.52375483,0.22343499,1.0
2446440.418394,1.014911,0.80288946,-2.45040858,0.22338336,0.47364253,-1.52377085,0.2234265,1.0
2446440.423114,1.013043,0.80294156,-2.45039868,0.22337405,0.47361679,-1.52378845,0.22341719,1.0
2446440.427704,1.031877,0.80299222,-2.45038905,0.22336499,0.47359176,-1.52380556,0.22340814,1.0
2446440.430464,1.044306,0.80302269,-2.45038326,0.22335955,0.47357671,-1.52381586,0.22340269,1.0
2446440.437684,1.064701,0.80310238,-2.45036811,0.22334531,0.47353734,-1.5238428,0.22338845,1.0
2446440.440194,1.071588,0.80313009,-2.45036284,0.22334036,0.47352366,-1.52385216,0.2233835,1.0
2446440.449324,1.039508,0.80323087,-2.45034368,0.22332235,0.47347388,-1.52388625,0.22336549,1.0
2446440.451534,1.032827,0.80325526,-2.45033904,0.22331799,0.47346184,-1.52389451,0.22336113,1.0
2446440.453984,1.0083879999999998,0.8032823,-2.4503339,0.22331316,0.47344848,-1.52390366,0.22335629,1.0
2446440.4563740003,1.010248,0.80330868,-2.45032888,0.22330844,0.47343545,-1.52391259,0.22335158,1.0
2446440.458854,0.9863426,0.80333606,-2.45032368,0.22330355,0.47342194,-1.52392186,0.22334668,1.0
2446440.461184,0.9890717,0.80336177,-2.45031879,0.22329895,0.47340924,-1.52393056,0.22334209,1.0
2446440.463574,0.9973045,0.80338815,-2.45031377,0.22329424,0.47339621,-1.5239395,0.22333737,1.0
2446440.465664,0.995469,0.80341122,-2.45030938,0.22329012,0.47338482,-1.52394731,0.22333325,1.0
2446440.468034,0.9630032,0.80343738,-2.4503044,0.22328544,0.4733719,-1.52395617,0.22332857,1.0
2446440.489873,0.9638907,0.80367844,-2.45025853,0.22324236,0.47325291,-1.5240379,0.22328548,1.0
2446440.492373,0.9683398,0.80370603,-2.45025328,0.22323743,0.47323929,-1.52404726,0.22328055,1.0
2446440.497473,0.8798888000000001,0.80376233,-2.45024257,0.22322737,0.47321151,-1.52406637,0.22327049,1.0
2446440.502703,0.8702175,0.80382005,-2.45023158,0.22321705,0.47318302,-1.52408597,0.22326017,1.0
2446440.504943,0.8913081,0.80384477,-2.45022687,0.22321263,0.47317082,-1.52409436,0.22325575,1.0
2446440.507263,0.9154355,0.80387038,-2.450222,0.22320806,0.47315818,-1.52410306,0.22325117,1.0
2446440.509583,0.8441656999999999,0.80389599,-2.45021712,0.22320348,0.47314555,-1.52411176,0.2232466,1.0
2446440.511843,0.9239059,0.80392093,-2.45021237,0.22319902,0.47313324,-1.52412023,0.22324214,1.0
2446440.514223,0.9471695,0.8039472,-2.45020737,0.22319432,0.47312028,-1.52412916,0.22323744,1.0
2446440.516863,0.8855799999999999,0.80397633,-2.45020182,0.22318912,0.47310591,-1.52413906,0.22323223,1.0
2446440.521503,0.898727,0.80402755,-2.45019207,0.22317996,0.47308064,-1.52415647,0.22322308,1.0
2446440.528063,0.9053734,0.80409995,-2.45017828,0.22316702,0.47304492,-1.52418109,0.22321013,1.0
2446440.5311330003,0.9576964,0.80413383,-2.45017182,0.22316096,0.47302821,-1.52419262,0.22320408,1.0
2446440.533343,0.938486,0.80415822,-2.45016718,0.22315661,0.47301618,-1.52420092,0.22319971,1.0
2446440.535643,0.9341741,0.80418361,-2.45016234,0.22315207,0.47300366,-1.52420956,0.22319518,1.0
2446440.539163,0.9358964,0.80422246,-2.45015494,0.22314512,0.4729845,-1.52422278,0.22318823,1.0
2446440.541403,0.9462978,0.80424718,-2.45015023,0.22314070000000005,0.47297231,-1.5242312,0.22318381,1.0
2446440.5439130003,0.9576964,0.80427488,-2.45014495,0.22313575,0.47295864,-1.52424063,0.22317886,1.0
2446440.548203,1.014911,0.80432223,-2.45013593,0.22312729,0.47293529,-1.52425675,0.22317039,1.0
2446440.550933,1.010248,0.80435236,-2.45013019,0.2231219,0.47292044,-1.52426702,0.22316501,1.0
2446440.556963,1.036639,0.80441891,-2.4501175,0.22311001,0.47288762,-1.52428969,0.22315311,1.0
2446440.559293,1.070601,0.80444462,-2.4501126,0.22310541,0.47287494,-1.52429846,0.22314851,1.0
2446440.561633,1.076534,0.80447045,-2.45010768,0.22310079,0.47286221,-1.52430726,0.22314389,1.0
2446440.563973,1.105676,0.80449627,-2.45010276,0.22309618,0.47284948,-1.52431607,0.22313928,1.0
2446440.566503,1.13143,0.80452419,-2.45009743,0.22309118,0.47283571,-1.52432559,0.22313428,1.0
2446440.568823,1.156719,0.8045498000000001,-2.45009255,0.22308661,0.47282309,-1.52433432,0.2231297,1.0
2446440.571213,1.129348,0.80457618,-2.45008752,0.22308189,0.47281009,-1.52434332,0.22312499,1.0
2446440.573493,1.148227,0.80460134,-2.45008273,0.22307739,0.47279768,-1.5243519,0.22312049,1.0
2446440.576103,1.130389,0.80463014,-2.45007724,0.22307224,0.47278348,-1.52436173,0.22311534,1.0
2446440.582893,1.171731,0.80470508,-2.45006295,0.22305885,0.47274655,-1.52438731,0.22310194,1.0
2446440.585082,1.157785,0.80472925,-2.45005834,0.22305453,0.47273464,-1.52439556,0.22309762,1.0
2446440.589002,1.0905049999999998,0.80477251,-2.45005009,0.22304679,0.47271332,-1.52441033,0.22308988,1.0
2446440.591492,1.1377,0.80479999,-2.45004484,0.22304188,0.47269977,-1.52441972,0.22308497,1.0
2446440.594602,1.083497,0.80483431,-2.4500383,0.22303574,0.47268286,-1.52443145,0.22307883,1.0
2446440.597972,1.077526,0.8048715,-2.4500312,0.22302909,0.47266453,-1.52444415,0.22307218,1.0
2455956.282084,1.01978,1.11734818,-2.37633574,0.16256687,0.49623036,-1.61190877,0.16256656,1.0
2455956.283874,1.04835,1.11736711,-2.37633001,0.16256318,0.49622489,-1.61192258,0.16256288,1.0
2455956.285614,1.055131,1.11738551,-2.37632445,0.1625596,0.49621957,-1.611936,0.16255929,1.0
2455956.287384,1.083693,1.11740423,-2.37631878,0.16255595,0.49621416,-1.61194966,0.16255564,1.0
2455956.289113,1.088696,1.11742253,-2.37631325,0.16255239,0.49620888,-1.61196301,0.16255208,1.0
2455956.290883,1.098769,1.11744124,-2.37630759,0.16254874,0.49620347,-1.61197666,0.16254843,1.0
2455956.292613,1.109957,1.11745954,-2.37630205,0.16254517,0.49619818,-1.61199001,0.16254487,1.0
2455956.294383,1.112004,1.11747826,-2.37629639,0.16254153,0.49619278,-1.61200367,0.16254122,1.0
2455956.296123,1.12126,1.11749666,-2.37629082,0.16253794,0.49618746,-1.6120171,0.16253764,1.0
2455956.297883,1.125399,1.11751527,-2.37628519,0.16253431,0.49618209,-1.61203068,0.16253401,1.0
2455956.299623,1.127473,1.11753367,-2.37627963,0.16253073,0.49617677,-1.61204411,0.16253042,1.0
2455956.301393,1.137906,1.11755238,-2.37627396,0.16252708,0.49617137,-1.61205777,0.16252678,1.0
2455956.303123,1.151612,1.11757068,-2.37626843,0.16252352,0.49616609,-1.61207113,0.16252321,1.0
2455956.304893,1.145266,1.1175893999999995,-2.37626277,0.16251987,0.49616068,-1.61208479,0.16251956,1.0
2455956.3066330003,1.161198,1.1176078,-2.3762572,0.16251628,0.49615537,-1.61209822,0.16251598,1.0
2455956.308393,1.157994,1.11762641,-2.37625157,0.16251266,0.49615,-1.61211181,0.16251235,1.0
2455956.3101330004,1.154799,1.11764481,-2.376246,0.16250907,0.49614469,-1.61212524,0.16250877,1.0
2455956.311893,1.161198,1.11766342,-2.37624037,0.16250545,0.49613932,-1.61213883,0.16250514,1.0
2455956.314733,1.149493,1.11769345,-2.37623128,0.16249959,0.49613065,-1.61216076,0.16249929,1.0
2455956.316472,1.146321,1.11771185,-2.37622571,0.16249601,0.49612534,-1.61217419,0.16249570000000002,1.0
2455956.318232,1.135812,1.11773046,-2.37622008,0.16249238,0.49611997,-1.61218778,0.16249208,1.0
2455956.319972,1.1421059999999998,1.11774886,-2.37621451,0.1624888,0.49611466,-1.61220122,0.16248849,1.0
2455956.321742,1.119196,1.11776757,-2.37620885,0.16248515,0.49610927,-1.61221489,0.16248484,1.0
2455956.323472,1.115081,1.11778587,-2.37620331,0.16248158,0.49610399,-1.61222825,0.16248128,1.0
2455956.325242,1.086692,1.11780458,-2.37619765,0.16247794,0.49609859,-1.61224192,0.16247763,1.0
2455956.327002,1.080703,1.1178232,-2.37619201,0.16247431,0.49609323,-1.61225551,0.16247401,1.0
2455956.328772,1.076729,1.11784191,-2.37618635,0.16247066,0.49608783,-1.61226918,0.16247036,1.0
2455956.330512,1.050283,1.11786031,-2.37618078,0.16246708,0.49608253,-1.61228262,0.16246677,1.0
2455956.332272,1.031113,1.11787892,-2.37617515,0.16246345,0.49607716,-1.61229622,0.16246315,1.0
2455956.334012,1.031113,1.11789732,-2.37616958,0.16245986,0.49607186,-1.61230966,0.16245956,1.0
2455956.335782,1.016966,1.11791604,-2.37616391,0.16245622,0.49606646,-1.61232333,0.16245591,1.0
2455956.337512,0.9910744,1.11793433,-2.37615838,0.16245265,0.49606119,-1.6123367,0.16245235,1.0
2455956.339282,0.9783774,1.11795304,-2.37615271,0.162449,0.4960558,-1.61235037,0.1624487,1.0
2455956.341022,0.9578695,1.11797144,-2.37614714,0.16244542,0.4960505,-1.61236382,0.16244512,1.0
2455956.342782,0.9412529,1.11799005,-2.37614151,0.16244179,0.49604513,-1.61237741,0.16244149,1.0
2455956.373,0.9072069,1.11830959,-2.37604476,0.16237952,0.49595316,-1.61261101,0.16237922,1.0
2455956.3747400003,0.9189808,1.11832799,-2.37603919,0.16237593,0.49594787,-1.61262446,0.16237563,1.0
2455956.37651,0.9088795,1.1183466999999998,-2.37603352,0.16237228,0.49594248,-1.61263815,0.16237198,1.0
2455956.37824,0.9232222,1.11836499,-2.37602798,0.16236872,0.49593722,-1.61265153,0.16236842,1.0
2455956.38001,0.9232222,1.11838371,-2.37602231,0.16236507,0.49593184,-1.61266522,0.16236477,1.0
2455956.38175,0.9181346,1.1184021,-2.37601674,0.16236149,0.49592656,-1.61267868,0.16236118,1.0
2455956.38352,0.9343428,1.11842082,-2.37601107,0.16235784,0.49592118,-1.61269237,0.16235754,1.0
2455956.38525,0.9352038,1.11843911,-2.37600553,0.16235427,0.49591592,-1.61270575,0.16235397,1.0
2455956.3870200003,0.9377918,1.11845782,-2.37599986,0.16235063,0.49591054,-1.61271944,0.16235032,1.0
2455956.38953,0.9473412,1.11848436,-2.37599182,0.16234545,0.49590291,-1.61273886,0.16234515,1.0
2455956.3913,0.9525909,1.11850308,-2.37598615,0.16234181,0.49589754,-1.61275255,0.1623415,1.0
2455956.39303,0.9543468,1.11852137,-2.37598061,0.16233824,0.49589228,-1.61276593,0.16233794,1.0
2455956.3948,0.9552264,1.11854008,-2.37597494,0.16233459,0.49588691,-1.61277963,0.16233429,1.0
2455956.39654,0.9667323,1.11855848,-2.37596937,0.16233101,0.49588162,-1.61279309,0.16233071,1.0
2455956.3983,0.9801814,1.11857709,-2.37596373,0.16232738,0.49587628,-1.61280671,0.16232708,1.0
2455956.400039,0.9847054,1.11859548,-2.37595816,0.16232379,0.49587099,-1.61282017,0.16232349,1.0
2455956.401809,0.9984038,1.1186142,-2.37595249,0.16232015,0.49586562,-1.61283387,0.16231985,1.0
2455956.403549,0.9901622,1.1186326000000002,-2.37594691,0.16231656,0.49586034,-1.61284733,0.16231626,1.0
2455956.405309,1.003937,1.1186512,-2.37594128,0.16231293,0.49585499,-1.61286096,0.16231263,1.0
2455956.4070490003,1.013226,1.1186696000000005,-2.3759357000000003,0.16230935,0.49584971,-1.61287442,0.16230905,1.0
2455956.408819,1.022601,1.11868831,-2.37593003,0.1623057,0.49584434,-1.61288812,0.1623054,1.0
2455956.4105490004,1.045457,1.1187066,-2.37592449,0.16230213,0.49583909,-1.61290151,0.16230183,1.0
2455956.412319,1.033015,1.11872532,-2.37591882,0.16229849,0.49583372,-1.61291521,0.16229819,1.0
2455956.414059,1.039696,1.11874371,-2.37591324,0.1622949,0.49582844,-1.61292868,0.1622946,1.0
2455956.415819,1.0444950000000002,1.11876232,-2.37590761,0.16229127,0.4958231,-1.6129423,0.16229097,1.0
2455956.417589,1.043533,1.11878104,-2.37590193,0.16228763,0.49581773,-1.61295601,0.16228733,1.0
2455956.4193490003,1.050283,1.11879964,-2.3758963,0.16228399999999998,0.4958124,-1.61296963,0.16228370000000006,1.0
2455956.421089,1.0464209999999998,1.11881804,-2.37589072,0.16228041,0.49580712,-1.6129831,0.16228011,1.0
2455956.422859,1.045457,1.11883675,-2.37588505,0.16227677,0.49580175,-1.61299681,0.16227647,1.0
2455956.424589,1.051251,1.11885504,-2.37587951,0.1622732,0.49579651,-1.6130102,0.1622729,1.0
2455956.426359,1.047385,1.11887376,-2.37587384,0.16226955,0.49579114,-1.61302391,0.16226925,1.0
2455956.428098,1.039696,1.11889215,-2.37586826,0.16226597,0.49578587,-1.61303738,0.16226567,1.0
2455956.430428,1.045457,1.11891678,-2.37586079,0.16226116,0.4957788,-1.61305542,0.16226087,1.0
2455956.432188,1.045457,1.11893539,-2.37585515,0.16225754,0.49577347,-1.61306905,0.16225724,1.0
2455956.433958,1.043533,1.11895411,-2.37584948,0.16225389,0.4957680999999999,-1.61308276,0.16225359,1.0
2455956.435688,1.038739,1.11897239,-2.37584394,0.16225032,0.49576286,-1.61309616,0.16225002,1.0
2455956.437458,1.0444950000000002,1.11899111,-2.37583827,0.16224668,0.4957575,-1.61310987,0.16224638,1.0
2455956.439198,1.039696,1.1190095,-2.37583269,0.16224309,0.49575223,-1.61312335,0.16224279,1.0
2455956.440968,1.034919,1.11902822,-2.37582702,0.16223944,0.49574687,-1.61313706,0.16223914,1.0
2455956.442728,1.047385,1.11904682,-2.37582138,0.16223581,0.49574154,-1.61315069,0.16223552,1.0
2455956.444468,1.030164,1.11906522,-2.3758158,0.16223223,0.49573627,-1.61316417,0.16223193,1.0
2455956.446238,1.033015,1.11908393,-2.37581013,0.16222858,0.49573091,-1.61317788,0.16222828,1.0
2455956.4484880003,1.017903,1.11910772,-2.37580292,0.16222394,0.49572409,-1.61319531,0.16222365,1.0
2455956.4502580003,1.027321,1.11912643,-2.37579724,0.16222029999999998,0.49571873,-1.61320903,0.16222,1.0
2455956.451988,1.022601,1.11914472,-2.3757917,0.16221673,0.4957135,-1.61322243,0.16221643,1.0
2455956.4537580004,1.015094,1.11916343,-2.37578603,0.16221308,0.49570814,-1.61323615,0.16221278,1.0
2455956.455497,1.014159,1.11918183,-2.37578045,0.1622095,0.49570287,-1.61324963,0.1622092,1.0
2455956.457267,0.9910744,1.11920054,-2.37577477,0.16220585,0.49569752,-1.61326335,0.16220555,1.0
2455956.458997,0.9837989,1.11921883,-2.37576923,0.16220228,0.49569228,-1.61327675,0.16220199,1.0
2455956.460767,0.9756778,1.11923754,-2.37576356,0.16219864,0.49568692,-1.61329047,0.16219834,1.0
2455956.462537,0.9711948,1.11925625,-2.37575788,0.16219499,0.49568157,-1.61330419,0.16219469,1.0
2455956.4642970003,0.9578695,1.11927486,-2.37575224,0.16219136,0.49567625,-1.61331783,0.16219106,1.0
2455956.466727,0.9534686,1.11930055,-2.37574445,0.16218635,0.4956689,-1.61333666,0.16218605,1.0
2455956.468497,0.9377918,1.11931926,-2.37573878,0.1621827,0.49566354,-1.61335038,0.16218241,1.0
2455956.470257,0.9257768,1.11933786,-2.37573313,0.16217908,0.49565822,-1.61336403,0.16217878,1.0
2455956.472027,0.9189808,1.11935658,-2.37572746,0.16217543,0.49565287,-1.61337775,0.16217513,1.0
2455956.473787,0.8988896999999999,1.11937518,-2.37572182,0.16217179999999998,0.49564755,-1.61339139,0.1621715,1.0
2455956.475527,0.9022072,1.11939358,-2.37571624,0.16216821,0.49564229,-1.61340488,0.16216792,1.0
2455956.477297,0.9088795,1.11941229,-2.37571056,0.16216457,0.49563694,-1.61341861,0.16216427,1.0
2455956.479057,0.8914693000000001,1.11943089,-2.37570492,0.16216094,0.49563162,-1.61343225,0.16216064,1.0
2455956.480827,0.8865561,1.11944961,-2.37569924,0.16215729,0.49562627,-1.61344598,0.16215699,1.0
2455956.482566,0.8841098,1.119468,-2.37569367,0.1621537,0.49562101,-1.61345947,0.16215341,1.0
2455956.484326,0.8727833,1.11948661,-2.37568802,0.16215008,0.49561569,-1.61347312,0.16214978,1.0
2455956.486066,0.8687728000000001,1.119505,-2.37568244,0.16214649,0.49561043,-1.61348661,0.16214619,1.0
2455956.487836,0.8679734,1.11952371,-2.37567677,0.16214284,0.49560509,-1.61350034,0.16214255,1.0
2455956.489576,0.8751982,1.1195421,-2.37567119,0.16213926,0.49559983,-1.61351383,0.16213896,1.0
2455956.491336,0.8639853000000001,1.11956071,-2.37566554,0.16213563,0.49559451,-1.61352748,0.16213533,1.0
2455956.493106,0.8639853000000001,1.11957942,-2.37565987,0.16213198,0.49558917,-1.61354121,0.16213169,1.0
2455956.495406,0.867174,1.11960373,-2.37565249,0.16212724,0.49558222,-1.61355905,0.16212694,1.0
2455956.497146,0.8639853000000001,1.11962213,-2.37564691,0.16212365,0.49557697,-1.61357255,0.16212336,1.0
2455956.498906,0.8711768,1.11964073,-2.37564127,0.16212003,0.49557165,-1.6135862,0.16211973,1.0
2455956.500646,0.8768118,1.11965913,-2.37563569,0.16211644,0.4955664000000001,-1.6135997,0.16211615,1.0
2455956.502416,0.8735871999999999,1.11967784,-2.37563001,0.16211279,0.49556106,-1.61361343,0.1621125,1.0
2455956.504146,0.8841098,1.11969612,-2.37562446,0.16210923,0.49555584,-1.61362685,0.16210893,1.0
2455956.505916,0.8841098,1.11971484,-2.37561879,0.16210558,0.4955505,-1.61364059,0.16210528,1.0
2455956.507646,0.8776195999999999,1.11973312,-2.37561324,0.16210201,0.49554528,-1.61365401,0.16210172,1.0
2455956.509415,0.8735871999999999,1.11975183,-2.37560756,0.16209836,0.49553994,-1.61366775,0.16209807,1.0
2455956.511155,0.8914693000000001,1.11977023,-2.37560198,0.16209478,0.49553469,-1.61368125,0.16209448,1.0
2455956.5129150003,0.8922905000000001,1.11978883,-2.37559633,0.16209115,0.49552938,-1.61369491,0.16209086,1.0
2455956.514685,0.9055376,1.11980754,-2.37559066,0.1620875,0.49552404,-1.61370864,0.16208721,1.0
2455956.516455,0.9038708,1.11982625,-2.37558498,0.16208385,0.4955187,-1.61372238,0.16208356,1.0
2455956.523165,0.927484,1.11989718,-2.37556346,0.16207002,0.49549847,-1.61377446,0.16206973,1.0
2455956.5248950003,0.9266301,1.11991547,-2.37555791,0.16206646,0.49549325,-1.61378789,0.16206616,1.0
2455956.526665,0.9543468,1.11993418,-2.37555223,0.16206281,0.49548792,-1.61380163,0.16206252,1.0
2455956.528955,0.9569874,1.11995838,-2.37554488,0.16205809,0.49548101,-1.61381941,0.1620578,1.0
2455956.5307150004,0.9605197,1.11997699,-2.37553923,0.16205446,0.49547571,-1.61383307,0.16205417,1.0
2455956.532455,0.9738822,1.11999538,-2.37553365,0.16205088,0.49547047,-1.61384658,0.16205058,1.0
2455956.534225,0.9837989,1.12001409,-2.37552797,0.16204723,0.49546513,-1.61386032,0.16204693,1.0
2455956.535955,1.006715,1.12003238,-2.37552242,0.16204366,0.49545992,-1.61387376,0.16204337,1.0
2455956.537724,1.004862,1.12005109,-2.37551674,0.16204001,0.49545459,-1.6138875,0.16203972,1.0
2455956.539464,1.01043,1.12006948,-2.37551116,0.16203643,0.49544935,-1.61390101,0.16203613,1.0
2455956.541234,1.023543,1.12008819,-2.37550548,0.16203278,0.49544402,-1.61391476,0.16203249,1.0
2455956.542964,1.038739,1.12010648,-2.37549993,0.16202921,0.49543881,-1.61392819,0.16202892,1.0
2455956.544764,1.051251,1.1201255,-2.37549415,0.16202550000000002,0.49543339,-1.61394217,0.16202521,1.0
2455956.546504,1.075738,1.12014389,-2.37548857,0.16202192,0.49542815,-1.61395569,0.16202162,1.0
2455956.548264,1.085691,1.1201625,-2.37548292,0.16201829,0.49542285,-1.61396936,0.162018,1.0
2455956.5500040003,1.088696,1.12018089,-2.37547734,0.1620147,0.49541761,-1.61398287,0.16201441,1.0
2455956.5517740003,1.090703,1.1201996,-2.37547166,0.16201105,0.49541229,-1.61399662,0.16201076,1.0
2455958.304278,0.8897495000000001,1.1386963,-2.36978843,0.15839461,0.49041027,-1.62791041,0.1583944,1.0
2455958.3060080004,0.8848461999999999,1.13871453,-2.36978276,0.15839104,0.49040561,-1.62792444,0.15839083,1.0
2455958.307748,0.8955046999999998,1.13873287,-2.36977706,0.15838744,0.49040092,-1.62793855,0.15838723,1.0
2455958.309487,0.8963296000000001,1.1387512,-2.36977136,0.15838385,0.49039623,-1.62795266,0.15838364,1.0
2455958.311217,0.9104746,1.13876943,-2.36976569,0.15838027,0.49039156,-1.62796669,0.15838007,1.0
2455958.312957,0.9079624,1.13878777,-2.36975999,0.15837668,0.49038687,-1.6279808,0.15837647,1.0
2455958.314687,0.8996379999999999,1.138806,-2.36975432,0.15837311,0.49038221,-1.62799483,0.1583729,1.0
2455958.316427,0.8988098,1.13882433,-2.36974862,0.15836951,0.49037752,-1.62800894,0.1583693,1.0
2455958.318157,0.9113133,1.13884256,-2.36974295,0.15836594,0.49037286,-1.62802297,0.15836573,1.0
2455958.319897,0.9029582,1.1388608999999998,-2.36973724,0.15836234,0.49036818,-1.62803709,0.15836214,1.0
2455958.321627,0.8979822000000001,1.13887913,-2.36973158,0.15835877,0.49036352,-1.62805112,0.15835856,1.0
2455958.3233970003,0.912994,1.13889778,-2.36972577,0.15835511,0.49035875,-1.62806548,0.15835491,1.0
2455958.325137,0.9385727,1.13891612,-2.36972007,0.15835152,0.49035406,-1.62807959,0.15835131,1.0
2455958.326867,0.9437733,1.13893435,-2.3697144,0.15834794,0.4903494000000001,-1.62809363,0.15834774,1.0
2455958.328607,0.9420369,1.13895268,-2.3697087000000003,0.15834435,0.49034472,-1.62810775,0.15834414,1.0
2455958.330337,0.9828062,1.13897091,-2.36970303,0.15834078,0.49034006,-1.62812178,0.15834057,1.0
2455958.332077,0.9577847,1.13898925,-2.36969733,0.15833718,0.49033538,-1.6281358999999995,0.15833697,1.0
2455958.333817,0.9819013,1.13900758,-2.36969162,0.15833359,0.4903307,-1.62815002,0.15833338,1.0
2455958.336316,0.9964784,1.13903393,-2.36968343,0.15832842,0.49032397,-1.6281703,0.15832822,1.0
2455958.338046,1.005698,1.13905216,-2.36967776,0.15832485,0.49031932,-1.62818434,0.15832464,1.0
2455958.339786,1.015939,1.13907049,-2.36967206,0.15832125,0.49031463,-1.62819846,0.15832105,1.0
2455958.341526,1.010341,1.13908882,-2.36966635,0.15831766,0.49030995,-1.62821258,0.15831745,1.0
2455958.343256,1.049223,1.13910705,-2.36966068,0.15831408,0.4903053,-1.62822662,0.15831388,1.0
2455958.344996,1.046328,1.13912539,-2.36965498,0.15831049,0.49030062,-1.62824074,0.15831028,1.0
2455958.346736,1.0589309999999998,1.13914372,-2.36964927,0.1583069,0.49029594,-1.62825487,0.15830669,1.0
2455958.348466,1.079613,1.13916195,-2.3696436000000003,0.15830332,0.49029129,-1.62826891,0.15830312,1.0
2455958.3502060003,1.081603,1.13918029,-2.3696379000000003,0.15829973,0.49028661,-1.62828303,0.15829952,1.0
2455958.351936,1.10476,1.13919852,-2.36963223,0.15829615,0.49028196,-1.62829707,0.15829595,1.0
2455958.353676,1.108837,1.13921685,-2.36962652,0.15829256,0.49027729,-1.6283112,0.15829235,1.0
2455958.355416,1.110882,1.13923519,-2.36962082,0.15828896,0.49027261,-1.62832532,0.15828876,1.0
2455958.357176,1.110882,1.13925373,-2.36961505,0.15828533,0.49026788,-1.62833961,0.15828512,1.0
2455958.358916,1.136757,1.13927206,-2.36960934,0.15828173,0.49026321,-1.62835374,0.15828153,1.0
2455958.360655,1.137805,1.1392904,-2.36960364,0.15827814,0.49025853,-1.62836787,0.15827793,1.0
2455958.362385,1.15045,1.13930863,-2.36959797,0.15827456,0.49025389,-1.62838191,0.15827436,1.0
2455958.364125,1.155761,1.13932696,-2.36959226,0.15827097,0.49024921,-1.62839604,0.15827076,1.0
2455958.365865,1.154697,1.1393453000000002,-2.36958656,0.15826737,0.49024454,-1.62841017,0.15826717,1.0
2455958.368135,1.147276,1.13936921,-2.36957911,0.15826268,0.49023845,-1.6284286,0.15826248,1.0
2455958.369865,1.156825,1.13938744,-2.36957344,0.15825911,0.4902338,-1.62844265,0.15825891,1.0
2455958.371605,1.173999,1.13940578,-2.36956773,0.15825552,0.49022913,-1.62845678,0.15825531,1.0
2455958.373335,1.165381,1.13942401,-2.36956206,0.15825194,0.49022449,-1.62847083,0.15825174,1.0
2455958.375075,1.167529,1.13944234,-2.36955636,0.15824835,0.49021982,-1.62848496,0.15824814,1.0
2455958.376815,1.1632360000000002,1.13946067,-2.36955065,0.15824475,0.49021515,-1.6284991000000002,0.15824455,1.0
2455958.378545,1.154697,1.1394789,-2.36954498,0.15824118,0.49021051,-1.62851315,0.15824097,1.0
2455958.380285,1.156825,1.13949723,-2.36953927,0.15823758,0.49020584,-1.62852728,0.15823738,1.0
2455958.382025,1.160026,1.13951557,-2.36953356,0.15823399,0.49020117,-1.62854141,0.15823378,1.0
2455958.383755,1.123228,1.1395338,-2.36952789,0.15823041,0.49019653,-1.62855547,0.15823021,1.0
2455958.385495,1.138853,1.13955213,-2.36952218,0.15822682,0.49019186,-1.6285696000000005,0.15822662,1.0
2455958.387224,1.11293,1.13957036,-2.36951651,0.15822325,0.49018722,-1.62858366,0.15822304,1.0
2455958.388964,1.108837,1.13958869,-2.3695108,0.15821965,0.49018256,-1.62859779,0.15821945,1.0
2455958.390704,1.103743,1.13960702,-2.3695051,0.15821606,0.49017789,-1.62861193,0.15821585,1.0
2455958.392434,1.078619,1.13962525,-2.36949942,0.15821248,0.49017326,-1.62862599,0.15821228,1.0
2455958.394174,1.063819,1.13964359,-2.36949372,0.15820889,0.49016859,-1.62864013,0.15820868,1.0
2455958.395904,1.046328,1.13966181,-2.36948804,0.15820531,0.49016396,-1.62865418,0.15820511,1.0
2455958.397644,1.022511,1.13968015,-2.36948233,0.15820172,0.49015929,-1.62866832,0.15820151,1.0
2455958.399384,1.020628,1.13969848,-2.36947663,0.15819812,0.49015463,-1.62868246,0.15819792,1.0
2455958.401114,0.989163,1.13971671,-2.36947095,0.15819455,0.49015,-1.62869652,0.15819435,1.0
2455958.402854,0.975591,1.13973504,-2.36946525,0.15819095,0.49014534,-1.62871066,0.15819075,1.0
2455958.404584,0.9551415,1.13975327,-2.36945957,0.15818738,0.4901407,-1.62872472,0.15818718,1.0
2455958.406324,0.923991,1.1397716,-2.36945386,0.15818378,0.49013604,-1.62873887,0.15818358,1.0
2455958.408064,0.9256947,1.13978993,-2.36944815,0.15818019,0.49013138,-1.62875301,0.15817999,1.0
2455958.409794,0.9079624,1.13980816,-2.36944248,0.15817662,0.49012675,-1.62876707,0.15817641,1.0
2455958.411534,0.9037904,1.13982649,-2.36943677,0.15817302,0.49012209,-1.62878121,0.15817282,1.0
2455958.413273,0.8979822000000001,1.13984482,-2.36943106,0.15816943,0.49011744,-1.62879536,0.15816922,1.0
2455958.415003,0.8938567,1.13986305,-2.36942539,0.15816585,0.49011281,-1.62880942,0.15816565,1.0
2455958.417423,0.8963296000000001,1.13988855,-2.36941745,0.15816085,0.49010633,-1.6288291,0.15816065,1.0
2455958.419153,0.9062915,1.13990678,-2.36941177,0.15815728,0.4901017,-1.62884316,0.15815708,1.0
2455958.420893,0.9046232,1.13992511,-2.36940606,0.15815368,0.49009705,-1.62885731,0.15815348,1.0
2455958.422633,0.8979822000000001,1.13994344,-2.36940035,0.15815009,0.49009239,-1.62887146,0.15814989,1.0
2455958.4243630003,0.9012965,1.13996167,-2.36939468,0.15814651,0.49008776,-1.62888552,0.15814631,1.0
2455958.426103,0.8807809000000001,1.13998,-2.36938897,0.15814292,0.49008311,-1.62889967,0.15814272,1.0
2455958.427843,0.91552,1.13999833,-2.36938326,0.15813932,0.49007846,-1.62891382,0.15813912,1.0
2455958.429573,0.9021274,1.14001656,-2.36937758,0.15813575,0.49007383,-1.62892789,0.15813555,1.0
2455958.431313,0.9113133,1.14003489,-2.36937187,0.15813215,0.49006918,-1.62894204,0.15813195,1.0
2455958.433053,0.9096365,1.14005322,-2.36936616,0.15812856,0.49006453,-1.62895619,0.15812836,1.0
2455958.4351830003,0.912994,1.14007566,-2.36935917,0.15812416,0.49005884,-1.62897351,0.15812396,1.0
2455958.436923,0.9054567,1.14009399,-2.36935346,0.15812056,0.49005419,-1.62898767,0.15812036,1.0
2455958.438662,0.91552,1.14011233,-2.36934775,0.15811697,0.49004954,-1.62900182,0.15811677,1.0
2455958.441622,0.9071263,1.14014351,-2.36933804,0.15811085,0.49004163,-1.6290258999999998,0.15811065,1.0
2455958.443362,0.9274016,1.14016184,-2.36933233,0.15810726,0.49003698,-1.62904005,0.15810706,1.0
2455958.445092,0.9214415,1.14018007,-2.36932665,0.15810368,0.49003236,-1.62905413,0.15810348,1.0
2455958.446832,0.9429045,1.1401983999999998,-2.36932094,0.15810009,0.49002771,-1.62906828,0.15809989,1.0
2455958.448562,0.9342599,1.14021663,-2.36931526,0.15809651,0.49002309,-1.62908236,0.15809631,1.0
2455958.450302,0.9342599,1.14023496,-2.36930955,0.15809292,0.49001845,-1.62909651,0.15809272,1.0
2455958.452042,0.9411694,1.14025329,-2.36930384,0.15808932,0.4900138,-1.62911067,0.15808912,1.0
2455958.453772,0.9377085,1.14027151,-2.36929816,0.15808575,0.49000918,-1.62912475,0.15808555,1.0
2455958.455512,0.9455136,1.14028985,-2.36929245,0.15808215,0.49000454,-1.6291388999999998,0.15808195,1.0
2455958.457252,0.9657568,1.14030818,-2.36928674,0.15807856,0.48999989,-1.62915306,0.15807836,1.0
2455958.458992,0.9702149,1.14032651,-2.36928103,0.15807496,0.48999525,-1.62916722,0.15807476,1.0
2455958.4607220003,0.9639798,1.14034473,-2.36927535,0.15807139,0.48999064,-1.6291813,0.15807119,1.0
2455958.463211,0.9955611,1.14037097,-2.36926718,0.15806624,0.48998399,-1.62920157,0.15806604,1.0
2455958.464951,1.010341,1.1403893,-2.36926147,0.15806265,0.48997935,-1.62921573,0.15806245,1.0
2455958.466691,1.010341,1.14040763,-2.36925575,0.15805905,0.48997471,-1.62922989,0.15805885,1.0
2455958.468421,1.026285,1.14042585,-2.36925008,0.15805548,0.4899701,-1.62924397,0.15805528,1.0
2455958.4701610003,1.02534,1.14044418,-2.36924436,0.15805188,0.48996546,-1.62925814,0.15805168,1.0
2455958.471901,1.030072,1.14046251,-2.36923865,0.15804829,0.48996082,-1.6292723,0.15804809,1.0
2455958.473631,1.03578,1.14048074,-2.36923297,0.15804471,0.48995621,-1.62928638,0.15804451,1.0
2455958.475371,1.034827,1.14049907,-2.36922726,0.15804112,0.48995157,-1.62930055,0.15804092,1.0
2455958.477101,1.01407,1.14051729,-2.36922158,0.15803754,0.48994696,-1.62931463,0.15803735,1.0
2455968.471219,0.8870056000000001,1.24486355,-2.33451129,0.13726474,0.47305698,-1.71958805,0.13726503,1.0
2455968.472348,0.8935655,1.24487524,-2.33450715,0.13726238,0.47305624,-1.71959919,0.13726267,1.0
2455968.473408,0.8910999,1.2448861999999998,-2.33450327,0.13726016,0.47305554,-1.71960964,0.13726045,1.0
2455968.474518,0.8878229999999999,1.24489768,-2.33449921,0.13725784,0.47305481,-1.71962058,0.13725813,1.0
2455968.475588,0.8902796000000001,1.24490875,-2.33449529,0.1372556,0.47305411,-1.71963113,0.1372559,1.0
2455968.476688,0.8878229999999999,1.24492013,-2.33449126,0.13725331,0.47305339,-1.71964198,0.1372536,1.0
2455968.477758,0.8968636000000001,1.2449312,-2.33448735,0.13725107,0.47305269,-1.71965253,0.13725136,1.0
2455968.478858,0.8935655,1.24494257,-2.33448332,0.13724877,0.47305197,-1.71966338,0.13724906,1.0
2455968.497977,0.9101781,1.24514033,-2.33441332,0.13720881,0.47303948,-1.71985194,0.1372091,1.0
2455968.498957,0.9001738000000001,1.24515047,-2.33440973,0.13720676,0.47303884,-1.7198616000000002,0.13720706,1.0
2455968.500027,0.9135375,1.24516153,-2.33440581,0.13720453,0.47303815,-1.71987216,0.13720482,1.0
2455968.501137,0.9135375,1.24517301,-2.33440175,0.13720221,0.47303743,-1.71988311,0.1372025,1.0
2455968.502207,0.92284,1.24518408,-2.33439783,0.13719997,0.47303673,-1.71989366,0.13720026,1.0
2455968.503307,0.9143793,1.24519546,-2.3343938,0.13719767,0.47303602,-1.71990451,0.13719797,1.0
2455968.504387,0.9322371,1.24520663,-2.33438985,0.13719541,0.47303531,-1.71991517,0.13719571,1.0
2455968.505487,0.9211416,1.245218,-2.33438582,0.13719311,0.4730346,-1.71992602,0.13719341,1.0
2455968.507877,0.9279539,1.24524272,-2.33437707,0.13718812,0.47303305,-1.71994959,0.13718841,1.0
2455968.508977,0.9313789,1.2452541,-2.33437304,0.13718582,0.47303233,-1.71996044,0.13718612,1.0
2455968.510056,0.9521961,1.24526527,-2.33436908,0.13718356,0.47303163,-1.7199711,0.13718386,1.0
2455968.511156,0.9305214,1.24527665,-2.33436505,0.13718126,0.47303092,-1.71998195,0.13718156,1.0
2455968.512226,0.9339559,1.24528771,-2.33436114,0.13717903,0.47303023,-1.71999251,0.13717932,1.0
2455968.513336,0.9486945,1.24529919,-2.33435707,0.13717671,0.47302951,-1.72000346,0.137177,1.0
2455968.514436,0.9365401,1.24531057,-2.33435304,0.13717441,0.4730288,-1.72001431,0.1371747,1.0
2455968.5155060003,0.9548307,1.24532164,-2.33434912,0.13717217,0.4730281,-1.72002487,0.13717247,1.0
2455968.516616,0.9548307,1.24533312,-2.33434506,0.13716985,0.47302739,-1.72003582,0.13717015,1.0
2455968.517686,0.9592381,1.24534418,-2.33434114,0.13716762,0.47302669,-1.72004638,0.13716791,1.0
2455968.518796,0.9681137,1.24535566,-2.33433708,0.1371653,0.47302598,-1.72005733,0.13716559,1.0
2455968.519866,0.9779719,1.24536673,-2.33433316,0.13716306,0.47302528,-1.72006789,0.13716336,1.0
2455968.520966,0.9806779,1.24537811,-2.33432913,0.13716076,0.47302457,-1.72007874,0.13716106,1.0
2455968.522036,0.9906641,1.24538917,-2.33432521,0.13715852,0.47302388,-1.7200893,0.13715882,1.0
2455968.523166,0.9979904,1.24540086,-2.33432107,0.13715616,0.47302315,-1.72010045,0.13715646,1.0
2455968.524276,1.014674,1.24541234,-2.33431701,0.13715384,0.47302244,-1.7201113999999995,0.13715414,1.0
2455968.525346,1.003521,1.2454234,-2.33431309,0.13715161,0.47302175,-1.72012196,0.1371519,1.0
2455968.526446,1.018419,1.24543478,-2.33430906,0.13714931,0.47302104,-1.72013281,0.1371496,1.0
2455968.527516,1.009082,1.24544585,-2.33430514,0.13714707,0.47302035,-1.72014337,0.13714737,1.0
2455968.528615,1.022178,1.24545722,-2.33430111,0.13714477,0.47301964,-1.72015423,0.13714507,1.0
2455968.529695,1.019357,1.24546839,-2.33429715,0.13714252,0.47301894,-1.72016488,0.13714281,1.0
2455968.530795,1.011874,1.24547977,-2.33429313,0.13714022,0.47301823,-1.72017574,0.13714051,1.0
2455968.531895,1.0268959999999998,1.24549115,-2.3342891,0.13713792,0.47301753,-1.72018659,0.13713821,1.0
2455968.532975,1.0335379999999998,1.24550232,-2.33428514,0.13713566,0.47301683,-1.72019725,0.13713596,1.0
2455968.534075,1.047916,1.24551369,-2.33428111,0.13713336,0.47301612,-1.72020811,0.13713366,1.0
2455968.535145,1.040223,1.24552476,-2.33427719,0.13713112,0.47301543,-1.72021867,0.13713142,1.0
2455968.536255,1.0268959999999998,1.24553624,-2.33427313,0.13712879999999994,0.47301472,-1.72022962,0.1371291,1.0
2455968.537325,1.040223,1.2455473,-2.33426921,0.13712657,0.47301403,-1.72024018,0.13712686,1.0
2455968.538685,1.035444,1.24556137,-2.33426423,0.13712373,0.47301316,-1.72025361,0.13712402,1.0
2455968.539755,1.0585870000000002,1.24557243,-2.33426031,0.13712149,0.47301247,-1.72026417,0.13712179,1.0
2455968.540855,1.047916,1.24558381,-2.33425628,0.13711919,0.47301177,-1.72027502,0.13711949,1.0
2455968.541935,1.045987,1.24559498,-2.33425232,0.13711693,0.47301107,-1.72028568,0.13711723,1.0
2455968.543035,1.039265,1.24560636,-2.33424829,0.13711463,0.47301037,-1.72029654,0.13711493,1.0
2455968.544115,1.068382,1.24561753,-2.33424433,0.13711238,0.47300968,-1.7203072,0.13711267,1.0
2455968.545215,1.060538,1.2456288999999998,-2.3342403,0.13711008,0.47300897,-1.72031806,0.13711037,1.0
2455968.546285,1.066415,1.24563997,-2.33423638,0.13710784,0.47300829,-1.72032862,0.13710814,1.0
2455968.547394,1.071338,1.24565145,-2.33423232,0.13710552,0.47300758,-1.72033958,0.13710582,1.0
2455968.548464,1.046951,1.24566251,-2.3342284,0.13710328,0.47300689,-1.72035014,0.13710358,1.0
2455968.549564,1.061516,1.24567389,-2.33422437,0.13710099,0.47300619,-1.720361,0.13710128,1.0
2455968.550644,1.079261,1.24568506,-2.33422041,0.13709873,0.4730055,-1.72037166,0.13709903,1.0
2455968.551744,1.0585870000000002,1.24569643,-2.33421638,0.13709643,0.47300479,-1.72038252,0.13709673,1.0
2455968.552814,1.040223,1.2457075,-2.33421246,0.13709419,0.47300411,-1.72039308,0.13709449,1.0
2455968.5539240004,1.077274,1.24571898,-2.3342084,0.13709187,0.4730034000000001,-1.72040404,0.13709217,1.0
2455968.554994,1.048881,1.24573004,-2.33420448,0.13708964,0.47300272,-1.7204146,0.13708993,1.0
2455968.556094,1.070351,1.24574142,-2.33420045,0.13708734,0.47300201,-1.72042546,0.13708763,1.0
2455968.557174,1.068382,1.24575259,-2.33419649,0.13708508,0.47300132,-1.72043612,0.13708538,1.0
2455968.558274,1.077274,1.24576396,-2.33419246,0.13708278,0.47300062,-1.72044698,0.13708308,1.0
2455968.559344,1.061516,1.24577503,-2.33418854,0.13708054,0.47299994,-1.72045754,0.13708084,1.0
2455968.5604540003,1.0585870000000002,1.24578651,-2.33418447,0.13707822,0.47299923,-1.7204685000000002,0.13707852,1.0
2455968.561794,1.0585870000000002,1.24580037,-2.33417956,0.13707542,0.47299838,-1.72048173,0.13707572,1.0
2455968.5629040003,1.066415,1.24581185,-2.33417549,0.1370731,0.47299767,-1.72049269,0.13707339999999998,1.0
2455968.5640040003,1.062494,1.24582322,-2.33417146,0.1370708,0.47299697,-1.72050355,0.1370711,1.0
2455968.565074,1.072325,1.24583429,-2.33416754,0.13706857,0.47299629,-1.72051412,0.13706887,1.0
2455968.566184,1.048881,1.24584577,-2.33416348,0.13706625,0.47299558,-1.72052508,0.13706655,1.0
2455968.567253,1.070351,1.24585683,-2.33415956,0.13706401,0.4729949000000001,-1.72053564,0.13706431,1.0
2455968.568353,1.045024,1.24586821,-2.33415553,0.13706171,0.4729942,-1.7205465,0.13706201,1.0
2455968.5694330004,1.062494,1.24587937,-2.33415157,0.13705946,0.47299352,-1.72055717,0.13705975,1.0
2455968.5705330004,1.055666,1.24589075,-2.33414754,0.13705716,0.47299282,-1.72056803,0.13705745,1.0
2455968.571603,1.061516,1.24590182,-2.33414362,0.13705492,0.47299214,-1.7205786,0.13705522,1.0
2455968.572703,1.052753,1.24591319,-2.33413959,0.13705262,0.47299144,-1.72058946,0.13705292,1.0
