2445414.58805,17.114929999999998,2.477978,0.7810471999999999,0.3024014,1.481929,0.7786487,0.3023984,1.0
2445414.59496,15.59463,2.477948,0.7811205,0.30240520000000004,1.481898,0.7786026,0.3024022,1.0
2445414.59817,15.49441,2.477934,0.7811545,0.30240700000000004,1.481883,0.7785812,0.302404,1.0
2445414.60267,16.38985,2.477914,0.7812022,0.3024095,1.481862,0.7785512,0.3024065,1.0
2445414.60888,14.6749,2.477888,0.7812680000000001,0.30241290000000004,1.481834,0.7785098000000001,0.3024099,1.0
2445414.61188,14.46023,2.477875,0.7812998000000001,0.3024145,1.48182,0.7784898,0.3024115,1.0
2445414.61596,14.09208,2.477857,0.7813431,0.3024168,1.481801,0.7784625,0.3024138,1.0
2445414.62246,14.56717,2.4778290000000003,0.781412,0.30242040000000003,1.481772,0.7784191999999999,0.3024174000000001,1.0
2445414.62546,14.76982,2.477816,0.7814438,0.302422,1.481758,0.7783992,0.302419,1.0
2445414.64238,18.71436,2.4777430000000003,0.7816231,0.3024313,1.48168,0.7782863,0.3024283,1.0
2445414.64805,19.06229,2.477718,0.7816831,0.3024344,1.481654,0.7782485,0.3024314,1.0
2445414.65126,19.30968,2.477705,0.7817172,0.3024362,1.481639,0.7782271,0.3024332,1.0
2445414.65417,19.79589,2.477692,0.7817481,0.3024378,1.481626,0.7782077,0.3024348,1.0
2445414.65746,19.6868,2.477678,0.781783,0.3024396,1.481611,0.7781857,0.3024366,1.0
2445414.66226,19.74127,2.477657,0.7818337,0.3024422,1.481589,0.7781538,0.3024392,1.0
2445414.66567,19.18559,2.477642,0.78187,0.3024441,1.481573,0.778131,0.3024411,1.0
2445414.66846,18.78344,2.47763,0.7818995,0.30244570000000004,1.481561,0.7781123000000001,0.3024427,1.0
2445414.68155,15.97258,2.477574,0.7820381999999999,0.3024529,1.481501,0.7780251,0.30244990000000005,1.0
2445414.68688,14.64789,2.477551,0.7820946999999999,0.3024558,1.481476,0.7779895,0.3024528,1.0
2445414.68946,14.3673,2.4775400000000003,0.7821220999999999,0.30245720000000004,1.481464,0.7779723000000001,0.3024542,1.0
2445414.69276,14.40705,2.477525,0.782157,0.30245900000000003,1.481449,0.7779503000000001,0.302456,1.0
2445414.7071700003,15.49441,2.477463,0.7823098,0.30246690000000004,1.481383,0.7778541999999999,0.3024639,1.0
2445414.71246,16.63317,2.47744,0.7823659000000001,0.3024699,1.481359,0.7778189,0.30246690000000004,1.0
2445414.71538,16.95802,2.477428,0.7823968000000001,0.3024715,1.481345,0.7777994,0.3024685,1.0
2445414.71896,17.61064,2.477412,0.7824348000000001,0.3024734000000001,1.481329,0.7777755000000001,0.30247040000000003,1.0
2445414.72338,18.1207,2.477393,0.7824816,0.3024759,1.481309,0.7777460999999999,0.30247290000000004,1.0
2445414.72605,18.37279,2.4773810000000003,0.7825099,0.30247729999999995,1.481297,0.7777283,0.3024743,1.0
2445414.72896,18.92235,2.477369,0.7825408,0.3024789,1.481283,0.7777088000000001,0.3024759,1.0
2445414.73246,18.66273,2.477354,0.7825779,0.3024809,1.481267,0.7776854999999999,0.3024779,1.0
2445414.73776,19.36311,2.477331,0.782634,0.3024838,1.481243,0.7776502,0.3024808,1.0
2445414.74046,19.7231,2.477319,0.7826626999999999,0.3024853,1.4812299999999998,0.7776320999999999,0.3024823,1.0
2445414.74305,19.81413,2.4773080000000003,0.7826900999999999,0.3024867,1.481219,0.7776149,0.3024837,1.0
2445414.76005,17.95457,2.477235,0.7828702,0.302496,1.481141,0.7775015000000001,0.302493,1.0
2445414.76576,17.03629,2.47721,0.7829307,0.3024992,1.481115,0.7774634,0.3024962,1.0
2445414.76846,16.66384,2.477198,0.7829594,0.3025007,1.481102,0.7774453,0.30249770000000004,1.0
2445414.77167,16.67919,2.477184,0.7829934000000001,0.3025024000000001,1.481087,0.7774239000000001,0.30249940000000003,1.0
2445414.77509,15.338220000000002,2.47717,0.7830296999999999,0.30250429999999995,1.481072,0.7774012,0.3025013,1.0
2445414.78017,15.01672,2.477148,0.7830835,0.3025071,1.481048,0.7773673000000001,0.3025041,1.0
2445414.78305,14.7155,2.477135,0.7831140000000001,0.3025087,1.481035,0.7773481,0.30250570000000004,1.0
2445414.78588,14.22247,2.477123,0.783144,0.3025102,1.4810219999999998,0.7773291999999999,0.30250720000000003,1.0
2445414.78846,14.5136,2.477112,0.7831714,0.3025117,1.48101,0.7773119000000001,0.3025087,1.0
2445414.79388,14.86535,2.477088,0.7832288000000001,0.3025146,1.480986,0.7772758000000001,0.3025116,1.0
2445414.79696,15.50869,2.477075,0.7832614999999999,0.3025163,1.4809709999999998,0.7772553000000001,0.3025133,1.0
2445414.79996,15.65219,2.477062,0.7832933000000001,0.302518,1.480958,0.7772352,0.30251500000000003,1.0
2445414.80267,16.13523,2.47705,0.7833220000000001,0.3025195,1.4809450000000002,0.7772171999999999,0.3025165,1.0
2445414.80776,17.14648,2.477028,0.7833759,0.3025223,1.4809219999999998,0.7771833,0.3025193,1.0
2445414.81038,17.61064,2.477017,0.7834036999999999,0.3025237,1.48091,0.7771658,0.30252070000000003,1.0
2445414.81296,18.45759,2.4770060000000003,0.7834310999999999,0.3025251,1.480898,0.7771485,0.3025221,1.0
2445414.83509,19.20326,2.47691,0.7836656,0.3025373,1.480797,0.777001,0.3025343,1.0
2445414.84146,18.49162,2.4768830000000004,0.7837331999999999,0.3025408,1.480767,0.7769583999999999,0.3025378,1.0
2445414.84438,17.69192,2.47687,0.7837641,0.30254240000000004,1.480754,0.776939,0.3025394,1.0
2445414.84788,16.75618,2.476855,0.7838012,0.3025443,1.480738,0.7769156,0.3025413,1.0
2445928.48411,20.29267,-2.288298,1.995802,-0.0350396,-1.474186,1.393671,-0.0350456,1.0
2445928.49245,22.45636,-2.288363,1.99575,-0.035050300000000006,-1.474168,1.393734,-0.035056300000000006,1.0
2445928.50495,24.6229,-2.288459,1.995672,-0.03506635,-1.47414,1.393828,-0.03507235,1.0
2445928.51328,25.54696,-2.288524,1.995621,-0.03507705,-1.474122,1.393891,-0.03508305,1.0
2445928.52578,27.50042,-2.28862,1.995543,-0.035093099999999995,-1.474094,1.393986,-0.0350991,1.0
2445928.53036,26.5057,-2.288656,1.995515,-0.03509899,-1.474084,1.394021,-0.03510499,1.0
2445928.55078,24.85074,-2.288813,1.995388,-0.035125199999999995,-1.474038,1.394175,-0.035131199999999994,1.0
2445928.55495,22.66414,-2.288846,1.995362,-0.03513055,-1.474029,1.394207,-0.03513655,1.0
2445928.56328,20.48044,-2.28891,1.99531,-0.03514125,-1.474011,1.39427,-0.03514725,1.0
2445928.56953,19.558670000000006,-2.288958,1.995271,-0.03514928,-1.473997,1.394317,-0.03515528,1.0
2445928.57578,20.57497,-2.289007,1.9952330000000005,-0.0351573,-1.473983,1.394364,-0.0351633,1.0
2445928.57786,22.66414,-2.289023,1.99522,-0.03515998,-1.473978,1.39438,-0.03516598,1.0
2445928.58828,25.08068,-2.289103,1.995155,-0.03517335,-1.473955,1.394459,-0.03517935,1.0
2445928.60078,26.02192,-2.2892,1.995077,-0.0351894,-1.473928,1.3945530000000002,-0.0351954,1.0
2445928.60495,27.50042,-2.289232,1.995051,-0.03519475,-1.473918,1.394585,-0.03520075,1.0
2445928.61328,28.796470000000006,-2.289297,1.995,-0.03520545,-1.4739,1.394648,-0.03521145,1.0
2445928.62786,26.75095,-2.289409,1.994909,-0.03522418,-1.473868,1.394758,-0.03523018,1.0
2445928.62995,26.262690000000006,-2.289425,1.994896,-0.03522685,-1.473863,1.394774,-0.03523285,1.0
2445928.63828,23.73227,-2.28949,1.994845,-0.03523755,-1.4738440000000002,1.394837,-0.03524355,1.0
2445928.64661,22.45636,-2.289554,1.994793,-0.03524825,-1.473826,1.3949,-0.03525425,1.0
2445928.65703,20.29267,-2.289635,1.994728,-0.03526163,-1.473803,1.3949790000000002,-0.03526763,1.0
2445928.66328,19.73964,-2.289683,1.994689,-0.03526965,-1.473789,1.395026,-0.03527565,1.0
2445928.66745,20.48044,-2.289715,1.994663,-0.035275,-1.47378,1.395057,-0.035281,1.0
2445928.67161,21.24904,-2.289747,1.994638,-0.03528035,-1.473771,1.395089,-0.03528635,1.0
2445928.67786,23.0855,-2.289796,1.994599,-0.03528838,-1.473757,1.3951360000000002,-0.03529438,1.0
2445928.68828,25.78335,-2.289876,1.994534,-0.03530175,-1.473734,1.395215,-0.03530775,1.0
2445928.69661,26.99848,-2.289941,1.994482,-0.03531245,-1.473715,1.395278,-0.03531845,1.0
2445928.70078,27.50042,-2.289973,1.994457,-0.0353178,-1.473706,1.39531,-0.0353238,1.0
2445928.71328,25.31275,-2.290069,1.994379,-0.03533385,-1.473678,1.395404,-0.03533985,1.0
2445928.71953,24.17349,-2.290118,1.99434,-0.03534188,-1.473664,1.395451,-0.03534788,1.0
2445928.72578,22.45636,-2.290166,1.994301,-0.035349900000000004,-1.47365,1.395499,-0.0353559,1.0
2445928.73828,20.10663,-2.290263,1.994224,-0.03536595,-1.473623,1.395593,-0.03537195,1.0
2445928.74661,19.92229,-2.290327,1.994172,-0.03537665,-1.473604,1.395656,-0.03538265,1.0
2445928.75911,23.0855,-2.290424,1.994094,-0.0353927,-1.473577,1.395751,-0.0353987,1.0
2445928.76745,25.31275,-2.2904880000000003,1.994043,-0.0354034,-1.473558,1.395814,-0.0354094,1.0
2445928.77995,26.75095,-2.290585,1.993965,-0.03541945,-1.47353,1.395908,-0.03542545,1.0
2445928.80078,26.262690000000006,-2.290746,1.993836,-0.0354462,-1.473484,1.396066,-0.0354522,1.0
2445928.80495,24.6229,-2.290778,1.99381,-0.03545155,-1.473475,1.396097,-0.03545755,1.0
2445928.81745,22.87385,-2.290875,1.993732,-0.0354676,-1.473447,1.396192,-0.0354736,1.0
2445928.84245,21.44565,-2.291068,1.993577,-0.035499699999999995,-1.473392,1.396381,-0.035505699999999994,1.0
2450371.39404,1426746.0,-3.285925,-1.442965,-0.438578,-2.360582,-1.0714549999999998,-0.4385776,1.0
2450371.39633,1423872.0,-3.285918,-1.442983,-0.4385791,-2.360591,-1.071436,-0.4385786,1.0
2450371.39801,1402074.0,-3.285914,-1.442996,-0.4385798,-2.360598,-1.071423,-0.4385793,1.0
2450371.3997,1396483.0,-3.285909,-1.443009,-0.4385805,-2.360604,-1.071409,-0.4385801,1.0
2450371.40138,1399302.0,-3.285904,-1.443022,-0.4385813,-2.360611,-1.071395,-0.4385808,1.0
2450371.40307,1425196.0,-3.2859,-1.443035,-0.438582,-2.360617,-1.071382,-0.4385815,1.0
2450371.40475,1430641.0,-3.285895,-1.443048,-0.4385828,-2.360624,-1.071368,-0.4385823,1.0
2450371.40642,1451746.0,-3.28589,-1.443061,-0.4385835,-2.360631,-1.071354,-0.438583,1.0
2450371.40811,1453934.0,-3.285886,-1.443075,-0.4385842,-2.360637,-1.071341,-0.4385838,1.0
2450371.40979,1494472.0,-3.285881,-1.443088,-0.4385850000000001,-2.360644,-1.071327,-0.4385845,1.0
2450371.41148,1516166.0,-3.285876,-1.443101,-0.4385857,-2.36065,-1.071313,-0.4385852,1.0
2450371.41316,1517144.0,-3.285872,-1.443114,-0.4385865,-2.360657,-1.0713,-0.438586,1.0
2450371.41485,1581366.0,-3.285867,-1.443127,-0.4385872,-2.360664,-1.071286,-0.4385867,1.0
2450371.4166,1586175.0,-3.2858620000000003,-1.443141,-0.438588,-2.3606700000000003,-1.071272,-0.4385875,1.0
2450371.41828,1629101.0,-3.285857,-1.443154,-0.4385887,-2.360677,-1.071258,-0.4385882,1.0
2450371.41995,1633813.0,-3.285853,-1.443167,-0.4385895,-2.360684,-1.071245,-0.438589,1.0
2450371.4216400003,1669379.0,-3.285848,-1.44318,-0.4385902,-2.36069,-1.071231,-0.4385897,1.0
2450371.42332,1673212.0,-3.285843,-1.443193,-0.4385909000000001,-2.360697,-1.071218,-0.4385905,1.0
2450371.425,1737804.0,-3.285839,-1.443206,-0.4385917,-2.360703,-1.071204,-0.4385912,1.0
2450371.42669,1711447.0,-3.2858339999999995,-1.443219,-0.4385924,-2.36071,-1.07119,-0.4385919,1.0
2450371.42837,1778246.0,-3.285829,-1.443233,-0.4385932,-2.360717,-1.071177,-0.4385927,1.0
2450371.43006,1751137.0,-3.285825,-1.4432459999999998,-0.4385939,-2.360723,-1.071163,-0.4385934,1.0
2450371.4317400004,1818191.0,-3.28582,-1.443259,-0.4385946,-2.36073,-1.071149,-0.4385942,1.0
2450371.43341,1802849.0,-3.285815,-1.443272,-0.4385954000000001,-2.360737,-1.071136,-0.4385949000000001,1.0
2450371.4351,1820336.0,-3.2858110000000003,-1.443285,-0.4385960999999999,-2.360743,-1.071122,-0.4385956,1.0
2450371.43678,1831887.0,-3.285806,-1.443298,-0.4385969,-2.36075,-1.071109,-0.4385964,1.0
2450371.43896,1899484.0,-3.2858,-1.443315,-0.4385978,-2.360758,-1.071091,-0.4385973,1.0
2450371.44065,1898923.0,-3.285795,-1.4433280000000002,-0.4385986,-2.360765,-1.071077,-0.4385981,1.0
2450371.44233,1925943.0,-3.285791,-1.443341,-0.4385993,-2.3607720000000003,-1.071064,-0.4385988,1.0
2450371.444,1901146.0,-3.285786,-1.443355,-0.4386,-2.360778,-1.07105,-0.4385996,1.0
2450371.44569,1925767.0,-3.285781,-1.443368,-0.4386008,-2.360785,-1.071036,-0.4386003,1.0
2450371.44737,1874562.0,-3.2857769999999995,-1.443381,-0.4386015,-2.360791,-1.071023,-0.438601,1.0
2450371.44905,1893115.0,-3.285772,-1.443394,-0.4386023,-2.360798,-1.071009,-0.4386018,1.0
2450371.45074,1880132.0,-3.285767,-1.443407,-0.438603,-2.360805,-1.0709959999999998,-0.4386025,1.0
2450371.45242,1863005.0,-3.285763,-1.44342,-0.4386037,-2.360811,-1.070982,-0.4386032999999999,1.0
2450371.45411,1821643.0,-3.285758,-1.443433,-0.4386045,-2.360818,-1.070968,-0.438604,1.0
2450371.45579,1829776.0,-3.285753,-1.443446,-0.4386052,-2.360824,-1.070955,-0.4386048,1.0
2450371.45748,1824675.0,-3.285749,-1.44346,-0.4386060000000001,-2.360831,-1.070941,-0.4386055,1.0
2450371.45915,1783504.0,-3.285744,-1.443473,-0.4386067,-2.360838,-1.070928,-0.4386062,1.0
2450371.46083,1771566.0,-3.285739,-1.443486,-0.4386074,-2.360844,-1.070914,-0.438607,1.0
2450371.46252,1743534.0,-3.285735,-1.443499,-0.4386082000000001,-2.360851,-1.0709,-0.4386077,1.0
2450371.46429,1721251.0,-3.2857300000000005,-1.4435129999999998,-0.438609,-2.3608580000000003,-1.070886,-0.4386085,1.0
2450371.4659700003,1685056.0,-3.285725,-1.443526,-0.4386097,-2.360865,-1.0708719999999998,-0.4386092,1.0
2450371.46766,1647247.0,-3.2857199999999995,-1.443539,-0.4386105,-2.360871,-1.070859,-0.4386100000000001,1.0
2450371.4693400003,1571267.0,-3.2857160000000003,-1.443552,-0.4386112,-2.360878,-1.070845,-0.4386107,1.0
2450371.47102,1549530.0,-3.285711,-1.443565,-0.4386119000000001,-2.360884,-1.070831,-0.4386115,1.0
2450371.47271,1530707.0,-3.285706,-1.443578,-0.4386127,-2.360891,-1.070818,-0.4386122,1.0
2450371.47439,1494170.0,-3.285702,-1.443592,-0.4386134,-2.360898,-1.070804,-0.4386129,1.0
2450371.47608,1504200.0,-3.2856970000000003,-1.443605,-0.4386142,-2.360904,-1.070791,-0.4386137,1.0
2450371.47775,1477380.0,-3.285693,-1.443618,-0.4386149,-2.360911,-1.070777,-0.4386144,1.0
2450371.4794400004,1462979.0,-3.285688,-1.443631,-0.4386156,-2.360918,-1.070763,-0.4386152,1.0
2450371.48112,1459972.0,-3.285683,-1.443644,-0.4386164000000001,-2.360924,-1.07075,-0.4386159000000001,1.0
2450371.4828,1449205.0,-3.285679,-1.443657,-0.4386170999999999,-2.3609310000000003,-1.070736,-0.4386166,1.0
2450371.48532,1437330.0,-3.285672,-1.443677,-0.4386182,-2.360941,-1.070716,-0.4386178,1.0
2450371.48701,1427934.0,-3.285667,-1.44369,-0.438619,-2.360947,-1.070702,-0.4386185,1.0
2450371.48869,1441278.0,-3.2856620000000003,-1.443703,-0.4386197,-2.360954,-1.070688,-0.4386192,1.0
2450371.4914,1423147.0,-3.285655,-1.443724,-0.4386209,-2.360965,-1.070667,-0.4386204000000001,1.0
2450371.49309,1477557.0,-3.28565,-1.443737,-0.4386216,-2.360971,-1.070653,-0.4386212,1.0
2450371.49477,1494121.0,-3.285645,-1.44375,-0.4386224,-2.360978,-1.070639,-0.4386219,1.0
2450371.49645,1496830.0,-3.2856410000000005,-1.443764,-0.4386231,-2.360985,-1.070626,-0.4386226,1.0
2450371.4981400003,1553194.0,-3.285636,-1.443777,-0.4386239000000001,-2.360991,-1.070612,-0.4386234000000001,1.0
2450371.49981,1556129.0,-3.285631,-1.44379,-0.4386246,-2.360998,-1.070598,-0.4386241,1.0
2450371.5015,1584331.0,-3.285627,-1.4438030000000002,-0.4386253,-2.361005,-1.070585,-0.4386249,1.0
2450371.50318,1587289.0,-3.285622,-1.443816,-0.4386261,-2.361011,-1.070571,-0.4386256,1.0
2450371.5048700003,1625606.0,-3.285617,-1.443829,-0.4386268,-2.361018,-1.070558,-0.4386264,1.0
2450371.50655,1646850.0,-3.285613,-1.443842,-0.4386276,-2.361025,-1.070544,-0.4386271,1.0
2450371.50823,1686159.0,-3.2856080000000003,-1.443855,-0.4386283,-2.361031,-1.07053,-0.4386278,1.0
2450371.50992,1677330.0,-3.285603,-1.443869,-0.4386291,-2.361038,-1.070517,-0.4386286,1.0
2450371.5116,1711053.0,-3.285599,-1.443882,-0.4386298,-2.3610450000000003,-1.070503,-0.4386293,1.0
2450371.51329,1690733.0,-3.285594,-1.4438950000000002,-0.4386305,-2.361051,-1.07049,-0.4386301,1.0
2450371.51497,1740385.0,-3.285589,-1.443908,-0.4386313,-2.3610580000000003,-1.070476,-0.4386308,1.0
2450371.51705,1754118.0,-3.285584,-1.443924,-0.4386322,-2.361066,-1.070459,-0.4386317,1.0
2450371.51873,1771770.0,-3.285579,-1.443937,-0.4386329000000001,-2.361073,-1.070446,-0.4386324,1.0
2450371.52042,1782586.0,-3.285574,-1.443951,-0.4386337000000001,-2.361079,-1.070432,-0.4386332000000001,1.0
2450371.52209,1801489.0,-3.28557,-1.443964,-0.4386344,-2.361086,-1.070418,-0.4386339,1.0
2450371.52377,1776456.0,-3.285565,-1.443977,-0.4386351,-2.361093,-1.0704049999999998,-0.4386347,1.0
2450371.52546,1823290.0,-3.28556,-1.44399,-0.4386359,-2.3610990000000003,-1.070391,-0.4386354,1.0
2450371.5271400004,1805104.0,-3.285556,-1.444003,-0.4386366,-2.361106,-1.070377,-0.4386362,1.0
2450371.52883,1835738.0,-3.2855510000000003,-1.444016,-0.4386374,-2.361113,-1.070364,-0.4386369000000001,1.0
2450371.53051,1826558.0,-3.285546,-1.444029,-0.4386380999999999,-2.361119,-1.07035,-0.4386376,1.0
2450371.5322,1823367.0,-3.285542,-1.444042,-0.4386389,-2.361126,-1.070337,-0.4386384,1.0
2450371.53388,1837693.0,-3.285537,-1.444056,-0.4386396,-2.361133,-1.070323,-0.4386391,1.0
2450371.53556,1820348.0,-3.285532,-1.444069,-0.4386403,-2.361139,-1.070309,-0.4386399,1.0
2450371.53725,1808710.0,-3.285528,-1.444082,-0.4386411,-2.361146,-1.070296,-0.4386406,1.0
2450371.53892,1775706.0,-3.2855230000000004,-1.444095,-0.4386418,-2.361153,-1.070282,-0.4386413,1.0
2450371.54061,1764044.0,-3.285518,-1.444108,-0.4386426,-2.361159,-1.070269,-0.4386420999999999,1.0
2450371.54229,1729883.0,-3.285514,-1.444121,-0.4386433,-2.361166,-1.070255,-0.4386428,1.0
2450371.54398,1707104.0,-3.285509,-1.444134,-0.438644,-2.361173,-1.070241,-0.4386436,1.0
2450371.54566,1689636.0,-3.285504,-1.4441469999999998,-0.4386448000000001,-2.361179,-1.070228,-0.4386443,1.0
2450371.54735,1636900.0,-3.285499,-1.444161,-0.4386455,-2.361186,-1.070214,-0.438645,1.0
2450371.54903,1642787.0,-3.285495,-1.444174,-0.4386463,-2.361193,-1.0702,-0.4386458,1.0
2450371.55071,1613819.0,-3.28549,-1.444187,-0.438647,-2.361199,-1.070187,-0.4386465,1.0
2450371.5524,1596733.0,-3.285486,-1.4442,-0.4386477,-2.361206,-1.070173,-0.4386473,1.0
2450371.55407,1550696.0,-3.285481,-1.444213,-0.4386485,-2.361213,-1.07016,-0.438648,1.0
2450371.55576,1532705.0,-3.285476,-1.444226,-0.4386492,-2.361219,-1.0701459999999998,-0.4386487,1.0
2450371.55744,1497373.0,-3.285472,-1.444239,-0.43865,-2.361226,-1.070132,-0.4386495,1.0
2450371.55913,1496779.0,-3.285467,-1.444252,-0.4386507000000001,-2.3612330000000004,-1.070119,-0.4386502000000001,1.0
2450371.56081,1472452.0,-3.2854620000000003,-1.444266,-0.4386514,-2.361239,-1.070105,-0.438651,1.0
2450371.56249,1480956.0,-3.285458,-1.444279,-0.4386522,-2.361246,-1.070092,-0.4386517,1.0
2450371.56418,1449721.0,-3.285453,-1.444292,-0.4386529000000001,-2.361253,-1.070078,-0.4386524000000001,1.0
2450371.56586,1458356.0,-3.285448,-1.444305,-0.4386537,-2.361259,-1.070064,-0.4386532,1.0
2450372.37518,1488117.0,-3.283196,-1.4506139999999998,-0.4390087,-2.36455,-1.063557,-0.4390082,1.0
2450372.37755,1503565.0,-3.283189,-1.450633,-0.4390098,-2.36456,-1.063538,-0.4390093,1.0
2450372.37992,1549736.0,-3.283183,-1.450651,-0.4390108,-2.36457,-1.063519,-0.4390103,1.0
2450372.38231,1539502.0,-3.283176,-1.45067,-0.4390119000000001,-2.36458,-1.0635,-0.4390114000000001,1.0
2450372.38468,1550453.0,-3.28317,-1.450688,-0.4390129,-2.36459,-1.063481,-0.4390124,1.0
2450372.38713,1581260.0,-3.283163,-1.450707,-0.439014,-2.3646,-1.063461,-0.4390135,1.0
2450372.38952,1541777.0,-3.283156,-1.450726,-0.439015,-2.36461,-1.063442,-0.4390145,1.0
2450372.39189,1562565.0,-3.283149,-1.450744,-0.439016,-2.36462,-1.063423,-0.4390156,1.0
2450372.39428,1539704.0,-3.283143,-1.450763,-0.4390171,-2.36463,-1.063404,-0.4390166,1.0
2450372.39665,1498342.0,-3.2831360000000003,-1.450781,-0.4390181,-2.36464,-1.063385,-0.4390176,1.0
2450372.39902,1496005.0,-3.2831300000000003,-1.4508,-0.4390192,-2.36465,-1.063366,-0.4390187,1.0
2450372.40141,1482273.0,-3.283123,-1.450819,-0.4390202,-2.36466,-1.063347,-0.4390197,1.0
2450372.40378,1450417.0,-3.283116,-1.4508370000000002,-0.4390213,-2.3646700000000003,-1.063328,-0.4390208,1.0
2450372.40616,1398865.0,-3.28311,-1.450856,-0.4390223,-2.36468,-1.063309,-0.4390218,1.0
2450372.40853,1394481.0,-3.283103,-1.450874,-0.4390233,-2.364689,-1.06329,-0.4390228,1.0
2450372.41107,1341031.0,-3.283096,-1.450894,-0.4390244,-2.3647,-1.0632700000000002,-0.439024,1.0
2450372.4134400003,1282986.0,-3.283089,-1.450912,-0.4390255,-2.36471,-1.063251,-0.439025,1.0
2450372.41583,1273773.0,-3.283083,-1.450931,-0.4390265,-2.36472,-1.063232,-0.439026,1.0
2450372.4182,1254372.0,-3.2830760000000003,-1.450949,-0.4390276,-2.36473,-1.063213,-0.4390271,1.0
2450372.42254,1229664.0,-3.283064,-1.450983,-0.4390295,-2.364748,-1.063178,-0.439029,1.0
2450372.42491,1177935.0,-3.283057,-1.451002,-0.4390305000000001,-2.364758,-1.063159,-0.43903,1.0
2450372.4273,1162845.0,-3.2830510000000004,-1.45102,-0.4390315,-2.364768,-1.06314,-0.4390311,1.0
2450372.42967,1189381.0,-3.2830440000000003,-1.451039,-0.4390326,-2.364778,-1.063121,-0.4390321,1.0
2450372.43205,1200349.0,-3.283037,-1.451057,-0.4390335999999999,-2.364788,-1.063102,-0.4390331,1.0
2450372.43443,1211393.0,-3.283031,-1.451076,-0.4390347,-2.364798,-1.063083,-0.4390342,1.0
2450372.4368,1245163.0,-3.283024,-1.451094,-0.4390357,-2.364808,-1.063064,-0.4390352,1.0
2450372.43918,1284224.0,-3.283017,-1.451113,-0.4390367,-2.364818,-1.063045,-0.4390363000000001,1.0
2450372.44213,1317821.0,-3.283009,-1.451136,-0.439038,-2.36483,-1.063021,-0.4390375,1.0
2450372.44451,1313509.0,-3.283003,-1.451154,-0.4390391,-2.36484,-1.063002,-0.4390386,1.0
2450372.4468900003,1348021.0,-3.282996,-1.451173,-0.4390401,-2.36485,-1.062983,-0.4390396,1.0
2450372.44926,1386032.0,-3.282989,-1.451191,-0.4390412,-2.36486,-1.062964,-0.4390407,1.0
2450372.45164,1413193.0,-3.282983,-1.45121,-0.4390422000000001,-2.36487,-1.062946,-0.4390417,1.0
2450372.45402,1470961.0,-3.282976,-1.451228,-0.4390432,-2.36488,-1.062926,-0.4390427,1.0
2450372.45639,1485256.0,-3.282969,-1.451247,-0.4390443,-2.36489,-1.062908,-0.4390438,1.0
2450372.45885,1518769.0,-3.2829620000000004,-1.451266,-0.4390453,-2.3649,-1.0628879999999998,-0.4390449000000001,1.0
2450372.46123,1537759.0,-3.282956,-1.451285,-0.4390464,-2.36491,-1.062869,-0.4390459,1.0
2450372.4636,1587186.0,-3.282949,-1.451303,-0.4390474,-2.36492,-1.06285,-0.4390469,1.0
2450372.46598,1602613.0,-3.282943,-1.451322,-0.4390485,-2.36493,-1.062831,-0.439048,1.0
2450372.46836,1591788.0,-3.282936,-1.45134,-0.4390495,-2.3649400000000003,-1.062812,-0.439049,1.0
2450372.47073,1605579.0,-3.282929,-1.451359,-0.4390505,-2.36495,-1.062793,-0.4390501,1.0
2450372.47312,1607976.0,-3.2829230000000003,-1.451377,-0.4390516,-2.36496,-1.062774,-0.4390511,1.0
2450372.47549,1589714.0,-3.282916,-1.451396,-0.4390526,-2.36497,-1.062755,-0.4390521,1.0
2450372.47793,1605270.0,-3.282909,-1.451415,-0.4390537000000001,-2.36498,-1.062735,-0.4390532,1.0
2450372.48032,1572244.0,-3.282903,-1.451433,-0.4390547000000001,-2.36499,-1.062716,-0.4390542000000001,1.0
2450372.48269,1535984.0,-3.282896,-1.451452,-0.4390558,-2.365,-1.062697,-0.4390553,1.0
2450372.48506,1545196.0,-3.282889,-1.45147,-0.4390568,-2.36501,-1.0626790000000002,-0.4390563,1.0
2450372.48745,1486880.0,-3.282883,-1.451489,-0.4390579000000001,-2.36502,-1.062659,-0.4390574,1.0
2450372.48982,1483437.0,-3.2828760000000003,-1.451507,-0.4390589,-2.36503,-1.062641,-0.4390584,1.0
2450372.4922,1404417.0,-3.2828690000000003,-1.451526,-0.4390599,-2.36504,-1.0626209999999998,-0.4390594,1.0
2450372.49528,1386617.0,-3.282861,-1.45155,-0.4390613,-2.365053,-1.062597,-0.4390608,1.0
2450372.49766,1367805.0,-3.282854,-1.451568,-0.4390623,-2.365063,-1.062578,-0.4390618,1.0
2450372.5000400003,1284122.0,-3.2828470000000003,-1.4515870000000002,-0.4390634,-2.365073,-1.062559,-0.4390629,1.0
2450372.50241,1278802.0,-3.2828410000000003,-1.451605,-0.4390644,-2.3650830000000003,-1.06254,-0.4390639,1.0
2450372.50478,1236939.0,-3.282834,-1.451624,-0.4390654000000001,-2.365093,-1.0625209999999998,-0.4390649,1.0
2450372.50717,1230717.0,-3.282827,-1.451643,-0.4390665,-2.365103,-1.062502,-0.439066,1.0
2450372.50954,1238548.0,-3.282821,-1.451661,-0.4390675,-2.365113,-1.062483,-0.439067,1.0
2450372.51193,1216076.0,-3.282814,-1.45168,-0.4390686,-2.365123,-1.062464,-0.4390681,1.0
2450372.51435,1176222.0,-3.282807,-1.451698,-0.4390696,-2.365133,-1.062445,-0.4390691,1.0
2450372.51672,1199316.0,-3.282801,-1.451717,-0.4390707,-2.365143,-1.062426,-0.4390702,1.0
2450372.5191,1208713.0,-3.2827940000000004,-1.451736,-0.4390717000000001,-2.365153,-1.062407,-0.4390712000000001,1.0
2450372.52147,1248877.0,-3.282788,-1.451754,-0.4390727,-2.365163,-1.062388,-0.4390722,1.0
2450372.52386,1274379.0,-3.282781,-1.451773,-0.4390738,-2.365173,-1.062369,-0.4390733,1.0
2450372.52623,1300191.0,-3.282774,-1.451791,-0.4390747999999999,-2.365183,-1.06235,-0.4390743,1.0
2450372.5286,1318383.0,-3.282768,-1.45181,-0.4390758,-2.365193,-1.062331,-0.4390754,1.0
2450372.531,1355512.0,-3.2827610000000003,-1.451828,-0.4390769000000001,-2.365203,-1.062312,-0.4390764,1.0
2450837.27733,673642.4,-0.31900359999999994,-3.469742,-0.34171490000000004,-0.8638705,-2.649969,-0.3417143,1.0
2450837.28026,668710.5,-0.3189785,-3.4697410000000004,-0.3417125,-0.8638882999999999,-2.649997,-0.3417119,1.0
2450837.2831900003,686194.0,-0.3189534,-3.4697400000000003,-0.3417101,-0.863906,-2.650024,-0.3417095,1.0
2450837.28758,684951.9,-0.3189158,-3.469739,-0.3417064,-0.8639325000000001,-2.650065,-0.3417058,1.0
2450837.29197,700282.4,-0.3188782,-3.4697379999999995,-0.3417028,-0.863959,-2.650106,-0.3417022,1.0
2450837.2949,695796.1,-0.3188531,-3.4697370000000003,-0.3417004,-0.8639766999999999,-2.6501330000000003,-0.3416998,1.0
2450837.2993,668798.3,-0.3188154,-3.469736,-0.3416967,-0.8640033000000001,-2.6501740000000003,-0.3416961,1.0
2450837.30222,651784.3,-0.31879040000000003,-3.469735,-0.34169429999999995,-0.8640209999999999,-2.650202,-0.3416937,1.0
2450837.3181,590678.9,-0.3186545,-3.469731,-0.3416812,-0.8641169,-2.65035,-0.34168059999999995,1.0
2450837.32634,570395.6,-0.31858390000000003,-3.469729,-0.3416744,-0.8641665999999999,-2.650427,-0.3416737,1.0
2450837.32927,570407.1,-0.3185588,-3.469729,-0.34167190000000003,-0.8641843000000001,-2.650455,-0.3416713,1.0
2450837.33365,546761.7,-0.31852129999999995,-3.469727,-0.3416683,-0.8642108000000001,-2.650496,-0.3416677,1.0
2450837.33658,544762.1,-0.3184962,-3.469727,-0.3416659,-0.8642284,-2.650523,-0.3416653,1.0
2450837.33951,543770.5,-0.31847109999999995,-3.469726,-0.3416635,-0.8642460999999999,-2.65055,-0.3416628,1.0
2450837.3424400003,547803.0,-0.318446,-3.469725,-0.341661,-0.8642638000000001,-2.650578,-0.34166040000000003,1.0
2450837.34976,543308.3,-0.31838340000000004,-3.469723,-0.34165500000000004,-0.864308,-2.650646,-0.3416544,1.0
2450837.35269,568925.1,-0.3183583,-3.469723,-0.3416525,-0.8643255999999999,-2.650674,-0.3416519,1.0
2450837.35561,551396.3,-0.3183333,-3.469722,-0.3416501,-0.8643433,-2.650701,-0.3416495,1.0
2450837.35854,576863.0,-0.31830820000000004,-3.469721,-0.34164770000000005,-0.8643609,-2.650728,-0.3416471,1.0
2450837.36147,589225.4,-0.3182831,-3.46972,-0.3416453,-0.8643786,-2.6507560000000003,-0.3416447,1.0
2450837.36439,595237.4,-0.3182581,-3.46972,-0.3416429,-0.8643962,-2.650783,-0.3416422,1.0
2450837.37325,626205.3,-0.3181822,-3.469717,-0.3416355,-0.8644495999999999,-2.650866,-0.3416349,1.0
2450837.37618,617625.9,-0.3181571,-3.469717,-0.3416331,-0.8644673,-2.650893,-0.3416325,1.0
2450837.3791,622206.1,-0.3181321,-3.4697160000000005,-0.3416307,-0.8644849,-2.650921,-0.3416301,1.0
2450837.38349,621652.2,-0.3180945,-3.4697150000000003,-0.341627,-0.8645113999999999,-2.650962,-0.3416264,1.0
2450837.38642,613135.2,-0.3180694000000001,-3.469714,-0.34162459999999994,-0.8645290000000001,-2.650989,-0.341624,1.0
2450837.38934,607526.2,-0.3180443,-3.469713,-0.34162220000000004,-0.8645466999999999,-2.651017,-0.3416216,1.0
2450837.39227,589350.7,-0.3180192,-3.469713,-0.3416198,-0.8645643,-2.651044,-0.3416192,1.0
2450837.39519,588277.9,-0.3179942,-3.4697120000000004,-0.3416173,-0.8645818999999999,-2.651071,-0.3416167,1.0
2450837.39812,559231.1,-0.3179691,-3.469711,-0.34161490000000005,-0.8645995999999999,-2.6510990000000003,-0.3416143,1.0
2450837.40105,554625.9,-0.3179441,-3.46971,-0.3416125,-0.8646171999999999,-2.651126,-0.3416119,1.0
2450837.40398,539025.0,-0.317919,-3.46971,-0.3416101,-0.8646349,-2.651154,-0.34160949999999995,1.0
2450837.40836,537553.9,-0.3178815,-3.4697089999999995,-0.34160640000000003,-0.8646613000000001,-2.651195,-0.3416058,1.0
2450837.41275,540549.2,-0.3178439,-3.469707,-0.3416028,-0.8646877000000001,-2.651236,-0.3416022,1.0
2450837.42973,591134.3,-0.3176985,-3.469703,-0.3415887,-0.8647898999999999,-2.651395,-0.3415881,1.0
2450837.43266,609389.5,-0.31767340000000005,-3.469702,-0.3415863,-0.8648075999999999,-2.651422,-0.3415857,1.0
2450837.4355900004,609401.8,-0.3176483,-3.469702,-0.34158390000000005,-0.8648252000000001,-2.65145,-0.34158330000000003,1.0
2450837.43852,634034.0,-0.3176232,-3.469701,-0.3415815,-0.8648428,-2.651477,-0.3415809,1.0
2450837.44437,647634.6,-0.3175731,-3.469699,-0.34157659999999995,-0.864878,-2.651532,-0.34157600000000005,1.0
2450837.4473,658474.4,-0.317548,-3.469699,-0.3415742,-0.8648957,-2.65156,-0.3415736,1.0
2450837.45023,663357.5,-0.31752290000000005,-3.469698,-0.3415718,-0.8649133,-2.651587,-0.3415712,1.0
2450837.45316,673839.5,-0.3174978,-3.469697,-0.3415693,-0.8649309000000001,-2.651615,-0.3415687,1.0
2450837.45608,691457.1,-0.3174728,-3.469696,-0.3415669,-0.8649485,-2.651642,-0.3415663,1.0
2450837.4590000003,691471.0,-0.3174478,-3.469696,-0.3415645,-0.8649661,-2.651669,-0.34156390000000003,1.0
2450837.46193,693398.3,-0.3174227000000001,-3.469695,-0.3415621,-0.8649836999999999,-2.651697,-0.3415615,1.0
2450837.46486,708910.7,-0.31739759999999995,-3.469694,-0.3415597,-0.8650013000000001,-2.651724,-0.3415591,1.0
2450837.46779,678891.5,-0.3173725,-3.469693,-0.3415572,-0.8650189,-2.651752,-0.3415566,1.0
2450837.47071,682038.9,-0.3173475,-3.469693,-0.3415548,-0.8650365,-2.651779,-0.3415542,1.0
2450837.48863,620959.0,-0.3171941,-3.469688,-0.34154,-0.8651441999999999,-2.6519470000000003,-0.34153940000000005,1.0
2450837.496,609656.3,-0.317131,-3.4696860000000003,-0.3415339000000001,-0.8651885,-2.652017,-0.3415333,1.0
2450837.49893,573183.7,-0.3171059,-3.469685,-0.34153140000000004,-0.8652061,-2.652044,-0.3415308,1.0
2450837.50186,567940.2,-0.3170808,-3.469685,-0.341529,-0.8652236999999999,-2.652072,-0.3415284,1.0
2450837.50479,550441.8,-0.31705570000000005,-3.4696839999999995,-0.3415266,-0.8652413000000001,-2.652099,-0.341526,1.0
2450837.51064,544915.3,-0.31700559999999994,-3.469682,-0.3415217,-0.8652764000000001,-2.652154,-0.3415211,1.0
2450837.5165,550486.4,-0.3169554,-3.469681,-0.3415169,-0.8653116,-2.652209,-0.3415163,1.0
2450837.5208900003,558161.4,-0.3169178,-3.4696800000000003,-0.3415133,-0.8653379000000001,-2.65225,-0.3415126,1.0
2450837.52382,562818.8,-0.3168927,-3.469679,-0.34151079999999995,-0.8653555,-2.652278,-0.34151020000000004,1.0
2450837.3322400004,15.958570000000002,-0.3185334,-3.469728,-0.3416695,-0.8642023000000001,-2.650482,-0.34166890000000005,1.0
2450837.34128,15.07374,-0.318456,-3.469726,-0.341662,-0.8642568000000002,-2.650567,-0.3416614,1.0
2450837.34926,15.27021,-0.3183876,-3.469724,-0.3416554,-0.8643049999999999,-2.650642,-0.3416548,1.0
2450837.35233,15.59747,-0.3183613,-3.469723,-0.3416528,-0.8643235,-2.65067,-0.3416522,1.0
2450837.35511,15.91704,-0.3183375,-3.469722,-0.3416505,-0.8643402,-2.650696,-0.3416499,1.0
2450837.35789,16.15365,-0.31831370000000003,-3.469721,-0.3416482,-0.8643569999999999,-2.650722,-0.34164759999999994,1.0
2450837.36066,16.51502,-0.3182899,-3.469721,-0.3416459,-0.8643738000000001,-2.650748,-0.3416453,1.0
2450837.36344,16.94679,-0.3182662,-3.46972,-0.3416436,-0.8643905000000001,-2.650774,-0.341643,1.0
2450837.36622,17.056729999999998,-0.31824240000000004,-3.4697190000000004,-0.3416413,-0.8644073,-2.6508,-0.3416407,1.0
2450837.37735,17.779889999999995,-0.3181471,-3.4697160000000005,-0.3416321,-0.8644744000000001,-2.650904,-0.34163150000000003,1.0
2450837.3819,17.94497,-0.31810809999999995,-3.4697150000000003,-0.3416284,-0.8645018,-2.650947,-0.3416277,1.0
2450837.38676,18.21198,-0.3180664,-3.469714,-0.3416243,-0.8645311,-2.650992,-0.34162370000000003,1.0
2450837.3895400004,17.715999999999994,-0.3180427,-3.469713,-0.341622,-0.8645478000000001,-2.651018,-0.3416214,1.0
2450837.39232,17.154339999999998,-0.31801890000000005,-3.469713,-0.3416197,-0.8645646,-2.651044,-0.34161909999999995,1.0
2450837.3951,17.01305,-0.3179951,-3.4697120000000004,-0.3416174000000001,-0.8645813,-2.6510700000000003,-0.34161679999999994,1.0
2450837.39787,16.54972,-0.3179713,-3.469711,-0.3416151,-0.8645980999999999,-2.651096,-0.3416145,1.0
2450837.40065,15.84889,-0.3179475,-3.46971,-0.3416128,-0.8646148000000001,-2.651122,-0.34161220000000003,1.0
2450837.40343,15.77638,-0.31792370000000003,-3.46971,-0.3416105,-0.8646315,-2.651149,-0.3416099,1.0
2450837.4062,15.61765,-0.3179,-3.4697089999999995,-0.34160820000000003,-0.8646483,-2.651175,-0.3416076,1.0
2450837.40898,15.967020000000002,-0.3178762,-3.469708,-0.3416059,-0.864665,-2.651201,-0.3416053,1.0
2450837.41176,15.5895,-0.31785240000000003,-3.469708,-0.34160359999999995,-0.8646816999999999,-2.651227,-0.34160300000000005,1.0
2450837.4145400003,15.40425,-0.3178286,-3.469707,-0.3416013,-0.8646984000000001,-2.651253,-0.3416007,1.0
2450837.41731,15.43295,-0.3178048,-3.469706,-0.341599,-0.8647152,-2.651279,-0.3415984,1.0
2450837.42043,15.74919,-0.3177782,-3.4697050000000003,-0.3415965,-0.8647338999999999,-2.651308,-0.3415958,1.0
2450837.42321,16.146060000000002,-0.31775440000000005,-3.4697050000000003,-0.3415942,-0.8647507,-2.651334,-0.3415935,1.0
2450837.4259900004,15.93951,-0.3177306,-3.469704,-0.3415919000000001,-0.8647674000000001,-2.65136,-0.34159120000000004,1.0
2450837.42876,16.78353,-0.3177068,-3.469703,-0.3415896,-0.8647841000000001,-2.651386,-0.34158890000000003,1.0
2450837.4315400003,17.22232,-0.317683,-3.469703,-0.3415873,-0.8648008,-2.651412,-0.3415866,1.0
2450837.43444,17.27032,-0.31765809999999994,-3.469702,-0.3415848,-0.8648183,-2.651439,-0.3415842,1.0
2450837.43722,17.30249,-0.3176343,-3.469701,-0.3415825,-0.864835,-2.651465,-0.34158190000000005,1.0
2450837.44,17.673270000000006,-0.3176106,-3.4697,-0.3415802,-0.8648517,-2.651491,-0.3415796,1.0
2450837.44278,18.40455,-0.3175868,-3.4697,-0.34157790000000005,-0.8648684000000001,-2.651517,-0.3415773,1.0
2450837.44555,18.38796,-0.317563,-3.469699,-0.3415756,-0.8648851999999999,-2.651543,-0.341575,1.0
2450837.44833,19.52279,-0.3175392,-3.469698,-0.3415733,-0.8649019,-2.651569,-0.3415727,1.0
2450837.45111,18.92127,-0.3175154000000001,-3.469698,-0.341571,-0.8649186,-2.651595,-0.3415704,1.0
2450837.45389,19.55954,-0.3174916,-3.469697,-0.3415687,-0.8649353000000001,-2.651621,-0.3415681,1.0
2450837.45666,19.9971,-0.3174678,-3.469696,-0.34156640000000005,-0.864952,-2.651647,-0.3415658,1.0
2450837.45973,19.75951,-0.3174415,-3.469695,-0.34156390000000003,-0.8649705,-2.651676,-0.3415633,1.0
2450837.46251,20.12725,-0.3174178,-3.469695,-0.3415616,-0.8649870999999999,-2.651702,-0.341561,1.0
2450837.46529,19.54307,-0.317394,-3.469694,-0.3415593,-0.8650039,-2.651728,-0.3415587,1.0
2450837.46807,19.50748,-0.31737020000000005,-3.469693,-0.341557,-0.8650206,-2.651754,-0.34155640000000004,1.0
2450837.47084,19.88884,-0.31734640000000003,-3.469693,-0.3415547,-0.8650373,-2.65178,-0.3415541,1.0
2450837.4736200003,19.52621,-0.31732259999999995,-3.469692,-0.34155240000000003,-0.8650540000000001,-2.651806,-0.3415518,1.0
2450837.4764,19.0821,-0.3172988,-3.4696910000000005,-0.3415501,-0.8650707000000001,-2.6518330000000003,-0.3415495,1.0
2450837.47917,18.76871,-0.3172751,-3.46969,-0.3415478,-0.8650874,-2.651859,-0.3415472,1.0
2450837.48195,19.20626,-0.3172513,-3.46969,-0.3415455,-0.8651040999999999,-2.651885,-0.3415449,1.0
2450837.48484,17.99084,-0.3172266,-3.469689,-0.34154309999999993,-0.8651214,-2.651912,-0.3415425,1.0
2450843.2008,1454725.0,-0.2682409,-3.467831,-0.3367706,-0.8965280000000001,-2.709209,-0.3367701,1.0
2450843.20973,1475059.0,-0.2681644,-3.467828,-0.3367631,-0.8965721999999999,-2.709304,-0.3367626,1.0
2450843.21266,1454852.0,-0.2681392,-3.467827,-0.3367606,-0.8965867000000001,-2.709335,-0.33676009999999995,1.0
2450843.21559,1437567.0,-0.2681141,-3.467826,-0.3367582,-0.8966013,-2.709366,-0.33675759999999993,1.0
2450843.21852,1408761.0,-0.268089,-3.467824,-0.33675570000000005,-0.8966158000000001,-2.709398,-0.33675520000000003,1.0
2450843.22144,1385628.0,-0.2680639,-3.467823,-0.33675320000000003,-0.8966301999999999,-2.709429,-0.3367527,1.0
2450843.22437,1369166.0,-0.2680388,-3.467822,-0.3367508,-0.8966447,-2.70946,-0.3367502,1.0
2450843.2273,1361650.0,-0.2680137,-3.467821,-0.33674829999999994,-0.8966591999999999,-2.709491,-0.3367478,1.0
2450843.23222,1271982.0,-0.26797150000000003,-3.4678190000000004,-0.3367442,-0.8966835999999999,-2.709543,-0.3367436,1.0
2450843.23516,1265000.0,-0.2679463,-3.467818,-0.3367417,-0.8966980999999999,-2.709575,-0.3367412,1.0
2450843.23809,1299271.0,-0.2679212,-3.467817,-0.3367392,-0.8967126,-2.709606,-0.3367387,1.0
2450843.24101,1245401.0,-0.2678961,-3.4678160000000005,-0.3367368,-0.8967271000000001,-2.709637,-0.3367362,1.0
2450843.24394,1244281.0,-0.267871,-3.467814,-0.3367343,-0.8967415999999999,-2.709668,-0.3367338,1.0
2450843.24687,1301751.0,-0.2678459,-3.467813,-0.3367318,-0.8967561,-2.7097,-0.3367313,1.0
2450843.2498,1328426.0,-0.2678208,-3.4678120000000003,-0.3367294,-0.8967706,-2.709731,-0.3367288,1.0
2450843.25273,1356896.0,-0.2677956,-3.467811,-0.3367269,-0.8967851,-2.709762,-0.33672640000000004,1.0
2450843.25564,1377070.0,-0.26777070000000003,-3.46781,-0.3367245,-0.8967995000000001,-2.709793,-0.3367239,1.0
2450843.25857,1413075.0,-0.2677455,-3.4678089999999995,-0.336722,-0.8968139,-2.709824,-0.3367215,1.0
2450843.2615,1467488.0,-0.2677204,-3.467808,-0.3367195,-0.8968284,-2.709855,-0.336719,1.0
2450843.26443,1463470.0,-0.2676953,-3.467806,-0.3367171,-0.8968429,-2.709887,-0.3367165,1.0
2450843.26736,1478404.0,-0.2676702,-3.467805,-0.3367146,-0.8968574,-2.709918,-0.3367141,1.0
2450843.27028,1552396.0,-0.2676451,-3.467804,-0.3367121,-0.8968718000000001,-2.709949,-0.3367116,1.0
2450843.27321,1565352.0,-0.26762,-3.467803,-0.3367097,-0.8968863000000001,-2.70998,-0.3367091,1.0
2450843.27614,1572611.0,-0.2675949,-3.467802,-0.3367072,-0.8969007999999999,-2.710011,-0.3367067,1.0
2450843.27907,1585735.0,-0.2675698,-3.467801,-0.3367047,-0.8969153,-2.710043,-0.3367042,1.0
2450843.282,1597497.0,-0.2675446,-3.467799,-0.33670229999999995,-0.8969296999999998,-2.710074,-0.33670170000000005,1.0
2450843.28493,1630232.0,-0.2675195,-3.467798,-0.3366998,-0.8969441999999999,-2.710105,-0.3366993,1.0
2450843.28785,1628766.0,-0.2674945,-3.467797,-0.3366973,-0.8969585999999999,-2.710136,-0.3366968,1.0
2450843.29078,1637827.0,-0.2674693,-3.467796,-0.3366949,-0.8969731,-2.710168,-0.3366943,1.0
2450843.2937,1624342.0,-0.2674443,-3.467795,-0.3366924000000001,-0.8969875,-2.710199,-0.33669190000000004,1.0
2450843.29663,1640917.0,-0.2674192,-3.467794,-0.33669,-0.8970020000000001,-2.71023,-0.3366894,1.0
2450843.29956,1605078.0,-0.2673941,-3.467792,-0.3366875,-0.8970164,-2.710261,-0.3366869,1.0
2450843.30248,1586008.0,-0.267369,-3.4677910000000005,-0.336685,-0.8970308000000001,-2.710292,-0.3366845,1.0
2450843.30541,1549940.0,-0.2673439,-3.46779,-0.33668259999999994,-0.8970453000000002,-2.710324,-0.33668200000000004,1.0
2450843.30834,1558562.0,-0.2673188,-3.467789,-0.3366801,-0.8970598,-2.710355,-0.3366796,1.0
2450843.31127,1493941.0,-0.2672936,-3.467788,-0.3366776,-0.8970742,-2.710386,-0.33667709999999995,1.0
2450843.3142,1447914.0,-0.2672685,-3.4677870000000004,-0.3366752,-0.8970886999999999,-2.710417,-0.3366746,1.0
2450843.31713,1449280.0,-0.2672434,-3.4677860000000003,-0.33667270000000005,-0.8971030999999999,-2.710449,-0.33667220000000003,1.0
2450843.32289,1380291.0,-0.267194,-3.4677830000000003,-0.3366678,-0.8971315000000001,-2.71051,-0.3366673,1.0
2451255.32143,324325.3,2.581034,-1.186876,0.13603900000000002,1.587491,-1.131302,0.1360388,1.0
2451255.3237400004,335262.7,2.581041,-1.1868530000000002,0.13604170000000002,1.587495,-1.131318,0.1360416,1.0
2451255.32605,336193.8,2.5810470000000003,-1.186829,0.1360444,1.587498,-1.131334,0.1360443,1.0
2451255.32836,342447.6,2.581054,-1.186806,0.1360471,1.587502,-1.131351,0.136047,1.0
2451255.33068,341820.8,2.58106,-1.186782,0.1360499,1.587506,-1.131367,0.13604979999999994,1.0
2451255.33298,343402.1,2.581066,-1.186759,0.1360526,1.587509,-1.131383,0.13605250000000002,1.0
2451255.3353,349467.9,2.581073,-1.186735,0.1360553,1.587513,-1.1314,0.13605520000000002,1.0
2451255.33761,338385.5,2.581079,-1.186711,0.13605799999999998,1.587516,-1.131416,0.13605789999999998,1.0
2451255.33992,333746.1,2.581086,-1.186688,0.13606079999999998,1.58752,-1.131432,0.1360606,1.0
2451255.34224,334057.0,2.581092,-1.186664,0.1360635,1.587524,-1.131449,0.1360634,1.0
2451255.34455,322570.8,2.581099,-1.186641,0.1360662,1.587527,-1.131465,0.1360661,1.0
2451255.34686,322277.1,2.581105,-1.186617,0.1360689,1.587531,-1.131481,0.1360688,1.0
2451255.35487,286183.6,2.581128,-1.186536,0.1360784,1.587543,-1.131538,0.1360783,1.0
2451255.35718,273557.8,2.581134,-1.186512,0.1360811,1.587547,-1.1315540000000002,0.136081,1.0
2451255.35948,266350.5,2.581141,-1.186489,0.1360838,1.587551,-1.13157,0.13608370000000006,1.0
2451255.3618,253663.5,2.581147,-1.186465,0.1360866,1.587554,-1.131586,0.1360864,1.0
2451255.36411,255071.8,2.581154,-1.186441,0.13608929999999994,1.587558,-1.131603,0.1360892,1.0
2451255.36642,245395.6,2.58116,-1.186418,0.13609200000000002,1.587562,-1.1316190000000002,0.1360919,1.0
2451255.36873,238490.6,2.581167,-1.186394,0.1360947,1.587565,-1.131635,0.1360946,1.0
2451255.37105,233494.0,2.581173,-1.1863709999999998,0.13609749999999998,1.587569,-1.131652,0.1360973,1.0
2451255.37335,231142.6,2.581179,-1.186347,0.1361002,1.587572,-1.131668,0.1361001,1.0
2451255.37566,225260.2,2.581186,-1.186324,0.1361029,1.587576,-1.131684,0.13610279999999994,1.0
2451255.37798,229873.5,2.581192,-1.1863,0.1361056,1.58758,-1.131701,0.13610550000000002,1.0
2451255.38029,230724.3,2.581199,-1.186276,0.1361084,1.587583,-1.131717,0.1361082,1.0
2451255.3826,235666.5,2.581205,-1.186253,0.1361111,1.587587,-1.131733,0.13611099999999998,1.0
2451255.38491,247458.4,2.581212,-1.186229,0.13611379999999998,1.587591,-1.131749,0.1361137,1.0
2451255.38723,256275.2,2.581218,-1.186206,0.1361165,1.587594,-1.131766,0.1361164,1.0
2451255.38953,269098.3,2.581225,-1.186182,0.1361193,1.587598,-1.131782,0.1361191,1.0
2451255.39184,275877.0,2.5812310000000003,-1.186159,0.136122,1.587602,-1.131798,0.13612190000000002,1.0
2451255.39415,284655.7,2.581238,-1.186135,0.13612470000000002,1.587605,-1.131815,0.1361246,1.0
2451255.44006,276699.2,2.581366,-1.185667,0.1361788,1.587678,-1.132138,0.1361787,1.0
2451255.44238,267185.2,2.581373,-1.185643,0.1361816,1.587682,-1.132155,0.13618139999999998,1.0
2451255.4446900003,260385.5,2.581379,-1.18562,0.13618429999999998,1.587685,-1.1321709999999998,0.1361842,1.0
2451255.44699,254930.1,2.581385,-1.185596,0.136187,1.587689,-1.132187,0.1361869,1.0
2451255.44931,242563.6,2.581392,-1.185573,0.13618970000000002,1.587693,-1.132203,0.1361896,1.0
2451255.45161,233577.0,2.581398,-1.185549,0.1361924,1.587696,-1.13222,0.1361923,1.0
2451255.45393,223683.8,2.581405,-1.185526,0.13619520000000002,1.5877,-1.132236,0.136195,1.0
2451255.45624,223892.2,2.581411,-1.185502,0.1361979,1.587704,-1.132252,0.13619779999999998,1.0
2451255.45856,217191.8,2.581418,-1.1854790000000002,0.1362006,1.587707,-1.132269,0.1362005,1.0
2451255.46086,219203.7,2.581424,-1.185455,0.1362033,1.587711,-1.132285,0.13620320000000002,1.0
2451255.46317,224932.5,2.5814310000000003,-1.185432,0.13620610000000002,1.587715,-1.132301,0.1362059,1.0
2451255.46548,235970.0,2.581437,-1.185408,0.1362088,1.587719,-1.132317,0.13620870000000002,1.0
2451255.46779,246638.7,2.581444,-1.185384,0.1362115,1.587722,-1.132334,0.1362114,1.0
2451255.47011,255897.2,2.58145,-1.185361,0.1362142,1.587726,-1.13235,0.1362141,1.0
2451255.47241,261138.0,2.581457,-1.185337,0.136217,1.58773,-1.132366,0.1362168,1.0
2451255.47473,273196.1,2.5814630000000003,-1.185314,0.1362197,1.587733,-1.132383,0.13621960000000002,1.0
2451255.4770400003,279820.1,2.581469,-1.18529,0.1362224,1.5877370000000002,-1.132399,0.1362223,1.0
2451255.47934,288192.9,2.581476,-1.185267,0.1362251,1.587741,-1.132415,0.136225,1.0
2451255.48166,295997.3,2.581482,-1.185243,0.1362279,1.587744,-1.132431,0.1362277,1.0
2451255.48396,304293.2,2.581489,-1.1852200000000002,0.1362306,1.587748,-1.132448,0.13623039999999995,1.0
2451255.4912900003,327571.7,2.581509,-1.185145,0.1362392,1.58776,-1.132499,0.1362391,1.0
2451255.49359,331215.6,2.581516,-1.185121,0.1362419,1.587764,-1.132516,0.1362418,1.0
2451255.49591,332135.4,2.581522,-1.185098,0.13624470000000002,1.587767,-1.132532,0.1362445,1.0
2451255.49821,334287.1,2.581529,-1.185074,0.1362474,1.5877709999999998,-1.132548,0.1362472,1.0
2451255.50052,338629.0,2.581535,-1.185051,0.1362501,1.587775,-1.132564,0.13625,1.0
2451255.50284,339569.4,2.581542,-1.185027,0.13625279999999998,1.587778,-1.132581,0.1362527,1.0
2451255.50514,341769.3,2.581548,-1.1850040000000002,0.1362555,1.587782,-1.132597,0.1362554,1.0
2452148.33423,2925994.0,-3.321269,0.5081744,-0.2666104,-2.41594,0.05948474,-0.2666106,1.0
2452148.34003,2991345.0,-3.321285,0.508125,-0.26661630000000003,-2.415913,0.05952440000000001,-0.2666165,1.0
2452148.34374,2963890.0,-3.321295,0.5080935000000001,-0.2666201,-2.415895,0.05954977,-0.2666203,1.0
2452148.34743,2963860.0,-3.321305,0.508062,-0.2666238,-2.415878,0.059575,-0.2666241,1.0
2452148.35113,2883057.0,-3.321314,0.5080305,-0.2666276,-2.415861,0.05960031,-0.2666278,1.0
2452148.35484,2745673.0,-3.321324,0.507999,-0.2666313,-2.415843,0.05962568,-0.2666316,1.0
2452148.35855,2602821.0,-3.321334,0.5079674,-0.2666351,-2.415826,0.05965106,-0.2666353,1.0
2452148.36224,2451545.0,-3.3213440000000003,0.5079359999999999,-0.2666389,-2.415809,0.0596763,-0.2666391,1.0
2452148.36595,2375940.0,-3.321354,0.5079044,-0.2666426,-2.415791,0.05970168,-0.2666429,1.0
2452148.36965,2239913.0,-3.321364,0.5078729000000001,-0.2666464000000001,-2.4157740000000003,0.05972699,-0.2666466,1.0
2452148.37334,2144997.0,-3.321374,0.5078415,-0.2666501,-2.415757,0.05975224,-0.2666504,1.0
2452148.3777900003,2059782.0,-3.321385,0.5078036,-0.2666547,-2.415736,0.05978269,-0.26665490000000003,1.0
2452148.38149,2014730.0,-3.321395,0.5077721,-0.2666584,-2.415719,0.059808000000000014,-0.2666586,1.0
2452148.3851900003,1970664.0,-3.3214050000000004,0.5077406,-0.2666622,-2.415701,0.05983332,-0.2666624,1.0
2452148.38889,2057823.0,-3.321415,0.5077090999999999,-0.2666659,-2.415684,0.05985864,-0.2666662,1.0
2452148.3925900003,2129137.0,-3.321425,0.5076776,-0.2666697,-2.415667,0.05988397,-0.2666699,1.0
2452148.39629,2235626.0,-3.321435,0.5076460999999999,-0.2666734000000001,-2.415649,0.05990929,-0.2666737,1.0
2452148.4,2404334.0,-3.321445,0.5076145000000001,-0.2666772,-2.415632,0.05993469,-0.2666774,1.0
2452148.40369,2478508.0,-3.3214550000000003,0.5075831000000001,-0.266681,-2.4156150000000003,0.05995995,-0.2666812,1.0
2452148.4073900003,2588129.0,-3.321464,0.5075516,-0.2666847,-2.415597,0.05998528,-0.2666849,1.0
2452148.4111,2658163.0,-3.321474,0.50752,-0.2666885,-2.41558,0.06001068,-0.2666887,1.0
2452148.4147900003,2722558.0,-3.3214839999999994,0.5074886,-0.2666922,-2.415563,0.06003594,-0.2666925,1.0
2452148.41849,2803966.0,-3.3214940000000004,0.5074571,-0.266696,-2.4155450000000003,0.06006128,-0.2666962,1.0
2452148.43203,2835023.0,-3.32153,0.5073418,-0.2667097,-2.415482,0.06015401,-0.26671,1.0
2452148.43572,2785815.0,-3.32154,0.5073104,-0.26671350000000005,-2.415465,0.06017928,-0.2667137,1.0
2452148.43943,2662857.0,-3.32155,0.5072787999999999,-0.2667172,-2.415448,0.06020469,-0.2667175,1.0
2452148.44313,2554720.0,-3.32156,0.5072473,-0.266721,-2.41543,0.06023004,-0.2667212,1.0
2452148.44682,2424036.0,-3.321569,0.5072159,-0.26672470000000004,-2.415413,0.06025532,-0.266725,1.0
2452148.45053,2306400.0,-3.3215790000000003,0.5071843,-0.2667285,-2.415396,0.06028074,-0.26672870000000004,1.0
2452148.45423,2200545.0,-3.321589,0.5071528000000001,-0.2667323,-2.415379,0.06030609,-0.2667325,1.0
2452148.45792,2099548.0,-3.321599,0.5071213,-0.26673600000000003,-2.415361,0.06033138,-0.26673620000000003,1.0
2452148.46163,1990313.0,-3.321609,0.5070898,-0.2667398,-2.415344,0.0603568,-0.26674000000000003,1.0
2452148.46533,1939621.0,-3.321619,0.5070583,-0.2667435,-2.415327,0.06038216,-0.26674380000000003,1.0
2452148.47946,2231003.0,-3.321656,0.5069378999999999,-0.2667579,-2.415261,0.06047901,-0.26675809999999994,1.0
2452148.48315,2349069.0,-3.3216660000000005,0.5069064999999999,-0.2667616,-2.415244,0.0605043,-0.2667619,1.0
2452148.48686,2480227.0,-3.321676,0.5068749,-0.26676540000000004,-2.415226,0.06052974,-0.2667656,1.0
2452148.49056,2613888.0,-3.321686,0.5068434,-0.2667692,-2.415209,0.06055511,-0.26676940000000005,1.0
2452148.49425,2682148.0,-3.321696,0.506812,-0.26677290000000004,-2.415192,0.06058041,-0.2667731,1.0
2452148.49796,2805939.0,-3.321706,0.5067804,-0.26677670000000003,-2.415175,0.06060585,-0.26677690000000004,1.0
2452148.50167,2863346.0,-3.321715,0.5067488,-0.26678040000000003,-2.4151580000000004,0.06063129,-0.26678070000000004,1.0
2452148.50536,2932713.0,-3.321725,0.5067174,-0.2667842,-2.41514,0.06065660000000001,-0.26678440000000003,1.0
2452148.50907,2995471.0,-3.321735,0.5066858,-0.2667879,-2.415123,0.06068204,-0.26678820000000003,1.0
2452148.51277,2984425.0,-3.3217449999999995,0.5066543,-0.2667917,-2.415106,0.06070742,-0.2667919,1.0
2452148.52621,2721729.0,-3.321781,0.5065399,-0.2668053,-2.415043,0.06079962,-0.2668056,1.0
2452148.5299,2616016.0,-3.321791,0.5065085,-0.2668091,-2.415026,0.06082494,-0.2668093,1.0
2452148.5336,2454913.0,-3.3218,0.5064770000000001,-0.2668129,-2.415009,0.06085033,-0.2668131,1.0
2452148.53731,2355221.0,-3.32181,0.5064454,-0.2668166,-2.414992,0.06087579,-0.2668168,1.0
2452148.54101,2216294.0,-3.32182,0.5064139,-0.2668204,-2.414975,0.06090118,-0.2668206,1.0
2452148.5447,2124335.0,-3.3218300000000003,0.5063825,-0.2668241,-2.414957,0.0609265,-0.2668243,1.0
2452148.54841,2060718.0,-3.3218400000000003,0.5063509,-0.2668279000000001,-2.41494,0.06095197,-0.2668281,1.0
2452148.55211,2015646.0,-3.32185,0.5063194000000001,-0.2668316,-2.414923,0.06097736,-0.2668319000000001,1.0
2452148.5558,2006365.0,-3.32186,0.506288,-0.2668354,-2.414906,0.06100269,-0.26683559999999995,1.0
2452148.55951,2021182.0,-3.3218690000000004,0.5062564,-0.26683920000000005,-2.414889,0.06102816,-0.2668394,1.0
2452148.56321,2122272.0,-3.321879,0.5062249,-0.2668429,-2.414872,0.06105356,-0.26684309999999994,1.0
2452148.5669,2292962.0,-3.321889,0.5061934,-0.2668467,-2.414854,0.0610789,-0.2668469,1.0
2452148.57061,2372425.0,-3.321899,0.5061619,-0.26685040000000004,-2.414837,0.06110437,-0.2668506,1.0
2452148.57432,2475073.0,-3.321909,0.5061303,-0.2668542,-2.41482,0.06112985,-0.26685440000000005,1.0
2452172.31504,2738878.0,-3.377861,0.3030421,-0.2903603,-2.3749580000000003,0.2490562,-0.2903602,1.0
2452172.31875,2820831.0,-3.3778690000000005,0.3030103,-0.2903639,-2.374963,0.2490878,-0.2903637,1.0
2452172.3224400003,2894554.0,-3.377876,0.3029786,-0.29036740000000005,-2.374969,0.2491193,-0.2903673,1.0
2452172.32614,2992169.0,-3.3778839999999994,0.3029468,-0.290371,-2.3749740000000004,0.2491508,-0.29037090000000004,1.0
2452172.32983,3067542.0,-3.3778910000000004,0.3029151,-0.2903746,-2.374979,0.2491823,-0.29037440000000003,1.0
2452172.33354,3042251.0,-3.377899,0.3028832,-0.2903781,-2.374984,0.2492139,-0.290378,1.0
2452172.3372400003,3022731.0,-3.377907,0.3028515,-0.2903817,-2.37499,0.2492455,-0.2903816,1.0
2452172.34093,3000572.0,-3.377914,0.3028198,-0.2903853,-2.374995,0.2492769,-0.29038509999999995,1.0
2452172.3446400003,2929601.0,-3.3779220000000003,0.30278790000000005,-0.2903888,-2.375,0.2493086,-0.2903887,1.0
2452172.34834,2839311.0,-3.377929,0.3027561,-0.29039240000000005,-2.375005,0.2493401,-0.2903923,1.0
2452172.36116,2348705.0,-3.377956,0.302646,-0.2904048,-2.375023,0.2494495,-0.2904047,1.0
2452172.36486,2247155.0,-3.377963,0.3026143,-0.2904083,-2.375029,0.249481,-0.2904082000000001,1.0
2452172.36856,2183924.0,-3.377971,0.3025825,-0.2904119,-2.375034,0.24951260000000006,-0.2904118,1.0
2452172.37226,2083733.0,-3.3779790000000003,0.3025507,-0.2904155,-2.375039,0.2495441,-0.29041540000000005,1.0
2452172.37596,2043838.0,-3.377986,0.30251890000000003,-0.2904191,-2.375045,0.2495757,-0.29041890000000004,1.0
2452172.37966,2085696.0,-3.377994,0.3024872,-0.2904226,-2.37505,0.2496072,-0.2904225,1.0
2452172.38335,2182004.0,-3.3780010000000003,0.3024555,-0.2904262,-2.375055,0.2496387,-0.2904261,1.0
2452172.38707,2293296.0,-3.378009,0.3024235,-0.2904298,-2.37506,0.2496704,-0.29042959999999995,1.0
2452172.39077,2403613.0,-3.378017,0.3023917,-0.2904333,-2.375066,0.249702,-0.2904332000000001,1.0
2452172.39447,2516918.0,-3.378024,0.30236,-0.2904369,-2.375071,0.2497335,-0.2904368,1.0
2452172.39857,2618629.0,-3.3780330000000003,0.3023248,-0.2904409,-2.375077,0.2497685,-0.2904407,1.0
2452172.40227,2692022.0,-3.37804,0.302293,-0.29044440000000005,-2.375082,0.2498001,-0.2904443,1.0
2452172.40597,2780245.0,-3.378048,0.3022612,-0.290448,-2.375087,0.2498316,-0.29044790000000004,1.0
2452172.40967,2847656.0,-3.3780550000000003,0.30222940000000004,-0.2904516,-2.375093,0.2498632,-0.2904514,1.0
2452172.41337,2930165.0,-3.378063,0.3021977,-0.2904551,-2.375098,0.24989470000000005,-0.290455,1.0
2452172.41707,2998449.0,-3.378071,0.3021659,-0.2904587,-2.375103,0.2499263,-0.2904586,1.0
2452172.42077,3001243.0,-3.378078,0.3021341,-0.2904623,-2.375109,0.2499578,-0.29046209999999995,1.0
2452172.42447,2932957.0,-3.378086,0.3021023,-0.2904658,-2.375114,0.2499894,-0.2904657,1.0
2452172.42817,2884763.0,-3.378093,0.3020706,-0.29046940000000004,-2.375119,0.250021,-0.2904693,1.0
2452172.43186,2813939.0,-3.378101,0.3020388,-0.290473,-2.375125,0.2500525,-0.29047290000000003,1.0
2452172.44741,2312777.0,-3.378133,0.30190520000000004,-0.290488,-2.375147,0.2501851,-0.2904879,1.0
2452172.45112,2190475.0,-3.37814,0.3018734,-0.2904916,-2.375153,0.2502168,-0.2904914,1.0
2452172.45482,2099630.0,-3.3781480000000004,0.3018416,-0.29049509999999995,-2.3751580000000003,0.2502483,-0.290495,1.0
2452172.45851,2072752.0,-3.378156,0.3018099,-0.2904987,-2.375163,0.2502798,-0.2904986,1.0
2452172.46222,2020002.0,-3.378163,0.30177800000000005,-0.2905023,-2.375169,0.2503115,-0.2905021,1.0
2452172.46593,2065173.0,-3.378171,0.3017462,-0.2905058,-2.3751740000000003,0.2503431,-0.29050570000000003,1.0
2452172.4696400003,2170506.0,-3.378178,0.3017143,-0.29050940000000003,-2.375179,0.2503747,-0.2905093,1.0
2452172.47333,2298082.0,-3.378186,0.3016826,-0.290513,-2.375185,0.2504062,-0.2905128,1.0
2452172.47703,2442137.0,-3.378194,0.3016509,-0.2905165,-2.3751900000000004,0.2504378,-0.2905164,1.0
2452172.48073,2578544.0,-3.378201,0.3016191,-0.29052009999999995,-2.375195,0.25046929999999995,-0.29052,1.0
2452172.4852,2670423.0,-3.37821,0.30158070000000003,-0.2905244,-2.3752020000000003,0.2505075,-0.2905243,1.0
2452172.48891,2895907.0,-3.378218,0.3015488,-0.290528,-2.375207,0.2505391,-0.2905279000000001,1.0
2452172.4926,2895937.0,-3.378226,0.3015171,-0.2905316,-2.375213,0.25057060000000003,-0.29053140000000005,1.0
2452172.49629,2971622.0,-3.3782330000000003,0.3014854,-0.2905351,-2.375218,0.2506021,-0.290535,1.0
2452172.49999,3021330.0,-3.3782410000000005,0.30145370000000005,-0.29053870000000004,-2.375224,0.2506336,-0.2905386,1.0
2452172.5037,3060573.0,-3.378248,0.3014218,-0.2905423,-2.375229,0.2506653,-0.2905421,1.0
2452172.50739,3074732.0,-3.378256,0.3013901,-0.2905458,-2.375234,0.2506967,-0.2905457,1.0
2452172.51109,3040968.0,-3.378263,0.3013583,-0.2905494,-2.37524,0.2507283,-0.2905493,1.0
2452172.5148,2977257.0,-3.378271,0.3013265,-0.290553,-2.375245,0.25075990000000004,-0.2905528,1.0
2452172.51849,2877537.0,-3.378279,0.3012948,-0.2905565,-2.375251,0.2507914,-0.29055640000000005,1.0
2452172.52269,2732915.0,-3.3782870000000003,0.3012587,-0.2905606,-2.375257,0.2508272,-0.29056040000000005,1.0
2452172.52639,2588396.0,-3.378295,0.3012269,-0.29056409999999994,-2.375262,0.2508588,-0.290564,1.0
2452172.53009,2458302.0,-3.378302,0.3011952,-0.29056770000000004,-2.375268,0.2508904,-0.2905676,1.0
2452172.53379,2347685.0,-3.37831,0.3011634,-0.2905713,-2.375273,0.25092190000000003,-0.2905711,1.0
2452172.53749,2266962.0,-3.378318,0.3011316,-0.2905748,-2.375278,0.2509535,-0.2905747,1.0
2452172.54121,2172946.0,-3.378325,0.3010997,-0.2905784,-2.375284,0.2509852,-0.2905783,1.0
2452172.5449,2098232.0,-3.378333,0.301068,-0.290582,-2.375289,0.2510167,-0.2905819000000001,1.0
2452172.5486,2063755.0,-3.37834,0.30103620000000003,-0.2905856,-2.375295,0.25104829999999995,-0.29058540000000005,1.0
2452172.55231,2139255.0,-3.3783480000000004,0.30100429999999995,-0.2905891,-2.3753,0.2510799,-0.290589,1.0
2452172.556,2225703.0,-3.3783550000000004,0.3009726,-0.29059270000000004,-2.375306,0.2511114,-0.2905926,1.0
2452172.5597,2347858.0,-3.378363,0.3009409,-0.2905963,-2.375311,0.251143,-0.2905961,1.0
2452172.5634,2467609.0,-3.378371,0.3009091,-0.2905998,-2.375317,0.2511745,-0.2905997,1.0
2452172.56769,2603045.0,-3.378379,0.30087220000000003,-0.290604,-2.375323,0.2512111,-0.2906038,1.0
2452172.57139,2676001.0,-3.3783870000000005,0.3008405,-0.2906075,-2.375328,0.25124270000000004,-0.2906074,1.0
2452172.57509,2756073.0,-3.378395,0.3008087,-0.2906111,-2.375334,0.2512742,-0.290611,1.0
2452172.57879,2830710.0,-3.3784019999999995,0.3007769,-0.2906147,-2.375339,0.2513058,-0.2906145,1.0
2452172.58249,2915412.0,-3.37841,0.30074509999999993,-0.29061820000000005,-2.3753450000000003,0.2513374,-0.29061809999999993,1.0
2452172.58618,2950560.0,-3.378417,0.3007134,-0.2906218,-2.37535,0.2513688,-0.2906217,1.0
2452172.58989,3010988.0,-3.378425,0.3006816,-0.29062540000000003,-2.375356,0.2514005,-0.2906252,1.0
2452172.59359,3024918.0,-3.378432,0.3006498,-0.2906289,-2.3753610000000003,0.2514321,-0.2906288,1.0
2452172.59728,3011052.0,-3.3784400000000003,0.30061809999999994,-0.2906325,-2.375367,0.2514635,-0.2906324,1.0
2452172.60099,2950685.0,-3.378448,0.3005862,-0.2906361,-2.375372,0.25149520000000003,-0.2906359000000001,1.0
2452172.60469,2915597.0,-3.378455,0.3005545,-0.2906396,-2.375378,0.2515268,-0.2906395,1.0
2452172.60838,2763962.0,-3.3784629999999995,0.3005228,-0.29064320000000005,-2.375383,0.2515582,-0.29064309999999993,1.0
2452172.61832,2374348.0,-3.378483,0.3004374,-0.2906528,-2.375398,0.251643,-0.2906526,1.0
2452172.62203,2259170.0,-3.3784910000000004,0.3004055,-0.29065640000000004,-2.375404,0.25167470000000003,-0.2906562,1.0
