2444019.76347,1.0114530000000002,1.37315223,2.73538665,-1.09607414,0.94052331,1.81937355,-1.09613314,1.0
2444019.84284,0.9838885,1.37248031,2.73561099,-1.09610068,0.94106398,1.81901061,-1.09615971,1.0
2444019.87131,0.9948231,1.37223927,2.73569143,-1.09611019,0.94125809,1.81888079,-1.09616923,1.0
2444019.90395,0.9857026,1.37196292,2.73578362,-1.09612108,0.94148074,1.81873219,-1.09618013,1.0
2444019.93798,1.029309,1.37167478,2.73587971,-1.09613242,0.941713,1.81857753,-1.09619149,1.0
2444019.9609,0.9948231,1.37148071,2.73594442,-1.09614006,0.9418695,1.81847352,-1.09619913,1.0
2444022.68516,1.006368,1.34836907,2.7435469,-1.09701203,0.96086972,1.80700545,-1.09707207,1.0
2444022.70383,1.007295,1.34821038,2.7435984,-1.09701777,0.96100255,1.80693302,-1.09707781,1.0
2444022.72223,0.9898212,1.34805398,2.74364914,-1.09702341,0.9611335,1.80686172,-1.09708346,1.0
2444022.78303,1.013811,1.34753716,2.74381676,-1.09704205,0.96156643,1.80662671,-1.09710212,1.0
2444022.82741,1.049921,1.34715988,2.74393905,-1.09705563,0.96188267,1.80645574,-1.09711571,1.0
2444022.86935,0.9907334,1.34680333,2.74405458,-1.09706845,0.9621817,1.8062946,-1.09712855,1.0
2444022.9095900003,0.9531402,1.34646121,2.74416539,-1.09708074,0.96246878,1.8061404,-1.09714084,1.0
2444022.94921,0.9889101,1.34612434,2.74427445,-1.09709282,0.96275158,1.80598896,-1.09715294,1.0
2444467.780241,1.031462,-2.27140731,1.13671706,-0.2258934,-1.45414178,0.53905656,-0.22592606,1.0
2444467.800032,0.9778071,-2.27148249,1.13651897,-0.22581599,-1.45402156,0.53913212,-0.22584863,1.0
2444467.819533,0.9520356,-2.27155656,1.13632379,-0.22573971,-1.45390317,0.53920662,-0.22577233,1.0
2444467.838742,0.9626163,-2.2716295,1.13613151,-0.22566456,-1.45378663,0.53928007,-0.22569717,1.0
2444467.856951,0.9978223,-2.27169862,1.13594925,-0.22559334,-1.45367622,0.53934974,-0.22562593,1.0
2444467.871076,1.02389,-2.27175224,1.13580785,-0.22553808,-1.45359062,0.53940382,-0.22557066,1.0
2444467.88541,1.016373,-2.27180664,1.13566437,-0.22548201,-1.4535038,0.53945873,-0.22551457,1.0
2444467.901327,1.022006,-2.27186704,1.13550503,-0.22541974,-1.45340742,0.53951975,-0.22545229,1.0
2444467.918286,1.012636,-2.27193137,1.13533525,-0.22535339,-1.4533048000000002,0.5395848000000001,-0.22538593,1.0
2444467.934745,1.003352,-2.27199381,1.13517047,-0.225289,-1.45320525,0.53964797,-0.22532153,1.0
2444467.921203,1.021976,-2.27194244,1.13530605,-0.22534198,-1.45328715,0.53959599,-0.22537452,1.0
2444467.977996,1.001476,-2.27215781,1.13473744,-0.22511979,-1.45294391,0.53981417,-0.22515228,1.0
2444468.01058,0.9841032,-2.27228132,1.13441119,-0.22499231,-1.45274726,0.53993956,-0.22502477,1.0
2444468.01058,0.9841032,-2.27228132,1.13441119,-0.22499231,-1.45274726,0.53993956,-0.22502477,1.0
2444468.0423310003,0.9759794,-2.27240163,1.13409325,-0.22486808,-1.45255583,0.5400619000000001,-0.22490051,1.0
2444468.0423310003,0.9759794,-2.27240163,1.13409325,-0.22486808,-1.45255583,0.5400619000000001,-0.22490051,1.0
2444468.098041,0.9922946,-2.27261262,1.13353536,-0.22465011,-1.45222043,0.54027691,-0.22468249,1.0
2444468.146126,1.01354,-2.27279464,1.13305377,-0.22446195,-1.45193142,0.54046288,-0.22449429,1.0
2444468.177627,1.038104,-2.27291382,1.13273825,-0.22433869,-1.45174233,0.54058489,-0.224371,1.0
2444468.205128,1.021976,-2.27301784,1.13246278,-0.22423107,-1.45157741,0.54069152,-0.22426336,1.0
2444468.235628,0.9904684,-2.27313318,1.13215724,-0.22411171,-1.45139466,0.54080993,-0.22414397,1.0
2444487.427745,1.028779,-2.33805649,0.93635853,-0.14834761,-1.3750696000000002,0.63803603,-0.14836185,1.0
2444487.433536,1.024049,-2.33807373,0.93629843,-0.14832457,-1.37505899,0.63807074,-0.1483388,1.0
2444487.436828,1.023105,-2.33808353,0.93626427,-0.14831148,-1.37505296,0.63809047,-0.1483257,1.0
2444487.452703,1.025929,-2.33813079,0.93609951,-0.14824832,-1.37502392,0.63818563,-0.14826253,1.0
2444487.458495,1.005347,-2.33814802,0.9360394,-0.14822528,-1.37501334,0.63822036,-0.14823948,1.0
2444487.462036,1.017456,-2.33815856,0.93600265,-0.14821119,-1.37500687,0.63824159,-0.14822539,1.0
2444487.467578,1.00627,-2.33817505,0.93594513,-0.14818914,-1.37499676,0.63827482,-0.14820334,1.0
2444487.488703,1.001638,-2.33823791,0.93572588,-0.14810510000000002,-1.37495828,0.6384015000000001,-0.14811927,1.0
2444487.4919950003,1.001636,-2.3382477,0.93569171,-0.148092,-1.3749523,0.63842124,-0.14810617,1.0
2444487.496203,1.007185,-2.33826022,0.93564803,-0.14807526,-1.37494465,0.63844648,-0.14808943,1.0
2444487.502453,0.9942788,-2.3382788,0.93558316,-0.14805039,-1.37493329,0.63848397,-0.14806455,1.0
2444487.504953,1.0025540000000002,-2.33828624,0.93555722,-0.14804045,-1.37492875,0.63849897,-0.14805461,1.0
2444487.50687,1.009038,-2.33829194,0.93553732,-0.14803282,-1.37492528,0.63851047,-0.14804698,1.0
2444487.5103700003,1.001629,-2.33830235,0.93550099,-0.14801889999999998,-1.37491893,0.63853146,-0.14803305,1.0
2444487.514245,1.008106,-2.33831387,0.93546077,-0.14800348,-1.3749119,0.63855471,-0.14801763,1.0
2444487.519578,1.003472,-2.33832973,0.93540542,-0.14798226,-1.37490223,0.6385867,-0.1479964,1.0
2444487.574328,0.9770028,-2.33849246,0.93483711,-0.14776443,-1.37480339,0.63891529,-0.14777852,1.0
2444487.595078,0.9815047,-2.3385541,0.93462171,-0.14768188,-1.37476612,0.63903987,-0.14769594,1.0
2444487.617453,0.9988235,-2.33862055,0.93438943,-0.14759285,-1.37472604,0.63917425,-0.14760689,1.0
2444487.63912,1.022081,-2.33868487,0.9341645,-0.14750664,-1.37468734,0.6393044,-0.14752066,1.0
2444487.659452,1.031531,-2.33874522,0.93395341,-0.14742574,-1.37465112,0.63942657,-0.14743974,1.0
2444487.677744,1.041069,-2.33879949,0.9337635,-0.14735296,-1.37461862,0.6395365,-0.14736694,1.0
2444487.703619,1.0183,-2.33887624,0.93349485,-0.14725,-1.37457279,0.63969205,-0.14726396,1.0
2444487.727369,0.9859893,-2.33894666,0.93324825,-0.1471555,-1.37453085,0.63983486,-0.14716943,1.0
2444487.74391,0.9635402,-2.33899568,0.9330765,-0.14708968,-1.37450173,0.63993434,-0.14710359,1.0
2444487.754244,0.9529464,-2.33902631,0.9329692,-0.14704856,-1.37448356,0.6399965,-0.14706246,1.0
2444487.77266,0.9424666,-2.33908088,0.93277797,-0.14697528,-1.37445125,0.64010729,-0.14698916,1.0
2444487.791952,0.9706516,-2.33913802,0.93257764,-0.14689851,-1.3744174999999998,0.64022338,-0.14691238,1.0
2444487.801494,0.993258,-2.33916628,0.93247856,-0.14686054,-1.37440083,0.64028081,-0.1468744,1.0
2444487.80591,0.9950881,-2.33917936,0.9324327,-0.14684297,-1.37439313,0.64030739,-0.14685682,1.0
2444488.3334080004,0.9811385,-2.34073532,0.9269525,-0.14474351,-1.37350581,0.64349169,-0.14475683,1.0
2444488.337242,0.9993787,-2.34074659,0.92691265,-0.14472825,-1.37349961,0.6435149,-0.14474156,1.0
2444488.341742,0.9811376,-2.34075981,0.92686588,-0.14471034,-1.37349232,0.64354215,-0.14472365,1.0
2444488.347283,0.9775289,-2.34077609,0.92680829,-0.14468828,-1.37348336,0.64357569,-0.14470158,1.0
2444488.348867,0.9838516,-2.34078074,0.92679182,-0.14468197,-1.3734808,0.64358529,-0.14469528,1.0
2444488.352825,0.9865735,-2.34079237,0.92675068,-0.14466622,-1.37347441,0.64360925,-0.14467952,1.0
2444488.357408,0.9802327,-2.34080583,0.92670305,-0.14464797,-1.37346701,0.643637,-0.14466127,1.0
2444488.3712830003,0.9784275,-2.34084658,0.92655883,-0.14459274,-1.37344463,0.64372103,-0.14460602,1.0
2444488.377617,0.9730349,-2.34086518,0.92649299,-0.14456753,-1.37343443,0.64375939,-0.1445808,1.0
2444488.3816580004,0.9874799,-2.34087705,0.92645099,-0.14455144,-1.37342793,0.64378387,-0.14456471,1.0
2444488.395283,0.9829416,-2.34091705,0.92630936,-0.14449720000000002,-1.37340604,0.6438664000000001,-0.14451046,1.0
2444488.4014080004,0.9802289,-2.34093503,0.9262457,-0.14447282,-1.37339621,0.6439035,-0.14448607,1.0
2444488.404992,0.9766241,-2.34094555,0.92620844,-0.14445855,-1.37339047,0.64392522,-0.14447179,1.0
2444488.4112,0.9820355,-2.34096377,0.92614391,-0.14443384,-1.37338052,0.64396283,-0.14444708,1.0
2444488.419075,0.9883868,-2.34098688,0.92606205,-0.14440249,-1.37336792,0.64401055,-0.14441572,1.0
2444488.423117,0.9829395,-2.34099874,0.92602004,-0.1443864,-1.37336145,0.64403504,-0.14439962,1.0
2444488.430242,0.9902084,-2.34101965,0.92594597,-0.14435803,-1.37335007,0.64407822,-0.14437125,1.0
2444488.433242,0.9966127,-2.34102845,0.92591478,-0.14434609,-1.37334528,0.6440964,-0.1443593,1.0
2444488.439617,1.006761,-2.34104716,0.92584851,-0.14432071,-1.37333511,0.64413503,-0.14433392,1.0
2444488.443742,0.9938623,-2.34105926,0.92580563,-0.14430429,-1.37332853,0.64416003,-0.14431749,1.0
2444488.458782,1.010475,-2.34110338,0.92564927,-0.14424441,-1.37330459,0.6442512,-0.1442576,1.0
2444488.461866,1.026422,-2.34111242,0.92561721,-0.14423213,-1.37329968,0.6442699000000001,-0.14424532,1.0
2444488.465574,1.037828,-2.3411233,0.92557867,-0.14421737,-1.37329379,0.64429238,-0.14423055,1.0
2444488.467782,1.03306,-2.34112977,0.92555571,-0.14420858,-1.37329028,0.64430577,-0.14422176,1.0
2444488.470782,1.029261,-2.34113857,0.92552453,-0.14419664,-1.37328552,0.64432395,-0.14420981,1.0
2444488.474574,1.032109,-2.34114969,0.9254851,-0.14418154,-1.3732795,0.64434694,-0.14419471,1.0
2444488.478157,1.029261,-2.34116019,0.92544786,-0.14416728,-1.37327382,0.64436867,-0.14418045,1.0
2444488.482324,1.032108,-2.34117241,0.92540453,-0.14415069,-1.37326722,0.64439393,-0.14416385,1.0
2444488.488532,1.038783,-2.34119061,0.92534,-0.14412597,-1.37325738,0.64443158,-0.14413913,1.0
2444488.503449,1.044539,-2.34123434,0.92518491,-0.14406658,-1.37323379,0.64452204,-0.14407973,1.0
2444488.506199,1.033058,-2.3412424,0.92515632,-0.14405564,-1.37322945,0.64453872,-0.14406878,1.0
2444488.512324,1.022644,-2.34126035,0.92509265,-0.14403125,-1.37321978,0.64457587,-0.14404439,1.0
2444488.519241,1.023586,-2.34128062,0.92502073,-0.14400371,-1.37320888,0.64461782,-0.14401684,1.0
2444488.525116,1.017008,-2.34129783,0.92495965,-0.14398032,-1.37319962,0.64465346,-0.14399345,1.0
2444488.529282,1.013268,-2.34131004,0.92491634,-0.14396374,-1.37319307,0.64467873,-0.14397686,1.0
2444488.531491,0.9975262,-2.34131651,0.92489337,-0.14395494,-1.37318959,0.64469213,-0.14396806,1.0
2444488.535282,0.984746,-2.34132762,0.92485396,-0.14393985,-1.37318363,0.64471513,-0.14395296,1.0
2444488.544866,0.9730254,-2.34135569,0.92475431,-0.14390169,-1.37316857,0.64477328,-0.14391479999999998,1.0
2444488.5681990003,0.9517523,-2.34142403,0.92451171,-0.1438088,-1.37313201,0.64491487,-0.14382188,1.0
2444488.585282,0.9318023,-2.34147404,0.92433409,-0.14374078,-1.37310532,0.64501856,-0.14375385,1.0
2444488.614449,0.9766158,-2.34155941,0.92403081,-0.14362466,-1.37305991,0.64519563,-0.14363769,1.0
2444488.641366,1.015135,-2.34163816,0.92375091,-0.14351749,-1.37301819,0.64535909,-0.14353049,1.0
2444488.674823,1.003977,-2.341736,0.92340298,-0.14338427,-1.37296656,0.64556234,-0.14339724,1.0
2444488.709573,0.9902032,-2.34183757,0.92304159,-0.14324591,-1.37291322,0.64577351,-0.14325885,1.0
2450920.388651,0.9838031,3.161791,1.03329,-0.6325393,2.2655830000000003,0.5814151999999999,-0.6325436,1.0
2450920.3915810003,0.9756818000000002,3.161791,1.03329,-0.6325393,2.2655830000000003,0.5814151999999999,-0.6325436,1.0
2450920.3945110003,0.9640692,3.161791,1.03329,-0.6325393,2.2655830000000003,0.5814151999999999,-0.6325436,1.0
2450920.397431,0.9667367,3.161791,1.03329,-0.6325393,2.2655830000000003,0.5814151999999999,-0.6325436,1.0
2450920.400361,0.9667367,3.161791,1.03329,-0.6325393,2.2655830000000003,0.5814151999999999,-0.6325436,1.0
2450920.403286,0.9605239,3.161791,1.03329,-0.6325393,2.2655830000000003,0.5814151999999999,-0.6325436,1.0
2450920.406216,0.9783814,3.161791,1.03329,-0.6325393,2.2655830000000003,0.5814151999999999,-0.6325436,1.0
2450920.409146,0.9847096,3.161791,1.03329,-0.6325393,2.2655830000000003,0.5814151999999999,-0.6325436,1.0
2450920.412071,0.9919921,3.161791,1.03329,-0.6325393,2.2655830000000003,0.5814151999999999,-0.6325436,1.0
2450920.414991,0.9901664,3.161791,1.03329,-0.6325393,2.2655830000000003,0.5814151999999999,-0.6325436,1.0
2450920.417921,1.003017,3.161791,1.03329,-0.6325393,2.2655830000000003,0.5814151999999999,-0.6325436,1.0
2450920.420851,1.003017,3.161791,1.03329,-0.6325393,2.2655830000000003,0.5814151999999999,-0.6325436,1.0
2450920.423781,1.016034,3.161791,1.03329,-0.6325393,2.2655830000000003,0.5814151999999999,-0.6325436,1.0
2450920.426701,1.020724,3.161791,1.03329,-0.6325393,2.2655830000000003,0.5814151999999999,-0.6325436,1.0
2450920.429626,1.021664,3.161791,1.03329,-0.6325393,2.2655830000000003,0.5814151999999999,-0.6325436,1.0
2450920.437161,1.02922,3.161791,1.03329,-0.6325393,2.2655830000000003,0.5814151999999999,-0.6325436,1.0
2450920.4400810003,1.033019,3.161791,1.03329,-0.6325393,2.2655830000000003,0.5814151999999999,-0.6325436,1.0
2450920.444476,1.040658,3.161791,1.03329,-0.6325393,2.2655830000000003,0.5814151999999999,-0.6325436,1.0
2450920.447406,1.034923,3.161791,1.03329,-0.6325393,2.2655830000000003,0.5814151999999999,-0.6325436,1.0
2450920.451061,1.034923,3.161791,1.03329,-0.6325393,2.2655830000000003,0.5814151999999999,-0.6325436,1.0
2450924.389867,0.9364004,3.1504220000000003,1.064329,-0.6427535,2.286634,0.5509489000000001,-0.6427564,1.0
2450924.396307,0.9433255,3.1504220000000003,1.064329,-0.6427535,2.286634,0.5509489000000001,-0.6427564,1.0
2450924.402162,0.9644097,3.1504220000000003,1.064329,-0.6427535,2.286634,0.5509489000000001,-0.6427564,1.0
2450924.408022,0.9661879,3.1504220000000003,1.064329,-0.6427535,2.286634,0.5509489000000001,-0.6427564,1.0
2450924.415337,0.9733333,3.1504220000000003,1.064329,-0.6427535,2.286634,0.5509489000000001,-0.6427564,1.0
2450924.4247520003,0.9996813,3.1504220000000003,1.064329,-0.6427535,2.286634,0.5509489000000001,-0.6427564,1.0
2450924.430607,1.02391,3.1504220000000003,1.064329,-0.6427535,2.286634,0.5509489000000001,-0.6427564,1.0
2450924.436457,1.033384,3.1504220000000003,1.064329,-0.6427535,2.286634,0.5509489000000001,-0.6427564,1.0
2450924.442317,1.03911,3.1504220000000003,1.064329,-0.6427535,2.286634,0.5509489000000001,-0.6427564,1.0
2450924.448172,1.042945,3.1504220000000003,1.064329,-0.6427535,2.286634,0.5509489000000001,-0.6427564,1.0
2450924.457187,1.026743,3.1504220000000003,1.064329,-0.6427535,2.286634,0.5509489000000001,-0.6427564,1.0
2450924.463047,1.014522,3.1504220000000003,1.064329,-0.6427535,2.286634,0.5509489000000001,-0.6427564,1.0
2450924.468902,1.017329,3.1504220000000003,1.064329,-0.6427535,2.286634,0.5509489000000001,-0.6427564,1.0
2450924.4747470003,1.022025,3.1504220000000003,1.064329,-0.6427535,2.286634,0.5509489000000001,-0.6427564,1.0
2450924.480607,1.031482,3.1504220000000003,1.064329,-0.6427535,2.286634,0.5509489000000001,-0.6427564,1.0
2450924.4900470003,1.030532,3.1504220000000003,1.064329,-0.6427535,2.286634,0.5509489000000001,-0.6427564,1.0
2450924.495902,1.043906,3.1504220000000003,1.064329,-0.6427535,2.286634,0.5509489000000001,-0.6427564,1.0
2450924.501752,1.042945,3.1504220000000003,1.064329,-0.6427535,2.286634,0.5509489000000001,-0.6427564,1.0
2450924.507607,1.041985,3.1504220000000003,1.064329,-0.6427535,2.286634,0.5509489000000001,-0.6427564,1.0
2450924.513467,1.051627,3.1504220000000003,1.064329,-0.6427535,2.286634,0.5509489000000001,-0.6427564,1.0
2450924.522272,1.038154,3.1504220000000003,1.064329,-0.6427535,2.286634,0.5509489000000001,-0.6427564,1.0
2450924.528127,1.019205,3.1504220000000003,1.064329,-0.6427535,2.286634,0.5509489000000001,-0.6427564,1.0
2450924.533982,0.9932569,3.1504220000000003,1.064329,-0.6427535,2.286634,0.5509489000000001,-0.6427564,1.0
2450924.539832,1.010792,3.1504220000000003,1.064329,-0.6427535,2.286634,0.5509489000000001,-0.6427564,1.0
2450924.545687,0.9608633,3.1504220000000003,1.064329,-0.6427535,2.286634,0.5509489000000001,-0.6427564,1.0
2450924.554842,0.9590949,3.1504220000000003,1.064329,-0.6427535,2.286634,0.5509489000000001,-0.6427564,1.0
2450924.560702,0.9329569,3.1504220000000003,1.064329,-0.6427535,2.286634,0.5509489000000001,-0.6427564,1.0
2450924.566557,0.9278154,3.1504220000000003,1.064329,-0.6427535,2.286634,0.5509489000000001,-0.6427564,1.0
2450924.572407,0.9244035,3.1504220000000003,1.064329,-0.6427535,2.286634,0.5509489000000001,-0.6427564,1.0
2450924.578262,0.9441948,3.1504220000000003,1.064329,-0.6427535,2.286634,0.5509489000000001,-0.6427564,1.0
2450927.389471,1.007993,3.141796,1.0871030000000002,-0.6502241999999999,2.30456,0.5299756999999999,-0.6502254,1.0
2450927.396021,0.9823307,3.141796,1.0871030000000002,-0.6502241999999999,2.30456,0.5299756999999999,-0.6502254,1.0
2450927.401876,0.9626263,3.141796,1.0871030000000002,-0.6502241999999999,2.30456,0.5299756999999999,-0.6502254,1.0
2450927.4077310003,0.9502934,3.141796,1.0871030000000002,-0.6502241999999999,2.30456,0.5299756999999999,-0.6502254,1.0
2450927.415046,0.9338082,3.141796,1.0871030000000002,-0.6502241999999999,2.30456,0.5299756999999999,-0.6502254,1.0
2450927.423911,0.9243952,3.141796,1.0871030000000002,-0.6502241999999999,2.30456,0.5299756999999999,-0.6502254,1.0
2450927.429771,0.9381185,3.141796,1.0871030000000002,-0.6502241999999999,2.30456,0.5299756999999999,-0.6502254,1.0
2450927.435621,0.9381185,3.141796,1.0871030000000002,-0.6502241999999999,2.30456,0.5299756999999999,-0.6502254,1.0
2450927.441476,0.9312316,3.141796,1.0871030000000002,-0.6502241999999999,2.30456,0.5299756999999999,-0.6502254,1.0
2450927.447326,0.9424487,3.141796,1.0871030000000002,-0.6502241999999999,2.30456,0.5299756999999999,-0.6502254,1.0
2450927.458266,0.9895955,3.141796,1.0871030000000002,-0.6502241999999999,2.30456,0.5299756999999999,-0.6502254,1.0
2450927.464121,1.006138,3.141796,1.0871030000000002,-0.6502241999999999,2.30456,0.5299756999999999,-0.6502254,1.0
2450927.469971,1.015448,3.141796,1.0871030000000002,-0.6502241999999999,2.30456,0.5299756999999999,-0.6502254,1.0
2450927.475826,1.005212,3.141796,1.0871030000000002,-0.6502241999999999,2.30456,0.5299756999999999,-0.6502254,1.0
2450927.481681,1.031473,3.141796,1.0871030000000002,-0.6502241999999999,2.30456,0.5299756999999999,-0.6502254,1.0
2450927.490731,1.034327,3.141796,1.0871030000000002,-0.6502241999999999,2.30456,0.5299756999999999,-0.6502254,1.0
2450927.496586,1.032423,3.141796,1.0871030000000002,-0.6502241999999999,2.30456,0.5299756999999999,-0.6502254,1.0
2450927.502441,1.040058,3.141796,1.0871030000000002,-0.6502241999999999,2.30456,0.5299756999999999,-0.6502254,1.0
2450927.508291,1.028626,3.141796,1.0871030000000002,-0.6502241999999999,2.30456,0.5299756999999999,-0.6502254,1.0
2450927.514146,1.0239,3.141796,1.0871030000000002,-0.6502241999999999,2.30456,0.5299756999999999,-0.6502254,1.0
2450927.522171,1.030523,3.141796,1.0871030000000002,-0.6502241999999999,2.30456,0.5299756999999999,-0.6502254,1.0
2450927.528026,1.022958,3.141796,1.0871030000000002,-0.6502241999999999,2.30456,0.5299756999999999,-0.6502254,1.0
2450927.533876,1.030523,3.141796,1.0871030000000002,-0.6502241999999999,2.30456,0.5299756999999999,-0.6502254,1.0
2450927.539731,1.040058,3.141796,1.0871030000000002,-0.6502241999999999,2.30456,0.5299756999999999,-0.6502254,1.0
2450927.545581,1.045822,3.141796,1.0871030000000002,-0.6502241999999999,2.30456,0.5299756999999999,-0.6502254,1.0
2450927.554276,1.026733,3.141796,1.0871030000000002,-0.6502241999999999,2.30456,0.5299756999999999,-0.6502254,1.0
2450927.560126,1.050649,3.141796,1.0871030000000002,-0.6502241999999999,2.30456,0.5299756999999999,-0.6502254,1.0
2450927.565981,1.049682,3.141796,1.0871030000000002,-0.6502241999999999,2.30456,0.5299756999999999,-0.6502254,1.0
2450935.305555,1.053495,3.117979,1.146914,-0.6697488,2.361223,0.4814753,-0.6697494,1.0
2450935.308485,1.040956,3.117979,1.146914,-0.6697488,2.361223,0.4814753,-0.6697494,1.0
2450935.3114150004,1.060309,3.117979,1.146914,-0.6697488,2.361223,0.4814753,-0.6697494,1.0
2450935.31434,1.05641,3.117979,1.146914,-0.6697488,2.361223,0.4814753,-0.6697494,1.0
2450935.31726,0.9607989,3.117979,1.146914,-0.6697488,2.361223,0.4814753,-0.6697494,1.0
2450935.3201900003,0.9804659,3.117979,1.146914,-0.6697488,2.361223,0.4814753,-0.6697494,1.0
2450935.323115,0.9696891,3.117979,1.146914,-0.6697488,2.361223,0.4814753,-0.6697494,1.0
2450935.326045,0.9705826,3.117979,1.146914,-0.6697488,2.361223,0.4814753,-0.6697494,1.0
2450935.32897,0.9476162,3.117979,1.146914,-0.6697488,2.361223,0.4814753,-0.6697494,1.0
2450935.346975,0.9380641,3.117979,1.146914,-0.6697488,2.361223,0.4814753,-0.6697494,1.0
2450935.36498,0.9192476,3.117979,1.146914,-0.6697488,2.361223,0.4814753,-0.6697494,1.0
2450935.36791,0.9175558,3.117979,1.146914,-0.6697488,2.361223,0.4814753,-0.6697494,1.0
2450935.37084,0.9091436,3.117979,1.146914,-0.6697488,2.361223,0.4814753,-0.6697494,1.0
2450935.373765,0.9226405,3.117979,1.146914,-0.6697488,2.361223,0.4814753,-0.6697494,1.0
2450935.3766900003,0.9268992,3.117979,1.146914,-0.6697488,2.361223,0.4814753,-0.6697494,1.0
2450935.379615,0.9294638,3.117979,1.146914,-0.6697488,2.361223,0.4814753,-0.6697494,1.0
2450935.382545,0.9493634,3.117979,1.146914,-0.6697488,2.361223,0.4814753,-0.6697494,1.0
2450935.385475,0.9519902,3.117979,1.146914,-0.6697488,2.361223,0.4814753,-0.6697494,1.0
2450935.388405,0.9363377,3.117979,1.146914,-0.6697488,2.361223,0.4814753,-0.6697494,1.0
2450935.39214,0.9643451,3.117979,1.146914,-0.6697488,2.361223,0.4814753,-0.6697494,1.0
2450935.395875,0.9858992,3.117979,1.146914,-0.6697488,2.361223,0.4814753,-0.6697494,1.0
2450935.398805,0.992276,3.117979,1.146914,-0.6697488,2.361223,0.4814753,-0.6697494,1.0
2450935.401735,1.000535,3.117979,1.146914,-0.6697488,2.361223,0.4814753,-0.6697494,1.0
2450935.40466,1.029515,3.117979,1.146914,-0.6697488,2.361223,0.4814753,-0.6697494,1.0
2450935.40759,1.02762,3.117979,1.146914,-0.6697488,2.361223,0.4814753,-0.6697494,1.0
2450935.41051,1.025729,3.117979,1.146914,-0.6697488,2.361223,0.4814753,-0.6697494,1.0
2450935.4134400003,1.02762,3.117979,1.146914,-0.6697488,2.361223,0.4814753,-0.6697494,1.0
2450935.41637,1.037128,3.117979,1.146914,-0.6697488,2.361223,0.4814753,-0.6697494,1.0
2450935.419295,1.053495,3.117979,1.146914,-0.6697488,2.361223,0.4814753,-0.6697494,1.0
2450935.424745,1.049621,3.117979,1.146914,-0.6697488,2.361223,0.4814753,-0.6697494,1.0
2450935.430195,1.042876,3.117979,1.146914,-0.6697488,2.361223,0.4814753,-0.6697494,1.0
2450935.433125,1.040956,3.117979,1.146914,-0.6697488,2.361223,0.4814753,-0.6697494,1.0
2450935.436055,1.044798,3.117979,1.146914,-0.6697488,2.361223,0.4814753,-0.6697494,1.0
2450935.43898,1.064223,3.117979,1.146914,-0.6697488,2.361223,0.4814753,-0.6697494,1.0
2450935.443365,1.05641,3.117979,1.146914,-0.6697488,2.361223,0.4814753,-0.6697494,1.0
2450935.4492200003,1.057383,3.117979,1.146914,-0.6697488,2.361223,0.4814753,-0.6697494,1.0
2450935.454345,1.02762,3.117979,1.146914,-0.6697488,2.361223,0.4814753,-0.6697494,1.0
2451317.4354,0.9995537,0.5373401,2.902028,-1.0872,-0.00447339,2.047765,-1.0872,1.0
2451317.44031,0.9995537,0.5373401,2.902028,-1.0872,-0.00447339,2.047765,-1.0872,1.0
2451317.4440200003,0.9922158,0.5373401,2.902028,-1.0872,-0.00447339,2.047765,-1.0872,1.0
2451317.44772,0.995878,0.5373401,2.902028,-1.0872,-0.00447339,2.047765,-1.0872,1.0
2451317.4514200003,0.987657,0.5373401,2.902028,-1.0872,-0.00447339,2.047765,-1.0872,1.0
2451317.45512,0.9967956,0.5373401,2.902028,-1.0872,-0.00447339,2.047765,-1.0872,1.0
2451317.4588200003,0.9931301,0.5373401,2.902028,-1.0872,-0.00447339,2.047765,-1.0872,1.0
2451317.46805,0.9786021,0.5373401,2.902028,-1.0872,-0.00447339,2.047765,-1.0872,1.0
2451317.47176,0.988567,0.5373401,2.902028,-1.0872,-0.00447339,2.047765,-1.0872,1.0
2451317.47546,0.9804064,0.5373401,2.902028,-1.0872,-0.00447339,2.047765,-1.0872,1.0
2451317.47916,0.9867477,0.5373401,2.902028,-1.0872,-0.00447339,2.047765,-1.0872,1.0
2451317.48286,0.989478,0.5373401,2.902028,-1.0872,-0.00447339,2.047765,-1.0872,1.0
2451317.48656,0.9922158,0.5373401,2.902028,-1.0872,-0.00447339,2.047765,-1.0872,1.0
2451317.49501,0.9940452,0.5373401,2.902028,-1.0872,-0.00447339,2.047765,-1.0872,1.0
2451317.4987,1.000475,0.5373401,2.902028,-1.0872,-0.00447339,2.047765,-1.0872,1.0
2451317.5024,1.004167,0.5373401,2.902028,-1.0872,-0.00447339,2.047765,-1.0872,1.0
2451317.50612,1.015327,0.5373401,2.902028,-1.0872,-0.00447339,2.047765,-1.0872,1.0
2451317.50981,1.016263,0.5373401,2.902028,-1.0872,-0.00447339,2.047765,-1.0872,1.0
2451317.51351,1.020014,0.5373401,2.902028,-1.0872,-0.00447339,2.047765,-1.0872,1.0
2451317.52214,1.021895,0.5373401,2.902028,-1.0872,-0.00447339,2.047765,-1.0872,1.0
2451317.52584,1.025666,0.5373401,2.902028,-1.0872,-0.00447339,2.047765,-1.0872,1.0
2451317.52953,1.006019,0.5373401,2.902028,-1.0872,-0.00447339,2.047765,-1.0872,1.0
2451317.5332400003,1.015327,0.5373401,2.902028,-1.0872,-0.00447339,2.047765,-1.0872,1.0
2451318.440796,0.9972984,0.5280031,2.902461,-1.086584,0.00066584,2.038952,-1.086584,1.0
2451318.444496,1.007454,0.5280031,2.902461,-1.086584,0.00066584,2.038952,-1.086584,1.0
2451318.448196,1.003749,0.5280031,2.902461,-1.086584,0.00066584,2.038952,-1.086584,1.0
2451318.4519060003,1.001902,0.5280031,2.902461,-1.086584,0.00066584,2.038952,-1.086584,1.0
2451318.455606,1.004674,0.5280031,2.902461,-1.086584,0.00066584,2.038952,-1.086584,1.0
2451318.463006,1.010241,0.5280031,2.902461,-1.086584,0.00066584,2.038952,-1.086584,1.0
2451318.4667060003,1.008382,0.5280031,2.902461,-1.086584,0.00066584,2.038952,-1.086584,1.0
2451318.470406,1.010241,0.5280031,2.902461,-1.086584,0.00066584,2.038952,-1.086584,1.0
2451318.488966,1.000058,0.5280031,2.902461,-1.086584,0.00066584,2.038952,-1.086584,1.0
2451318.492666,1.002825,0.5280031,2.902461,-1.086584,0.00066584,2.038952,-1.086584,1.0
2451318.496356,0.995463,0.5280031,2.902461,-1.086584,0.00066584,2.038952,-1.086584,1.0
2451318.500056,0.9991372,0.5280031,2.902461,-1.086584,0.00066584,2.038952,-1.086584,1.0
2451318.503766,0.9927162,0.5280031,2.902461,-1.086584,0.00066584,2.038952,-1.086584,1.0
2451318.507466,0.9845213,0.5280031,2.902461,-1.086584,0.00066584,2.038952,-1.086584,1.0
2451318.511156,0.9818047,0.5280031,2.902461,-1.086584,0.00066584,2.038952,-1.086584,1.0
2451318.514866,0.9863365,0.5280031,2.902461,-1.086584,0.00066584,2.038952,-1.086584,1.0
2451318.518576,0.9945466,0.5280031,2.902461,-1.086584,0.00066584,2.038952,-1.086584,1.0
2451326.424581,1.003724,0.4539654,2.904888,-1.081337,0.04616076,1.977327,-1.081342,1.0
2451326.429241,1.0009549999999998,0.4539654,2.904888,-1.081337,0.04616076,1.977327,-1.081342,1.0
2451326.4329310004,0.9936066,0.4539654,2.904888,-1.081337,0.04616076,1.977327,-1.081342,1.0
2451326.436631,0.9954385,0.4539654,2.904888,-1.081337,0.04616076,1.977327,-1.081342,1.0
2451326.440321,0.9926918,0.4539654,2.904888,-1.081337,0.04616076,1.977327,-1.081342,1.0
2451326.444031,0.9972739,0.4539654,2.904888,-1.081337,0.04616076,1.977327,-1.081342,1.0
2451326.447741,0.9954385,0.4539654,2.904888,-1.081337,0.04616076,1.977327,-1.081342,1.0
2451326.455141,1.0009549999999998,0.4539654,2.904888,-1.081337,0.04616076,1.977327,-1.081342,1.0
2451326.458841,1.001877,0.4539654,2.904888,-1.081337,0.04616076,1.977327,-1.081342,1.0
2451326.472121,1.008357,0.4539654,2.904888,-1.081337,0.04616076,1.977327,-1.081342,1.0
2451326.475811,1.001877,0.4539654,2.904888,-1.081337,0.04616076,1.977327,-1.081342,1.0
2451326.479511,1.005575,0.4539654,2.904888,-1.081337,0.04616076,1.977327,-1.081342,1.0
2451326.483221,1.0028,0.4539654,2.904888,-1.081337,0.04616076,1.977327,-1.081342,1.0
2451326.490611,0.9963558,0.4539654,2.904888,-1.081337,0.04616076,1.977327,-1.081342,1.0
2451326.494311,0.9972739,0.4539654,2.904888,-1.081337,0.04616076,1.977327,-1.081342,1.0
2451326.501711,0.9954385,0.4539654,2.904888,-1.081337,0.04616076,1.977327,-1.081342,1.0
2451326.505411,0.991778,0.4539654,2.904888,-1.081337,0.04616076,1.977327,-1.081342,1.0
2451326.513871,0.9890414,0.4539654,2.904888,-1.081337,0.04616076,1.977327,-1.081342,1.0
2451326.517581,0.9926918,0.4539654,2.904888,-1.081337,0.04616076,1.977327,-1.081342,1.0
2451326.521271,1.0028,0.4539654,2.904888,-1.081337,0.04616076,1.977327,-1.081342,1.0
2451326.524971,1.0009549999999998,0.4539654,2.904888,-1.081337,0.04616076,1.977327,-1.081342,1.0
2451326.528681,1.004649,0.4539654,2.904888,-1.081337,0.04616076,1.977327,-1.081342,1.0
2451326.532371,1.005575,0.4539654,2.904888,-1.081337,0.04616076,1.977327,-1.081342,1.0
2451326.536071,1.004649,0.4539654,2.904888,-1.081337,0.04616076,1.977327,-1.081342,1.0
2451326.539781,1.010216,0.4539654,2.904888,-1.081337,0.04616076,1.977327,-1.081342,1.0
2451326.543481,1.014879,0.4539654,2.904888,-1.081337,0.04616076,1.977327,-1.081342,1.0
2451328.43776,0.9782791,0.4352946,2.905219,-1.079913,0.05880084,1.964151,-1.079917,1.0
2451328.44286,0.9764787,0.4352946,2.905219,-1.079913,0.05880084,1.964151,-1.079917,1.0
2451328.44656,0.9837002,0.4352946,2.905219,-1.079913,0.05880084,1.964151,-1.079917,1.0
2451328.45025,0.9827946,0.4352946,2.905219,-1.079913,0.05880084,1.964151,-1.079917,1.0
2451328.45396,0.9900628,0.4352946,2.905219,-1.079913,0.05880084,1.964151,-1.079917,1.0
2451328.45766,0.9755796999999998,0.4352946,2.905219,-1.079913,0.05880084,1.964151,-1.079917,1.0
2451328.46135,0.9846066,0.4352946,2.905219,-1.079913,0.05880084,1.964151,-1.079917,1.0
2451328.46506,0.9882407,0.4352946,2.905219,-1.079913,0.05880084,1.964151,-1.079917,1.0
2451328.46876,0.9928023,0.4352946,2.905219,-1.079913,0.05880084,1.964151,-1.079917,1.0
2451328.47246,0.9818898,0.4352946,2.905219,-1.079913,0.05880084,1.964151,-1.079917,1.0
2451328.47616,0.9882407,0.4352946,2.905219,-1.079913,0.05880084,1.964151,-1.079917,1.0
2451328.48657,0.9900628,0.4352946,2.905219,-1.079913,0.05880084,1.964151,-1.079917,1.0
2451328.49028,0.9946327,0.4352946,2.905219,-1.079913,0.05880084,1.964151,-1.079917,1.0
2451328.49397,0.9827946,0.4352946,2.905219,-1.079913,0.05880084,1.964151,-1.079917,1.0
2451328.49767,0.9928023,0.4352946,2.905219,-1.079913,0.05880084,1.964151,-1.079917,1.0
2451328.50138,0.9918883,0.4352946,2.905219,-1.079913,0.05880084,1.964151,-1.079917,1.0
2451328.50508,0.9900628,0.4352946,2.905219,-1.079913,0.05880084,1.964151,-1.079917,1.0
2451328.50877,1.002912,0.4352946,2.905219,-1.079913,0.05880084,1.964151,-1.079917,1.0
2451328.51248,1.028165,0.4352946,2.905219,-1.079913,0.05880084,1.964151,-1.079917,1.0
2451328.52205,1.027218,0.4352946,2.905219,-1.079913,0.05880084,1.964151,-1.079917,1.0
2451328.52574,1.021557,0.4352946,2.905219,-1.079913,0.05880084,1.964151,-1.079917,1.0
2451328.52944,1.026273,0.4352946,2.905219,-1.079913,0.05880084,1.964151,-1.079917,1.0
2451328.53314,1.019677,0.4352946,2.905219,-1.079913,0.05880084,1.964151,-1.079917,1.0
2451328.53685,1.007541,0.4352946,2.905219,-1.079913,0.05880084,1.964151,-1.079917,1.0
2451328.54426,1.020617,0.4352946,2.905219,-1.079913,0.05880084,1.964151,-1.079917,1.0
2451334.371843,1.003098,0.3798355,2.905532,-1.075442,0.09857738,1.930784,-1.075443,1.0
2451334.377683,1.002174,0.3798355,2.905532,-1.075442,0.09857738,1.930784,-1.075443,1.0
2451334.381373,1.003098,0.3798355,2.905532,-1.075442,0.09857738,1.930784,-1.075443,1.0
2451334.385083,1.00033,0.3798355,2.905532,-1.075442,0.09857738,1.930784,-1.075443,1.0
2451334.3887830004,1.009586,0.3798355,2.905532,-1.075442,0.09857738,1.930784,-1.075443,1.0
2451334.392473,1.009586,0.3798355,2.905532,-1.075442,0.09857738,1.930784,-1.075443,1.0
2451334.3961830004,0.9966514,0.3798355,2.905532,-1.075442,0.09857738,1.930784,-1.075443,1.0
2451334.399883,1.001252,0.3798355,2.905532,-1.075442,0.09857738,1.930784,-1.075443,1.0
2451334.403573,0.9975698,0.3798355,2.905532,-1.075442,0.09857738,1.930784,-1.075443,1.0
2451334.407283,0.9994091,0.3798355,2.905532,-1.075442,0.09857738,1.930784,-1.075443,1.0
2451334.410983,1.004947,0.3798355,2.905532,-1.075442,0.09857738,1.930784,-1.075443,1.0
2451334.414683,0.9975698,0.3798355,2.905532,-1.075442,0.09857738,1.930784,-1.075443,1.0
2451334.418383,0.9948171999999998,0.3798355,2.905532,-1.075442,0.09857738,1.930784,-1.075443,1.0
2451334.446453,0.9920722,0.3798355,2.905532,-1.075442,0.09857738,1.930784,-1.075443,1.0
2451334.4501630003,0.9793621,0.3798355,2.905532,-1.075442,0.09857738,1.930784,-1.075443,1.0
2451334.453863,0.9721724,0.3798355,2.905532,-1.075442,0.09857738,1.930784,-1.075443,1.0
2451334.457553,0.9748623,0.3798355,2.905532,-1.075442,0.09857738,1.930784,-1.075443,1.0
2451334.461263,0.9748623,0.3798355,2.905532,-1.075442,0.09857738,1.930784,-1.075443,1.0
2451334.4649630003,0.9739649,0.3798355,2.905532,-1.075442,0.09857738,1.930784,-1.075443,1.0
2451334.468653,0.9677057,0.3798355,2.905532,-1.075442,0.09857738,1.930784,-1.075443,1.0
2451334.4770130003,0.9838826,0.3798355,2.905532,-1.075442,0.09857738,1.930784,-1.075443,1.0
2451334.480713,0.9802645,0.3798355,2.905532,-1.075442,0.09857738,1.930784,-1.075443,1.0
2451334.484403,0.9911589,0.3798355,2.905532,-1.075442,0.09857738,1.930784,-1.075443,1.0
2451334.488113,0.9939014000000002,0.3798355,2.905532,-1.075442,0.09857738,1.930784,-1.075443,1.0
2451334.4918130003,0.9856967,0.3798355,2.905532,-1.075442,0.09857738,1.930784,-1.075443,1.0
2451334.495503,0.9948171999999998,0.3798355,2.905532,-1.075442,0.09857738,1.930784,-1.075443,1.0
2451334.4992130003,1.002174,0.3798355,2.905532,-1.075442,0.09857738,1.930784,-1.075443,1.0
2451334.502913,1.004022,0.3798355,2.905532,-1.075442,0.09857738,1.930784,-1.075443,1.0
2451334.506623,1.005873,0.3798355,2.905532,-1.075442,0.09857738,1.930784,-1.075443,1.0
2451334.510313,0.9966514,0.3798355,2.905532,-1.075442,0.09857738,1.930784,-1.075443,1.0
2451334.518463,1.008656,0.3798355,2.905532,-1.075442,0.09857738,1.930784,-1.075443,1.0
2451334.522163,1.008656,0.3798355,2.905532,-1.075442,0.09857738,1.930784,-1.075443,1.0
2451334.525873,1.012379,0.3798355,2.905532,-1.075442,0.09857738,1.930784,-1.075443,1.0
2451334.529563,1.008656,0.3798355,2.905532,-1.075442,0.09857738,1.930784,-1.075443,1.0
2451334.533273,1.010516,0.3798355,2.905532,-1.075442,0.09857738,1.930784,-1.075443,1.0
2451334.536973,1.001252,0.3798355,2.905532,-1.075442,0.09857738,1.930784,-1.075443,1.0
2451334.5406830003,1.017989,0.3798355,2.905532,-1.075442,0.09857738,1.930784,-1.075443,1.0
2451334.544373,1.011447,0.3798355,2.905532,-1.075442,0.09857738,1.930784,-1.075443,1.0
2451334.548073,1.031201,0.3798355,2.905532,-1.075442,0.09857738,1.930784,-1.075443,1.0
2452327.341687,1.002168,2.2152580000000004,-1.932239,0.5098795,1.333615,-1.483814,0.5098769000000001,1.0
2452327.346247,1.004015,2.2152580000000004,-1.932239,0.5098795,1.333615,-1.483814,0.5098769000000001,1.0
2452327.349947,1.002168,2.2152580000000004,-1.932239,0.5098795,1.333615,-1.483814,0.5098769000000001,1.0
2452327.353637,1.00494,2.2152580000000004,-1.932239,0.5098795,1.333615,-1.483814,0.5098769000000001,1.0
2452327.357347,0.9966446,2.2152580000000004,-1.932239,0.5098795,1.333615,-1.483814,0.5098769000000001,1.0
2452327.361037,1.007721,2.2152580000000004,-1.932239,0.5098795,1.333615,-1.483814,0.5098769000000001,1.0
2452327.364737,0.997563,2.2152580000000004,-1.932239,0.5098795,1.333615,-1.483814,0.5098769000000001,1.0
2452327.368427,0.9966446,2.2152580000000004,-1.932239,0.5098795,1.333615,-1.483814,0.5098769000000001,1.0
2452327.372137,0.9929796,2.2152580000000004,-1.932239,0.5098795,1.333615,-1.483814,0.5098769000000001,1.0
2452327.379527,1.003091,2.2152580000000004,-1.932239,0.5098795,1.333615,-1.483814,0.5098769000000001,1.0
2452327.383227,0.9920654,2.2152580000000004,-1.932239,0.5098795,1.333615,-1.483814,0.5098769000000001,1.0
2454155.613186,0.9924689,2.43503667,-1.76092036,0.4299581,1.5381496,-1.34282267,0.42995917,1.0
2454155.621402,0.9888196,2.43509338,-1.76087014,0.42993531,1.53814426,-1.34290118,0.42993639,1.0
2454155.629604,0.9869999,2.43515001,-1.76082,0.42991257,1.53813896,-1.34297956,0.42991364,1.0
2454155.637809,0.9851836,2.43520664,-1.76076985,0.42988981,1.53813366,-1.34305798,0.42989089,1.0
2454155.643664,0.9933837,2.43524707,-1.76073405,0.42987357,1.5381299,-1.34311396,0.42987465,1.0
2454155.651412,1.005349,2.43530055,-1.76068669,0.42985209,1.53812493,-1.34318802,0.42985316,1.0
2454155.658443,1.02404,2.43534908,-1.7606436999999997,0.42983259,1.53812043,-1.34325523,0.42983366,1.0
2454155.664307,1.014652,2.43538956,-1.76060786,0.42981633,1.53811669,-1.3433113,0.4298174,1.0
2454155.67016,1.0278200000000002,2.43542996,-1.76057208,0.4298001,1.53811296,-1.34336726,0.42980117,1.0
2454155.676027,1.0259280000000002,2.43547045,-1.76053621,0.42978382,1.53810923,-1.34342336,0.4297849,1.0
2454155.681887,1.0278200000000002,2.4355109,-1.76050038,0.42976757,1.53810552,-1.3434794,0.42976864,1.0
2454155.68961,1.022155,2.4355642000000004,-1.76045316,0.42974615,1.53810064,-1.34355326,0.42974723,1.0
2454155.696657,1.010921,2.43561284,-1.76041008,0.42972661,1.5380962,-1.34362066,0.42972768,1.0
2454155.702516,1.020274,2.43565327,-1.76037425,0.42971036,1.53809251,-1.3436767,0.42971143,1.0
2454155.708374,1.010921,2.4356937000000003,-1.76033844,0.42969411,1.53808884,-1.34373273,0.42969519,1.0
2454155.714248,1.00906,2.43573425,-1.76030252,0.42967782,1.53808516,-1.34378893,0.42967889,1.0
2454155.72294,1.013718,2.43579423,-1.76024937,0.42965371,1.53807974,-1.34387209,0.42965478,1.0
2454155.732305,0.9988886,2.43585885,-1.76019211,0.42962774,1.53807392,-1.34396169,0.42962881,1.0
2454155.739329,1.008131,2.43590732,-1.76014916,0.42960825,1.53806957,-1.3440289,0.42960933,1.0
2454155.745175,0.9988886,2.43594767,-1.76011341,0.42959204,1.53806595,-1.34408485,0.42959311,1.0
2454155.752202,1.003499,2.43599615,-1.76007044,0.42957255,1.53806162,-1.3441521,0.42957362,1.0
2454155.75993,0.9970503,2.43604948,-1.76002318,0.42955111,1.53805687,-1.34422606,0.42955219,1.0
2454155.766958,1.005349,2.43609797,-1.7599802,0.42953162,1.53805256,-1.34429333,0.42953269,1.0
2454155.773992,1.003499,2.4361465,-1.75993719,0.42951211,1.53804827,-1.34436067,0.42951318,1.0
2454155.781019,1.011852,2.43619499,-1.75989421,0.42949261,1.53804398,-1.34442795,0.42949369,1.0
2454155.786888,1.005349,2.43623548,-1.75985832,0.42947634,1.53804042,-1.34448414,0.42947741,1.0
2454155.795787,1.001652,2.43629687,-1.75980389,0.42945165,1.53803503,-1.34456934,0.42945273,1.0
2454155.801648,0.9979691,2.43633731,-1.75976805,0.42943539,1.53803149,-1.34462546,0.42943647,1.0
2454155.807514,0.9979691,2.43637777,-1.75973217,0.42941912,1.53802795,-1.34468164,0.4294202,1.0
2454155.81337,0.9961322,2.43641818,-1.75969635,0.42940288,1.53802443,-1.34473773,0.42940395,1.0
2454155.819222,0.9869999,2.43645855,-1.75966056,0.42938664,1.53802092,-1.34479377,0.42938772,1.0
2454155.82508,0.9842761,2.43649896,-1.75962473,0.42937039,1.53801742,-1.34484988,0.42937147,1.0
2454155.8328110003,0.9897304,2.43655229,-1.75957744,0.42934895,1.53801281,-1.34492393,0.42935002,1.0
2454155.838668,0.9888196,2.43659269,-1.75954162,0.4293327,1.53800932,-1.34498004,0.42933377,1.0
2454155.844529,0.9842761,2.43663311,-1.75950577,0.42931644,1.53800585,-1.34503619,0.42931752,1.0
2454155.850389,0.9770506,2.43667354,-1.75946992,0.42930018,1.53800238,-1.34509234,0.42930126,1.0
2454155.856242,0.9743547,2.43671391,-1.75943412,0.42928394,1.53799892,-1.34514842,0.42928502,1.0
2454155.863267,0.9797538,2.43676237,-1.75939115,0.42926446,1.53799479,-1.34521574,0.42926553,1.0
2454155.870993,0.9806567,2.43681565,-1.75934389,0.42924302,1.53799025,-1.34528978,0.4292441,1.0
2454155.878016,0.9654219,2.43686409,-1.75930093,0.42922354,1.53798614,-1.34535708,0.42922462,1.0
2454156.60738,1.028413,2.44188763,-1.75483412,0.42719886,1.53762638,-1.35237597,0.42719994,1.0
2454156.618469,1.025576,2.4419639,-1.75476614,0.42716806,1.53762193,-1.35248312,0.42716914,1.0
2454156.627809,1.022746,2.44202814,-1.75470887,0.42714212,1.53761822,-1.35257337,0.4271432,1.0
2454156.63615,1.013369,2.44208551,-1.75465772,0.42711895,1.53761491,-1.35265399,0.42712003,1.0
2454156.644484,1.007785,2.44214282,-1.75460662,0.4270958,1.53761163,-1.35273454,0.42709688,1.0
2454156.653652,1.00593,2.44220587,-1.75455041,0.42707033,1.53760804,-1.35282315,0.42707142,1.0
2454156.665021,1.005004,2.44228406,-1.75448069,0.42703875,1.53760362,-1.35293307,0.42703983,1.0
2454156.6733580003,1.000386,2.44234138,-1.75442957,0.42701559,1.53760039,-1.35301367,0.42701667,1.0
2454156.6817,0.9994653,2.44239874,-1.75437842,0.42699242,1.53759719,-1.35309433,0.4269935,1.0
2454156.690046,0.9921279,2.44245613,-1.75432724,0.42696924,1.537594,-1.35317503,0.42697032,1.0
2454156.698392,0.9794176,2.44251352,-1.75427605,0.42694605,1.53759082,-1.35325575,0.42694713,1.0
2454156.70808,0.9785157,2.44258013,-1.75421664,0.42691914,1.53758716,-1.35334945,0.42692022,1.0
2454156.716425,0.9668694,2.44263751,-1.75416546,0.42689595,1.53758402,-1.35343016,0.42689704,1.0
2454156.724772,0.9483484,2.44269489,-1.75411427,0.42687277,1.5375809,-1.35351091,0.42687385,1.0
2454156.733107,0.9439908,2.4427522,-1.75406314,0.42684961,1.53757781,-1.35359155,0.42685069,1.0
2454156.741453,0.9439908,2.44280957,-1.75401195,0.42682642,1.53757472,-1.3536723,0.4268275,1.0
2454156.75115,0.9439908,2.44287624,-1.75395248,0.42679948,1.53757116,-1.35376613,0.42680056,1.0
2454156.759497,0.9553615,2.44293361,-1.75390128,0.42677629,1.53756811,-1.3538469,0.42677738,1.0
2454156.770094,0.9580053,2.44300646,-1.75383628,0.42674685,1.53756427,-1.35394947,0.42674793,1.0
2454156.778432,0.9776146,2.44306378,-1.75378513,0.42672369,1.53756127,-1.35403017,0.42672477,1.0
2454156.786766,0.9866606,2.44312106,-1.75373401,0.42670053,1.53755828,-1.35411084,0.42670161,1.0
2454156.795101,0.9884799,2.44317835,-1.75368288,0.42667737,1.53755531,-1.35419154,0.42667845,1.0
2454156.80344,1.003155,2.44323567,-1.75363172,0.4266542,1.53755236,-1.35427227,0.42665528,1.0
2454156.813135,0.9930423,2.4433023,-1.75357225,0.42662727,1.53754895,-1.35436614,0.42662835,1.0
2454156.821483,1.00593,2.44335967,-1.75352104,0.42660407,1.53754604,-1.35444698,0.42660515,1.0
2454156.829826,1.012436,2.44341701,-1.75346985,0.42658089,1.53754314,-1.35452778,0.42658197,1.0
2454156.838159,1.021805,2.44347428,-1.75341872,0.42655773,1.53754026,-1.35460849,0.42655882,1.0
2454156.846503,1.019924,2.44353162,-1.75336753,0.42653455,1.5375374,-1.35468931,0.42653563,1.0
2454156.857025,1.03031,2.44360393,-1.75330297,0.42650531,1.53753381,-1.35479124,0.42650639,1.0
2454156.866207,1.036974,2.44366702,-1.75324663,0.4264798,1.53753071,-1.3548802,0.42648088,1.0
2454156.87456,1.044643,2.44372441,-1.75319538,0.42645659,1.5375279,-1.35496113,0.42645767,1.0
2454156.882894,1.035065,2.44378168,-1.75314425,0.42643343,1.53752511,-1.35504188,0.42643451,1.0
2454156.893729,1.048498,2.44385613,-1.75307776,0.42640332,1.53752152,-1.35514689,0.4264044,1.0
2454156.904256,1.044643,2.44392845,-1.75301316,0.42637406,1.53751806,-1.35524892,0.42637515,1.0
2454156.914262,1.026521,2.44399719,-1.75295176,0.42634626,1.53751479,-1.3553459,0.42634734,1.0
2454156.925111,1.026521,2.44407173,-1.75288518,0.42631611,1.53751128,-1.35545108,0.42631719,1.0
2454156.940639,1.025576,2.4441784,-1.75278989,0.42627296,1.5375063,-1.35560163,0.42627404,1.0
2454167.623238,1.011285,2.51608445,-1.68619181,0.39633559,1.5488171,-1.46392925,0.39633672,1.0
2454167.628209,1.021583,2.51611723,-1.68616034,0.39632154,1.54882933,-1.46398149,0.39632268,1.0
2454167.633188,1.0291370000000002,2.51615005,-1.68612883,0.39630747,1.54884158,-1.4640338,0.39630861,1.0
2454167.638163,1.014083,2.51618284,-1.68609734,0.39629342,1.54885382,-1.46408607,0.39629456,1.0
2454167.643144,1.009424,2.51621567,-1.68606581,0.39627935,1.54886609,-1.46413841,0.39628049,1.0
2454167.649507,1.006638,2.51625762,-1.68602553,0.39626137,1.54888177,-1.46420529,0.39626251,1.0
2454167.656626,1.0057120000000002,2.51630454,-1.68598047,0.39624126,1.54889932,-1.46428009,0.3962424000000001,1.0
2454167.661955,0.9992486,2.51633966,-1.68594674,0.3962262,1.54891247,-1.46433609,0.39622734,1.0
2454167.668012,0.9992486,2.51637958,-1.6859084,0.39620909,1.54892743,-1.46439975,0.39621023,1.0
2454167.67312,0.9882651,2.51641325,-1.68587606,0.39619466,1.54894005,-1.46445344,0.3961958,1.0
2454167.678135,0.989176,2.5164463,-1.68584432,0.39618049,1.54895245,-1.46450614,0.39618163,1.0
2454167.683131,0.9837247,2.51647922,-1.68581269,0.39616637,1.5489648,-1.46455865,0.39616751,1.0
2454167.689844,0.9801068000000002,2.51652347,-1.68577019,0.39614741,1.54898142,-1.46462921,0.39614855,1.0
2454167.694825,0.972016,2.51655629,-1.68573866,0.39613333,1.54899375,-1.46468156,0.39613447,1.0
2454167.699801,0.9622178,2.51658909,-1.68570716,0.39611928,1.54900608,-1.46473386,0.39612041,1.0
2454167.704786,0.961332,2.51662194,-1.6856756000000002,0.39610519,1.54901844,-1.46478626,0.39610633,1.0
2454167.709764,0.9648802,2.51665474,-1.68564409,0.39609113,1.54903079,-1.46483858,0.39609227,1.0
2454167.71475,0.9595627,2.5166876,-1.68561251,0.39607704,1.54904316,-1.464891,0.39607818,1.0
2454167.721385,0.9577968,2.51673132,-1.68557051,0.39605829,1.54905964,-1.46496074,0.39605943,1.0
2454167.726369,0.961332,2.51676416,-1.68553896,0.39604421,1.54907203,-1.46501313,0.39604535,1.0
2454167.731347,0.9542748,2.51679697,-1.68550744,0.39603014,1.5490844,-1.46506547,0.39603128,1.0
2454167.736515,0.9702272,2.51683102,-1.68547472,0.39601554,1.54909726,-1.4651198,0.39601668,1.0
2454167.741647,0.9648802,2.51686483,-1.68544222,0.39600104,1.54911003,-1.46517375,0.39600218,1.0
2454167.746724,0.9729118,2.51689828,-1.68541008,0.39598669,1.54912268,-1.46522712,0.39598783,1.0
2454167.753432,0.9837247,2.51694248,-1.6853676,0.39596774,1.54913939,-1.46529766,0.39596888,1.0
2454167.758413,0.9819141,2.5169753,-1.68533607,0.39595366,1.54915181,-1.46535002,0.3959548,1.0
2454167.763466,0.9909994,2.51700859,-1.68530407,0.39593939,1.54916442,-1.46540315,0.39594053,1.0
2454167.7684580004,0.9846311,2.51704147,-1.68527247,0.39592528,1.54917688,-1.46545563,0.39592642,1.0
2454167.773476,1.009424,2.51707454,-1.68524069,0.3959111,1.54918941,-1.4655083999999998,0.39591224,1.0
2454167.779452,1.015017,2.51711391,-1.68520285,0.39589421,1.54920435,-1.46557124,0.39589535,1.0
2454167.786089,1.019702,2.51715763,-1.68516082,0.39587546,1.54922094,-1.46564102,0.3958766,1.0
2454167.791065,1.023466,2.51719041,-1.68512932,0.3958614,1.54923339,-1.46569334,0.39586254,1.0
2454167.796048,1.016889,2.51722324,-1.68509776,0.39584732,1.54924587,-1.46574575,0.39584846,1.0
2454167.801024,1.0103540000000002,2.51725602,-1.68506625,0.39583326,1.54925833,-1.46579808,0.3958344,1.0
2454167.806002,1.025353,2.51728881,-1.68503473,0.39581919,1.54927081,-1.46585042,0.39582033,1.0
2454167.810986,1.032936,2.51732164,-1.68500316,0.39580511,1.5492833,-1.46590283,0.39580625,1.0
2454167.817618,1.041534,2.51736533,-1.68496116,0.39578636,1.54929995,-1.46597259,0.3957875,1.0
2454167.8225950003,1.033888,2.51739811,-1.68492964,0.3957723,1.54931244,-1.46602493,0.39577344,1.0
2454167.827576,1.03866,2.51743091,-1.6848981,0.39575823,1.54932495,-1.46607731,0.39575936,1.0
2454167.832558,1.036749,2.51746373,-1.68486655,0.39574415,1.54933747,-1.46612971,0.39574529,1.0
2454167.837538,1.051171,2.51749653,-1.68483501,0.39573007,1.54935,-1.46618209,0.39573121,1.0
2454167.842524,1.045378,2.51752937,-1.68480343,0.39571598,1.54936254,-1.46623453,0.39571712,1.0
2454170.604616,0.9516871,2.53562163,-1.667244,0.38789478,1.55733661,-1.49544811,0.38789592,1.0
2454170.610665,0.9613781,2.53566103,-1.6672054,0.38787761,1.55735633,-1.49551237,0.38787876,1.0
2454170.616716,0.9613781,2.53570045,-1.66716679,0.38786044,1.55737607,-1.49557667,0.38786159,1.0
2454170.622764,0.9783498,2.53573984,-1.66712819,0.38784329,1.5573958,-1.49564093,0.38784443,1.0
2454170.628817,0.9738549,2.53577927,-1.66708957,0.38782611,1.55741556,-1.49570524,0.38782726,1.0
2454170.63487,0.9720624,2.5358187,-1.66705093,0.38780894,1.55743534,-1.49576956,0.38781008,1.0
2454170.6409130003,0.9756504,2.53585806,-1.66701237,0.38779179,1.55745508,-1.49583377,0.38779294,1.0
2454170.6469650003,0.9756504,2.53589747,-1.66697375,0.38777462,1.55747487,-1.49589807,0.38777577,1.0
2454170.653002,0.9864933,2.53593679,-1.66693522,0.38775749,1.55749462,-1.49596223,0.38775864,1.0
2454170.660575,0.9792513,2.53598611,-1.66688689,0.387736,1.55751941,-1.4960427,0.38773715,1.0
2454170.667626,0.9883124,2.53603203,-1.66684189,0.387716,1.5575424999999998,-1.49611762,0.38771714,1.0
2454170.675689,1.007614,2.53608454,-1.66679042,0.38769311,1.55756893,-1.49620331,0.38769426,1.0
2454170.6827490004,0.9974569,2.53613052,-1.66674537,0.38767308,1.55759208,-1.49627833,0.38767423,1.0
2454170.6948470003,1.010402,2.5362093,-1.66666815,0.38763875,1.55763178,-1.49640691,0.3876399,1.0
2454170.700893,1.009472,2.53624867,-1.66662956,0.3876216,1.55765163,-1.49647116,0.38762275,1.0
2454170.7084810003,1.016001,2.53629808,-1.66658112,0.38760006,1.55767657,-1.49655181,0.38760121,1.0
2454170.714522,1.022573,2.53633741,-1.66654256,0.38758292,1.55769643,-1.49661601,0.38758407,1.0
2454170.720587,1.016937,2.5363769,-1.66650385,0.38756571,1.55771638,-1.49668047,0.38756686,1.0
2454170.729169,1.025402,2.53643278,-1.66644906,0.38754136,1.55774463,-1.49677169,0.38754251,1.0
2454170.736234,1.016001,2.53647878,-1.66640397,0.38752131,1.5577678999999998,-1.49684678,0.38752246,1.0
2454170.742271,1.020691,2.53651808,-1.66636543,0.38750418,1.55778779,-1.49691094,0.38750533,1.0
2454170.748316,1.015066,2.53655744,-1.66632684,0.38748702,1.55780772,-1.4969752,0.38748817,1.0
2454170.754365,1.023515,2.53659682,-1.66628822,0.38746986,1.55782768,-1.49703949,0.38747101,1.0
2454170.761423,1.016001,2.53664276,-1.66624317,0.38744983,1.55785097,-1.49711451,0.38745098,1.0
2454170.7674990003,1.016001,2.53668232,-1.66620438,0.38743259,1.55787103,-1.49717911,0.38743373,1.0
2454170.773548,1.009472,2.5367217,-1.66616576,0.38741542,1.55789102,-1.49724341,0.38741657,1.0
2454170.781128,1.007614,2.53677104,-1.66611737,0.38739391,1.55791607,-1.49732398,0.38739506,1.0
2454170.787173,1.00576,2.53681039,-1.66607877,0.38737675,1.55793607,-1.49738825,0.3873779000000001,1.0
2454170.793219,1.00576,2.53684975,-1.66604018,0.38735959,1.55795607,-1.49745252,0.38736074,1.0
2454170.799271,1.018812,2.53688914,-1.66600154,0.38734242,1.55797611,-1.49751686,0.38734357,1.0
2454170.805329,1.016937,2.53692857,-1.66596286,0.38732523,1.55799618,-1.49758127,0.38732637,1.0
2454170.811389,1.021631,2.53696801,-1.66592417,0.38730803,1.55801626,-1.49764569,0.38730918,1.0
2454170.817466,1.014131,2.53700756,-1.66588537,0.38729078,1.55803641,-1.49771029,0.38729193,1.0
2454170.823517,1.017874,2.53704695,-1.66584673,0.38727361,1.55805648,-1.49777463,0.38727475,1.0
2454170.831113,1.016937,2.53709638,-1.66579823,0.38725205,1.55808169,-1.49785539,0.3872532,1.0
2454170.838179,1.008542,2.53714237,-1.66575311,0.387232,1.55810516,-1.49793051,0.38723314,1.0
2454170.845248,0.9983762,2.53718838,-1.66570797,0.38721193,1.55812865,-1.49800568,0.38721308,1.0
2454170.851304,1.002061,2.53722779,-1.6656693,0.38719474,1.55814878,-1.49807007,0.38719589,1.0
2454170.857365,1.000217,2.53726723,-1.6656306,0.38717754,1.55816894,-1.49813451,0.38717869,1.0
2454170.8694740003,0.9819607,2.53734603,-1.66555328,0.38714317,1.55820925,-1.49826328,0.38714432,1.0
2454170.8785650004,0.9846779,2.53740518,-1.66549522,0.38711737,1.55823954,-1.49835995,0.38711852,1.0
2454170.890186,0.9855851,2.5374807999999995,-1.66542101,0.38708439,1.55827829,-1.49848352,0.38708553,1.0
2454170.896248,0.9801538,2.53752024,-1.6653823,0.38706718,1.55829851,-1.49854798,0.38706833,1.0
2455474.444707,0.9188636999999998,-2.081556,-1.051554,0.5521383000000001,-1.101683,-0.8511003,0.5521316999999999,1.0
2455474.451038,0.9239556,-2.081556,-1.051554,0.5521383000000001,-1.101683,-0.8511003,0.5521316999999999,1.0
2455474.457369,0.9411332,-2.081556,-1.051554,0.5521383000000001,-1.101683,-0.8511003,0.5521316999999999,1.0
2455474.4637,0.9683918,-2.081556,-1.051554,0.5521383000000001,-1.101683,-0.8511003,0.5521316999999999,1.0
2455474.470042,0.9946061,-2.081556,-1.051554,0.5521383000000001,-1.101683,-0.8511003,0.5521316999999999,1.0
2455474.476373,1.00566,-2.081556,-1.051554,0.5521383000000001,-1.101683,-0.8511003,0.5521316999999999,1.0
2455474.482705,1.02059,-2.081556,-1.051554,0.5521383000000001,-1.101683,-0.8511003,0.5521316999999999,1.0
2455474.490448,1.035741,-2.081556,-1.051554,0.5521383000000001,-1.101683,-0.8511003,0.5521316999999999,1.0
2455474.496779,1.034787,-2.081556,-1.051554,0.5521383000000001,-1.101683,-0.8511003,0.5521316999999999,1.0
2455474.50311,1.030033,-2.081556,-1.051554,0.5521383000000001,-1.101683,-0.8511003,0.5521316999999999,1.0
2455474.5094520003,1.026245,-2.081556,-1.051554,0.5521383000000001,-1.101683,-0.8511003,0.5521316999999999,1.0
2455474.5157830003,1.028137,-2.081556,-1.051554,0.5521383000000001,-1.101683,-0.8511003,0.5521316999999999,1.0
2455474.522114,1.016836,-2.081556,-1.051554,0.5521383000000001,-1.101683,-0.8511003,0.5521316999999999,1.0
2455474.5284450003,1.013097,-2.081556,-1.051554,0.5521383000000001,-1.101683,-0.8511003,0.5521316999999999,1.0
2455474.540332,0.9882142,-2.081556,-1.051554,0.5521383000000001,-1.101683,-0.8511003,0.5521316999999999,1.0
2455474.546663,0.9827682,-2.081556,-1.051554,0.5521383000000001,-1.101683,-0.8511003,0.5521316999999999,1.0
2455474.553005,0.9818635,-2.081556,-1.051554,0.5521383000000001,-1.101683,-0.8511003,0.5521316999999999,1.0
2455474.559336,0.9791542,-2.081556,-1.051554,0.5521383000000001,-1.101683,-0.8511003,0.5521316999999999,1.0
2455474.565667,0.9973581,-2.081556,-1.051554,0.5521383000000001,-1.101683,-0.8511003,0.5521316999999999,1.0
2455474.571998,1.000118,-2.081556,-1.051554,0.5521383000000001,-1.101683,-0.8511003,0.5521316999999999,1.0
2455474.5798110003,1.01965,-2.081556,-1.051554,0.5521383000000001,-1.101683,-0.8511003,0.5521316999999999,1.0
2455474.586142,1.027191,-2.081556,-1.051554,0.5521383000000001,-1.101683,-0.8511003,0.5521316999999999,1.0
2455474.592473,1.034787,-2.081556,-1.051554,0.5521383000000001,-1.101683,-0.8511003,0.5521316999999999,1.0
2455474.5988040003,1.032883,-2.081556,-1.051554,0.5521383000000001,-1.101683,-0.8511003,0.5521316999999999,1.0
2455474.605135,1.037651,-2.081556,-1.051554,0.5521383000000001,-1.101683,-0.8511003,0.5521316999999999,1.0
2455474.611478,1.034787,-2.081556,-1.051554,0.5521383000000001,-1.101683,-0.8511003,0.5521316999999999,1.0
2455474.617809,1.031932,-2.081556,-1.051554,0.5521383000000001,-1.101683,-0.8511003,0.5521316999999999,1.0
2455474.625795,1.02059,-2.081556,-1.051554,0.5521383000000001,-1.101683,-0.8511003,0.5521316999999999,1.0
2455474.632137,0.999197,-2.081556,-1.051554,0.5521383000000001,-1.101683,-0.8511003,0.5521316999999999,1.0
2455474.638468,0.9728617,-2.081556,-1.051554,0.5521383000000001,-1.101683,-0.8511003,0.5521316999999999,1.0
2455474.644799,0.9612826,-2.081556,-1.051554,0.5521383000000001,-1.101683,-0.8511003,0.5521316999999999,1.0
2455474.65113,0.9586302,-2.081556,-1.051554,0.5521383000000001,-1.101683,-0.8511003,0.5521316999999999,1.0
2455474.657461,0.9498414,-2.081556,-1.051554,0.5521383000000001,-1.101683,-0.8511003,0.5521316999999999,1.0
2455986.32836,1.017618,2.64063883,-1.56730556,0.34288144,1.71292984,-1.21987045,0.34290814,1.0
2455986.35117,1.010985,2.64077735,-1.56715405,0.34281540000000005,1.71292448,-1.22008801,0.34284213,1.0
2455986.37355,1.013783,2.64091325,-1.5670053999999998,0.34275061,1.71291924,-1.22030163,0.34277737,1.0
2455986.39613,1.008567,2.6410501,-1.56685555,0.34268522,1.71291423,-1.22051716,0.34271201,1.0
2455986.42091,0.9838862,2.64120054,-1.56669092,0.34261349,1.71290874,-1.22075367,0.34264031,1.0
2455986.44225,0.957337,2.64133,-1.56654918,0.34255171,1.71290421,-1.2209574,0.34257853,1.0
2455986.46264,0.9345981,2.64145374,-1.56641376,0.34249267,1.71289992,-1.22115219,0.34251952,1.0
2455986.47995,0.937443,2.64155865,-1.56629872,0.34244254,1.71289635,-1.22131753,0.34246942,1.0
2455986.49647,0.9680657,2.64165902,-1.56618905,0.34239471,1.71289313,-1.22147536,0.34242162,1.0
2455986.51313,0.9845208,2.64175987,-1.56607831,0.34234646,1.71288991,-1.22163451,0.34237340000000005,1.0
2455986.52724,1.0052290000000002,2.64184546,-1.56598461,0.34230559999999993,1.71288717,-1.22176933,0.34233254,1.0
2455986.54925,1.025994,2.64197898,-1.56583834,0.34224185,1.7128830000000002,-1.22197974,0.34226885,1.0
2455986.56194,1.025333,2.64205599,-1.56575406,0.34220511,1.71288073,-1.22210109,0.34223211,1.0
2455986.57462,1.028833,2.64213276,-1.56566989,0.34216839,1.71287847,-1.22222221,0.34219542,1.0
2455986.58882,1.03073,2.64221907,-1.56557548,0.34212726,1.71287596,-1.22235799,0.34215429,1.0
2455986.60289,1.036251,2.64230418,-1.56548202,0.34208652,1.71287358,-1.22249258,0.34211358,1.0
2455986.6169,1.030825,2.6423893,-1.56538892,0.34204596,1.71287119,-1.22262657,0.34207302,1.0
2455987.32696,0.9611356,2.64668703,-1.5606668,0.33998874,1.71281803,-1.22943985,0.34001666,1.0
2455987.33539,0.9661949,2.64673781,-1.56061065,0.33996433,1.71281826,-1.22952104,0.33999225,1.0
2455987.34364,0.9766629,2.64678788,-1.56055582,0.33994040000000003,1.71281838,-1.22960043,0.33996835,1.0
2455987.35197,0.9845204,2.64683819,-1.56050026,0.33991626,1.71281862,-1.22968066,0.33994421,1.0
2455987.36023,0.9963794,2.64688802,-1.56044531,0.33989233,1.71281874,-1.22976017,0.33992028,1.0
2455987.36853,0.9985843,2.64693809,-1.56039011,0.33986825,1.71281898,-1.22984004,0.33989623,1.0
2455987.37678,0.997022,2.64698792,-1.56033516,0.33984435,1.71281922,-1.22991955,0.33987233,1.0
2455987.38508,0.9980323,2.64703822,-1.56027997,0.3398203,1.71281946,-1.22999942,0.33984828,1.0
2455987.39328,0.9992282,2.64708781,-1.56022537,0.33979651,1.7128197,-1.23007846,0.33982453,1.0
2455987.40083,1.006618,2.64713335,-1.56017506,0.33977464,1.71282005,-1.23015118,0.33980265,1.0
2455987.40771,1.008846,2.64717484,-1.56012928,0.3397547,1.71282029,-1.23021746,0.33978271,1.0
2455987.41457,1.012476,2.64721632,-1.56008363,0.33973479,1.71282053,-1.2302835,0.33976284,1.0
2455987.42142,1.012383,2.6472578,-1.56003797,0.33971494,1.71282077,-1.23034942,0.33974299,1.0
2455987.42722,1.013409,2.64729285,-1.55999935,0.33969814,1.71282101,-1.23040533,0.33972618,1.0
2455987.433,1.01453,2.64732766,-1.55996096,0.33968139,1.71282125,-1.230461,0.33970943,1.0
2455987.43881,1.003748,2.64736271,-1.55992222,0.33966455,1.7128216,-1.23051703,0.33969259,1.0
2455987.44458,1.006433,2.64739752,-1.55988383,0.3396478,1.71282184,-1.23057258,0.33967587,1.0
2455987.45033,1.004858,2.64743233,-1.55984557,0.33963114,1.71282208,-1.23062801,0.33965921,1.0
2455987.45603,1.007731,2.64746666,-1.55980754,0.33961463,1.71282244,-1.23068297,0.3396427,1.0
2455987.46182,1.00634,2.64750171,-1.55976903,0.33959782,1.71282268,-1.23073876,0.33962592,1.0
2455987.46757,1.001255,2.64753652,-1.55973077,0.33958116,1.71282303,-1.23079419,0.33960927,1.0
2455987.4733,0.9985843,2.64757109,-1.55969262,0.33956456,1.71282327,-1.23084939,0.33959264,1.0
2455987.47907,0.9993202,2.6476059,-1.55965424,0.33954781,1.71282363,-1.23090494,0.33957592,1.0
2455987.48411,0.997022,2.64763641,-1.55962062,0.33953321,1.71282387,-1.23095357,0.33956131,1.0
2455987.48916,0.9921669,2.64766693,-1.559587,0.33951858,1.71282423,-1.23100221,0.33954668,1.0
2455987.49412,0.993447,2.64769673,-1.55955398,0.33950421,1.71282446,-1.23105001,0.33953232,1.0
2455987.49915,0.9966547,2.64772725,-1.55952048,0.33948961,1.71282482,-1.23109853,0.33951774,1.0
2455987.50413,1.001809,2.64775729,-1.55948734,0.33947518,1.71282506,-1.23114657,0.33950332,1.0
2455987.50918,1.001255,2.64778781,-1.55945373,0.33946055,1.71282542,-1.23119521,0.33948869,1.0
2455987.51421,0.9992282,2.64781809,-1.55942023,0.33944595,1.71282578,-1.23124373,0.33947411,1.0
2455987.51925,1.004673,2.64784861,-1.55938661,0.33943135,1.71282601,-1.23129237,0.33945951,1.0
2455987.52293,1.005228,2.64787078,-1.55936217,0.33942068,1.71282625,-1.23132777,0.33944884,1.0
2455987.5266,1.008381,2.64789295,-1.55933774,0.33941004,1.71282661,-1.23136318,0.3394382,1.0
2455987.53029,1.003101,2.64791512,-1.55931318,0.33939934,1.71282685,-1.2313987,0.3394275,1.0
2455987.53724,1.012383,2.64795709,-1.55926681,0.33937919,1.71282732,-1.23146582,0.33940735,1.0
2455987.54577,1.009682,2.64800858,-1.55921006,0.33935446,1.71282792,-1.23154807,0.33938265,1.0
2455987.55426,1.006433,2.64805984,-1.55915356,0.33932984,1.71282852,-1.23162997,0.33935803,1.0
2455987.56285,0.9991363,2.64811182,-1.55909634,0.33930495,1.71282923,-1.23171282,0.33933315,1.0
2455987.57274,0.9991363,2.64817142,-1.55903041,0.33927625,1.71282995,-1.23180819,0.33930448,1.0
2455987.58269,0.9994124,2.64823151,-1.55896413,0.33924741,1.71283078,-1.23190415,0.33927566,1.0
2455987.59264,0.9971137,2.64829159,-1.55889785,0.33921856,1.71283162,-1.23200011,0.33924681,1.0
2455987.60265,1.0026389999999998,2.64835215,-1.55883121,0.33918956,1.71283245,-1.23209667,0.33921781,1.0
2455987.6126,1.001809,2.64841223,-1.55876493,0.33916071,1.7128333999999998,-1.23219275,0.33918896,1.0
2455987.62169,0.9950036,2.64846706,-1.55870438,0.33913434,1.71283424,-1.23228037,0.33916262,1.0
2456042.30495,0.9937753,2.93836236,-1.17352843,0.17640546,2.11255836,-1.74826932,0.17647256,1.0
2456042.31011,0.994966,2.93838596,-1.17349041,0.17638978,2.11263108,-1.74830449,0.1764569,1.0
2456042.31835,0.9987301,2.9384234,-1.17342949,0.17636476,2.11274743,-1.74836051,0.17643189,1.0
2456042.3297900003,1.002509,2.93847561,-1.17334509,0.17633003,2.11290884,-1.74843836,0.17639717,1.0
2456042.3412,1.008436,2.93852758,-1.17326081,0.17629538,2.11307001,-1.74851596,0.17636254,1.0
2456042.35257,1.011692,2.93857956,-1.17317677,0.17626087,2.11323047,-1.74859321,0.17632803,1.0
2456042.36399,1.010854,2.93863153,-1.17309248,0.17622620000000006,2.11339188,-1.74867082,0.17629337,1.0
2456042.37531,1.00825,2.93868327,-1.17300892,0.17619182,2.11355186,-1.74874771,0.17625901,1.0
2456042.38674,1.002601,2.93873525,-1.17292452,0.17615712,2.11371326,-1.74882531,0.17622432,1.0
2456042.39816,0.981857,2.93878722,-1.17284012,0.17612244,2.11387467,-1.74890292,0.17618966,1.0
2456042.4114900003,0.9867523,2.93884802,-1.17274165,0.17608197,2.11406302,-1.7489933999999998,0.1761492,1.0
2456042.42486,0.9872979,2.93890905,-1.17264295,0.17604136,2.11425209,-1.74908412,0.17610863,1.0
2456042.43829,0.9979028,2.93897009,-1.17254376,0.1760006,2.11444211,-1.74917519,0.17606786,1.0
2456042.45167,1.005838,2.93903112,-1.17244494,0.17595996,2.11463118,-1.74926591,0.17602725,1.0
2456042.465,1.007507,2.93909192,-1.17234647,0.17591949,2.11481977,-1.74935627,0.1759868,1.0
2456042.47633,1.001033,2.93914342,-1.17226279,0.17588508,2.11498022,-1.74943304,0.17595239999999998,1.0
2456043.30527,1.066416,2.94291019,-1.16613638,0.17336743,2.12678242,-1.75498629,0.17343581,1.0
2456043.31787,1.063474,2.94296718,-1.16604328,0.17332914,2.1269629,-1.75506973,0.17339756,1.0
2456043.34302,1.03984,2.94308114,-1.16585732,0.17325275,2.12732339,-1.75523615,0.17332119,1.0
2456043.36823,1.021519,2.94319534,-1.16567087,0.17317615,2.12768459,-1.75540292,0.17324463,1.0
2456043.38075,0.9954208,2.94325209,-1.16557825,0.17313813,2.12786412,-1.75548565,0.17320661,1.0
2456043.39334,0.9686496,2.94330931,-1.16548514,0.17309988,2.12804484,-1.75556886,0.17316838,1.0
2456043.40771,0.9483455,2.9433744,-1.16537881,0.17305622,2.12825084,-1.75566387,0.17312473,1.0
2456043.42211,0.9361957,2.94343948,-1.16527236,0.17301247,2.12845755,-1.75575888,0.17308101,1.0
2456043.43648,0.961893,2.94350457,-1.16516602,0.17296879999999998,2.12866378,-1.75585377,0.17303737,1.0
2456043.45092,0.9915775,2.9435699,-1.16505921,0.17292494,2.12887096,-1.75594902,0.17299351,1.0
2456043.46423,1.006669,2.94363022,-1.16496074,0.17288451,2.12906218,-1.75603688,0.1729531,1.0
