2453224.761417,1.187498,-2.81033095,0.75562578,-0.39922661,-2.09299345,0.03885715,-0.39923062,1.0
2453224.763979,1.235472,-2.81033494,0.75560209,-0.39923026,-2.092967,0.03886448,-0.39923427,1.0
2453224.76545,1.172284,-2.81033724,0.75558849,-0.39923235,-2.09295182,0.03886869,-0.39923637,1.0
2453224.76692,1.175528,-2.81033953,0.75557489,-0.39923445,-2.09293664,0.0388729,-0.39923846,1.0
2453224.7694900003,1.1403370000000002,-2.81034353,0.75555113,-0.39923811,-2.09291012,0.03888025,-0.39924213,1.0
2453224.770959,1.154072,-2.81034582,0.75553755,-0.3992402,-2.09289496,0.03888446,-0.39924422,1.0
2453224.77244,1.138238,-2.81034813,0.75552385,-0.39924231,-2.09287967,0.038888699999999984,-0.39924633,1.0
2453224.77501,1.102131,-2.81035213,0.75550009,-0.39924597,-2.09285315,0.03889606,-0.39924999,1.0
2453224.776479,1.038085,-2.81035442,0.75548651,-0.39924807,-2.09283799,0.03890026,-0.39925208,1.0
2453224.777963,0.9950229,-2.81035673,0.75547279,-0.39925018,-2.09282268,0.03890451,-0.3992542,1.0
2453224.780532,1.009795,-2.81036073,0.75544904,-0.39925384,-2.09279617,0.03891187,-0.39925786,1.0
2453224.782002,1.052526,-2.81036302,0.75543544,-0.39925593,-2.092781,0.03891608,-0.39925995,1.0
2453224.783483,0.9687975,-2.81036533,0.75542175,-0.39925804,-2.09276572,0.03892032,-0.39926206,1.0
2453224.786053,0.9886283,-2.81036933,0.75539799,-0.39926171,-2.0927392,0.03892769,-0.39926572,1.0
2453224.789005,0.9813706,-2.81037393,0.75537069,-0.39926591,-2.09270874,0.03893615,-0.39926993,1.0
2453224.791573,0.951115,-2.81037793,0.75534694,-0.39926957,-2.09268224,0.03894351,-0.39927359,1.0
2453224.793055,0.9209437,-2.81038024,0.75533324,-0.39927168,-2.09266695,0.03894776,-0.3992757,1.0
2453224.794514,0.8909084,-2.81038251,0.75531975,-0.39927376,-2.0926519,0.03895194,-0.39927778,1.0
2453224.797096,0.8859985999999999,-2.81038653,0.75529588,-0.39927744,-2.09262527,0.03895934,-0.39928145,1.0
2453224.7985650003,0.8876322,-2.81038882,0.7552823000000001,-0.39927953,-2.09261012,0.03896355,-0.39928355,1.0
2453224.800035,0.8917292,-2.81039111,0.7552687,-0.39928162,-2.09259495,0.03896777,-0.39928564,1.0
2453224.802628,0.8306785,-2.81039515,0.75524473,-0.39928532,-2.0925682,0.03897521,-0.39928933,1.0
2453224.80558,0.8345129000000001,-2.81039974,0.75521743,-0.39928952,-2.09253775,0.03898368,-0.39929354,1.0
2453224.808149,0.8223052,-2.81040374,0.75519367,-0.39929318,-2.09251125,0.03899105,-0.3992972,1.0
2453224.809619,0.8770676,-2.81040603,0.75518008,-0.39929528,-2.09249609,0.03899527,-0.39929929,1.0
2453224.811088,0.8571030000000001,-2.81040832,0.7551665,-0.39929737,-2.09248094,0.03899948,-0.39930139,1.0
2453224.813671,0.8414591,-2.81041234,0.75514262,-0.39930105,-2.09245431,0.0390069,-0.39930506,1.0
2453224.81514,0.8958453000000002,-2.81041462,0.75512904,-0.39930314,-2.09243916,0.03901111,-0.39930716,1.0
2453224.816611,0.9286094,-2.81041691,0.75511543,-0.39930524,-2.09242399,0.03901534,-0.39930925,1.0
2453224.819179,0.957267,-2.81042091,0.75509169,-0.3993089,-2.0923975,0.03902271,-0.39931291,1.0
2453224.82066,1.028568,-2.81042322,0.75507799,-0.39931101,-2.09238223,0.03902697,-0.39931502,1.0
2453224.822142,1.029516,-2.81042552,0.75506429,-0.39931312,-2.09236695,0.03903122,-0.39931713,1.0
2453224.824712,1.055439,-2.81042952,0.75504052,-0.39931678,-2.09234044,0.03903861,-0.39932079,1.0
2453224.826193,1.075061,-2.81043183,0.75502683,-0.39931889,-2.09232517,0.03904286,-0.3993229,1.0
2453224.827662,1.125727,-2.81043412,0.75501324,-0.39932098,-2.09231003,0.03904708,-0.39932499,1.0
2453224.830221,1.19298,-2.8104381000000003,0.75498958,-0.39932463,-2.09228364,0.03905444,-0.39932864,1.0
2453224.831692,1.217399,-2.81044039,0.75497599,-0.39932672,-2.09226848,0.03905866,-0.39933073,1.0
2453224.833174,1.253814,-2.81044269,0.75496228,-0.39932883,-2.0922532,0.03906292,-0.39933284,1.0
2453224.835743,1.229796,-2.81044669,0.75493852,-0.39933249,-2.09222671,0.03907031,-0.3993365,1.0
2453224.837237,1.257283,-2.81044901,0.75492471,-0.39933462,-2.09221131,0.0390746,-0.39933863,1.0
2453224.838706,1.2503540000000002,-2.8104513,0.75491112,-0.39933671,-2.09219617,0.03907883,-0.39934072,1.0
2453224.842757,1.248053,-2.8104576,0.75487366,-0.39934248,-2.0921544,0.03909048,-0.39934649,1.0
2453224.846796,1.218521,-2.81046389,0.75483631,-0.39934823,-2.09211277,0.0391021,-0.39935225,1.0
2453224.849748,1.129882,-2.81046848,0.75480902,-0.39935244,-2.09208235,0.03911059,-0.39935645,1.0
2453224.852318,1.110281,-2.81047247,0.75478526,-0.3993561,-2.09205586,0.03911799,-0.39936011,1.0
2453224.853788,1.120555,-2.81047476,0.75477166,-0.39935819,-2.09204071,0.03912222,-0.39936221,1.0
2453224.855258,1.127802,-2.81047705,0.75475807,-0.39936029,-2.09202556,0.03912645,-0.3993643,1.0
2453224.857851,1.074071,-2.81048108,0.75473409,-0.39936398,-2.09199883,0.03913392,-0.39936799,1.0
2453224.859321,1.075061,-2.81048337,0.7547205,-0.39936607,-2.09198368,0.03913815,-0.39937009,1.0
2453224.860801,1.032365,-2.81048567,0.75470681,-0.39936818,-2.09196843,0.03914241,-0.39937219,1.0
2453224.863372,0.9634585,-2.81048967,0.75468304,-0.39937184,-2.09194193,0.03914982,-0.39937586,1.0
2453224.864841,0.951115,-2.81049195,0.75466945,-0.39937394,-2.0919268,0.03915405,-0.39937795,1.0
2453224.866312,0.897497,-2.81049424,0.75465586,-0.39937603,-2.09191165,0.03915829,-0.39938004,1.0
2453224.868882,0.8941966999999998,-2.81049823,0.75463209,-0.39937969,-2.09188517,0.03916569,-0.3993837,1.0
2453224.870352,0.8445649,-2.81050052,0.7546185000000001,-0.39938178,-2.09187002,0.03916993,-0.3993858,1.0
2453224.8718330003,0.8909084,-2.81050282,0.7546048000000001,-0.39938389,-2.09185476,0.0391742,-0.39938791,1.0
2453224.874402,0.8762601000000001,-2.81050682,0.75458104,-0.39938755,-2.09182829,0.0391816,-0.39939156,1.0
2453224.875883,0.8276239,-2.81050912,0.75456735,-0.39938966,-2.09181303,0.03918587,-0.39939367,1.0
2453224.877354,0.8215481,-2.8105114,0.75455375,-0.39939176,-2.09179787,0.03919011,-0.39939577,1.0
2453224.879947,0.8223052,-2.81051544,0.75452977,-0.39939545,-2.09177116,0.03919759,-0.39939946,1.0
2453224.881417,0.8125180999999999,-2.81051772,0.75451617,-0.39939754,-2.09175601,0.03920183,-0.39940156,1.0
2453224.882888,0.8283865,-2.81052001,0.75450257,-0.39939964,-2.09174086,0.03920607,-0.39940365,1.0
2453224.885469,0.8437875,-2.81052402,0.75447871,-0.39940331,-2.09171428,0.03921351,-0.39940733,1.0
2453224.886939,0.8682264000000001,-2.8105263,0.75446511,-0.39940541,-2.09169914,0.03921775,-0.39940942,1.0
2453224.888409,0.8827404000000001,-2.81052859,0.75445152,-0.3994075,-2.091684,0.039222,-0.39941151,1.0
2453224.890978,0.8892688,-2.81053258,0.75442776,-0.39941116,-2.09165753,0.03922941,-0.39941517,1.0
2453224.892459,0.9175569,-2.81053488,0.75441407,-0.39941327,-2.09164228,0.03923368,-0.39941728,1.0
2453224.893929,0.9243427,-2.81053717,0.75440047,-0.39941536,-2.09162714,0.03923793,-0.39941937,1.0
2453224.896499,0.9519915,-2.81054116,0.75437671,-0.39941902,-2.09160067,0.03924534,-0.39942303,1.0
2453224.89798,0.9537466,-2.81054346,0.75436301,-0.39942113,-2.09158541,0.03924962,-0.39942514,1.0
2453224.8994380003,1.008865,-2.81054573,0.75434953,-0.39942321,-2.0915704,0.03925383,-0.39942722,1.0
2453224.902021,1.033316,-2.81054974,0.75432565,-0.39942689,-2.0915438,0.03926129,-0.3994309,1.0
2453224.903491,1.061287,-2.81055202,0.75431205,-0.39942898,-2.09152867,0.03926553,-0.39943299,1.0
2453224.904961,1.111304,-2.81055431,0.75429846,-0.39943107,-2.09151353,0.03926978,-0.39943508,1.0
2453224.907542,1.1456,-2.81055832,0.75427459,-0.39943475,-2.09148695,0.03927724,-0.39943876,1.0
2453224.910492,1.189688,-2.8105629,0.75424731,-0.39943895,-2.09145657,0.03928576,-0.39944296,1.0
2453224.9130740003,1.194079,-2.81056691,0.75422343,-0.39944263,-2.09142998,0.03929322,-0.39944664,1.0
2453224.914554,1.220768,-2.81056921,0.75420974,-0.39944473,-2.09141475,0.0392975,-0.39944874,1.0
2453224.924104,1.219644,-2.81058404,0.75412143,-0.39945833,-2.09131643,0.03932511,-0.39946234,1.0
2453224.925586,1.195179,-2.81058635,0.75410773,-0.39946044,-2.09130117,0.039329400000000014,-0.39946445,1.0
2453224.927055,1.159399,-2.81058863,0.75409414,-0.39946254,-2.09128605,0.03933365,-0.39946655,1.0
2453224.929626,1.129882,-2.81059262,0.75407037,-0.3994662000000001,-2.09125959,0.03934108,-0.39947021,1.0
2453224.931107,1.080023,-2.81059492,0.75405667,-0.39946831,-2.09124434,0.03934537,-0.39947232,1.0
2453224.935145,1.024786,-2.81060119,0.75401933,-0.39947406,-2.09120278,0.03935706,-0.39947807,1.0
2453224.936628,1.000537,-2.81060349,0.75400562,-0.39947617,-2.09118752,0.03936135,-0.39948018,1.0
2453224.938099,1.026675,-2.81060577,0.75399202,-0.39947826,-2.09117238,0.0393656,-0.39948227,1.0
2453224.940668,0.9859005,-2.81060976,0.75396826,-0.39948192,-2.09114594,0.03937304,-0.39948593,1.0
2453224.946188,0.910821,-2.81061833,0.75391721,-0.39948978,-2.09108913,0.03938903,-0.39949379,1.0
2453224.947671,0.8859985999999999,-2.81062064,0.75390349,-0.39949189,-2.09107387,0.03939333,-0.3994959,1.0
2453224.94914,0.9016397,-2.81062292,0.7538899,-0.39949398,-2.09105875,0.03939758,-0.39949799,1.0
2453224.951711,0.8722340000000001,-2.81062691,0.75386613,-0.39949764,-2.0910323,0.03940503,-0.39950165,1.0
2453224.953192,0.8626469000000001,-2.81062921,0.75385243,-0.39949975,-2.09101706,0.03940932,-0.39950376,1.0
2453224.9546740004,0.8422345999999999,-2.8106315,0.75383873,-0.39950186,-2.09100182,0.03941361,-0.39950587,1.0
2453224.957244,0.8618526,-2.81063549,0.75381497,-0.39950552,-2.09097537,0.03942106,-0.39950953,1.0
2453224.958713,0.8283865,-2.81063777,0.75380138,-0.39950761,-2.09096026,0.03942532,-0.39951162,1.0
2453224.9601950003,0.818527,-2.81064007,0.75378767,-0.39950972,-2.09094501,0.03942962,-0.39951373,1.0
2453224.962775,0.7991588000000001,-2.81064408,0.75376381,-0.3995134,-2.09091847,0.0394371,-0.39951741,1.0
2453224.964245,0.8469018,-2.81064636,0.75375022,-0.39951549,-2.09090334,0.03944136,-0.3995195,1.0
2453224.965727,0.8991519,-2.81064866,0.75373651,-0.3995176,-2.0908881,0.03944566,-0.39952161,1.0
2453224.968284,0.8794941999999999,-2.81065263,0.75371286,-0.39952124,-2.09086179,0.03945308,-0.39952525,1.0
2453224.969754,0.8786847,-2.81065491,0.75369927,-0.39952333,-2.09084667,0.03945734,-0.39952734,1.0
2453224.971236,0.9209437,-2.81065721,0.75368556,-0.39952544,-2.09083142,0.03946164,-0.39952945,1.0
2453224.973807,0.9251946,-2.81066119,0.75366179,-0.3995291,-2.09080499,0.0394691,-0.39953311,1.0
2453224.979327,1.019138,-2.81066976,0.75361074,-0.39953696,-2.09074821,0.03948512,-0.39954097,1.0
2453224.980798,1.053496,-2.81067204,0.75359714,-0.39953906,-2.09073308,0.03948939,-0.39954307,1.0
2453224.98228,1.079029,-2.81067434,0.75358343,-0.39954117,-2.09071784,0.039493699999999986,-0.39954518,1.0
2453225.765702,1.142834,-2.81187944,0.74633558,-0.40065511,-2.08271377,0.0418276,-0.40065908,1.0
2453225.767171,1.121975,-2.81188168,0.74632198,-0.40065719,-2.08269886,0.04183209,-0.40066116,1.0
2453225.7697400004,1.191196,-2.8118856,0.74629821,-0.40066084,-2.08267279,0.04183994,-0.40066481,1.0
2453225.771211,1.175935,-2.81188785,0.74628459,-0.40066293,-2.08265786,0.04184443,-0.4006669000000001,1.0
2453225.77268,1.1890040000000002,-2.81189009,0.746271,-0.40066502,-2.08264295,0.04184892,-0.40066899,1.0
2453225.775251,1.202218,-2.81189401,0.74624721,-0.40066867,-2.08261687,0.04185677,-0.40067264,1.0
2453225.782253,1.147052,-2.81190468,0.7461824,-0.40067861,-2.08254582,0.04187818,-0.40068258,1.0
2453225.787752,1.048053,-2.81191307,0.74613151,-0.40068642,-2.08249003,0.041895,-0.40069039,1.0
2453225.789221,1.0714780000000002,-2.81191531,0.74611791,-0.40068851,-2.08247512,0.04189949,-0.40069247,1.0
2453225.79179,1.007357,-2.81191923,0.74609413,-0.40069215,-2.08244906,0.04190735,-0.40069612,1.0
2453225.793273,1.016678,-2.81192149,0.74608041,-0.40069426,-2.08243402,0.04191188,-0.40069823,1.0
2453225.794754,1.013872,-2.81192374,0.74606671,-0.40069636,-2.082419,0.04191642,-0.40070033,1.0
2453225.797313,0.9611324,-2.81192765,0.74604302,-0.40069999,-2.08239304,0.04192425,-0.40070396,1.0
2453225.798794,0.9111361,-2.8119299,0.74602931,-0.4007021,-2.08237802,0.04192878,-0.40070607,1.0
2453225.800263,0.8936824000000001,-2.81193214,0.74601572,-0.40070418,-2.08236312,0.04193328,-0.40070815,1.0
2453225.802821,0.8661303,-2.81193604,0.74599204,-0.40070782,-2.08233717,0.04194111,-0.40071178,1.0
2453225.804291,0.8210757,-2.81193828,0.74597843,-0.4007099,-2.08232226,0.04194561,-0.40071387,1.0
2453225.805762,0.8701283000000001,-2.81194052,0.74596482,-0.40071199,-2.08230734,0.04195011,-0.40071596,1.0
2453225.808331,0.8248656999999999,-2.81194444,0.74594104,-0.40071564,-2.08228129,0.04195798,-0.40071961,1.0
2453225.809812,0.8241063,-2.8119467,0.74592733,-0.40071774,-2.08226627,0.04196252,-0.40072171,1.0
2453225.811295,0.8210757,-2.81194896,0.74591362,-0.40071985,-2.08225124,0.04196706,-0.40072381,1.0
2453225.813853,0.8068323000000001,-2.81195285,0.74588994,-0.40072348,-2.08222529,0.04197489,-0.40072745,1.0
2453225.815334,0.8090646,-2.81195511,0.74587623,-0.40072558,-2.08221028,0.04197943,-0.40072955,1.0
2453225.816792,0.8083199000000001,-2.81195733,0.74586274,-0.40072765,-2.08219549,0.0419839,-0.40073162,1.0
2453225.81935,0.8256259,-2.81196123,0.74583906,-0.40073128,-2.08216955,0.04199174,-0.40073525,1.0
2453225.820832,0.8386548,-2.81196349,0.74582534,-0.40073339,-2.08215452,0.04199628,-0.40073736,1.0
2453225.822302,0.8417503000000001,-2.81196573,0.74581174,-0.40073548,-2.08213962,0.04200079,-0.40073944,1.0
2453225.824871,0.8433021999999999,-2.81196964,0.74578796,-0.40073912,-2.08211357,0.04200866,-0.40074309,1.0
2453225.826341,0.8797985,-2.81197188,0.74577435,-0.40074121,-2.08209867,0.04201317,-0.40074518,1.0
2453225.827811,0.8757563,-2.81197412,0.74576074,-0.4007433,-2.08208376,0.04201768,-0.40074726,1.0
2453225.830393,0.8978075999999999,-2.81197805,0.74573685,-0.40074696,-2.08205759,0.04202559,-0.40075093,1.0
2453225.831863,0.9061149,-2.81198029,0.74572325,-0.40074905,-2.08204269,0.0420301,-0.40075302,1.0
2453225.833333,0.9280755,-2.81198253,0.74570964,-0.40075114,-2.08202779,0.04203461,-0.4007551,1.0
2453225.835902,0.9745032,-2.81198644,0.74568586,-0.40075478,-2.08200175,0.04204249,-0.40075875,1.0
2453225.837361,1.011075,-2.81198867,0.74567236,-0.40075686,-2.08198696,0.04204697,-0.40076082,1.0
2453225.838842,1.043238,-2.81199092,0.74565865,-0.40075896,-2.08197194,0.04205151,-0.40076292,1.0
2453225.8414,1.0924040000000002,-2.81199482,0.74563497,-0.40076259,-2.08194601,0.04205936,-0.40076656,1.0
2453225.842882,1.1127129999999998,-2.81199708,0.74562126,-0.40076469,-2.08193099,0.04206391,-0.40076866,1.0
2453225.844351,1.0954270000000002,-2.81199931,0.74560766,-0.40076678,-2.0819161,0.04206842,-0.40077075,1.0
2453225.846911,1.137583,-2.81200321,0.74558397,-0.40077041,-2.08189016,0.04207627,-0.40077438,1.0
2453225.848392,1.128193,-2.81200546,0.74557026,-0.40077252,-2.08187515,0.04208082,-0.40077648,1.0
2453225.849861,1.185723,-2.8120077,0.74555667,-0.4007746,-2.08186027,0.04208533,-0.40077857,1.0
2453225.852431,1.139681,-2.81201161,0.74553288,-0.40077825,-2.08183422,0.04209322,-0.40078222,1.0
2453225.853901,1.137583,-2.81201385,0.74551927,-0.40078034,-2.08181932,0.04209774,-0.4007843,1.0
2453225.855371,1.190099,-2.81201609,0.74550566,-0.40078242,-2.08180443,0.04210225,-0.40078639,1.0
2453225.85794,1.144941,-2.81202,0.74548188,-0.40078607,-2.08177839,0.04211015,-0.40079004,1.0
2453225.85941,1.115792,-2.81202224,0.74546828,-0.40078816,-2.0817635,0.04211466,-0.40079212,1.0
2453225.86088,1.148109,-2.81202448,0.74545467,-0.40079025,-2.0817486,0.04211918,-0.40079421,1.0
2453225.86345,1.106581,-2.81202839,0.74543088,-0.40079389,-2.08172256,0.04212708,-0.40079786,1.0
2453225.864921,1.085384,-2.81203063,0.74541728,-0.40079598,-2.08170767,0.04213159,-0.40079995,1.0
2453225.866401,1.08939,-2.81203288,0.74540358,-0.40079808,-2.08169267,0.04213614,-0.40080205,1.0
2453225.86896,0.9962843,-2.81203678,0.74537989,-0.40080171,-2.08166674,0.04214401,-0.40080568,1.0
2453225.8965310003,0.8433021999999999,-2.81207873,0.74512469,-0.40084085,-2.08138748,0.04222884,-0.40084482,1.0
2453225.898001,0.8210757,-2.81208096,0.74511108,-0.40084294,-2.0813726000000004,0.04223337,-0.4008469,1.0
2453225.899493,0.8309661,-2.81208323,0.74509727,-0.40084506,-2.08135749,0.04223796,-0.40084902,1.0
2453225.902063,0.8986349,-2.81208714,0.74507349,-0.4008487,-2.08133148,0.04224588,-0.40085267,1.0
2453225.903534,0.8903962,-2.81208938,0.74505987,-0.40085079,-2.08131658,0.04225041,-0.40085476,1.0
2453225.9050040003,0.8863051,-2.81209161,0.74504627,-0.40085288,-2.0813017,0.04225494,-0.40085684,1.0
2453225.907562,0.9238113,-2.8120955000000003,0.74502259,-0.40085651,-2.0812758,0.04226282,-0.40086047,1.0
2453225.909031,0.9479453,-2.81209774,0.74500899,-0.4008586,-2.08126092,0.04226735,-0.40086256,1.0
2453225.910501,0.9629045,-2.81209997,0.74499538,-0.40086068,-2.08124604,0.04227188,-0.40086464,1.0
2453225.91307,1.02137,-2.81210388,0.7449716,-0.40086433,-2.08122003,0.0422798,-0.40086829,1.0
2453225.914541,1.0558040000000002,-2.81210612,0.74495798,-0.40086642,-2.08120514,0.04228433,-0.40087038,1.0
2453225.916022,1.058725,-2.81210837,0.74494427,-0.40086852,-2.08119015,0.0422889,-0.40087248,1.0
2453225.924101,1.158733,-2.81212065,0.7448695,-0.40087998,-2.08110838,0.04231381,-0.40088395,1.0
2453225.9255830003,1.206655,-2.8121229,0.74485578,-0.40088209,-2.08109338,0.04231838,-0.40088605,1.0
2453225.927053,1.204435,-2.81212514,0.74484217,-0.40088417,-2.0810785,0.04232292,-0.40088814,1.0
2453225.929622,1.237039,-2.81212904,0.74481839,-0.40088782,-2.0810525,0.04233084,-0.40089178,1.0
2453225.931093,1.233625,-2.81213128,0.74480477,-0.40088991,-2.08103761,0.04233538,-0.40089387,1.0
2453225.932563,1.196694,-2.81213351,0.74479117,-0.400892,-2.08102273,0.04233992,-0.40089596,1.0
2453225.935132,1.205545,-2.81213742,0.74476739,-0.40089564,-2.08099674,0.04234785,-0.4008996,1.0
2453225.936603,1.21782,-2.81213966,0.74475377,-0.40089773,-2.08098185,0.04235239,-0.40090169,1.0
2453225.938084,1.195593,-2.8121419,0.74474007,-0.40089983,-2.08096687,0.04235696,-0.40090379,1.0
2453225.9406540003,1.158733,-2.81214581,0.74471628,-0.40090348,-2.08094087,0.0423649,-0.40090744,1.0
2453225.9421240003,1.114765,-2.81214804,0.74470267,-0.40090556,-2.08092599,0.04236944,-0.40090953,1.0
2453225.943593,1.084384,-2.81215028,0.74468907,-0.40090765,-2.08091113,0.04237397,-0.40091161,1.0
2453225.946162,1.088387,-2.81215418,0.74466529,-0.4009113,-2.08088513,0.04238191,-0.40091526,1.0
2453225.947645,1.065573,-2.81215643,0.74465156,-0.4009134,-2.08087013,0.04238649,-0.40091736,1.0
2453225.949114,1.0101440000000002,-2.81215867,0.74463796,-0.40091548,-2.08085527,0.04239103,-0.40091945,1.0
2453225.951683,0.9844264,-2.81216257,0.74461418,-0.40091913,-2.08082927,0.04239897,-0.40092309,1.0
2453225.953154,0.9496931,-2.8121648,0.74460056,-0.40092122,-2.08081439,0.04240351,-0.40092518,1.0
2453225.954624,0.975401,-2.81216704,0.74458696,-0.40092331,-2.08079952,0.04240805,-0.40092727,1.0
2453225.957193,0.8781793,-2.81217094,0.74456318,-0.40092695,-2.08077354,0.04241599,-0.40093091,1.0
2453225.958664,0.8693271,-2.81217317,0.74454957,-0.40092904,-2.08075866,0.04242054,-0.400933,1.0
2453225.960145,0.882233,-2.81217542,0.74453586,-0.40093114,-2.08074368,0.04242512,-0.4009351,1.0
2453225.9627150004,0.8332652,-2.81217933,0.74451207,-0.40093479,-2.08071768,0.04243306,-0.40093875,1.0
2453225.964184,0.8279103000000001,-2.81218156,0.74449847,-0.40093687,-2.08070282,0.04243761,-0.40094083,1.0
2453225.965654,0.8309661,-2.81218379,0.74448486,-0.40093896,-2.08068796,0.04244215,-0.40094292,1.0
2453225.968224,0.8173033000000001,-2.8121877,0.74446107,-0.40094261,-2.08066196,0.0424501,-0.40094656,1.0
2453225.969693,0.8402011999999999,-2.81218993,0.74444747,-0.40094469,-2.0806471,0.04245465,-0.40094865,1.0
2453225.971175,0.8233476000000001,-2.81219218,0.74443375,-0.40094679,-2.08063212,0.04245923,-0.40095075,1.0
2453225.973734,0.8317317,-2.81219606,0.74441007,-0.40095042,-2.08060625,0.04246715,-0.40095438,1.0
2453225.975215,0.8317317,-2.81219831,0.74439636,-0.40095253,-2.08059127,0.04247173,-0.40095648,1.0
2453225.976698,0.8854890999999999,-2.81220056,0.74438263,-0.40095463,-2.08057627,0.04247632,-0.40095859,1.0
2453225.979266,0.8550338,-2.81220446,0.74435886,-0.40095827,-2.0805503,0.04248427,-0.40096223,1.0
2453225.980737,0.9195668,-2.8122067000000004,0.74434524,-0.40096036,-2.08053543,0.04248882,-0.40096432,1.0
2453225.982195,0.8953303,-2.81220891,0.74433174,-0.40096243,-2.08052068,0.04249333,-0.40096639,1.0
2453225.987704,0.9889703,-2.81221727,0.74428074,-0.40097025,-2.08046498,0.04251039,-0.40097421,1.0
2453225.990274,1.018552,-2.81222118,0.74425695,-0.4009739,-2.080439,0.04251835,-0.40097785,1.0
2453225.991756,1.035579,-2.81222342,0.74424324,-0.400976,-2.08042402,0.04252294,-0.40097996,1.0
2453225.993227,1.077415,-2.81222566,0.74422963,-0.40097808,-2.08040915,0.0425275,-0.40098204,1.0
2453225.995795,1.148109,-2.81222956,0.74420585,-0.40098173,-2.08038319,0.04253545,-0.40098569,1.0
2453225.9972650004,1.164081,-2.81223179,0.74419224,-0.40098381,-2.08036833,0.04254001,-0.40098777,1.0
2454706.30419,0.8965088999999999,-2.51494385,1.59776711,-0.24389983,-1.60123696,1.16696492,-0.24390562,1.0
2454706.30738,0.8696706,-2.51495826,1.59774183,-0.24390551,-1.60122886,1.16698907,-0.2439113,1.0
2454706.31055,0.8680697,-2.51497257,1.5977167,-0.24391116,-1.60122081,1.16701307,-0.24391695,1.0
2454706.31373,0.8585282,-2.51498693,1.5976915,-0.24391682,-1.60121274,1.16703715,-0.24392261,1.0
2454706.31692,0.8498743000000001,-2.51500133,1.59766621,-0.2439225,-1.60120464,1.16706131,-0.24392829,1.0
2454706.3201,0.8632860000000001,-2.51501569,1.59764101,-0.24392816,-1.60119657,1.16708538,-0.24393395,1.0
2454706.32327,0.8850234,-2.51503001,1.59761589,-0.24393381,-1.60118853,1.16710939,-0.2439396,1.0
2454706.32698,0.8948591,-2.51504676,1.59758648,-0.24394042,-1.60117912,1.16713748,-0.24394621,1.0
2454706.33016,0.9284417,-2.51506112,1.59756128,-0.24394608,-1.60117106,1.16716157,-0.24395187,1.0
2454706.33654,0.9948434000000002,-2.51508992,1.59751071,-0.24395744,-1.60115489,1.16720989,-0.24396323,1.0
2454706.33972,1.066976,-2.51510428,1.5974855,-0.2439631,-1.60114684,1.16723397,-0.24396889,1.0
2454706.3429,1.158123,-2.51511863,1.5974603,-0.24396877,-1.60113879,1.16725806,-0.24397456,1.0
2454706.349799,1.228442,-2.51514979,1.59740561,-0.24398106,-1.60112133,1.16731033,-0.24398684,1.0
2454706.352989,1.200479,-2.51516419,1.59738032,-0.24398674,-1.60111326,1.16733449,-0.24399252,1.0
2454706.356169,1.207132,-2.51517854,1.59735511,-0.2439924,-1.60110521,1.16735858,-0.24399819,1.0
2454706.3593490003,1.153864,-2.5151929,1.59732991,-0.24399806,-1.60109717,1.16738268,-0.24400385,1.0
2454706.3625290003,1.141181,-2.51520725,1.5973046999999998,-0.24400373,-1.60108914,1.16740677,-0.24400951,1.0
2454706.365709,1.073877,-2.51522161,1.59727949,-0.24400939,-1.6010811000000005,1.16743086,-0.24401517,1.0
2454706.368889,1.059143,-2.51523596,1.59725429,-0.24401505,-1.60107307,1.16745496,-0.24402084,1.0
2454706.372599,0.9784861,-2.51525271,1.59722488,-0.24402166,-1.6010637,1.16748307,-0.24402744,1.0
2454706.375789,0.944832,-2.51526711,1.59719959,-0.24402734,-1.60105565,1.16750725,-0.24403312,1.0
2454706.378969,0.8956835999999999,-2.51528146,1.59717439,-0.244033,-1.60104762,1.16753134,-0.24403878,1.0
2454706.382149,0.8825811,-2.51529581,1.59714918,-0.24403866,-1.6010396,1.16755544,-0.24404445,1.0
2454706.385329,0.8769094999999999,-2.51531017,1.59712397,-0.24404433,-1.60103158,1.16757955,-0.24405011,1.0
2454706.388509,0.8530110000000001,-2.51532452,1.59709876,-0.24404999,-1.60102356,1.16760365,-0.24405577,1.0
2454706.3916990003,0.8078945,-2.51533892,1.59707348,-0.24405567,-1.60101552,1.16762783,-0.24406145,1.0
2454706.395399,0.8374419,-2.51535562,1.59704415,-0.24406226,-1.6010062,1.16765587,-0.24406804,1.0
2454706.398579,0.8858386,-2.51536997,1.59701894,-0.24406792,-1.60099819,1.16767998,-0.2440737,1.0
2454706.401759,0.9048043,-2.51538432,1.59699373,-0.24407358,-1.60099018,1.16770408,-0.24407936,1.0
2454706.404929,0.9500679,-2.51539863,1.5969686,-0.24407923,-1.6009822,1.16772812,-0.24408501,1.0
2454706.408129,0.9535744,-2.51541307,1.59694323,-0.24408493,-1.60097415,1.16775238,-0.24409071,1.0
2454706.411318,0.9902723,-2.51542746,1.59691794,-0.24409061,-1.60096612,1.16777656,-0.24409639,1.0
2454706.414498,1.059143,-2.51544181,1.59689273,-0.24409627,-1.60095812,1.16780067,-0.24410205,1.0
2454706.425168,1.184008,-2.51548996,1.59680815,-0.24411527,-1.6009313,1.16788158,-0.24412105,1.0
2454706.428358,1.221672,-2.51550436,1.59678286,-0.24412095,-1.60092329,1.16790577,-0.24412673,1.0
2454706.431538,1.222798,-2.51551871,1.59675765,-0.24412661,-1.60091531,1.16792989,-0.24413239,1.0
2454706.434718,1.175316,-2.51553305,1.59673244,-0.24413227,-1.60090732,1.16795401,-0.24413805,1.0
2454706.4379080003,1.173153,-2.51554745,1.59670715,-0.24413795,-1.60089932,1.1679782,-0.24414373,1.0
2454706.441608,1.136985,-2.51556414,1.59667781,-0.24414454,-1.60089003,1.16800627,-0.24415032,1.0
2454706.444788,1.074867,-2.51557849,1.5966526,-0.2441502,-1.60088206,1.16803039,-0.24415598,1.0
2454706.447978,1.032178,-2.51559288,1.59662731,-0.24415588,-1.60087406,1.16805458,-0.24416166,1.0
2454706.451168,0.9721978,-2.51560728,1.59660202,-0.24416156,-1.60086606,1.16807878,-0.24416734,1.0
2454706.454348,0.9098183,-2.51562162,1.59657681,-0.24416722,-1.60085809,1.16810291,-0.244173,1.0
2454706.457528,0.8833947,-2.51563597,1.5965516000000002,-0.24417289,-1.60085013,1.16812703,-0.24417866,1.0
2454706.460708,0.8801459999999999,-2.51565032,1.59652639,-0.24417855,-1.60084216,1.16815116,-0.24418432,1.0
2454706.467608,0.8274745000000001,-2.51568144,1.59647168,-0.24419083,-1.60082489,1.16820351,-0.24419661,1.0
2454706.470818,0.8382135000000001,-2.51569592,1.59644623,-0.24419655,-1.60081686,1.16822787,-0.24420232,1.0
2454706.473998,0.8585282,-2.51571027,1.59642102,-0.24420221,-1.60080891,1.168252,-0.24420798,1.0
2454706.4771970003,0.8785261000000001,-2.5157247000000003,1.59639565,-0.24420791,-1.60080091,1.16827629,-0.24421368,1.0
2454706.480387,0.8680697,-2.51573909,1.59637035,-0.24421359,-1.60079293,1.16830049,-0.24421936,1.0
2454706.483557,0.9081439,-2.51575339,1.59634522,-0.24421923,-1.60078501,1.16832455,-0.24422501,1.0
2454706.487267,0.9483195,-2.51577013,1.5963158000000002,-0.24422584,-1.60077574,1.16835271,-0.24423161,1.0
2454706.490447,0.967731,-2.51578447,1.59629059,-0.2442315,-1.6007678,1.16837685,-0.24423727,1.0
2454706.493637,1.021773,-2.51579886,1.5962653,-0.24423718,-1.60075984,1.16840106,-0.24424295,1.0
2454706.496817,1.088817,-2.5158132,1.59624008,-0.24424284,-1.6007519,1.1684252,-0.24424861,1.0
2454706.499997,1.140131,-2.51582755,1.59621487,-0.2442485,-1.60074396,1.16844934,-0.24425427,1.0
2454706.503197,1.174234,-2.51584198,1.5961895,-0.2442542,-1.60073598,1.16847363,-0.24425997,1.0
2454706.506377,1.181829,-2.51585632,1.59616428,-0.24425986,-1.60072805,1.16849777,-0.24426563,1.0
2454706.510077,1.184008,-2.51587301,1.59613494,-0.24426645,-1.60071883,1.16852586,-0.24427222,1.0
2454706.513257,1.201586,-2.51588735,1.59610973,-0.24427211,-1.6007109,1.16855001,-0.24427788,1.0
2454706.516447,1.180741,-2.51590174,1.59608443,-0.24427779,-1.60070296,1.16857423,-0.24428356,1.0
2454706.519627,1.08982,-2.51591608,1.59605922,-0.24428345,-1.60069504,1.16859837,-0.24428922,1.0
2454706.522807,1.0610959999999998,-2.51593042,1.596034,-0.24428911,-1.60068712,1.16862252,-0.24429488,1.0
2454706.5259970003,0.9562132,-2.5159448,1.59600871,-0.24429479,-1.60067918,1.16864674,-0.24430056,1.0
2454706.529177,0.9031392,-2.51595914,1.59598349,-0.24430045,-1.60067127,1.16867089,-0.24430622,1.0
2454706.532917,0.9098183,-2.51597601,1.59595384,-0.24430711,-1.60066196,1.1686993,-0.24431288,1.0
2454706.5360970004,0.9318686,-2.51599035,1.59592862,-0.24431277,-1.60065406,1.16872345,-0.24431854,1.0
2454706.539277,0.8923901,-2.51600469,1.5959034,-0.24431844,-1.60064615,1.1687476,-0.2443242,1.0
2454706.542466,0.8328268,-2.51601907,1.59587811,-0.24432411,-1.60063822,1.16877183,-0.24432988,1.0
2454706.545646,0.8282371999999999,-2.51603341,1.59585289,-0.24432978,-1.60063032,1.16879599,-0.24433554,1.0
2454706.548846,0.808639,-2.51604784,1.59582752,-0.24433547,-1.60062237,1.16882029,-0.24434124,1.0
2454706.552026,0.8475294,-2.51606218,1.5958023,-0.24434113,-1.60061448,1.16884445,-0.2443469,1.0
2454706.555736,0.8998181999999999,-2.51607891,1.59577288,-0.24434774,-1.60060527,1.16887263,-0.2443535,1.0
2454706.558926,0.9148602,-2.51609329,1.59574758,-0.24435342,-1.60059735,1.16889687,-0.24435918,1.0
2454706.562116,0.8998181999999999,-2.51610767,1.59572229,-0.2443591,-1.60058944,1.16892111,-0.24436486,1.0
2454706.565296,0.9820977,-2.51612201,1.59569707,-0.24436476,-1.60058156,1.16894527,-0.24437052,1.0
2454706.568486,1.0388540000000002,-2.51613639,1.59567177,-0.24437044,-1.60057365,1.16896951,-0.2443762,1.0
2454706.571676,1.021773,-2.51615077,1.59564647,-0.24437612,-1.60056574,1.16899375,-0.24438188,1.0
2454706.574866,1.059143,-2.51616515,1.59562118,-0.24438179,-1.60055784,1.16901799,-0.24438756,1.0
2454706.578466,1.114178,-2.51618138,1.59559263,-0.2443882,-1.60054892,1.16904534,-0.24439396,1.0
2454706.581656,1.248978,-2.51619576,1.59556733,-0.24439388,-1.60054102,1.16906959,-0.24439964,1.0
2454706.584846,1.222798,-2.51621014,1.59554203,-0.24439956,-1.60053313,1.16909383,-0.24440532,1.0
2454706.5880360003,1.226181,-2.51622452,1.59551673,-0.24440524,-1.60052523,1.16911807,-0.244411,1.0
2454706.5944060003,1.189473,-2.51625324,1.59546621,-0.24441658,-1.60050948,1.16916649,-0.24442234,1.0
2454706.597606,1.185099,-2.51626766,1.59544084,-0.24442228,-1.60050157,1.16919082,-0.24442803,1.0
2454706.6013060003,1.0838139999999998,-2.51628434,1.59541149,-0.24442886,-1.60049242,1.16921894,-0.24443462,1.0
2454706.604495,1.018016,-2.51629872,1.59538619,-0.24443454,-1.60048454,1.16924319,-0.2444403,1.0
2454706.607675,0.9014772,-2.51631305,1.59536097,-0.2444402,-1.60047669,1.16926737,-0.24444596,1.0
2454706.610875,0.8728804,-2.51632748,1.59533559,-0.2444459,-1.60046879,1.1692917,-0.24445166,1.0
2454706.614055,0.9056381,-2.51634181,1.59531037,-0.24445156,-1.60046094,1.16931587,-0.24445732,1.0
2454711.340184,1.177866,-2.53733069,1.55763143,-0.25283383,-1.5914572,1.20634404,-0.25283904,1.0
2454711.342044,1.177866,-2.53733883,1.55761652,-0.25283712,-1.59145471,1.20635901,-0.25284233,1.0
2454711.3439240004,1.175699,-2.53734705,1.55760146,-0.25284044,-1.59145221,1.20637415,-0.25284565,1.0
2454711.345784,1.145766,-2.53735519,1.55758655,-0.25284373,-1.59144972,1.20638912,-0.25284894,1.0
2454711.347654,1.1321290000000002,-2.53736337,1.55757157,-0.25284703,-1.59144723,1.20640418,-0.25285224,1.0
2454711.349514,1.139452,-2.53737151,1.55755666,-0.25285032,-1.59144475,1.20641915,-0.25285553,1.0
2454711.351394,1.073238,-2.53737973,1.5575416000000002,-0.25285364,-1.59144225,1.20643429,-0.25285885,1.0
2454711.353264,1.088168,-2.53738791,1.55752661,-0.25285694,-1.59143976,1.20644934,-0.25286215,1.0
2454711.355134,1.060464,-2.53739609,1.55751162,-0.25286025,-1.59143727,1.2064643999999998,-0.25286546,1.0
2454711.357004,1.023991,-2.53740427,1.55749664,-0.25286355,-1.59143478,1.20647945,-0.25286876,1.0
2454711.359134,0.9842286,-2.53741359,1.55747957,-0.25286732,-1.59143194,1.2064966,-0.25287253,1.0
2454711.361363,0.9521296,-2.53742334,1.5574617,-0.25287126,-1.59142898,1.20651456,-0.25287647,1.0
2454711.363233,0.9390659,-2.53743152,1.55744671,-0.25287456,-1.59142649,1.20652962,-0.25287977,1.0
2454711.365103,0.8820554,-2.5374397,1.55743173,-0.25287786,-1.59142401,1.20654467,-0.25288307,1.0
2454711.366973,0.8828684000000001,-2.53744788,1.55741674,-0.25288117,-1.59142152,1.20655973,-0.25288638,1.0
2454711.368843,0.8580171999999998,-2.53745606,1.55740175,-0.25288447,-1.59141904,1.20657479,-0.25288968,1.0
2454711.370703,0.863567,-2.53746419,1.55738685,-0.25288776,-1.59141657,1.20658977,-0.25289297,1.0
2454711.372583,0.8493681000000001,-2.53747242,1.55737178,-0.25289108,-1.59141407,1.2066049,-0.25289629,1.0
2454711.374453,0.8186454000000001,-2.5374806,1.5573568000000002,-0.25289438,-1.59141159,1.20661996,-0.25289959,1.0
2454711.376313,0.8156353,-2.53748873,1.55734189,-0.25289767,-1.59140913,1.20663494,-0.25290288,1.0
2454711.3781830003,0.817892,-2.53749691,1.5573268999999998,-0.25290098,-1.59140665,1.20665,-0.25290618,1.0
2454711.380313,0.8194,-2.53750622,1.55730983,-0.25290474,-1.59140382,1.20666715,-0.25290995,1.0
2454711.3825330003,0.7963352,-2.53751593,1.55729204,-0.25290866,-1.59140088,1.20668503,-0.25291387,1.0
2454711.384403,0.8292702,-2.53752411,1.55727706,-0.25291196,-1.59139841,1.20670009,-0.25291717,1.0
2454711.386273,0.8572271,-2.53753229,1.55726207,-0.25291527,-1.59139593,1.20671515,-0.25292048,1.0
2454711.388133,0.8902171,-2.53754042,1.55724716,-0.25291856,-1.59139347,1.20673013,-0.25292376,1.0
2454711.390013,0.8788120999999999,-2.53754865,1.5572321000000002,-0.25292188,-1.59139098,1.20674527,-0.25292708,1.0
2454711.391873,0.8992821,-2.53755678,1.55721719,-0.25292516,-1.59138852,1.20676026,-0.25293037,1.0
2454711.393743,0.9278889,-2.53756496,1.5572022,-0.25292847,-1.59138605,1.20677532,-0.25293367,1.0
2454711.3956130003,0.9512531,-2.53757314,1.55718721,-0.25293177,-1.59138358,1.20679038,-0.25293698,1.0
2454711.397483,0.941664,-2.53758131,1.55717223,-0.25293508,-1.59138111,1.20680544,-0.25294028,1.0
2454711.3993430003,0.9869518,-2.53758945,1.55715732,-0.25293836,-1.59137865,1.20682042,-0.25294357,1.0
2454711.4014830003,1.007154,-2.53759881,1.55714017,-0.25294214,-1.59137583,1.20683766,-0.25294735,1.0
2454711.403692,1.014603,-2.53760847,1.55712246,-0.25294605,-1.59137291,1.20685546,-0.25295125,1.0
2454711.405572,1.082171,-2.53761669,1.55710739,-0.25294937,-1.59137043,1.20687061,-0.25295457,1.0
2454711.407442,1.119685,-2.53762487,1.5570924,-0.25295267,-1.59136796,1.20688567,-0.25295788,1.0
2454711.409302,1.142605,-2.537633,1.5570775,-0.25295596,-1.59136551,1.20690065,-0.25296116,1.0
2454711.411182,1.141553,-2.53764122,1.55706243,-0.25295928,-1.59136303,1.2069158000000002,-0.25296448,1.0
2454711.413042,1.164919,-2.53764935,1.55704752,-0.25296257,-1.59136058,1.20693078,-0.25296777,1.0
2454711.414922,1.213098,-2.53765757,1.55703245,-0.25296589,-1.59135811,1.20694593,-0.25297109,1.0
2454711.416782,1.188765,-2.53766571,1.55701755,-0.25296917,-1.59135566,1.20696091,-0.25297438,1.0
2454711.418652,1.168143,-2.53767388,1.55700256,-0.25297248,-1.5913532,1.20697598,-0.25297768,1.0
2454711.420512,1.185485,-2.53768202,1.55698765,-0.25297576,-1.59135075,1.20699097,-0.25298097,1.0
2454711.422652,1.144711,-2.53769137,1.5569705,-0.25297954,-1.59134794,1.20700821,-0.25298475,1.0
2454711.424872,1.138403,-2.53770108,1.55695271,-0.25298347,-1.59134502,1.20702609,-0.25298867,1.0
2454711.426732,1.153177,-2.53770921,1.5569378,-0.25298675,-1.59134257,1.20704108,-0.25299195,1.0
2454711.428612,1.087166,-2.53771743,1.55692273,-0.25299007,-1.59134011,1.20705623,-0.25299528,1.0
2454711.430472,1.068306,-2.53772556,1.55690782,-0.25299336,-1.59133766,1.20707121,-0.25299856,1.0
2454711.432342,1.090174,-2.53773374,1.55689283,-0.25299666,-1.59133521,1.20708628,-0.25300186,1.0
2454711.434202,1.010871,-2.53774187,1.55687793,-0.25299995,-1.59133277,1.20710127,-0.25300515,1.0
2454711.436082,0.9887716,-2.53775009,1.55686286,-0.25300327,-1.5913303,1.20711642,-0.25300847,1.0
2454711.437942,0.9313137,-2.53775822,1.55684795,-0.25300656,-1.59132786,1.20713141,-0.25301176,1.0
2454711.439812,0.9512531,-2.5377664,1.55683296,-0.25300986,-1.59132541,1.20714647,-0.25301506,1.0
2454711.441672,0.9050986,-2.53777453,1.55681805,-0.25301315,-1.59132297,1.20716146,-0.25301835,1.0
2454711.443812,0.8910372,-2.53778389,1.5568008999999998,-0.25301693,-1.59132017,1.20717871,-0.25302213,1.0
2454711.446032,0.9017701,-2.53779359,1.55678311,-0.25302085,-1.59131726,1.2071966,-0.25302605,1.0
2454711.447901,0.9017701,-2.53780177,1.55676812,-0.25302415,-1.59131482,1.20721167,-0.25302935,1.0
2454711.449771,0.8540749,-2.53780994,1.55675313,-0.25302746,-1.59131237,1.20722674,-0.25303266,1.0
2454711.4516310003,0.8588078000000001,-2.53781807,1.55673822,-0.25303074,-1.59130994,1.20724173,-0.25303594,1.0
2454711.453501,0.8627716999999999,-2.53782625,1.55672323,-0.25303405,-1.59130749,1.2072568,-0.25303925,1.0
2454711.4553610003,0.8532888000000001,-2.53783438,1.55670832,-0.25303733,-1.59130506,1.20727179,-0.25304253,1.0
2454711.457241,0.834634,-2.53784259,1.55669325,-0.25304065,-1.59130261,1.20728694,-0.25304585,1.0
2454711.459571,0.8133844,-2.53785278,1.55667458,-0.25304477,-1.59129956,1.20730572,-0.25304997,1.0
2454711.461901,0.8118876,-2.53786296,1.5566559,-0.25304889,-1.59129652,1.2073245,-0.25305408,1.0
2454711.463781,0.8369431999999999,-2.53787118,1.55664083,-0.25305221,-1.59129407,1.20733966,-0.25305741,1.0
2454711.466211,0.8277438,-2.5378818,1.55662135,-0.2530565,-1.5912909,1.20735924,-0.2530617,1.0
2454711.468131,0.8277438,-2.5378902,1.55660596,-0.25305989,-1.59128839,1.20737472,-0.25306509,1.0
2454711.470001,0.8699534,-2.53789837,1.55659097,-0.2530632,-1.59128596,1.20738979,-0.25306839,1.0
2454711.471861,0.8400325000000001,-2.5379065,1.55657606,-0.25306648,-1.59128353,1.20740479,-0.25307168,1.0
2454711.473731,0.8984540999999999,-2.53791467,1.55656108,-0.25306979,-1.5912811000000002,1.20741986,-0.25307498,1.0
2454711.475601,0.9219257,-2.53792285,1.55654609,-0.25307309,-1.59127866,1.20743493,-0.25307828,1.0
2454711.477471,0.9942507,-2.53793102,1.5565311000000002,-0.25307639,-1.59127623,1.20745001,-0.25308159,1.0
2454711.479331,0.9468824,-2.53793915,1.55651619,-0.25307968,-1.59127381,1.207465,-0.25308487,1.0
2454711.481201,1.05171,-2.53794732,1.5565011999999998,-0.25308298,-1.59127138,1.20748008,-0.25308818,1.0
2454711.483071,1.028717,-2.5379555,1.55648621,-0.25308629,-1.59126895,1.20749515,-0.25309148,1.0
2454711.484941,1.08018,-2.53796367,1.55647122,-0.25308959,-1.59126651,1.20751023,-0.25309478,1.0
2454711.487381,1.061441,-2.53797433,1.55645166,-0.2530939,-1.59126334,1.2075299,-0.25309909,1.0
2454711.489291,1.134216,-2.53798268,1.55643635,-0.25309727,-1.59126086,1.2075453,-0.25310247,1.0
2454711.4911700003,1.141553,-2.5379909,1.55642128,-0.25310059,-1.59125842,1.20756046,-0.25310579,1.0
2454711.49303,1.165993,-2.53799903,1.55640637,-0.25310388,-1.59125601,1.20757546,-0.25310907,1.0
2454711.49491,1.160636,-2.53800724,1.5563913,-0.25310720000000003,-1.59125357,1.20759061,-0.25311239,1.0
2454711.49771,1.136308,-2.53801948,1.55636885,-0.25311215,-1.59124994,1.20761319,-0.25311734,1.0
2454711.49957,1.228842,-2.53802761,1.55635394,-0.25311543,-1.59124753,1.20762819,-0.25312063,1.0
2454711.50145,1.12589,-2.53803582,1.55633887,-0.25311875,-1.59124509,1.20764335,-0.25312395,1.0
2454711.50331,1.053649,-2.53804395,1.55632396,-0.25312204,-1.59124268,1.20765835,-0.25312723,1.0
2454711.50518,1.057538,-2.53805212,1.55630897,-0.25312534,-1.59124026,1.20767342,-0.25313054,1.0
2454711.50731,1.145766,-2.53806143,1.5562919,-0.25312911,-1.59123751,1.2076906,-0.2531343,1.0
2454711.50953,1.041108,-2.53807113,1.5562741000000002,-0.25313303,-1.59123463,1.2077085,-0.25313822,1.0
2454711.5114,1.041108,-2.5380793,1.55625911,-0.25313633,-1.59123221,1.20772358,-0.25314152,1.0
2454711.51327,0.9743074,-2.53808748,1.55624412,-0.25313963,-1.5912298,1.20773866,-0.25314483,1.0
2454711.5151400003,0.9698306,-2.53809565,1.55622913,-0.25314294,-1.59122738,1.20775374,-0.25314813,1.0
2454711.517,0.9477549,-2.53810378,1.55621422,-0.25314622,-1.59122498,1.20776874,-0.25315141,1.0
2454711.51888,0.9347509,-2.53811199,1.55619915,-0.25314954,-1.59122255,1.20778391,-0.25315473,1.0
2454711.52074,0.919382,-2.53812012,1.55618424,-0.25315283,-1.59122015,1.20779891,-0.25315802,1.0
2454711.52261,0.8470242,-2.53812829,1.55616924,-0.25315613,-1.59121774,1.20781399,-0.25316132,1.0
2454711.52448,0.8540749,-2.53813646,1.55615425,-0.25315944,-1.59121532,1.20782907,-0.25316463,1.0
2454711.52635,0.8392589,-2.53814463,1.55613926,-0.25316274,-1.59121291,1.20784415,-0.25316793,1.0
2454711.52849,0.8315643,-2.53815398,1.55612211,-0.25316652,-1.59121015,1.20786141,-0.25317171,1.0
2454711.53073,0.8556497,-2.53816377,1.55610415,-0.25317048,-1.59120727,1.20787948,-0.25317567,1.0
2454711.5325990003,0.8118876,-2.53817194,1.55608916,-0.25317378,-1.59120486,1.20789456,-0.25317897,1.0
2454711.534469,0.8408062,-2.53818011,1.55607417,-0.25317708,-1.59120245,1.20790965,-0.25318227,1.0
2454711.536339,0.7941381,-2.53818828,1.55605917,-0.25318039,-1.59120004,1.20792473,-0.25318557,1.0
2454711.538199,0.8572271,-2.53819641,1.55604426,-0.25318367,-1.59119765,1.20793973,-0.25318886,1.0
2454711.539609,0.8485859,-2.53820257,1.55603296,-0.25318616,-1.59119584,1.20795111,-0.25319135,1.0
2454711.552819,0.9887716,-2.53826028,1.55592706,-0.2532095,-1.59117887,1.20805768,-0.25321468,1.0
2454711.5546790003,1.018347,-2.5382684,1.55591214,-0.25321278,-1.59117648,1.20807268,-0.25321797,1.0
2454711.556549,0.9842286,-2.53827657,1.55589715,-0.25321608,-1.59117408,1.20808777,-0.25322127,1.0
2454711.558409,0.9797066,-2.5382847,1.55588224,-0.25321937,-1.5911717,1.20810278,-0.25322456,1.0
2454711.560279,1.096216,-2.53829287,1.55586725,-0.25322267,-1.5911693,1.20811786,-0.25322786,1.0
2454711.562159,1.07225,-2.53830108,1.55585217,-0.25322599,-1.59116689,1.20813303,-0.25323118,1.0
2454711.564019,1.119685,-2.5383092,1.55583726,-0.25322928,-1.59116451,1.20814804,-0.25323446,1.0
2454711.565889,1.162776,-2.53831737,1.55582227,-0.25323258,-1.59116212,1.20816313,-0.25323777,1.0
2454711.567759,1.190957,-2.53832554,1.55580728,-0.25323589,-1.59115973,1.20817822,-0.25324107,1.0
2454711.569629,1.146822,-2.53833371,1.55579228,-0.25323919,-1.59115733,1.20819331,-0.25324437,1.0
2454711.572059,1.207525,-2.53834432,1.5557728000000002,-0.25324348,-1.59115423,1.20821291,-0.25324866,1.0
2454711.573969,1.178952,-2.53835267,1.55575749,-0.25324685,-1.59115179,1.20822833,-0.25325204,1.0
2454711.575838,1.181125,-2.53836084,1.5557425,-0.25325016,-1.5911494,1.20824342,-0.25325534,1.0
2454711.5777080003,1.193153,-2.538369,1.5557275,-0.25325346,-1.59114701,1.20825851,-0.25325864,1.0
2454711.579578,1.157433,-2.53837717,1.55571251,-0.25325676,-1.59114462,1.2082736,-0.25326195,1.0
2454711.581448,1.214216,-2.53838534,1.55569752,-0.25326007,-1.59114224,1.20828869,-0.25326525,1.0
2454711.584718,1.101275,-2.53839962,1.5556713,-0.25326584,-1.59113807,1.20831508,-0.25327102,1.0
2454711.587988,1.118654,-2.53841391,1.55564508,-0.25327162,-1.5911339,1.20834147,-0.2532768,1.0
2454711.5907880003,1.048808,-2.53842613,1.55562263,-0.25327656,-1.59113033,1.20836407,-0.25328175,1.0
2454711.593198,0.9770031,-2.53843666,1.55560331,-0.25328082,-1.59112726,1.20838352,-0.253286,1.0
2454754.242352,0.8411735999999999,-2.69837543,1.1990623,-0.32579238,-1.77138594,1.56666019,-0.32579155,1.0
2454754.247192,0.8100010999999999,-2.69839051,1.19902031,-0.32580026,-1.77143308,1.56669529,-0.32579943,1.0
2454754.252321,0.8695321,-2.69840649,1.19897581,-0.32580861,-1.77148304,1.56673249,-0.32580778,1.0
2454754.257371,0.8996748999999999,-2.69842223,1.198932,-0.32581683,-1.77153224,1.56676911,-0.325816,1.0
2454754.264051,1.014111,-2.69844304,1.19887405,-0.32582771,-1.77159732,1.56681754,-0.32582687,1.0
2454754.26956,1.046371,-2.69846021,1.19882625,-0.32583667,-1.77165101,1.56685748,-0.32583584,1.0
2454754.27463,1.145211,-2.698476,1.19878227,-0.32584493,-1.77170042,1.56689423,-0.32584409,1.0
2454754.27932,1.246481,-2.69849061,1.19874158,-0.32585256,-1.77174613,1.56692823,-0.32585173,1.0
2454754.286709,1.130539,-2.69851363,1.19867747,-0.32586459,-1.77181817,1.56698179,-0.32586375,1.0
2454754.292289,1.165428,-2.69853101,1.19862906,-0.32587367,-1.77187257,1.56702222,-0.32587283,1.0
2454754.298448,1.073707,-2.6985502,1.19857562,-0.3258837,-1.77193264,1.56706686,-0.32588286,1.0
2454754.304238,1.049266,-2.69856823,1.19852539,-0.32589312,-1.77198911,1.56710881,-0.32589228,1.0
2454754.309237,0.9882927,-2.6985838,1.19848201,-0.32590126,-1.77203788,1.56714503,-0.32590042,1.0
2454754.314447,0.956061,-2.69860002,1.19843681,-0.32590974,-1.7720887,1.56718277,-0.3259089000000001,1.0
2454754.319207,0.8930701999999999,-2.69861485,1.19839551,-0.32591749,-1.77213514,1.56721725,-0.32591664,1.0
2454754.325416,0.8751563,-2.69863418,1.19834164,-0.32592759,-1.77219574,1.56726222,-0.32592675,1.0
2454754.330666,0.8033145,-2.69865053,1.19829609,-0.32593614,-1.77224697,1.56730024,-0.32593529,1.0
2454754.336885,0.8349983,-2.69866989,1.19824212,-0.32594626,-1.77230768,1.56734528,-0.32594542,1.0
2454754.345745,0.9038276,-2.69869747,1.19816525,-0.32596068,-1.77239418,1.56740943,-0.32595983,1.0
2454754.351474,1.119143,-2.69871531,1.19811554,-0.32597,-1.77245013,1.56745091,-0.32596916,1.0
2454754.357044,1.083641,-2.69873265,1.19806721,-0.32597907,-1.77250452,1.56749123,-0.32597822,1.0
2454754.362244,1.144157,-2.69874884,1.19802209,-0.32598753,-1.77255531,1.56752887,-0.32598668,1.0
2454754.371113,1.106842,-2.69877644,1.19794513,-0.32600196,-1.77264196,1.56759306,-0.32600112,1.0
