2442895.368727,1.027747,1.1639633,1.59862265,-0.45922186,0.36076023,0.99189751,-0.45926606,1.0
2442895.374602,1.030547,1.16389976,1.59866929,-0.4592346,0.36075598,0.99186311,-0.4592787999999999,1.0
2442895.378477,0.9814227,1.16385786,1.59870004,-0.459243,0.36075318,0.99184042,-0.4592872,1.0
2442895.381978,0.9859281,1.16382001,1.59872782,-0.45925058,0.36075065,0.99181993,-0.45929479,1.0
2442895.387811,0.9441201,1.16375692,1.59877412,-0.45926322,0.36074645,0.99178579,-0.45930744,1.0
2442895.391728,0.9449635,1.16371456,1.59880521,-0.45927171,0.36074363,0.99176286,-0.45931593,1.0
2442895.397186,0.930247,1.16365553,1.59884852,-0.45928354,0.3607397,0.99173092,-0.45932777,1.0
2442895.400686,0.918306,1.16361767,1.5988763,-0.45929113,0.36073719,0.99171043,-0.45933535,1.0
2442895.405353,0.9140565,1.16356719,1.59891334,-0.45930124,0.36073384,0.99168313,-0.45934547,1.0
2442895.409228,0.9182501,1.16352528,1.59894409,-0.45930964,0.36073106,0.99166045,-0.45935387,1.0
2442895.414686,0.9413349,1.16346625,1.5989874,-0.45932146,0.36072715,0.99162852,-0.4593657,1.0
2442895.419771,0.9482622,1.16341126,1.59902774,-0.45933248,0.36072352,0.99159878,-0.45937672,1.0
2442895.424437,0.9421371,1.16336079,1.59906476,-0.45934259,0.36072019,0.99157149,-0.45938684,1.0
2442895.429896,0.9640447,1.16330174,1.59910808,-0.45935442,0.3607163,0.99153956,-0.45939867,1.0
2442895.433771,0.9534221,1.16325982,1.59913882,-0.45936281,0.36071354,0.9915169,-0.45940707,1.0
2442895.437687,0.9774018,1.16321746,1.59916989,-0.4593713,0.36071075,0.991494,-0.45941556,1.0
2442895.442729,0.9746699,1.16316292,1.5992098999999995,-0.45938222,0.36070717,0.99146452,-0.45942648,1.0
2442895.447021,0.9973425,1.16311649,1.59924395,-0.45939152,0.36070413,0.99143943,-0.45943579,1.0
2442895.452062,1.026192,1.16306196,1.59928394,-0.45940244,0.36070056,0.99140996,-0.45944671,1.0
2442895.461438,1.074484,1.16296054,1.59935831,-0.45942274,0.36069393,0.99135516,-0.45946703,1.0
2442895.475813,1.155462,1.16280502,1.59947233,-0.45945388,0.36068379,0.99127116,-0.45949818,1.0
2442895.480105,1.131208,1.16275859,1.59950638,-0.45946317,0.36068077,0.99124608,-0.45950747,1.0
2442895.484772,1.116678,1.16270809,1.59954339,-0.45947328,0.3606775,0.99121882,-0.45951759,1.0
2442895.48948,1.107423,1.16265716,1.59958073,-0.45948348,0.36067419,0.99119132,-0.45952779,1.0
2442895.49373,1.097237,1.16261117,1.59961444,-0.45949268,0.36067122,0.99116649,-0.45953699,1.0
2442895.499189,1.076177,1.16255212,1.59965772,-0.4595045,0.3606674,0.99113462,-0.45954882,1.0
2442895.504648,1.065287,1.16249305,1.59970101,-0.45951632,0.36066359,0.99110274,-0.45956064,1.0
2442895.509314,1.011702,1.16244257,1.59973802,-0.45952643,0.36066033,0.99107549,-0.45957075,1.0
2442895.514773,0.9732751,1.1623835,1.5997813,-0.45953825,0.36065653,0.99104362,-0.45958258,1.0
2442895.518273,0.9432457,1.16234563,1.59980906,-0.45954582,0.36065409,0.99102319,-0.45959016,1.0
2442895.526856,0.8842976,1.16225275,1.59987711,-0.45956441,0.36064813,0.99097309,-0.45960875,1.0
2442895.532689,0.8305781999999999,1.16218963,1.59992336,-0.45957703,0.36064409,0.99093904,-0.45962138,1.0
2442895.54244,0.8343543999999999,1.16208412,1.60000066,-0.45959814,0.36063734,0.99088215,-0.4596425,1.0
2442895.546315,0.8648457,1.16204219,1.60003138,-0.45960653,0.36063467,0.99085954,-0.45965089,1.0
2442895.552149,0.9055674,1.16197906,1.60007763,-0.45961916,0.36063065,0.99082551,-0.45966352,1.0
2442895.557232,0.9395182,1.16192405,1.60011793,-0.45963016,0.36062715,0.99079586,-0.45967453,1.0
2442895.561524,0.9765444,1.1618776000000002,1.60015195,-0.45963945,0.3606242,0.99077082,-0.45968382,1.0
2442895.56619,1.026308,1.1618271,1.60018893,-0.45964955,0.36062099,0.99074361,-0.45969393,1.0
2442895.577858,1.089537,1.16170083,1.60028141,-0.4596748,0.360613,0.99067558,-0.45971919,1.0
2442895.582941,1.108731,1.16164582,1.6003216999999998,-0.4596858,0.36060952,0.99064594,-0.45973019,1.0
2442895.58915,1.1138,1.16157861,1.60037091,-0.45969924,0.36060529,0.99060974,-0.45974363,1.0
2442895.594233,1.096457,1.1615236,1.60041119,-0.45971023,0.36060182,0.99058012,-0.45975464,1.0
2442895.599275,1.059683,1.16146902,1.60045115,-0.45972115,0.36059839,0.99055073,-0.45976555,1.0
2442895.607066,1.047978,1.16138469,1.60051289,-0.459738,0.3605931,0.99050533,-0.45978242,1.0
2442895.6129,1.044081,1.16132154,1.60055912,-0.45975063,0.36058915,0.99047134,-0.45979505,1.0
2442895.617192,1.028777,1.1612751,1.60059312,-0.45975991,0.36058624,0.99044634,-0.45980433,1.0
2442895.620692,1.030648,1.16123721,1.60062085,-0.45976748,0.36058388,0.99042595,-0.45981191,1.0
2442901.361069,1.036363,1.0984378,1.64516385,-0.47191596,0.35976729,0.9590825,-0.47196538,1.0
2442901.366944,1.016479,1.09837287,1.64520847,-0.47192812,0.3597695,0.95905268,-0.47197754,1.0
2442901.371194,1.023031,1.09832589,1.64524075,-0.47193691,0.35977109999999995,0.95903111,-0.47198633,1.0
2442901.375904,1.015495,1.09827384,1.64527651,-0.47194665,0.35977288,0.95900721,-0.47199608,1.0
2442901.383279,0.9608623,1.09819231,1.64533251,-0.47196191,0.35977567,0.9589698,-0.47201134,1.0
2442901.387195,0.93638,1.09814902,1.64536225,-0.47197001,0.35977716,0.95894993,-0.47201944,1.0
2442901.393404,0.9406713,1.09808039,1.64540939,-0.47198285,0.35977952,0.95891844,-0.47203229,1.0
2442901.39807,0.9363265,1.09802881,1.64544482,-0.4719925,0.3597813,0.95889477,-0.47204195,1.0
2442901.403529,0.9268616,1.09796846,1.64548627,-0.4720038,0.35978339,0.95886709,-0.47205324,1.0
2442901.40782,0.9397343,1.09792102,1.64551884,-0.47201267,0.35978503,0.95884534,-0.47206212,1.0
2442901.412487,0.9362556,1.09786943,1.64555427,-0.47202232,0.35978683,0.95882168,-0.47207178,1.0
2442901.417154,0.9580403,1.09781783,1.6455897000000002,-0.47203197,0.35978862,0.95879802,-0.47208143,1.0
2442901.420654,0.9731412,1.09777914,1.64561627,-0.47203921,0.35978997,0.95878029,-0.47208867,1.0
2442901.42532,0.9731175,1.09772755,1.6456517,-0.47204886,0.35979177,0.95875664,-0.47209833,1.0
2442901.429238,0.9775891,1.09768425,1.64568143,-0.47205696,0.35979329,0.95873679,-0.47210643,1.0
2442901.43428,0.9857003,1.0976285,1.6457197,-0.47206739,0.35979524,0.95871125,-0.47211686,1.0
2442901.437821,0.999394,1.09758935,1.64574658,-0.47207471,0.35979662,0.95869331,-0.47212418,1.0
2442901.446363,1.058077,1.09749491,1.64581141,-0.47209237,0.35979995,0.95865005,-0.47214185,1.0
2442901.454946,1.101787,1.09740001,1.64587655,-0.47211011,0.35980331,0.95860659,-0.47215961,1.0
2442901.458446,1.133679,1.09736131,1.64590312,-0.47211735,0.35980468,0.95858887,-0.47216684,1.0
2442901.463113,1.131564,1.09730971,1.64593853,-0.472127,0.35980651,0.95856524,-0.4721765000000001,1.0
2442901.468196,1.143057,1.0972535,1.64597711,-0.47213751,0.35980851,0.95853951,-0.47218701,1.0
2442901.471696,1.123207,1.0972148000000002,1.64600367,-0.47214474,0.35980989,0.9585218,-0.47219425,1.0
2442901.475946,1.084551,1.09716781,1.64603592,-0.47215353,0.35981157,0.95850029,-0.47220303,1.0
2442901.486072,1.091509,1.09705584,1.64611274,-0.47217445,0.35981559,0.95844907,-0.47222397,1.0
2442901.497364,1.008327,1.09693097,1.64619842,-0.47219779,0.35982009,0.95839195,-0.47224732,1.0
2442901.506739,0.9069436,1.0968273000000002,1.64626954,-0.47221717,0.35982384,0.95834455,-0.4722667,1.0
2442901.510614,0.9212374,1.09678445,1.64629894,-0.47222517,0.35982539,0.95832496,-0.47227471,1.0
2442901.514531,0.8846321,1.09674113,1.64632865,-0.47223327,0.35982697,0.95830516,-0.47228281,1.0
2442901.5226970003,0.8149748,1.09665082,1.6463906000000004,-0.47225014,0.35983026,0.95826389,-0.47229969,1.0
2442901.528156,0.8385555,1.09659044,1.64643201,-0.47226142,0.35983246,0.9582363000000002,-0.47231097,1.0
2442901.532032,0.8462976999999999,1.09654758,1.6464613999999995,-0.47226943,0.35983403,0.95821673,-0.47231898,1.0
2442901.536698,0.8861609,1.09649598,1.64649679,-0.47227907,0.35983593,0.95819315,-0.47232863,1.0
2442901.5406150003,0.9143314,1.09645266,1.6465265,-0.47228716,0.35983752,0.95817337,-0.47233672,1.0
2442901.562032,1.067223,1.09621577,1.64668892,-0.4723314,0.35984627,0.95806522,-0.47238098,1.0
2442901.567073,1.110309,1.09616001,1.64672714,-0.47234182,0.35984834,0.95803978,-0.4723914000000001,1.0
2442901.57449,1.112313,1.09607797,1.64678338,-0.47235714,0.3598514,0.95800235,-0.47240673,1.0
2442901.5776150003,1.090989,1.0960434,1.64680708,-0.47236359,0.35985269,0.95798658,-0.47241318,1.0
2442901.603699,1.05721,1.09575487,1.64700482,-0.47241746,0.35986353,0.95785502,-0.47246707,1.0
2442901.608366,1.055239,1.09570324,1.6470401999999995,-0.47242709,0.35986548,0.95783149,-0.47247671,1.0
2442901.614616,1.0532629999999998,1.0956341,1.64708758,-0.47244,0.3598681,0.95779998,-0.47248962,1.0
2444820.372508,0.9443349,-1.72564829,1.81328375,-0.5000706,-1.05109481,1.05544125,-0.50011185,1.0
2444820.37455,0.9253927,-1.72566851,1.81327361,-0.5000676,-1.05108937,1.05545433,-0.50010884,1.0
2444820.377925,0.9110162,-1.72570193,1.81325685,-0.50006263,-1.05108038,1.05547596,-0.50010387,1.0
2444820.3896330004,0.9076661,-1.72581788,1.81319872,-0.5000454000000001,-1.05104921,1.055551,-0.50008663,1.0
2444820.39205,0.9110162,-1.72584181,1.81318671,-0.50004184,-1.05104278,1.0555665,-0.50008307,1.0
2444820.398967,0.9126958,-1.72591031,1.81315236,-0.50003166,-1.05102438,1.05561085,-0.50007288,1.0
2444820.426799,0.9743749,-1.72618591,1.81301413,-0.49999069,-1.05095041,1.05578939,-0.50003189,1.0
2444820.448549,1.07926,-1.72640127,1.81290609,-0.49995867,-1.05089269,1.05592901,-0.49999985,1.0
2444820.454799,1.091255,-1.72646315,1.81287504,-0.49994947,-1.05087612,1.05596914,-0.49999065,1.0
2444820.457382,1.107455,-1.72648872,1.81286221,-0.49994566,-1.05086927,1.05598573,-0.49998684,1.0
2444820.470424,1.095282,-1.72661785,1.81279741,-0.49992646,-1.05083472,1.05606952,-0.49996763,1.0
2444820.475091,1.109497,-1.72666405,1.81277422,-0.49991958,-1.05082236,1.0560995000000002,-0.49996075,1.0
2444820.478716,1.122861,-1.72669994,1.81275621,-0.49991425,-1.05081276,1.0561228,-0.49995541,1.0
2444820.494882,1.031635,-1.72685998,1.81267589,-0.49989044,-1.05076999,1.05622672,-0.49993159,1.0
2444820.5042560003,0.9989093,-1.72695279,1.8126293,-0.49987663,-1.05074521,1.056287,-0.49991778,1.0
2444820.5075060003,1.001673,-1.72698496,1.81261315,-0.49987184,-1.05073662,1.05630791,-0.49991299,1.0
2444820.510215,0.9806772,-1.72701178,1.81259968,-0.49986785,-1.05072946,1.05632533,-0.499909,1.0
2444820.519631,0.9374024,-1.72710498,1.81255289,-0.49985398,-1.05070459,1.05638591,-0.49989512,1.0
2444820.538048,0.9924899,-1.72728729,1.81246135,-0.49982685,-1.05065599,1.05650444,-0.49986798,1.0
2444820.54209,1.008152,-1.72732729,1.81244126,-0.4998209,-1.05064533,1.05653046,-0.49986202,1.0
2444820.546923,1.012806,-1.72737513,1.81241723,-0.49981378,-1.05063259,1.05656158,-0.4998549,1.0
2444820.557298,1.050814,-1.72747782,1.81236566,-0.49979849,-1.05060525,1.05662839,-0.4998396,1.0
2444820.558881,1.049847,-1.72749349,1.81235779,-0.49979616,-1.05060108,1.05663859,-0.49983727,1.0
2444820.562423,1.063472,-1.72752855,1.81234018,-0.49979094,-1.05059175,1.05666141,-0.49983205,1.0
2444820.580131,1.034489,-1.72770381,1.81225214,-0.49976485,-1.05054514,1.05677551,-0.49980594,1.0
2444820.583922,1.014673,-1.72774134,1.81223329,-0.49975926,-1.05053517,1.05679995,-0.49980035,1.0
2444820.585214,0.996153,-1.72775412,1.81222687,-0.49975736,-1.05053177,1.05680828,-0.49979845,1.0
2444820.599672,0.9716863,-1.72789721,1.81215498,-0.49973605,-1.05049376,1.0569015,-0.49977713,1.0
2444820.602589,0.9752727,-1.72792608,1.81214047,-0.49973175,-1.0504861,1.05692031,-0.49977283,1.0
2444820.606755,0.953951,-1.7279673,1.81211975,-0.49972561,-1.05047515,1.05694718,-0.49976669,1.0
2444820.60963,0.9548301,-1.72799576,1.81210546,-0.49972138,-1.0504676000000002,1.05696572,-0.49976245,1.0
2444820.6164220003,0.9530728,-1.72806297,1.81207168,-0.49971137,-1.05044977,1.05700954,-0.49975244,1.0
2444822.721101,1.121312,-1.74882281,1.80153367,-0.49658971,-1.04528784,1.07098635,-0.49662926,1.0
2444822.729143,1.082746,-1.74890187,1.80149313,-0.4965777,-1.04526953,1.07104126,-0.49661725,1.0
2444822.734768,1.082746,-1.74895717,1.80146478,-0.49656931,-1.04525673,1.07107967,-0.49660885,1.0
2444822.73931,1.020767,-1.74900182,1.80144188,-0.49656253,-1.0452464,1.0711107,-0.49660207,1.0
2444822.744726,0.9911209,-1.74905506,1.80141458,-0.49655444,-1.04523408,1.07114769,-0.49659398,1.0
2444822.749393,0.8874146999999999,-1.74910094,1.80139105,-0.49654748,-1.04522347,1.07117958,-0.49658701,1.0
2444822.768225,0.9404303,-1.74928606,1.8012960999999998,-0.49651936,-1.04518069,1.07130829,-0.49655889,1.0
2444822.77185,0.9570324,-1.7493217,1.80127782,-0.49651395,-1.04517247,1.07133307,-0.49655347,1.0
2444822.788267,1.01795,-1.74948306,1.80119504,-0.49648944,-1.04513524,1.07144532,-0.49652895,1.0
2444822.795517,1.071832,-1.74955432,1.80115848,-0.49647862,-1.04511881,1.07149491,-0.49651812,1.0
2444822.810017,1.083744,-1.74969684,1.80108536,-0.49645697,-1.04508598,1.07159412,-0.49649646,1.0
2444822.828724,1.042621,-1.7498807,1.800991,-0.49642903,-1.04504368,1.07172217,-0.49646851,1.0
2444822.835891,1.047434,-1.74995114,1.80095485,-0.49641833,-1.04502749,1.07177124,-0.4964578,1.0
2444822.8508490003,1.018888,-1.75009814,1.8008794,-0.49639599,-1.04499373,1.07187368,-0.49643545,1.0
2444822.865974,0.9412969,-1.75024677,1.80080309,-0.4963734,-1.04495963,1.07197731,-0.49641285,1.0
2444822.873808,0.9047458,-1.75032375,1.80076357,-0.49636169,-1.04494199,1.072031,-0.49640114,1.0
2444822.882266,0.8906900999999999,-1.75040686,1.8007209,-0.49634906,-1.04492295,1.07208898,-0.4963885,1.0
2444822.890432,0.9030808,-1.75048711,1.80067969,-0.49633686,-1.04490457,1.07214498,-0.49637629,1.0
2444822.90289,0.9215664,-1.75060952,1.80061682,-0.49631825,-1.04487657,1.07223042,-0.49635767,1.0
2444822.927682,0.9667777,-1.7508531000000005,1.80049171,-0.4962812,-1.04482091,1.07240053,-0.49632061,1.0
2444822.937223,1.003984,-1.75094684,1.80044355,-0.49626695,-1.04479952,1.07246602,-0.49630634,1.0
2444822.946598,1.036876,-1.75103894,1.80039623,-0.49625294,-1.04477852,1.07253039,-0.49629233,1.0
2444822.955806,1.064944,-1.75112941,1.80034975,-0.49623917,-1.0447579,1.07259364,-0.49627856,1.0
2444940.633965,0.932535,-2.68298754,1.03499736,-0.27355509,-2.347714,1.96208642,-0.27350044,1.0
2444940.641756,0.9684232,-2.68303409,1.03493826,-0.27353807,-2.3478888,1.96207241,-0.27348342,1.0
2444940.804283,1.113948,-2.68400471,1.03370531,-0.27318306,-2.35153612,1.96177604,-0.27312836,1.0
2444940.813657,1.074645,-2.68406066,1.03363419,-0.27316258,-2.35174655,1.9617587,-0.27310788,1.0
2444940.820657,1.10069,-2.68410244,1.03358108,-0.27314728,-2.35190367,1.96174574,-0.27309259,1.0
2444940.830697,1.053089,-2.68416237,1.0335049,-0.27312535,-2.35212905,1.96172712,-0.27307065,1.0
2444940.837863,1.0066190000000002,-2.68420514,1.03345053,-0.27310969,-2.35228993,1.96171382,-0.27305499,1.0
2444940.844571,1.011265,-2.68424517,1.03339964,-0.27309504,-2.35244051,1.96170135,-0.27304034,1.0
2444940.857611,0.9657509,-2.684323,1.03330068,-0.27306655,-2.35273328,1.96167707,-0.27301184,1.0
2444940.864444,0.9385667,-2.68436377,1.03324884,-0.27305162,-2.35288667,1.96166432,-0.27299691,1.0
2444940.871735,0.9096308,-2.68440728,1.03319352,-0.27303569,-2.35305038,1.96165071,-0.27298098,1.0
2444940.878567,0.9248369,-2.68444805,1.03314167,-0.27302076,-2.35320378,1.96163794,-0.27296605,1.0
2445650.72854,1.008705,-0.63287421,-3.11086298,0.88279891,0.01010569,-2.35831476,0.88283918,1.0
2445650.734541,0.9713245,-0.63282303,-3.11086302,0.88279856,0.01007669,-2.35824813,0.88283884,1.0
2445650.744291,0.9014972,-0.63273985,-3.11086309,0.88279799,0.01002956,-2.35813987,0.88283827,1.0
2445650.753167,0.8932322,-0.63266414,-3.11086314,0.88279747,0.00998664,-2.35804134,0.88283776,1.0
2445650.758001,0.9056583,-0.6326229,-3.11086318,0.88279719,0.00996326,-2.35798769,0.88283748,1.0
2445650.766042,0.987562,-0.6325543,-3.11086323,0.88279672,0.00992435,-2.35789844,0.88283702,1.0
2445650.774085,1.027459,-0.6324857,-3.11086327,0.88279625,0.00988543,-2.35780919,0.88283655,1.0
2445650.782252,1.085836,-0.63241602,-3.11086332,0.88279577,0.00984589,-2.35771858,0.88283608,1.0
2445650.795128,1.109084,-0.63230618,-3.11086339,0.88279502,0.00978352,-2.35757575,0.88283533,1.0
2445650.809587,1.152827,-0.63218284,-3.11086347,0.88279417,0.00971346,-2.3574154,0.88283448,1.0
2445650.815337,1.178594,-0.63213378,-3.1108635,0.88279383,0.00968558,-2.35735164,0.88283415,1.0
2445650.820588,1.177509,-0.63208899,-3.11086352,0.88279352,0.00966012,-2.35729343,0.88283384,1.0
2445650.8257130003,1.125549,-0.63204527,-3.11086355,0.88279322,0.00963527,-2.35723661,0.88283354,1.0
2445650.835881,1.060143,-0.63195853,-3.11086359,0.88279262,0.00958594,-2.35712391,0.88283295,1.0
2445650.841172,1.022738,-0.63191339,-3.11086362,0.8827923000000001,0.00956026,-2.35706527,0.88283264,1.0
2445650.847964,0.9571155,-0.63185544,-3.11086364,0.8827919,0.00952729,-2.35699,0.88283224,1.0
2445650.853798,0.9174119,-0.63180568,-3.11086367,0.88279156,0.00949897,-2.35692537,0.8828319,1.0
2445650.86359,0.8924097,-0.63172214,-3.1108637000000003,0.88279098,0.00945141,-2.35681688,0.88283133,1.0
2445650.869591,0.8866746999999999,-0.63167095,-3.11086373,0.88279062,0.00942226,-2.35675042,0.88283097,1.0
2445650.872299,0.8866746999999999,-0.63164784,-3.11086374,0.88279046,0.0094091,-2.35672042,0.88283082,1.0
2445650.8771740003,0.8981821,-0.63160625,-3.11086375,0.88279017,0.00938541,-2.35666643,0.88283053,1.0
2445650.886009,0.9379169,-0.63153088,-3.11086378,0.88278965,0.00934247,-2.35656859,0.88283001,1.0
2445650.8928,0.9893828,-0.63147294,-3.1108638,0.88278925,0.00930944,-2.3564934,0.88282961,1.0
2445650.899134,1.026513,-0.6314189,-3.11086382,0.88278887,0.00927864,-2.35642327,0.88282924,1.0
2445697.351183,1.146934,-0.23059817,-3.08258209,0.87196668,-0.34651176,-2.10610086,0.8720165000000001,1.0
2445697.353808,1.17365,-0.23057533,-3.08257885,0.8719655999999999,-0.34653451,-2.10610311,0.87201542,1.0
2445697.361308,1.115677,-0.23051006,-3.08256959,0.87196252,-0.34659948,-2.10610956,0.87201235,1.0
2445697.366641,1.097333,-0.23046365,-3.082563,0.87196034,-0.34664569,-2.10611415,0.87201016,1.0
2445697.369766,1.034519,-0.23043646,-3.08255914,0.87195905,-0.34667276,-2.10611684,0.87200888,1.0
2445697.377433,1.019386,-0.23036974,-3.08254967,0.87195591,-0.34673918,-2.10612347,0.87200573,1.0
2445697.379058,1.01097,-0.23035559,-3.08254767,0.87195524,-0.34675326,-2.10612487,0.87200506,1.0
2445697.383725,1.047945,-0.23031498,-3.0825419,0.87195333,-0.34679368,-2.10612892,0.87200315,1.0
2445697.387891,0.9779992,-0.23027873,-3.08253676,0.87195162,-0.34682977,-2.10613253,0.87200144,1.0
2445697.393475,0.9843249,-0.23023013,-3.08252986,0.87194933,-0.34687814,-2.10613738,0.87199914,1.0
2445697.39585,0.9779992,-0.23020946,-3.08252692,0.87194835,-0.34689872,-2.10613944,0.87199817,1.0
2445697.422433,1.002625,-0.22997813,-3.08249407,0.87193744,-0.34712897,-2.10616267,0.87198725,1.0
2445697.436682,1.129116,-0.22985412,-3.08247645,0.87193158,-0.34725239,-2.1061752,0.87198139,1.0
2445697.440807,1.120827,-0.22981822,-3.08247135,0.87192989,-0.34728811,-2.10617884,0.8719796999999999,1.0
2445697.458724,1.032615,-0.2296623,-3.08244918,0.87192253,-0.34744328,-2.1061947,0.87197233,1.0
2445697.468349,1.097333,-0.22957853,-3.08243727,0.87191857,-0.34752663,-2.10620325,0.87196838,1.0
2445697.474057,1.049877,-0.22952886,-3.08243021,0.87191623,-0.34757605,-2.10620834,0.87196603,1.0
2445697.475099,1.040252,-0.22951979,-3.08242892,0.8719158000000001,-0.34758508,-2.10620927,0.8719655999999999,1.0
2445697.4862240003,1.062523,-0.22942297,-3.08241514,0.87191122,-0.34768141,-2.10621921,0.87196103,1.0
2445697.489724,1.04121,-0.22939252,-3.08241081,0.87190978,-0.34771171,-2.10622234,0.87195959,1.0
2445697.4922240004,1.062523,-0.22937076,-3.08240771,0.87190876,-0.34773336,-2.10622458,0.87195856,1.0
2445697.497432,1.01004,-0.22932544,-3.08240127,0.87190661,-0.34777845,-2.10622925,0.87195642,1.0
2445697.501807,0.9816089,-0.22928736,-3.08239585,0.87190481,-0.34781633,-2.10623319,0.87195462,1.0
2445697.504807,1.005399,-0.22926125,-3.08239213,0.87190358,-0.34784231,-2.10623589,0.87195338,1.0
2445697.511807,0.8870304,-0.22920034,-3.08238346,0.8719007,-0.34790291,-2.10624219,0.8719505,1.0
2445697.512224,0.8985421999999998,-0.22919671,-3.08238294,0.87190053,-0.34790652,-2.10624257,0.87195033,1.0
2445697.518848,0.8968886,-0.22913905,-3.08237474,0.8718978000000001,-0.34796388,-2.10624855,0.8719476,1.0
2445697.520598,0.8732498,-0.22912382,-3.08237257,0.87189708,-0.34797903,-2.10625014,0.87194688,1.0
2445697.524306,0.8952379999999999,-0.22909155,-3.08236797,0.87189556,-0.34801113,-2.10625349,0.87194536,1.0
2445697.5294310004,0.7978816,-0.22904695,-3.08236162,0.87189345,-0.3480555,-2.10625814,0.87194325,1.0
2445697.531181,0.8301154000000001,-0.22903172,-3.08235945,0.87189273,-0.34807065,-2.10625972,0.87194253,1.0
2445697.539223,0.8455484000000001,-0.22896173,-3.08234949,0.87188942,-0.34814027,-2.10626703,0.87193921,1.0
2445697.550681,0.8401145000000001,-0.22886202,-3.08233528,0.8718847,-0.34823945,-2.10627747,0.8719345,1.0
2445697.557598,0.8748598,-0.22880182,-3.08232671,0.87188186,-0.34829933,-2.10628379,0.87193165,1.0
2445697.563931,0.9186255,-0.22874671,-3.08231885,0.87187925,-0.34835414,-2.10628959,0.87192904,1.0
2445697.564431,0.8525866,-0.22874236,-3.08231823,0.87187904,-0.34835847,-2.10629005,0.87192883,1.0
2445697.576264,1.008181,-0.22863938,-3.08230355,0.87187417,-0.34846089,-2.10630092,0.87192396,1.0
2445697.581931,1.058616,-0.22859006,-3.08229652,0.87187184,-0.34850994,-2.10630613,0.87192162,1.0
2445697.5829310003,1.019386,-0.22858135,-3.08229528,0.87187142,-0.3485186,-2.10630705,0.87192121,1.0
2445697.5930560003,1.105448,-0.22849324,-3.08228272,0.87186725,-0.34860623,-2.1063164,0.87191704,1.0
2445697.599514,1.045053,-0.22843704,-3.0822747,0.87186459,-0.34866212,-2.10632238,0.87191438,1.0
2445697.602306,1.073343,-0.22841274,-3.08227124,0.87186344,-0.34868628,-2.10632497,0.87191323,1.0
2446166.6847900003,1.023526,1.9483059,0.65814004,-0.19976955,1.01547816,0.29166421,-0.19978987,1.0
2446166.695748,1.042555,1.94824483,0.65826867,-0.19980544,1.01548297,0.29161666,-0.19982577,1.0
2446166.7102900003,1.051233,1.94816377,0.65843936,-0.19985306,1.01548939,0.29155359,-0.1998734,1.0
2446166.721373,1.035855,1.94810198,0.65856945,-0.19988935,1.01549431,0.29150552,-0.1999097,1.0
2446166.72929,1.017886,1.94805784,0.65866238,-0.19991527,1.01549784,0.2914712,-0.19993563,1.0
2446166.7429150003,0.9938,1.94798187,0.6588223000000001,-0.19995989,1.01550395,0.29141213,-0.19998025,1.0
2446166.759457,0.9747628,1.94788961,0.65901645,-0.20001405,1.01551142,0.29134045,-0.20003443,1.0
2446166.769748,0.9783606,1.94783221,0.65913723,-0.20004775,1.01551609,0.29129586,-0.20006814,1.0
2446166.789873,1.014143,1.94771993,0.65937342,-0.20011364,1.0155253,0.2912087,-0.20013404,1.0
2446166.807873,1.018824,1.94761949,0.65958466,-0.20017257,1.0155336,0.29113077,-0.20019299,1.0
2446166.827457,0.9883231,1.94751018,0.65981449,-0.20023669,1.01554272,0.29104602,-0.20025712,1.0
2446166.875915,0.9055219,1.9472396,0.66038313,-0.20039533,1.01556561,0.29083644,-0.2004158,1.0
2446166.898248,0.9552103,1.94711485,0.66064518,-0.20046843,1.01557633,0.29073992,-0.20048892,1.0
2447085.712703,1.014417,-2.46467681,-2.41398654,0.70034852,-1.55045515,-2.01703332,0.70036772,1.0
2447085.714728,1.013484,-2.46466542,-2.41399715,0.70035143,-1.5504582,-2.0170121,0.70037063,1.0
2447085.725098,0.9831431,-2.46460709,-2.41405148,0.70036634,-1.55047386,-2.01690347,0.70038555,1.0
2447085.7302240003,0.9696538,-2.46457826,-2.41407834,0.70037372,-1.5504816,-2.01684978,0.70039293,1.0
2447085.736195,0.9363036,-2.46454468,-2.41410962,0.7003823,-1.55049064,-2.01678725,0.70040152,1.0
2447085.738316,0.9311437,-2.46453275,-2.41412073,0.70038535,-1.55049385,-2.01676503,0.70040457,1.0
2447085.739554,0.9311437,-2.46452578,-2.41412721,0.70038713,-1.55049572,-2.01675207,0.70040635,1.0
2447085.74245,0.9268655,-2.46450949,-2.41414239,0.7003913,-1.55050011,-2.01672174,0.70041052,1.0
2447085.74592,0.9243079,-2.46448997,-2.41416057,0.70039629,-1.55050537,-2.0166854,0.70041551,1.0
2447085.76893,0.9251597,-2.46436054,-2.41428111,0.70042938,-1.55054032,-2.01644445,0.70044862,1.0
2447085.782542,0.9354417,-2.46428396,-2.41435242,0.70044895,-1.55056106,-2.01630194,0.7004682,1.0
2447085.798677,0.9714416,-2.46419319,-2.41443693,0.70047216,-1.55058571,-2.01613305,0.70049141,1.0
2447085.813132,1.045723,-2.46411187,-2.41451264,0.70049294,-1.55060784,-2.01598176,0.7005121999999999,1.0
2447085.828353,1.093998,-2.46402622,-2.41459237,0.70051482,-1.55063121,-2.01582247,0.7005340999999999,1.0
2447085.83972,1.108196,-2.46396227,-2.4146519,0.70053117,-1.5506487,-2.01570354,0.70055045,1.0
2447085.851966,1.071067,-2.46389336,-2.41471604,0.70054877,-1.55066758,-2.01557542,0.70056806,1.0
2447085.8636990003,1.048617,-2.46382734,-2.41477749,0.70056564,-1.55068571,-2.01545267,0.70058494,1.0
2447085.875529,0.9922399,-2.46376077,-2.41483943,0.70058265,-1.55070402,-2.01532894,0.70060195,1.0
2447085.886675,0.9813337,-2.46369805,-2.4148978,0.70059867,-1.5507213,-2.01521237,0.70061798,1.0
2447085.89676,0.9986578000000002,-2.4636412999999995,-2.41495061,0.70061316,-1.55073697,-2.01510691,0.70063248,1.0
2447085.910589,1.033277,-2.46356347,-2.41502303,0.70063304,-1.55075849,-2.0149623,0.70065237,1.0
2447085.921702,1.0661459999999998,-2.46350093,-2.41508121,0.70064901,-1.55077582,-2.01484613,0.70066835,1.0
2447085.933336,1.053457,-2.46343545,-2.41514213,0.70066574,-1.550794,-2.0147245,0.70068508,1.0
2447085.943153,1.0238040000000002,-2.4633802000000005,-2.41519352,0.70067985,-1.55080937,-2.01462189,0.70069919,1.0
2447085.953866,1.020979,-2.4633199,-2.41524961,0.70069524,-1.55082617,-2.01450992,0.70071459,1.0
2447515.744519,0.9056575,0.89938784,-2.66769455,0.74605682,0.92116252,-1.68415552,0.74609604,1.0
2447515.7906790003,1.044634,0.89976465,-2.66745429,0.74598601,0.92073237,-1.68390096,0.74602523,1.0
2447515.796417,1.095883,0.89981148,-2.66742442,0.74597721,0.92067891,-1.68386936,0.74601642,1.0
2447515.801259,1.102971,0.89985101,-2.66739922,0.74596978,0.92063378,-1.68384269,0.74600899,1.0
2447515.810784,1.098915,0.89992876,-2.66734962,0.74595516,0.92054501,-1.68379026,0.74599438,1.0
2447515.815552,1.117285,0.89996767,-2.66732481,0.74594785,0.92050058,-1.68376403,0.74598706,1.0
2447515.821202,1.081843,0.90001379,-2.66729539,0.74593918,0.92044793,-1.68373295,0.74597839,1.0
2447515.825427,1.043672,0.90004828,-2.66727339,0.74593269,0.92040855,-1.68370971,0.74597191,1.0
2447515.834023,0.9948647,0.90011844,-2.66722863,0.7459195,0.92032844,-1.68366246,0.74595871,1.0
2447515.839465,0.9579968,0.90016286,-2.66720029,0.74591115,0.92027772,-1.68363255,0.74595036,1.0
2447515.844094,0.9182566,0.90020064,-2.66717619,0.74590404,0.92023458,-1.68360711,0.74594326,1.0
2447515.8532950003,0.8585469000000001,0.90027574,-2.66712828,0.74588992,0.92014883,-1.68355657,0.74592914,1.0
2447515.858874,0.7880687,0.90032128,-2.66709922,0.74588136,0.92009683,-1.68352594,0.74592057,1.0
2447515.863366,0.7532932,0.90035794,-2.66707583,0.74587447,0.92005496,-1.68350128,0.74591368,1.0
2447515.875638,0.7463869000000001,0.9004581,-2.66701192,0.74585563,0.91994059,-1.68343395,0.74589484,1.0
2447515.884375,0.8625096999999999,0.90052942,-2.66696641,0.74584222,0.91985915,-1.68338603,0.74588143,1.0
2447515.889514,0.9207973,0.90057135,-2.66693964,0.74583433,0.91981126,-1.68335786,0.74587354,1.0
2447515.89646,1.019915,0.90062805,-2.66690346,0.74582366,0.91974651,-1.68331979,0.74586287,1.0
2447515.900601,1.066999,0.90066185,-2.66688189,0.74581731,0.91970791,-1.6832971,0.74585652,1.0
2447515.9061020003,1.091853,0.90070674,-2.66685324,0.74580886,0.91965665,-1.68326697,0.74584807,1.0
2447515.911577,1.089843,0.90075142,-2.66682471,0.74580046,0.91960561,-1.68323699,0.74583967,1.0
2447515.918832,1.085835,0.90081064,-2.66678692,0.74578932,0.91953798,-1.68319727,0.74582853,1.0
2447515.923786,1.0838370000000002,0.90085107,-2.66676111,0.74578171,0.9194918,-1.68317016,0.74582092,1.0
2447515.929795,1.0768719999999998,0.90090011,-2.6667298,0.74577248,0.9194358,-1.68313728,0.74581169,1.0
2447515.935128,1.109083,0.90094363,-2.66670202,0.74576429,0.91938608,-1.68310811,0.7458035,1.0
2447515.940512,1.087838,0.90098757,-2.66667396,0.74575603,0.9193359,-1.68307867,0.74579523,1.0
2447515.945513,1.0838370000000002,0.90102838,-2.66664791,0.74574835,0.91928929,-1.68305133,0.74578756,1.0
2447515.948755,1.07489,0.90105484,-2.66663101,0.74574337,0.91925906,-1.68303361,0.74578258,1.0
2447515.953059,1.082839,0.90108997,-2.66660859,0.74573676,0.91921894,-1.68301009,0.74577597,1.0
2447515.956938,1.057217,0.90112163,-2.66658837,0.7457308000000001,0.91918278,-1.6829889,0.74577001,1.0
2447515.961105,1.039834,0.90115563,-2.66656666,0.7457244000000001,0.91914393,-1.68296613,0.74576361,1.0
2447515.969739,0.9875612,0.90122609,-2.66652167,0.74571114,0.91906345,-1.68291899,0.74575035,1.0
2447515.973847,0.9606474,0.90125962,-2.66650026,0.74570483,0.91902516,-1.68289656,0.74574404,1.0
2447515.977793,0.9571148000000002,0.90129182,-2.66647969,0.74569877,0.91898837,-1.68287503,0.74573798,1.0
2447515.9819400003,0.9318887,0.90132566,-2.66645808,0.7456924,0.91894972,-1.6828523999999998,0.74573161,1.0
2447515.986106,0.9090003,0.90135966,-2.66643637,0.745686,0.91891088,-1.68282967,0.74572521,1.0
2447515.989415,0.9115154,0.90138666,-2.66641912,0.74568092,0.91888003,-1.68281162,0.74572013,1.0
2447516.744551,0.9400174,0.90754589,-2.66247429,0.74451846,0.91183617,-1.67877109,0.74455762,1.0
2447516.752317,0.9619134,0.90760921,-2.66243362,0.74450648,0.91176368,-1.67873034,0.74454564,1.0
2447516.757142,0.9852261999999998,0.90764854,-2.66240836,0.74449903,0.91171865,-1.67870504,0.74453819,1.0
2447516.766635,1.015631,0.90772593,-2.66235865,0.74448439,0.91163005,-1.67865527,0.74452354,1.0
2447516.772748,1.050838,0.90777576,-2.66232663,0.74447495,0.91157299,-1.67862324,0.74451411,1.0
2447516.786707,1.090275,0.90788955,-2.66225353,0.74445341,0.91144271,-1.67855012,0.74449257,1.0
2447516.826696,1.091279,0.90821553,-2.66204406,0.7443917,0.91106946,-1.67834097,0.74443085,1.0
2447516.837909,1.003543,0.90830694,-2.66198532,0.74437439,0.91096479,-1.6782824,0.74441354,1.0
2447516.852981,0.8580962,0.90842979,-2.66190635,0.74435112,0.91082411,-1.67820373,0.74439028,1.0
2447516.868678,0.8225,0.90855774,-2.66182411,0.74432689,0.91067758,-1.67812186,0.74436604,1.0
2447516.880645,0.9288294,0.90865527,-2.6617614,0.74430841,0.91056588,-1.67805949,0.74434756,1.0
2447516.888424,1.020319,0.90871868,-2.66172063,0.7442964,0.91049326,-1.67801897,0.74433555,1.0
2447516.900763,1.138508,0.90881925,-2.66165596,0.74427735,0.91037808,-1.67795473,0.7443165,1.0
2447516.916109,1.136412,0.90894434,-2.66157553,0.74425365,0.91023482,-1.67787489,0.7442928000000001,1.0
2447516.986517,0.9566123,0.90951816,-2.6612064,0.7441449,0.90957753,-1.67750943,0.74418404,1.0
2452235.291515,0.9137,-1.6707299999999998,-2.91649,0.8365969999999999,-1.17005,-2.06506,0.836583,1.0
2452235.296695,0.9221,-1.6707,-2.91651,0.836601,-1.17009,-2.06503,0.8365870000000001,1.0
2452235.304375,0.948,-1.67064,-2.91653,0.836607,-1.17015,-2.06498,0.836593,1.0
2452235.309465,0.9567,-1.6706,-2.9165400000000004,0.8366110000000001,-1.17019,-2.06496,0.8365969999999999,1.0
2452235.315365,1.0018,-1.6705599999999998,-2.91656,0.836616,-1.17023,-2.06492,0.8366020000000001,1.0
2452235.321195,1.0394,-1.67052,-2.91658,0.83662,-1.17028,-2.06489,0.836607,1.0
2452235.326315,1.0490000000000002,-1.67048,-2.91659,0.8366239999999999,-1.17032,-2.06486,0.8366110000000001,1.0
2452235.3314150004,1.0685,-1.67044,-2.91661,0.836628,-1.17036,-2.06483,0.836615,1.0
2452235.336555,1.0685,-1.6704,-2.91662,0.8366319999999999,-1.1704,-2.0648,0.836619,1.0
2452235.341745,1.0685,-1.6703599999999998,-2.91664,0.836636,-1.17044,-2.06477,0.836623,1.0
2452235.346826,1.0685,-1.67033,-2.91666,0.8366399999999999,-1.17048,-2.06474,0.836627,1.0
2452235.3518560003,1.0299,-1.67029,-2.91667,0.836644,-1.17051,-2.06472,0.8366299999999999,1.0
2452235.359466,1.0204,-1.67023,-2.91669,0.83665,-1.17057,-2.06467,0.836636,1.0
2452235.365856,1.0204,-1.67019,-2.91671,0.8366549999999999,-1.17062,-2.0646400000000003,0.836641,1.0
2452235.373566,0.9926,-1.67013,-2.9167400000000003,0.8366610000000001,-1.17068,-2.06459,0.8366469999999999,1.0
2452235.378686,0.9926,-1.67009,-2.91675,0.836665,-1.17072,-2.06456,0.836651,1.0
2452235.383736,0.9656,-1.67006,-2.91677,0.836669,-1.17076,-2.06454,0.8366549999999999,1.0
2452235.3888060004,0.948,-1.67002,-2.91678,0.836673,-1.1708,-2.06451,0.836659,1.0
2452235.393876,0.9221,-1.66998,-2.9168,0.836677,-1.17084,-2.06448,0.8366629999999999,1.0
2452235.398906,0.9053,-1.6699400000000002,-2.91681,0.8366809999999999,-1.17088,-2.06445,0.836667,1.0
2452235.403976,0.897,-1.6699099999999998,-2.91683,0.836685,-1.1709200000000002,-2.06442,0.8366709999999999,1.0
2452235.409046,0.897,-1.66987,-2.91684,0.8366889999999999,-1.17096,-2.06439,0.836675,1.0
2452235.414326,0.9221,-1.66983,-2.91686,0.836693,-1.171,-2.06436,0.8366790000000001,1.0
2452235.419466,0.9221,-1.66979,-2.91687,0.8366969999999999,-1.17104,-2.06433,0.836683,1.0
2452235.424606,0.9221,-1.66975,-2.91689,0.836701,-1.17108,-2.06431,0.8366870000000001,1.0
2452235.429696,0.9221,-1.66972,-2.9169,0.8367049999999999,-1.1711200000000002,-2.06428,0.836691,1.0
2452235.434866,0.9306,-1.6696799999999998,-2.91692,0.836709,-1.17116,-2.06425,0.8366950000000001,1.0
2452235.439996,0.9393,-1.6696400000000002,-2.91693,0.8367129999999999,-1.1712,-2.06422,0.836699,1.0
2452235.447826,0.948,-1.6695799999999998,-2.91696,0.8367190000000001,-1.17126,-2.0641700000000003,0.836706,1.0
2452235.452986,0.948,-1.66955,-2.91697,0.836723,-1.1713,-2.06415,0.8367100000000001,1.0
2452235.458136,0.9656,-1.6695099999999998,-2.91699,0.836727,-1.17134,-2.06412,0.836714,1.0
2452235.463296,1.0018,-1.66947,-2.917,0.836731,-1.17138,-2.06409,0.8367180000000001,1.0
2452235.473736,1.0685,-1.6693900000000002,-2.91703,0.8367389999999999,-1.17146,-2.06403,0.836726,1.0
2452235.478886,1.0784,-1.66935,-2.91705,0.836743,-1.1715,-2.064,0.83673,1.0
2452235.484086,1.0884,-1.66932,-2.9170700000000003,0.8367479999999999,-1.17154,-2.06397,0.836734,1.0
2452235.489236,1.1086,-1.66928,-2.91708,0.836752,-1.1715799999999998,-2.06394,0.8367379999999999,1.0
2452235.502026,1.1086,-1.66918,-2.91712,0.8367620000000001,-1.1716799999999998,-2.06387,0.8367479999999999,1.0
2452235.507266,1.0784,-1.66915,-2.91713,0.836766,-1.17172,-2.0638400000000003,0.836752,1.0
2452235.512396,1.0784,-1.66911,-2.91715,0.8367700000000001,-1.17176,-2.06381,0.8367559999999999,1.0
2452235.5175860003,1.0587,-1.66907,-2.91717,0.836774,-1.1718,-2.06378,0.8367600000000001,1.0
2452235.5227860003,1.0299,-1.66903,-2.91718,0.836778,-1.17184,-2.06375,0.836764,1.0
2452235.5279860003,0.9835,-1.6689900000000002,-2.9172,0.836782,-1.17188,-2.06372,0.8367680000000001,1.0
2452235.533176,0.948,-1.66895,-2.91721,0.836786,-1.17192,-2.0637,0.836772,1.0
2452235.541036,0.9393,-1.6689,-2.91724,0.836792,-1.17199,-2.06365,0.836778,1.0
2452235.548726,0.9393,-1.66884,-2.91726,0.8367979999999999,-1.17204,-2.06361,0.836784,1.0
2452235.558936,0.9745,-1.6687599999999998,-2.91729,0.8368059999999999,-1.17212,-2.06355,0.836792,1.0
2452235.564106,1.0299,-1.6687299999999998,-2.9173,0.83681,-1.17216,-2.06352,0.8367959999999999,1.0
2452235.5692060003,1.0299,-1.6686900000000002,-2.91732,0.836814,-1.1722,-2.0634900000000003,0.8368,1.0
2452235.574276,1.0784,-1.66865,-2.91733,0.8368180000000001,-1.17224,-2.06347,0.8368040000000001,1.0
2452235.579396,1.0587,-1.66861,-2.91735,0.836822,-1.17228,-2.06344,0.836808,1.0
2452235.584597,1.0985,-1.66858,-2.91737,0.8368260000000001,-1.17232,-2.06341,0.8368120000000001,1.0
2452235.589627,1.0784,-1.66854,-2.91738,0.83683,-1.17236,-2.06338,0.836816,1.0
2452236.297159,0.9278,-1.66332,-2.91949,0.8373809999999999,-1.17791,-2.0594900000000003,0.837367,1.0
2452236.302079,0.9451,-1.6632900000000002,-2.9195,0.837384,-1.17795,-2.05946,0.8373709999999999,1.0
2452236.3069990003,0.9805,-1.66325,-2.91952,0.8373879999999999,-1.17799,-2.05943,0.837375,1.0
2452236.314499,1.0268,-1.6631900000000002,-2.91954,0.8373940000000001,-1.17805,-2.05939,0.8373809999999999,1.0
2452236.319399,1.0363,-1.6631599999999995,-2.91955,0.837398,-1.17809,-2.05936,0.837384,1.0
2452236.324289,1.0851,-1.6631200000000002,-2.91957,0.8374020000000001,-1.17812,-2.05934,0.8373879999999999,1.0
2452236.329429,1.0851,-1.66308,-2.91958,0.837406,-1.1781700000000002,-2.05931,0.837392,1.0
2452236.339409,1.0653,-1.66301,-2.91961,0.837413,-1.17824,-2.05926,0.8374,1.0
2452236.344399,1.0751,-1.66297,-2.91963,0.837417,-1.17828,-2.05923,0.837404,1.0
2452236.349299,1.0363,-1.66294,-2.91964,0.8374209999999999,-1.17832,-2.0592,0.837408,1.0
2452236.359929,1.0363,-1.6628599999999998,-2.91967,0.8374290000000001,-1.17841,-2.05915,0.8374159999999999,1.0
2452236.364989,1.0458,-1.66282,-2.91969,0.837433,-1.17845,-2.05912,0.83742,1.0
2452236.369879,1.0268,-1.6627900000000002,-2.9197,0.8374370000000001,-1.17848,-2.0590900000000003,0.837424,1.0
2452236.382239,0.9896,-1.6627,-2.91974,0.8374469999999999,-1.17858,-2.05903,0.837433,1.0
2452236.387239,0.9805,-1.6626599999999998,-2.91975,0.83745,-1.17862,-2.059,0.8374370000000001,1.0
2452236.392189,0.9451,-1.66262,-2.91977,0.8374540000000001,-1.17866,-2.05897,0.837441,1.0
2452236.397099,0.8943,-1.6625900000000002,-2.91978,0.837458,-1.1787,-2.05894,0.8374450000000001,1.0
2452236.404699,0.8861,-1.6625299999999998,-2.91981,0.837464,-1.17876,-2.0589,0.8374510000000001,1.0
2452236.409699,0.9193,-1.6624900000000002,-2.91982,0.837468,-1.1788,-2.05888,0.8374540000000001,1.0
2452236.414799,0.9025,-1.6624599999999998,-2.91984,0.8374719999999999,-1.17884,-2.05885,0.837458,1.0
2452236.419699,0.9109,-1.66242,-2.91985,0.837476,-1.17888,-2.05882,0.837462,1.0
2452236.427109,0.9364,-1.6623599999999998,-2.91987,0.8374809999999999,-1.17894,-2.05878,0.837468,1.0
2452236.434239,0.9364,-1.66231,-2.91989,0.8374870000000001,-1.17899,-2.05874,0.8374739999999999,1.0
2452236.442109,0.9716,-1.66225,-2.9199200000000003,0.837493,-1.17906,-2.0587,0.8374799999999999,1.0
2452236.447169,0.9538,-1.66222,-2.91993,0.8374969999999999,-1.1791,-2.05868,0.837484,1.0
2452236.452219,0.9805,-1.66218,-2.91995,0.837501,-1.17914,-2.05865,0.8374870000000001,1.0
2452236.457259,0.9805,-1.6621400000000002,-2.91996,0.8375049999999999,-1.17918,-2.05862,0.837491,1.0
2452236.462269,1.0173,-1.6621,-2.91998,0.8375090000000001,-1.17921,-2.05859,0.8374950000000001,1.0
2452236.467309,1.0363,-1.6620700000000002,-2.9199900000000003,0.837512,-1.17925,-2.05857,0.837499,1.0
2452236.485089,1.1053,-1.6619400000000002,-2.92005,0.837526,-1.1794,-2.05847,0.837513,1.0
2452236.500019,1.1258,-1.66183,-2.92009,0.8375379999999999,-1.17951,-2.05839,0.837525,1.0
2452236.505,1.0851,-1.66179,-2.9201,0.837542,-1.17955,-2.05836,0.837528,1.0
2452236.5099790003,1.0851,-1.66175,-2.9201200000000003,0.8375459999999999,-1.17959,-2.0583400000000003,0.8375319999999999,1.0
2452236.51498,1.0653,-1.66172,-2.92013,0.837549,-1.17963,-2.05831,0.8375360000000001,1.0
2452236.52005,1.0173,-1.6616799999999998,-2.92015,0.8375530000000001,-1.17967,-2.05828,0.83754,1.0
2452236.52503,0.9988,-1.6616400000000002,-2.92016,0.837557,-1.17971,-2.05826,0.8375440000000001,1.0
2452236.53006,0.9538,-1.6616,-2.92018,0.8375610000000001,-1.17975,-2.05823,0.837548,1.0
2452236.53511,0.9538,-1.66157,-2.9201900000000003,0.837565,-1.17979,-2.0582,0.8375520000000001,1.0
2452236.54003,0.9451,-1.66153,-2.92021,0.837569,-1.17983,-2.05818,0.837556,1.0
2452236.54502,0.9278,-1.66149,-2.92022,0.8375729999999999,-1.17987,-2.05815,0.837559,1.0
2452236.55008,0.9364,-1.66146,-2.92024,0.837577,-1.17991,-2.05812,0.837563,1.0
2452236.55506,0.9626,-1.66142,-2.92025,0.8375799999999999,-1.17995,-2.0581,0.8375670000000001,1.0
2452236.56018,0.9988,-1.66138,-2.92027,0.837584,-1.17999,-2.0580700000000003,0.837571,1.0
2452236.56526,1.0268,-1.66134,-2.92028,0.8375879999999999,-1.18003,-2.05804,0.837575,1.0
2452236.57033,1.0268,-1.6613099999999998,-2.9203,0.837592,-1.1800700000000002,-2.05801,0.8375790000000001,1.0
2452236.57785,1.0653,-1.66125,-2.92032,0.837598,-1.18013,-2.05797,0.837585,1.0
2452236.58292,1.0851,-1.66121,-2.92034,0.8376020000000001,-1.1801700000000002,-2.05795,0.8375889999999999,1.0
2452236.58782,1.0555,-1.66118,-2.92035,0.837606,-1.18021,-2.05792,0.837593,1.0
2452236.59276,1.0555,-1.66114,-2.92036,0.8376100000000001,-1.18025,-2.05789,0.8375959999999999,1.0
2452236.59784,1.0268,-1.6611,-2.92038,0.837614,-1.18029,-2.05787,0.8376,1.0
2452236.60274,1.0173,-1.66107,-2.9203900000000003,0.8376170000000001,-1.18033,-2.05784,0.8376040000000001,1.0
2452236.6356,0.9451,-1.66083,-2.92049,0.837643,-1.18059,-2.05767,0.8376299999999999,1.0
2452236.64327,0.9538,-1.66077,-2.92051,0.837649,-1.18065,-2.05762,0.837636,1.0
2452236.64826,0.8861,-1.6607299999999998,-2.92053,0.8376530000000001,-1.18069,-2.0576,0.8376389999999999,1.0
2452237.306191,0.9569,-1.6558700000000002,-2.92247,0.838161,-1.18594,-2.0541400000000003,0.838147,1.0
2452237.313841,1.0206,-1.65582,-2.9225,0.838166,-1.186,-2.0541,0.838153,1.0
2452237.318941,1.0206,-1.65578,-2.92251,0.8381700000000001,-1.18604,-2.05408,0.8381569999999999,1.0
2452237.339261,1.0492,-1.65563,-2.92257,0.8381860000000001,-1.1862,-2.05397,0.838173,1.0
2452237.3545310004,1.0113,-1.65552,-2.92262,0.838198,-1.18633,-2.05389,0.8381850000000001,1.0
2452237.359771,1.002,-1.6554799999999998,-2.92263,0.838202,-1.18637,-2.05387,0.838189,1.0
2452237.364841,0.9928,-1.6554400000000002,-2.92265,0.8382059999999999,-1.18641,-2.05384,0.8381930000000001,1.0
2452237.369981,1.0113,-1.6554,-2.92266,0.83821,-1.18645,-2.05381,0.838197,1.0
2452237.375031,0.9837,-1.65537,-2.92268,0.8382139999999999,-1.18649,-2.05379,0.8382,1.0
2452237.380231,0.9928,-1.65533,-2.92269,0.838218,-1.18653,-2.05376,0.8382040000000001,1.0
2452237.385361,0.9394,-1.6552900000000002,-2.92271,0.8382219999999999,-1.18657,-2.05373,0.838208,1.0
2452237.390641,0.9223,-1.65525,-2.92272,0.838226,-1.18662,-2.05371,0.8382120000000001,1.0
2452237.395871,0.8972,-1.6552099999999998,-2.92274,0.8382299999999999,-1.18666,-2.05368,0.838217,1.0
2452237.401161,0.8972,-1.65517,-2.92275,0.838234,-1.1867,-2.05365,0.8382209999999999,1.0
2452237.406261,0.8972,-1.65513,-2.92277,0.8382379999999999,-1.18674,-2.05363,0.838225,1.0
2452237.411491,0.8889,-1.6551,-2.92278,0.838242,-1.18678,-2.0536,0.8382290000000001,1.0
2452237.416691,0.8889,-1.6550599999999998,-2.9228,0.8382459999999999,-1.1868299999999998,-2.05357,0.838233,1.0
2452237.4211810003,0.9308,-1.6550200000000002,-2.92281,0.838249,-1.18686,-2.05355,0.8382360000000001,1.0
2452237.429161,0.9223,-1.65497,-2.9228400000000003,0.838255,-1.1869299999999998,-2.05351,0.838242,1.0
2452237.4343310003,0.9394,-1.65493,-2.92285,0.838259,-1.18697,-2.05348,0.8382459999999999,1.0
2452237.439481,0.9569,-1.6548900000000002,-2.92287,0.8382629999999999,-1.18701,-2.05346,0.83825,1.0
2452237.444701,0.9747,-1.65485,-2.92288,0.838267,-1.18705,-2.05343,0.838254,1.0
2452237.449971,0.9747,-1.65481,-2.9229,0.8382709999999999,-1.18709,-2.0534,0.838258,1.0
2452237.455201,0.9928,-1.65477,-2.92291,0.838275,-1.18714,-2.05338,0.8382620000000001,1.0
2452237.460391,1.0113,-1.65473,-2.92293,0.8382790000000001,-1.18718,-2.05335,0.838266,1.0
2452237.465531,1.0492,-1.6547,-2.92294,0.838283,-1.1872200000000002,-2.0533200000000003,0.8382700000000001,1.0
2452237.470671,1.0786,-1.6546599999999998,-2.92296,0.8382870000000001,-1.18726,-2.0533,0.838274,1.0
2452237.475841,1.0886,-1.65462,-2.9229700000000003,0.838291,-1.1873,-2.05327,0.8382780000000001,1.0
2452237.480841,1.1088,-1.65458,-2.92299,0.8382950000000001,-1.18734,-2.05324,0.838282,1.0
2452237.485891,1.1088,-1.65455,-2.923,0.838299,-1.18738,-2.05322,0.8382860000000001,1.0
2452237.491071,1.1294,-1.65451,-2.92302,0.838303,-1.18742,-2.0531900000000003,0.83829,1.0
2452237.496221,1.1294,-1.65447,-2.92303,0.838307,-1.18747,-2.05316,0.8382940000000001,1.0
2452237.501361,1.1088,-1.6544299999999998,-2.92305,0.838311,-1.18751,-2.05314,0.838298,1.0
2452237.506581,1.0687,-1.6543900000000002,-2.92306,0.8383149999999999,-1.18755,-2.05311,0.838302,1.0
2452237.511801,1.0492,-1.65435,-2.92308,0.838319,-1.18759,-2.05308,0.838306,1.0
2452237.516911,1.0113,-1.65432,-2.92309,0.8383229999999999,-1.18763,-2.05306,0.83831,1.0
2452237.522001,0.9928,-1.65428,-2.92311,0.838327,-1.18767,-2.05303,0.8383139999999999,1.0
2452237.527091,0.9481,-1.6542400000000002,-2.92312,0.8383309999999999,-1.18771,-2.05301,0.838317,1.0
2452237.532211,0.9308,-1.6542,-2.92314,0.838334,-1.18776,-2.05298,0.8383209999999999,1.0
2452237.537491,0.9055,-1.65416,-2.92316,0.838339,-1.1878,-2.05295,0.838325,1.0
2452237.542621,0.9308,-1.65413,-2.9231700000000003,0.838342,-1.18784,-2.05293,0.8383290000000001,1.0
2452237.547871,0.9223,-1.65409,-2.92319,0.8383459999999999,-1.1878799999999998,-2.0529,0.838333,1.0
2452237.553111,0.9569,-1.65405,-2.9232,0.8383510000000001,-1.18792,-2.05287,0.8383370000000001,1.0
2452237.558191,0.9658,-1.6540099999999998,-2.92322,0.838354,-1.18797,-2.05285,0.838341,1.0
2452237.563271,1.0113,-1.6539700000000002,-2.92323,0.838358,-1.18801,-2.05282,0.8383450000000001,1.0
2452237.5683810003,1.0687,-1.6539400000000002,-2.92325,0.838362,-1.18805,-2.0528,0.838349,1.0
2452237.5735110003,1.0987,-1.6539,-2.92326,0.838366,-1.18809,-2.05277,0.838353,1.0
2452237.581311,1.0886,-1.6538400000000002,-2.92328,0.8383719999999999,-1.18815,-2.05273,0.838359,1.0
2452237.586431,1.0687,-1.6538,-2.9233,0.838376,-1.18819,-2.0527,0.838363,1.0
2452237.591731,1.0492,-1.65376,-2.92331,0.8383799999999999,-1.18824,-2.05268,0.838367,1.0
2452237.596831,1.0301,-1.65373,-2.92333,0.838384,-1.18828,-2.05265,0.8383709999999999,1.0
2452238.295271,0.9267,-1.6485599999999998,-2.92538,0.8389190000000001,-1.19394,-2.04915,0.8389059999999999,1.0
2452238.318041,1.0542,-1.6483900000000002,-2.92545,0.838937,-1.19412,-2.04904,0.838924,1.0
2452238.333301,1.064,-1.64828,-2.92549,0.8389479999999999,-1.19425,-2.04896,0.838935,1.0
2452238.340871,1.035,-1.64822,-2.92551,0.8389540000000001,-1.19431,-2.04893,0.8389409999999999,1.0
2452238.348471,1.0161,-1.64817,-2.9255400000000003,0.83896,-1.1943700000000002,-2.04889,0.8389469999999999,1.0
2452238.3561110003,1.0068,-1.64811,-2.92556,0.838966,-1.19443,-2.04885,0.8389530000000001,1.0
2452238.363781,1.0161,-1.64805,-2.92558,0.8389719999999999,-1.1945,-2.04881,0.838959,1.0
2452238.371371,0.9976,-1.648,-2.9256,0.8389770000000001,-1.19456,-2.04878,0.8389639999999999,1.0
2452238.379121,0.9704,-1.6479400000000002,-2.92563,0.838983,-1.19462,-2.04874,0.8389700000000001,1.0
2452238.386711,0.9353,-1.64788,-2.92565,0.838989,-1.19468,-2.0487,0.838976,1.0
2452238.394621,0.9098,-1.64783,-2.92567,0.838995,-1.19475,-2.04866,0.838982,1.0
2452238.402351,0.8932,-1.6477700000000002,-2.9256900000000003,0.839001,-1.19481,-2.04862,0.838988,1.0
2452238.409941,0.8932,-1.6477099999999998,-2.92572,0.839007,-1.19487,-2.0485900000000004,0.838994,1.0
2452238.417601,0.9182,-1.64766,-2.92574,0.8390129999999999,-1.19494,-2.04855,0.8390000000000001,1.0
2452238.425251,0.9267,-1.6476,-2.92576,0.8390190000000001,-1.195,-2.04851,0.8390059999999999,1.0
2452238.433521,0.9439,-1.6475400000000002,-2.92578,0.839025,-1.19507,-2.04847,0.8390120000000001,1.0
2452238.441271,0.9527,-1.6474799999999998,-2.92581,0.839031,-1.19513,-2.04843,0.839018,1.0
2452238.449081,0.9615,-1.64742,-2.92583,0.839037,-1.19519,-2.04839,0.839024,1.0
2452238.456971,0.9884,-1.64736,-2.92585,0.839043,-1.19526,-2.04836,0.8390299999999999,1.0
2452238.464571,1.064,-1.6473099999999998,-2.92588,0.8390489999999999,-1.1953200000000002,-2.04832,0.839036,1.0
2452238.472201,1.0738,-1.64725,-2.9259,0.8390540000000001,-1.19538,-2.04828,0.839041,1.0
2452238.479921,1.0838,-1.6471900000000002,-2.92592,0.83906,-1.19545,-2.0482400000000003,0.839047,1.0
2452238.488011,1.1141,-1.64713,-2.92594,0.839066,-1.19551,-2.0482,0.839053,1.0
2452238.495581,1.1039,-1.64708,-2.92597,0.8390719999999999,-1.19557,-2.0481700000000003,0.839059,1.0
2452238.503301,1.0838,-1.6470200000000002,-2.92599,0.8390780000000001,-1.19564,-2.04813,0.839065,1.0
2452238.510981,1.035,-1.6469599999999998,-2.92601,0.839084,-1.1957,-2.04809,0.8390709999999999,1.0
2452238.518811,0.9976,-1.64691,-2.92603,0.83909,-1.19576,-2.04805,0.8390770000000001,1.0
2452238.526861,0.9527,-1.64685,-2.92606,0.839096,-1.19583,-2.04802,0.839083,1.0
2452238.534691,0.9353,-1.6467900000000002,-2.92608,0.839102,-1.19589,-2.04798,0.839089,1.0
2452238.542381,0.9439,-1.64673,-2.9261,0.839108,-1.19596,-2.04794,0.839095,1.0
2452238.550251,0.9615,-1.64667,-2.92613,0.8391139999999999,-1.19602,-2.0479,0.839101,1.0
2452238.558031,1.0161,-1.64662,-2.92615,0.8391200000000001,-1.19608,-2.04786,0.8391069999999999,1.0
2452238.565781,1.064,-1.6465599999999998,-2.92617,0.839126,-1.19615,-2.04783,0.8391129999999999,1.0
2452238.573531,1.0738,-1.6465,-2.92619,0.839132,-1.19621,-2.04779,0.8391190000000001,1.0
2452238.581191,1.1039,-1.64644,-2.9262200000000003,0.8391370000000001,-1.1962700000000002,-2.04775,0.839125,1.0
2452238.588771,1.064,-1.6463900000000002,-2.92624,0.8391430000000001,-1.19634,-2.04771,0.8391299999999999,1.0
2452238.596431,1.0542,-1.6463299999999998,-2.92626,0.8391489999999999,-1.1964,-2.04768,0.8391360000000001,1.0
2452238.604241,1.0446,-1.64627,-2.92628,0.8391549999999999,-1.19646,-2.0476400000000003,0.839142,1.0
2452238.611811,1.0255,-1.64622,-2.92631,0.839161,-1.19652,-2.0476,0.839148,1.0
2452238.619501,0.9976,-1.6461599999999998,-2.92633,0.839167,-1.19659,-2.04757,0.8391540000000001,1.0
2452238.627201,0.9884,-1.6461,-2.92635,0.839173,-1.19665,-2.04753,0.83916,1.0
2452238.635091,0.9527,-1.64605,-2.92637,0.8391790000000001,-1.19672,-2.0474900000000003,0.839166,1.0
2452238.642731,0.8932,-1.64599,-2.9264,0.839184,-1.19678,-2.04745,0.8391709999999999,1.0
2452238.662201,0.9182,-1.6458400000000002,-2.92645,0.839199,-1.19694,-2.04736,0.8391860000000001,1.0
2458308.494951,1.019209,-2.29818798,1.41508389,-0.37835157,-2.00924829,0.4403762,-0.37833194,1.0
2458308.5026020003,1.013608,-2.29824805,1.41503287,-0.37833658,-2.00918426,0.44036207,-0.37831696,1.0
2458308.509303,0.9910666,-2.29830066,1.41498819,-0.37832345,-2.00912818,0.4403497,-0.37830383,1.0
2458308.515866,0.9783581,-2.29835219,1.41494443,-0.37831059,-2.00907326,0.4403376,-0.37829098,1.0
2458308.522336,0.9653547,-2.29840298,1.41490129,-0.37829792,-2.00901912,0.44032568,-0.3782783,1.0
2458308.528921,0.9496481,-2.29845468,1.41485737,-0.37828501,-2.00896402,0.44031356,-0.3782654,1.0
2458308.535831,0.9453642,-2.29850892,1.4148113000000002,-0.37827148,-2.0089062,0.44030085,-0.37825187,1.0
2458308.542405,0.9376856,-2.29856053,1.41476746,-0.37825859,-2.00885119,0.44028877,-0.37823899,1.0
2458308.549396,0.9331688,-2.2986154,1.41472084,-0.3782449,-2.0087927,0.44027594,-0.3782253,1.0
2458308.556201,0.9413585,-2.29866882,1.41467546,-0.37823156,-2.00873576,0.44026346,-0.37821196,1.0
2458308.5630650003,0.9440542,-2.2987227000000003,1.41462968,-0.37821811,-2.00867834,0.44025088,-0.37819852,1.0
2458308.569743,0.9436253,-2.29877511,1.41458514,-0.37820503,-2.00862247,0.44023866,-0.37818543,1.0
2458308.576687,0.9436178,-2.29882961,1.41453883,-0.37819142,-2.00856438,0.44022596,-0.37817183,1.0
2458308.584731,0.9418238,-2.29889275,1.41448518,-0.37817566,-2.00849709,0.44021127,-0.37815607,1.0
2458308.591907,0.9403085,-2.29894907,1.41443732,-0.37816159,-2.00843706,0.44019818,-0.37814201,1.0
2458308.599332,0.9665579,-2.29900734,1.4143878,-0.37814704,-2.00837495,0.44018464,-0.37812746,1.0
2458308.6884990004,1.01501,-2.29970698,1.41379299,-0.37797228,-2.00762931,0.4400232,-0.37795274,1.0
2458308.695002,1.015608,-2.29975799,1.41374961,-0.37795953,-2.00757495,0.44001151,-0.37794,1.0
2458308.700867,1.026766,-2.299804,1.41371048,-0.37794803,-2.00752592,0.44000097,-0.3779285,1.0
2458308.706719,1.047986,-2.29984991,1.41367143,-0.37793656,-2.007477,0.43999046,-0.37791703,1.0
2458308.712644,1.05664,-2.29989638,1.4136319,-0.37792495,-2.00742747,0.43997983,-0.37790542,1.0
2458308.7186,1.06097,-2.2999431,1.41359216,-0.37791327,-2.00737768,0.43996916,-0.37789375,1.0
2458308.724377,1.063976,-2.29998842,1.41355362,-0.37790195,-2.0073294,0.43995881,-0.37788243,1.0
2458308.7303830003,1.0585440000000002,-2.30003553,1.41351354,-0.37789017,-2.0072792,0.43994807,-0.37787065,1.0
2458308.736331,1.04318,-2.30008218,1.41347385,-0.37787851,-2.00722948,0.43993744,-0.377859,1.0
2458308.742268,1.028863,-2.30012874,1.41343424,-0.37786687,-2.00717986,0.43992683,-0.37784736,1.0
2458308.748079,1.016163,-2.30017432,1.41339546,-0.37785548,-2.0071313,0.43991646,-0.37783597,1.0
2458308.75394,0.9942347,-2.30022028,1.41335635,-0.37784399,-2.00708231,0.43990601,-0.37782448,1.0
2458308.75967,0.9878764,-2.30026522,1.41331812,-0.37783275,-2.00703443,0.4398958,-0.37781325,1.0
2458308.765444,0.979429,-2.30031051,1.41327958,-0.37782143,-2.00698618,0.43988552,-0.37780193,1.0
2458308.771336,0.9650832,-2.30035671,1.41324027,-0.37780988,-2.00693694,0.43987504,-0.37779038,1.0
2458308.777237,0.9580191,-2.30040299,1.41320089,-0.37779831,-2.00688763,0.43986455,-0.37777882,1.0
2458308.783218,0.9495938,-2.30044989,1.41316097,-0.37778658,-2.00683766,0.43985393,-0.37776709,1.0
2458308.789182,0.9388124,-2.30049666,1.41312117,-0.37777489,-2.00678782,0.43984335,-0.3777554,1.0
2458308.795166,0.9355125,-2.30054358,1.41308123,-0.37776316,-2.00673783,0.43983274,-0.37774367,1.0
2458308.801124,0.9375384,-2.3005903,1.41304147,-0.37775147,-2.00668805,0.43982219,-0.37773199,1.0
2458308.806882,0.9390083,-2.30063545,1.41300304,-0.37774018,-2.00663994,0.439812,-0.3777207,1.0
2458308.812826,0.940706,-2.30068205,1.41296337,-0.37772853,-2.00659028,0.43980149,-0.37770905,1.0
2458308.818595,0.9447617,-2.30072728,1.41292487,-0.37771721,-2.00654209,0.43979129,-0.37769774,1.0
2458308.824251,0.9431822,-2.30077163,1.41288712,-0.37770612,-2.00649484,0.43978131,-0.37768665,1.0
2458308.830203,0.9447054,-2.3008182999999995,1.41284739,-0.37769445,-2.00644512,0.43977081,-0.37767498,1.0
2458308.858788,1.000721,-2.30104239,1.41265659,-0.37763839,-2.00620636,0.43972052,-0.37761894,1.0
2458308.864685,1.035913,-2.30108862,1.41261723,-0.37762683,-2.00615711,0.43971017,-0.37760738,1.0
2458308.870591,1.054847,-2.30113492,1.4125778,-0.37761525,-2.00610778,0.43969981,-0.3775958,1.0
2458308.876478,1.078544,-2.30118106,1.41253851,-0.3776037,-2.00605862,0.4396895000000001,-0.37758426,1.0
2458308.882393,1.095428,-2.30122743,1.41249902,-0.3775921,-2.00600922,0.43967915,-0.37757266,1.0
2458308.88829,1.101371,-2.30127365,1.41245965,-0.37758053,-2.00595998,0.43966883,-0.3775611,1.0
2458308.894118,1.099418,-2.30131933,1.41242074,-0.3775691,-2.00591131,0.43965865,-0.37754967,1.0
2458308.900028,1.099732,-2.30136565,1.41238129,-0.37755751,-2.00586196,0.43964833,-0.37753808,1.0
2458308.9059200003,1.09177,-2.30141183,1.41234196,-0.37754596,-2.00581276,0.43963805,-0.37752653,1.0
2458308.91182,1.074849,-2.30145807,1.41230257,-0.37753438,-2.0057635,0.43962777,-0.37751496,1.0
2458308.917714,1.059869,-2.30150427,1.41226322,-0.37752282,-2.00571429,0.4396175,-0.3775034,1.0
2458308.923623,1.0351709999999998,-2.30155058,1.41222377,-0.37751123,-2.00566496,0.43960722,-0.37749181,1.0
2458308.929535,1.015483,-2.30159691,1.41218429,-0.37749964,-2.0056156,0.43959694,-0.37748022,1.0
2458308.935256,1.012452,-2.30164174,1.4121461000000002,-0.37748841,-2.00556784,0.439587,-0.377469,1.0
2458309.686194,1.008941,-2.30751708,1.40712649,-0.37601384,-1.99931286,0.43835492,-0.37599486,1.0
2458309.691069,1.018345,-2.30755516,1.40709387,-0.37600426,-1.99927235,0.43834739,-0.37598528,1.0
2458309.695851,1.017417,-2.30759252,1.40706187,-0.37599486,-1.99923261,0.43834001,-0.37597588,1.0
2458309.700722,1.023427,-2.30763056,1.40702927,-0.37598528,-1.99919214,0.4383325,-0.37596631,1.0
2458309.705626,1.03742,-2.30766887,1.40699645,-0.37597564,-1.99915139,0.43832494,-0.37595667,1.0
2458309.710562,1.043261,-2.30770742,1.40696342,-0.37596594,-1.99911037,0.43831734,-0.37594697,1.0
2458309.715412,1.0494139999999998,-2.3077453,1.40693095,-0.3759564,-1.99907008,0.43830988,-0.37593744,1.0
2458309.720156,1.050648,-2.30778235,1.4068992,-0.37594708,-1.99903066,0.43830259,-0.37592812,1.0
2458309.725002,1.048518,-2.3078202,1.40686677,-0.37593755,-1.9989904,0.43829514,-0.37591859,1.0
2458309.729777,1.046103,-2.30785749,1.40683481,-0.37592816,-1.99895073,0.43828782,-0.37590921,1.0
2458309.734709,1.030111,-2.30789601,1.4068018,-0.37591847,-1.99890975,0.43828025,-0.37589952,1.0
2458309.7395470003,1.018975,-2.30793379,1.40676942,-0.37590896,-1.99886956,0.43827284,-0.37589001,1.0
2458309.744351,1.006225,-2.30797131,1.40673727,-0.37589951,-1.99882965,0.43826548,-0.37588057,1.0
2458309.749282,0.9998591,-2.30800982,1.40670426,-0.37588982,-1.99878869,0.43825794,-0.37587088,1.0
2458309.7544810004,0.9863021,-2.30805042,1.40666946,-0.3758796,-1.9987455,0.43824999,-0.37586066,1.0
2458309.759416,0.9766198,-2.30808896,1.40663643,-0.37586989,-1.99870451,0.43824245,-0.37585096,1.0
2458309.7641950003,0.9692788,-2.30812628,1.40660444,-0.3758605,-1.99866481,0.43823516,-0.37584156,1.0
2458309.76911,0.9578497,-2.30816466,1.40657154,-0.37585083,-1.99862399,0.43822767,-0.3758319000000001,1.0
2458309.7740490003,0.9481234,-2.30820322,1.40653848,-0.37584112,-1.99858296,0.43822014,-0.3758222,1.0
2458309.778986,0.9415475,-2.30824177,1.40650543,-0.37583142,-1.99854196,0.43821263,-0.37581249,1.0
2458309.78379,0.9325113000000002,-2.30827928,1.40647327,-0.37582197,-1.99850206,0.43820532,-0.37580305,1.0
2458309.788528,0.9301529,-2.30831628,1.40644155,-0.37581265,-1.99846271,0.43819812,-0.37579374,1.0
2458309.793446,0.9262112,-2.30835468,1.40640863,-0.37580298,-1.99842187,0.43819065,-0.37578407,1.0
2458309.798369,0.9263175,-2.30839311,1.40637567,-0.3757933,-1.99838099,0.43818318,-0.37577439,1.0
2458309.803217,0.9302894,-2.30843096,1.40634322,-0.37578377,-1.99834073,0.43817583,-0.37576486,1.0
2458309.8079810003,0.9317989,-2.30846816,1.40631133,-0.3757744,-1.99830116,0.43816861,-0.3757555,1.0
2458309.8125830004,0.9300739,-2.30850409,1.40628052,-0.37576535,-1.99826295,0.43816164,-0.37574645,1.0
2458309.817515,0.9301285,-2.30854259,1.4062475,-0.37575566,-1.998222,0.43815419,-0.37573676,1.0
2458309.822439,0.9320911,-2.30858103,1.40621453,-0.37574597,-1.99818111,0.43814674,-0.37572708,1.0
2458309.827364,0.9328596,-2.30861948,1.40618156,-0.37573629,-1.99814022,0.43813931,-0.3757174,1.0
2458309.8320560004,0.931746,-2.30865611,1.40615015,-0.37572706,-1.99810126,0.43813223,-0.37570817,1.0
2458309.8366650003,0.9336289,-2.30869209,1.40611929,-0.375718,-1.998063,0.43812528,-0.37569911,1.0
2458309.841396,0.9361286,-2.30872902,1.40608761,-0.37570869,-1.99802372,0.43811815,-0.37568981,1.0
2458309.848869,0.9566331,-2.30878736,1.40603758,-0.375694,-1.99796168,0.43810691,-0.37567512,1.0
2458309.853792,0.9780573,-2.30882578,1.40600462,-0.37568432,-1.99792081,0.4380995,-0.37566544,1.0
2458309.8587240004,1.001963,-2.30886428,1.40597159,-0.37567462,-1.99787987,0.4380920999999999,-0.37565575,1.0
2458309.863584,1.014235,-2.30890221,1.40593905,-0.37566506,-1.99783953,0.4380848,-0.37564619,1.0
2458309.868542,1.047942,-2.30894091,1.40590585,-0.37565531,-1.99779837,0.43807737,-0.37563644,1.0
2458309.873498,1.067973,-2.3089796,1.40587267,-0.37564556,-1.99775723,0.43806994,-0.3756267,1.0
2458309.878323,1.06987,-2.30901726,1.40584036,-0.37563607,-1.99771718,0.43806272,-0.37561721,1.0
2458309.883224,1.079024,-2.30905551,1.40580754,-0.37562643,-1.99767651,0.43805539,-0.37560758,1.0
2458309.888177,1.084576,-2.30909416,1.40577438,-0.37561669,-1.9976354,0.43804798,-0.37559784,1.0
2458309.893114,1.09591,-2.30913269,1.40574132,-0.37560698,-1.99759442,0.43804061,-0.37558813,1.0
2458309.898047,1.088983,-2.30917119,1.40570828,-0.37559728,-1.99755348,0.43803325,-0.37557843,1.0
2458309.902881,1.083936,-2.30920892,1.40567591,-0.37558777,-1.99751337,0.43802604,-0.37556893,1.0
2458309.907898,1.066002,-2.30924807,1.40564231,-0.3755779,-1.99747173,0.43801857,-0.37555906,1.0
2458309.912815,1.055061,-2.30928644,1.40560939,-0.37556823,-1.99743093,0.43801125,-0.3755494,1.0
2458309.9186130003,1.0310979999999998,-2.30933169,1.40557056,-0.37555683,-1.99738281,0.43800263,-0.375538,1.0
2458309.923522,1.018006,-2.30937,1.40553768,-0.37554717,-1.99734208,0.43799534,-0.37552834,1.0
2458309.928442,1.008653,-2.30940839,1.40550473,-0.37553749,-1.99730125,0.43798803,-0.37551867,1.0
2458309.933313,1.005292,-2.3094464,1.40547211,-0.37552791,-1.99726084,0.43798081,-0.37550909,1.0
2458334.379511,0.9921823,-2.49022862,1.23594384,-0.32589383,-1.82140001,0.47295285,-0.32588391,1.0
2458334.3847040003,1.007181,-2.49026488,1.23590671,-0.32588299,-1.82137051,0.47297424,-0.32587307,1.0
2458334.389898,1.001833,-2.49030113,1.23586957,-0.32587215,-1.82134101,0.47299564,-0.32586224,1.0
2458334.395091,1.009542,-2.49033738,1.23583243,-0.32586131,-1.82131152,0.47301704,-0.3258514,1.0
2458334.400285,1.015193,-2.49037363,1.23579529,-0.32585047,-1.82128202,0.47303845,-0.32584056,1.0
2458334.405478,1.019565,-2.49040987,1.23575816,-0.32583963,-1.82125254,0.47305987,-0.32582972,1.0
2458334.410672,1.036072,-2.49044612,1.23572102,-0.32582879,-1.82122305,0.47308128,-0.32581888,1.0
2458334.4158650003,1.0337040000000002,-2.49048237,1.23568388,-0.32581795,-1.82119358,0.47310271,-0.32580804,1.0
2458334.421059,1.057225,-2.49051861,1.23564674,-0.3258071,-1.8211641,0.47312414,-0.3257972,1.0
2458334.426252,1.043619,-2.49055486,1.2356096,-0.32579626,-1.82113463,0.47314557,-0.32578636,1.0
2458334.431446,1.031597,-2.4905911,1.23557246,-0.32578542,-1.82110517,0.47316702,-0.32577552,1.0
2458334.436639,1.021018,-2.49062735,1.23553532,-0.32577458,-1.8210757,0.47318846,-0.32576468,1.0
2458334.441833,1.007636,-2.49066359,1.23549818,-0.32576374,-1.82104625,0.47320991,-0.32575384,1.0
2458334.447026,0.9995195,-2.49069983,1.23546104,-0.32575289,-1.82101679,0.47323137,-0.32574301,1.0
2458334.45222,0.9851738,-2.49073607,1.2354239,-0.32574205,-1.82098734,0.47325283,-0.32573217,1.0
2458334.457413,0.9848902,-2.49077231,1.23538675,-0.32573121,-1.8209579,0.4732742999999999,-0.32572133,1.0
2458334.462607,0.9710551,-2.49080855,1.23534961,-0.32572037,-1.82092846,0.47329577,-0.32571049,1.0
2458334.4678,0.9593829,-2.49084478,1.23531247,-0.32570952,-1.82089902,0.47331725,-0.32569965,1.0
2458334.472994,0.949904,-2.49088102,1.23527532,-0.32569868,-1.82086959,0.47333874,-0.32568881,1.0
2458334.478187,0.9365432,-2.49091725,1.23523818,-0.32568784,-1.82084016,0.47336023,-0.32567796,1.0
2458334.4833810003,0.9290209,-2.49095349,1.23520103,-0.32567699,-1.82081073,0.47338172,-0.32566712,1.0
2458334.488574,0.9283984,-2.49098972,1.23516389,-0.32566615,-1.82078131,0.47340322,-0.32565628,1.0
2458334.493768,0.9199378,-2.49102596,1.23512674,-0.32565531,-1.8207519,0.47342473,-0.32564544,1.0
2458334.498961,0.9199706,-2.49106219,1.2350896,-0.32564446,-1.82072248,0.47344624,-0.32563459999999994,1.0
2458334.504155,0.9281871,-2.49109842,1.23505245,-0.32563362,-1.82069308,0.47346775,-0.32562376,1.0
2458334.509348,0.9288223,-2.49113465,1.2350153,-0.32562278,-1.82066367,0.47348928,-0.32561292,1.0
2458334.514542,0.9340805,-2.49117088,1.23497816,-0.32561193,-1.82063427,0.4735108,-0.32560208,1.0
2458334.519735,0.9347892,-2.49120711,1.23494101,-0.32560109,-1.82060488,0.47353234,-0.32559124,1.0
2458334.524929,0.9297013,-2.49124333,1.23490386,-0.32559024,-1.82057549,0.47355387,-0.3255804,1.0
2458334.5301220003,0.9289103,-2.49127956,1.23486671,-0.3255794,-1.8205461,0.47357542,-0.32556956,1.0
2458334.535316,0.9435775,-2.49131578,1.23482956,-0.32556856,-1.82051672,0.47359697,-0.32555871,1.0
2458334.540509,0.9517634,-2.49135201,1.23479241,-0.32555771,-1.82048734,0.47361852,-0.32554787,1.0
2458334.545703,0.9747188,-2.49138823,1.23475526,-0.32554687,-1.82045797,0.47364008,-0.32553703,1.0
2458334.550896,0.9831825,-2.49142446,1.23471811,-0.32553602,-1.8204286,0.47366165,-0.32552619,1.0
2458334.55609,1.011103,-2.49146068,1.23468096,-0.32552518,-1.82039923,0.47368322,-0.32551535,1.0
2458334.5612830003,1.036435,-2.4914969,1.23464381,-0.32551433,-1.82036987,0.47370479,-0.32550450000000003,1.0
2458334.566477,1.077783,-2.49153312,1.23460666,-0.32550349,-1.82034051,0.47372637,-0.32549366,1.0
2458334.57167,1.082893,-2.49156934,1.23456951,-0.32549264,-1.82031116,0.47374796,-0.32548282,1.0
2458334.576864,1.072272,-2.49160556,1.23453235,-0.3254818,-1.82028181,0.47376955,-0.32547198,1.0
2458334.582057,1.070461,-2.49164177,1.2344952,-0.32547095,-1.82025246,0.47379115,-0.32546113,1.0
2458334.587251,1.077145,-2.49167799,1.23445805,-0.32546011,-1.82022312,0.47381275,-0.32545029,1.0
2458334.592444,1.077669,-2.49171421,1.23442089,-0.32544926,-1.82019379,0.47383436,-0.32543945,1.0
2458334.5976380003,1.071298,-2.49175042,1.23438374,-0.32543841,-1.82016446,0.47385597,-0.32542861,1.0
2458334.602831,1.072628,-2.49178663,1.23434658,-0.32542757,-1.82013513,0.47387759,-0.32541776,1.0
2458334.608025,1.057888,-2.49182285,1.23430943,-0.32541672,-1.8201058,0.47389922,-0.32540692,1.0
2458334.613218,1.040712,-2.49185906,1.23427227,-0.32540588,-1.82007648,0.47392085,-0.32539608,1.0
2458334.618412,1.029696,-2.49189527,1.23423511,-0.32539503,-1.82004717,0.47394248,-0.32538523,1.0
2458334.623605,1.004669,-2.49193148,1.23419796,-0.32538418,-1.82001786,0.47396412,-0.32537439,1.0
2458334.6287990003,1.004765,-2.49196769,1.2341608,-0.32537334,-1.81998855,0.47398577,-0.32536355,1.0
2458334.633992,0.9927654,-2.4920039000000003,1.23412364,-0.32536249,-1.81995924,0.47400742,-0.3253527,1.0
