2446288.635581,1.046872,-1.4609418,1.77072653,0.49750161,-0.70055916,1.10070322,0.4974715,1.0
2446288.642016,1.060458,-1.46100763,1.77068598,0.49750964,-0.70055359,1.10074532,0.49747953,1.0
2446288.64484,1.060458,-1.46103651,1.77066818,0.49751317,-0.70055115,1.10076381,0.49748306,1.0
2446288.651669,1.0624129999999998,-1.46110636,1.77062515,0.49752169,-0.70054526,1.1008085,0.49749158,1.0
2446288.654817,1.052673,-1.46113856,1.77060531,0.49752562,-0.70054255,1.10082911,0.49749551,1.0
2446288.661378,1.037274,-1.46120568,1.77056396,0.49753381,-0.7005369,1.10087207,0.49750371,1.0
2446288.66404,1.027764,-1.46123291,1.77054718,0.49753713,-0.70053461,1.1008895,0.49750703,1.0
2446288.669642,1.007148,-1.46129021,1.77051187,0.49754412,-0.70052979,1.10092618,0.49751402,1.0
2446288.672316,0.9942451,-1.46131756,1.77049502,0.49754745,-0.7005275,1.10094369,0.49751736,1.0
2446288.6777790003,0.9716132,-1.46137343,1.77046059,0.49755427,-0.70052281,1.10097947,0.49752418,1.0
2446288.680464,0.9609337,-1.46140089,1.77044366,0.49755762,-0.70052051,1.10099705,0.49752753,1.0
2446288.686737,0.9425262,-1.46146505,1.77040412,0.49756544,-0.70051513,1.10103814,0.49753536,1.0
2446288.689456,0.9451342,-1.46149287,1.77038698,0.49756884,-0.70051281,1.10105596,0.49753875,1.0
2446288.696945,0.9356071,-1.46156946,1.77033977,0.49757818,-0.70050641,1.10110503,0.4975481,1.0
2446288.700232,0.9338852,-1.46160307,1.77031905,0.49758228,-0.7005036,1.10112657,0.4975522,1.0
2446288.7063080003,0.9373321,-1.46166521,1.77028075,0.49758986,-0.70049842,1.10116638,0.49755979,1.0
2446288.708947,0.9390602,-1.4616922,1.77026411,0.49759315,-0.70049617,1.10118368,0.49756308,1.0
2446288.715081,0.9494966,-1.46175493,1.77022544,0.4976008,-0.70049095,1.10122389,0.49757073,1.0
2446288.717905,0.9512473,-1.46178381,1.77020763,0.49760432,-0.70048855,1.1012423999999998,0.49757426,1.0
2446288.724802,0.9671492,-1.46185435,1.77016414,0.49761292,-0.70048269,1.10128762,0.49758286,1.0
2446288.728344,0.9734047,-1.46189057,1.77014181,0.49761734,-0.70047968,1.10131085,0.49758728,1.0
2446288.742059,1.004369,-1.46203082,1.77005533,0.49763444,-0.70046806,1.10140079,0.49760439,1.0
2446288.745532,1.0062209999999998,-1.46206633,1.77003343,0.49763877,-0.70046513,1.10142357,0.49760873,1.0
2446288.751886,1.026818,-1.4621313,1.76999337,0.49764669,-0.70045976,1.10146526,0.49761665,1.0
2446288.756387,1.026818,-1.46217734,1.76996498,0.49765231,-0.70045597,1.10149479,0.49762227,1.0
2446288.764581,1.036319,-1.46226112,1.7699133000000002,0.49766252,-0.70044906,1.10154856,0.49763249,1.0
2446288.767244,1.032508,-1.46228835,1.76989651,0.49766584,-0.70044682,1.10156604,0.49763581,1.0
2446288.774628,1.035365,-1.46236385,1.76984994,0.49767505,-0.70044062,1.1016145,0.49764502,1.0
2446288.778632,1.036319,-1.46240478,1.76982469,0.49768004,-0.70043726,1.10164079,0.49765001,1.0
2446288.788666,1.0221,-1.46250738,1.76976139,0.49769254,-0.70042885,1.10170667,0.49766252,1.0
2446288.7928560004,1.016467,-1.46255022,1.76973497,0.49769777,-0.70042534,1.10173418,0.49766775,1.0
2446289.514431,1.002525,-1.46991903,1.76517291,0.4985941,-0.69986971,1.10651146,0.49856455,1.0
2446289.523308,1.0277690000000002,-1.47000957,1.76511665,0.49860509,-0.69986347,1.10657071,0.49857555,1.0
2446289.531642,1.052678,-1.47009457,1.76506384,0.49861541,-0.69985763,1.10662634,0.49858587,1.0
2446289.53994,1.067322,-1.4701792,1.76501125,0.49862568,-0.69985183,1.10668175,0.49859615,1.0
2446289.549349,1.058511,-1.47027517,1.76495161,0.49863733,-0.69984526,1.10674459,0.4986077999999999,1.0
2446289.558076,1.039191,-1.47036418,1.7648963,0.49864813,-0.69983919,1.10680288,0.49861861,1.0
2446289.567208,0.9988387,-1.4704573,1.76483841,0.49865943,-0.69983285,1.10686389,0.49862991,1.0
2446289.575853,0.9680446,-1.47054547,1.76478361,0.49867013,-0.69982686,1.10692167,0.49864062,1.0
2446289.584418,0.9503757,-1.47063282,1.76472931,0.49868072,-0.69982094,1.10697891,0.49865122,1.0
2446289.593179,0.9381999,-1.47072216,1.76467377,0.49869156,-0.6998149,1.10703747,0.49866207,1.0
2446289.6012810003,0.9399296,-1.47080477,1.7646224,0.49870159,-0.69980932,1.10709164,0.4986721,1.0
2446289.60937,0.9512515,-1.47088726,1.76457111,0.49871159,-0.69980377,1.10714574,0.49868211,1.0
2446289.61812,0.970723,-1.47097648,1.76451563,0.49872242,-0.69979778,1.10720427,0.49869294,1.0
2446289.627194,0.9860419,-1.471069,1.76445809,0.49873364,-0.69979158,1.10726497,0.49870417,1.0
2446289.636222,1.008081,-1.47116105,1.76440084,0.49874481,-0.69978542,1.10732537,0.49871534,1.0
2446289.644717,1.026822,-1.47124767,1.76434696,0.49875531,-0.69977965,1.10738223,0.49872585,1.0
2446289.653085,1.028716,-1.47133298,1.76429389,0.49876566,-0.69977397,1.10743824,0.4987362,1.0
2446289.662425,1.034416,-1.4714282,1.76423465,0.49877721,-0.69976765,1.10750077,0.49874776,1.0
2446289.681614,1.025877,-1.47162384,1.76411293,0.49880093,-0.69975472,1.10762929,0.49877149,1.0
2446289.69144,1.018346,-1.471724,1.76405059,0.49881308,-0.69974812,1.10769511,0.49878364,1.0
2446289.700641,1.012734,-1.47181779,1.76399222,0.49882445,-0.69974196,1.10775676,0.49879502,1.0
2446289.710351,0.9997591,-1.47191678,1.76393061,0.49883645,-0.69973547,1.10782184,0.49880703,1.0
2446289.720964,0.9860419,-1.47202496,1.76386328,0.49884957,-0.69972841,1.10789299,0.49882015,1.0
2446289.73049,0.9797051,-1.47212206,1.76380283,0.49886134,-0.69972208,1.10795686,0.49883193,1.0
2446289.740304,1.008081,-1.47222209,1.76374055,0.49887346,-0.69971558,1.10802268,0.49884406,1.0
2446289.750674,1.042066,-1.47232779,1.76367474,0.49888628,-0.69970873,1.10809224,0.49885688,1.0
2446289.761438,1.064377,-1.47243749,1.76360643,0.49889957,-0.69970165,1.10816445,0.49887019,1.0
2446289.7707080003,1.060462,-1.47253197,1.76354759,0.49891102,-0.69969556,1.10822667,0.49888164,1.0
2446289.779875,1.042066,-1.47262539,1.7634894,0.49892235,-0.69968956,1.1082882,0.49889297,1.0
2446289.790002,0.9970003,-1.47272859,1.76342512,0.49893485,-0.69968294,1.10835619,0.49890548,1.0
2446289.797502,0.9671533,-1.47280502,1.76337751,0.49894411,-0.69967806,1.10840655,0.49891475,1.0
2446289.805869,0.9416626,-1.47289029,1.76332439,0.49895445,-0.69967262,1.10846274,0.49892509,1.0
2446289.814075,0.9347497,-1.47297391,1.76327229,0.49896458,-0.6996673000000001,1.10851786,0.49893523,1.0
2446289.8226630003,0.9364731,-1.47306142,1.76321777,0.49897518,-0.69966175,1.10857556,0.49894583,1.0
2446289.829457,0.9373361,-1.47313065,1.76317463,0.49898357,-0.69965736,1.10862121,0.49895423,1.0
2446289.8364580004,0.9600532,-1.47320199,1.76313017,0.49899221,-0.69965285,1.10866827,0.49896287,1.0
2446292.662916,1.052546,-1.50186727,1.74502301,0.50243604,-0.69859075,1.12823563,0.50240858,1.0
2446292.707335,0.9831983,-1.50231561,1.74473591,0.50248944,-0.69858632,1.12855203,0.50246201,1.0
2446292.7138400003,0.9714963,-1.50238126,1.74469386,0.50249725,-0.6985857,1.12859839,0.50246983,1.0
2446292.717034,0.9652529,-1.50241349,1.74467322,0.50250109,-0.6985854,1.12862115,0.50247368,1.0
2446292.724453,0.9643644,-1.50248836,1.74462525,0.50251001,-0.69858471,1.12867403,0.5024826,1.0
2446292.730818,0.9537646,-1.5025526000000002,1.7445841,0.50251766,-0.69858413,1.12871941,0.50249025,1.0
2446292.734614,0.9590497,-1.50259091,1.74455956,0.50252222,-0.69858378,1.12874647,0.50249481,1.0
2446292.744209,0.981389,-1.50268774,1.74449752,0.50253375,-0.69858293,1.12881489,0.50250635,1.0
2446292.752311,1.001477,-1.50276949,1.74444514,0.50254348,-0.69858222,1.12887267,0.50251609,1.0
2446292.754764,1.001477,-1.50279425,1.74442927,0.50254643,-0.6985819999999999,1.12889017,0.50251904,1.0
2446292.761257,1.007027,-1.50285977,1.74438729,0.50255423,-0.69858145,1.12893648,0.50252684,1.0
2446292.772229,1.043857,-1.50297048,1.74431634,0.50256741,-0.69858053,1.12901475,0.50254003,1.0
2446292.776546,1.040019,-1.50301404,1.74428842,0.5025725999999999,-0.69858017,1.12904556,0.50254522,1.0
2446292.790353,1.075081,-1.50315336,1.74419913,0.50258918,-0.69857906,1.12914409,0.50256181,1.0
2446325.501505,1.007965,-1.81424561,1.51298488,0.53581046,-0.81419933,1.41243115,0.53580826,1.0
2446325.506963,0.9895674,-1.81429425,1.51294325,0.5358149999999999,-0.8142401,1.4124826,0.53581281,1.0
2446325.509379,0.9617129,-1.81431579,1.51292482,0.53581701,-0.81425816,1.41250539,0.53581482,1.0
2446325.51242,0.964374,-1.81434288,1.51290162,0.53581954,-0.81428088,1.41253406,0.53581735,1.0
2446325.518379,0.9389564,-1.81439598,1.51285617,0.53582449,-0.81432542,1.41259023,0.53582231,1.0
2446325.5212540003,0.9406877,-1.8144216,1.51283425,0.53582688,-0.8143469,1.41261734,0.5358246999999999,1.0
2446325.523504,0.92097,-1.81444164,1.51281709,0.53582875,-0.81436372,1.41263855,0.53582657,1.0
2446325.529919,0.9226681,-1.81449881,1.51276815,0.53583408,-0.81441169,1.41269903,0.53583191,1.0
2446325.532836,0.9294917,-1.8145248,1.5127459,0.53583651,-0.8144335,1.41272653,0.53583434,1.0
2446325.535253,0.8835791,-1.81454633,1.51272746,0.53583852,-0.81445158,1.41274932,0.53583635,1.0
2446325.540668,0.8770927,-1.81459459,1.51268615,0.53584302,-0.81449208,1.41280037,0.53584085,1.0
2446325.543918,0.8746723,-1.81462354,1.51266136,0.53584572,-0.81451639,1.41283101,0.53584355,1.0
2446325.54796,1.009823,-1.81465955,1.51263053,0.53584908,-0.81454663,1.41286912,0.53584692,1.0
2446325.549918,0.9795926,-1.814677,1.5126156000000002,0.5358507,-0.81456128,1.41288758,0.53584855,1.0
2446325.553168,0.983208,-1.81470595,1.51259081,0.53585341,-0.8145856,1.41291821,0.53585125,1.0
2446325.559417,1.020106,-1.81476163,1.51254313,0.5358586,-0.81463237,1.41297713,0.53585645,1.0
2446325.562084,1.067199,-1.81478539,1.51252278,0.53586081,-0.81465233,1.41300227,0.53585866,1.0
2446325.564792,1.089044,-1.81480952,1.51250213,0.53586306,-0.8146726,1.4130278,0.53586092,1.0
2446325.567709,1.068183,-1.8148355,1.51247987,0.53586549,-0.81469444,1.4130553,0.53586334,1.0
2446325.5705830003,1.016355,-1.81486111,1.51245794,0.53586787,-0.81471596,1.4130824,0.53586573,1.0
2446325.575958,1.16157,-1.814909,1.51241694,0.53587234,-0.81475621,1.41313307,0.5358702,1.0
2446325.578458,1.171239,-1.81493127,1.51239787,0.53587442,-0.81477493,1.41315664,0.53587228,1.0
2446325.581791,1.173398,-1.81496096,1.51237244,0.53587718,-0.8147999,1.41318806,0.53587505,1.0
2446325.586457,1.170161,-1.81500253,1.51233683,0.53588106,-0.81483485,1.41323206,0.53587893,1.0
2446325.589374,1.091052,-1.81502851,1.51231458,0.53588348,-0.81485671,1.41325956,0.53588136,1.0
2446325.59254,1.125759,-1.81505671,1.51229043,0.53588611,-0.81488043,1.4132893999999998,0.53588399,1.0
2446325.595249,1.122653,-1.81508084,1.51226976,0.53588836,-0.81490073,1.41331494,0.53588624,1.0
2446325.600914,1.074102,-1.81513131,1.51222653,0.53589307,-0.81494319,1.41336835,0.53589095,1.0
2446325.603164,0.9923054,-1.81515135,1.51220936,0.53589493,-0.81496005,1.41338956,0.53589282,1.0
2446325.606581,1.001487,-1.81518179,1.51218329,0.53589777,-0.81498567,1.41342178,0.53589566,1.0
2446325.609373,0.8860239999999999,-1.81520666,1.51216199,0.53590009,-0.8150066,1.4134481,0.53589798,1.0
2446325.614122,0.9049934,-1.81524896,1.51212575,0.53590403,-0.81504221,1.41349287,0.53590193,1.0
2446325.616455,0.8508351999999999,-1.81526974,1.51210795,0.53590597,-0.81505971,1.41351487,0.53590386,1.0
2446325.624163,0.8291735999999998,-1.81533839,1.51204913,0.53591237,-0.81511751,1.41358753,0.53591027,1.0
2447581.714523,0.8672854999999999,2.44450426,0.13484836,-0.46210038,1.54224639,0.5417079,-0.46208774,1.0
2447581.71644,0.8252053,2.44449938,0.1348695,-0.46209689,1.54222742,0.54169885,-0.46208425,1.0
2447581.717648,0.8274884,2.4444963,0.13488282,-0.46209469,1.54221546,0.54169314,-0.46208205,1.0
2447581.722773,0.8850379,2.44448326,0.13493934,-0.46208536,1.54216474,0.54166894,-0.46207273,1.0
2447581.724649,0.8915834,2.44447849,0.13496001,-0.46208195,1.54214619,0.54166009,-0.46206932,1.0
2447581.725816,0.8625058000000001,2.44447552,0.13497288,-0.46207983,1.54213464,0.54165458,-0.4620672000000001,1.0
2447581.7293990003,0.9344627,2.44446639,0.1350124,-0.46207331,1.54209918,0.54163765,-0.46206068,1.0
2447581.7312740004,0.9174067,2.44446162,0.13503307,-0.46206989,1.54208063,0.5416288,-0.46205727,1.0
2447581.732441,0.8720916,2.44445865,0.13504594,-0.46206777,1.54206909,0.54162328,-0.46205514,1.0
2447581.7358580003,0.9535906,2.44444995,0.13508362,-0.46206155,1.54203528,0.54160714,-0.46204893,1.0
2447581.738483,1.022732,2.44444327,0.13511257,-0.46205677,1.54200931,0.54159474,-0.46204415,1.0
2447581.7397330003,1.003141,2.44444008,0.13512636,-0.4620545,1.54199694,0.54158884,-0.46204188,1.0
2447581.743484,0.9776021,2.44443054,0.13516771,-0.46204767,1.54195985,0.54157112,-0.46203505,1.0
2447581.746025,1.004065,2.44442407,0.13519573,-0.46204305,1.54193472,0.54155911,-0.46203043,1.0
2447581.747192,1.029347,2.44442109,0.1352086,-0.46204092,1.54192317,0.5415536,-0.46202831,1.0
2447581.75065,1.0274530000000002,2.44441229,0.13524673,-0.46203463,1.54188897,0.54153726,-0.46202202,1.0
2447581.781402,1.138052,2.44433395,0.13558583,-0.46197866,1.54158497,0.54139188,-0.46196606,1.0
2447581.783944,1.113171,2.44432748,0.13561386,-0.46197403,1.54155985,0.54137985,-0.46196144,1.0
2447581.785152,1.0630700000000002,2.4443244,0.13562718,-0.46197183,1.54154791,0.54137414,-0.46195924,1.0
2447581.788528,1.026507,2.4443158,0.1356644,-0.46196569,1.54151456,0.54135817,-0.4619531,1.0
2447581.789778,1.046555,2.44431261,0.13567819,-0.46196341,1.54150221,0.54135226,-0.46195082,1.0
2447581.791028,1.052354,2.44430943,0.13569197,-0.46196114,1.54148986,0.54134635,-0.46194855,1.0
2447581.793487,1.086831,2.44430316,0.13571909,-0.46195666,1.54146556,0.54133471,-0.46194407,1.0
2447581.794695,1.039829,2.44430008,0.13573241,-0.46195446,1.54145362,0.541329,-0.46194187,1.0
2447581.799195,1.021791,2.44428861,0.13578203,-0.46194627,1.54140917,0.5413077,-0.46193369,1.0
2447581.800362,1.0284,2.44428564,0.1357949,-0.46194414,1.54139764,0.54130218,-0.46193156,1.0
2447581.801737,0.9794041,2.44428213,0.13581006,-0.46194164,1.54138406,0.54129567,-0.46192906,1.0
2447581.802945,1.018034,2.44427905,0.13582339,-0.46193944,1.54137212,0.54128996,-0.46192686,1.0
2447581.805988,0.956229,2.4442713,0.13585693,-0.4619339,1.54134208,0.54127556,-0.46192132,1.0
2447581.807738,0.9615282,2.44426684,0.13587623,-0.46193072,1.54132479,0.54126728,-0.46191814,1.0
2447581.810113,0.9276027,2.44426078,0.13590242,-0.46192639,1.54130133,0.54125604,-0.46191382,1.0
2447581.812446,0.8990049999999999,2.44425483,0.13592815,-0.46192215,1.54127829,0.54124499,-0.46190957,1.0
2447581.815529,0.8761169,2.44424697,0.13596214,-0.46191653,1.54124785,0.5412304,-0.46190396,1.0
2447581.816738,0.9140334,2.44424389,0.13597548,-0.46191433,1.54123591,0.54122468,-0.46190176,1.0
2447581.818029,0.9131919,2.4442406,0.13598971,-0.46191198,1.54122316,0.54121856,-0.46189941,1.0
2447581.81928,0.8874869000000001,2.44423741,0.1360035,-0.4619097,1.54121082,0.54121264,-0.46189714,1.0
2447581.8236970003,0.8609184999999999,2.44422615,0.13605221,-0.46190166,1.54116721,0.54119173,-0.4618891,1.0
2447581.825864,0.8915834,2.44422062,0.1360761,-0.46189772,1.54114581,0.54118147,-0.46188515,1.0
2447581.82703,0.8874869000000001,2.44421765,0.13608896,-0.46189559,1.5411343000000002,0.54117595,-0.46188303,1.0
2447581.828239,0.8932276,2.44421456,0.13610229,-0.46189339,1.54112237,0.54117022,-0.46188083,1.0
2447581.831405,0.9370483,2.44420649,0.13613721,-0.46188763,1.54109111,0.54115523,-0.46187507,1.0
2447581.832614,0.9310264,2.44420341,0.13615054,-0.46188543,1.54107918,0.5411495,-0.46187287,1.0
2447581.8338220003,0.9448482,2.44420032,0.13616386,-0.46188323,1.54106725,0.54114378,-0.46187067,1.0
2447581.836198,0.998532,2.44419427,0.13619005,-0.4618789000000001,1.54104381,0.54113253,-0.46186634,1.0
2447581.83924,1.023675,2.44418651,0.13622359,-0.46187336,1.54101379,0.54111812,-0.46186081,1.0
2447581.840448,0.9893773,2.44418343,0.13623691,-0.46187116,1.54100186,0.5411123999999999,-0.46185861,1.0
2447581.841823,1.015224,2.44417992,0.13625208,-0.46186866,1.54098829,0.54110589,-0.46185611,1.0
2447581.8430310003,1.004065,2.44417684,0.1362654,-0.46186646,1.54097637,0.54110016,-0.46185391,1.0
2447581.846198,1.030296,2.44416876,0.13630032,-0.46186069,1.54094512,0.54108516,-0.46184814,1.0
2447581.849781,1.0513860000000002,2.44415962,0.13633983,-0.46185417,1.54090976,0.54106818,-0.46184162,1.0
2447581.854157,1.111122,2.44414845,0.13638808,-0.4618462,1.5408666000000002,0.54104745,-0.46183366,1.0
2447581.858866,1.153883,2.44413644,0.13644001,-0.46183763,1.54082014,0.54102513,-0.46182508,1.0
2447581.860074,1.154947,2.44413336,0.13645333,-0.46183543,1.54080822,0.54101941,-0.46182288,1.0
2447581.861491,1.132823,2.44412974,0.13646895,-0.46183285,1.54079424,0.54101269,-0.4618203,1.0
2447581.862657,1.145413,2.44412676,0.13648181,-0.46183072,1.54078274,0.54100716,-0.46181818,1.0
2447581.865824,1.164561,2.44411868,0.13651673,-0.46182496,1.5407515,0.54099215,-0.46181242,1.0
2447581.867992,1.130738,2.44411315,0.13654063,-0.46182101,1.54073013,0.54098188,-0.46180847,1.0
2447581.8692,1.1391,2.44411007,0.13655395,-0.46181881,1.54071821,0.54097615,-0.46180627,1.0
2447581.870367,1.180761,2.44410709,0.13656682,-0.46181668,1.5407067,0.54097062,-0.46180415,1.0
2447581.873367,1.154947,2.44409943,0.1365999,-0.46181122,1.54067712,0.5409564,-0.46179869,1.0
2447581.875575,1.222819,2.4440938,0.13662425,-0.4618072,1.54065534,0.54094593,-0.46179467,1.0
2447582.777424,1.213303,2.44177289,0.14656751,-0.46016125,1.53185585,0.53661929,-0.46014931,1.0
2447582.780299,1.184594,2.44176543,0.1465992,-0.46015599,1.5318281,0.53660533,-0.46014405,1.0
2447582.781465,1.202179,2.4417624,0.14661206,-0.46015386,1.53181684,0.53659967,-0.46014192,1.0
2447582.782757,1.22453,2.44175905,0.1466263,-0.4601515000000001,1.53180437,0.5365934,-0.46013956,1.0
2447582.785799,1.227917,2.44175116,0.14665984,-0.46014593,1.53177501,0.53657864,-0.460134,1.0
2447582.788007,1.195554,2.44174543,0.14668418,-0.46014189,1.53175369,0.53656792,-0.46012996,1.0
2447582.789216,1.201073,2.44174229,0.14669749999999998,-0.46013968,1.53174204,0.53656205,-0.46012775,1.0
2447582.790675,1.231315,2.44173851,0.14671359,-0.46013701,1.53172795,0.53655497,-0.46012508,1.0
2447582.794175,1.193354,2.44172942,0.14675217,-0.46013061,1.53169418,0.53653798,-0.46011868,1.0
2447582.796591,1.178065,2.44172315,0.14677881,-0.46012619,1.53167086,0.53652625,-0.46011426,1.0
2447582.7978,1.174815,2.44172001,0.14679214,-0.46012398,1.5316591999999998,0.53652038,-0.46011205,1.0
2447582.7993,1.147015,2.44171612,0.14680867,-0.46012124,1.53164472,0.53651309,-0.46010931,1.0
2447582.803758,1.119874,2.44170455,0.14685782,-0.46011308,1.53160171,0.53649144,-0.46010116,1.0
2447582.806051,1.086349,2.4416986,0.14688309,-0.46010889,1.5315796,0.53648031,-0.46009697,1.0
2447582.807217,1.0665209999999998,2.44169557,0.14689595,-0.46010675,1.53156835,0.53647465,-0.46009483,1.0
2447582.808592,1.062599,2.441692,0.14691111,-0.46010424,1.53155508,0.53646797,-0.46009232,1.0
2447582.811509,1.0036200000000002,2.44168443,0.14694327,-0.4600989,1.53152695,0.5364538000000001,-0.46008698,1.0
2447582.813759,0.9944187,2.44167858,0.14696807,-0.46009479,1.53150524,0.53644287,-0.46008287,1.0
2447582.814967,1.008252,2.44167545,0.14698139,-0.46009258,1.53149359,0.5364369999999999,-0.46008066,1.0
2447582.816342,0.9762687,2.44167188,0.14699655,-0.46009006,1.53148033,0.53643032,-0.46007814,1.0
2447582.819342,0.9254849,2.44166409,0.14702962,-0.46008457,1.53145139,0.53641575,-0.46007266,1.0
2447582.821468,0.9229311,2.44165857,0.14705305,-0.46008068,1.5314309,0.53640542,-0.46006877,1.0
2447582.822635,0.9314709,2.44165554,0.14706592,-0.46007855,1.53141965,0.53639975,-0.46006664,1.0
2447582.823968,0.9229311,2.44165208,0.14708061,-0.46007611,1.53140679,0.53639328,-0.4600642,1.0
2447582.828468,0.8953014000000001,2.44164039,0.14713022,-0.46006788,1.5313633999999998,0.53637141,-0.46005597,1.0
2447582.830635,0.8263601,2.44163476,0.14715411,-0.46006391,1.53134251,0.53636088,-0.46005201,1.0
2447582.831802,0.8332384,2.44163173,0.14716698,-0.46006178,1.53133125,0.53635521,-0.46004987,1.0
2447582.833218,0.8432752,2.44162805,0.14718259,-0.46005919,1.5313176000000002,0.53634833,-0.46004728,1.0
2447582.836177,0.8202937,2.44162037,0.14721521,-0.46005377,1.53128907,0.53633394,-0.46004187,1.0
2447582.838344,0.8355440999999999,2.44161474,0.14723909,-0.46004981,1.53126819,0.53632342,-0.46003791,1.0
2447582.839553,0.8045800000000001,2.4416116000000003,0.14725242,-0.4600476,1.53125654,0.53631754,-0.4600357,1.0
2447582.840969,0.8255994000000001,2.44160792,0.14726803,-0.46004501,1.53124289,0.53631066,-0.46003311,1.0
2447582.843969,0.8271213,2.44160013,0.14730111,-0.46003952,1.53121397,0.53629607,-0.46002762,1.0
2447582.846303,0.8830176,2.44159406,0.14732684,-0.46003525,1.53119148,0.53628472,-0.46002335,1.0
2447582.847511,0.8717043999999999,2.44159093,0.14734016,-0.46003303,1.53117983,0.53627885,-0.46002114,1.0
2447582.848761,0.8534324000000001,2.44158768,0.14735394,-0.46003075,1.53116779,0.53627277,-0.46001885,1.0
2447582.851886,0.8781511000000001,2.44157956,0.14738839,-0.46002503,1.53113767,0.53625758,-0.46001314,1.0
2447582.854012,0.8854603999999999,2.44157404,0.14741182,-0.46002114,1.53111719,0.53624725,-0.46000925,1.0
2447582.855179,0.9010921,2.441571,0.14742468,-0.46001901,1.53110595,0.53624157,-0.46000712,1.0
2447582.85647,0.889548,2.44156765,0.14743891,-0.46001664,1.53109351,0.53623529,-0.46000475,1.0
2447582.85947,0.8977787,2.44155985,0.14747199,-0.46001115,1.5310646,0.5362207,-0.45999927,1.0
2447582.861512,0.9178449,2.44155455,0.1474945,-0.46000742,1.53104493,0.53621077,-0.45999553,1.0
2447582.86272,0.9708885,2.44155141,0.14750782,-0.46000521,1.53103329,0.5362049,-0.45999332,1.0
2447582.864095,0.963761,2.44154784,0.14752298,-0.46000269,1.53102004,0.53619821,-0.45999081,1.0
2447582.867054,0.9789698,2.44154014,0.1475556,-0.45999728,1.53099153,0.53618382,-0.45998539,1.0
2447582.8692630003,1.01384,2.44153441,0.14757994,-0.45999323,1.53097026,0.53617308,-0.45998135,1.0
2447582.87043,0.9980886999999998,2.44153137,0.14759281,-0.4599911,1.53095902,0.5361674,-0.45997922,1.0
2447582.8717630003,0.9907616,2.44152791,0.1476075,-0.45998866,1.53094618,0.53616092,-0.45997678,1.0
2447582.874638,1.040326,2.44152044,0.1476392,-0.4599834,1.53091849,0.53614693,-0.45997152,1.0
2447582.876638,1.058691,2.44151524,0.14766125,-0.45997974,1.53089923,0.5361372,-0.45996786,1.0
2447582.877846,1.045127,2.4415121,0.14767457,-0.45997753,1.53088759,0.53613132,-0.45996565,1.0
2447582.879888,1.05577,2.44150679,0.14769708,-0.45997379,1.53086793,0.53612139,-0.45996192,1.0
2447585.759105,0.9424007,2.43382796,0.17942389,-0.45466839,1.50410587,0.52162789,-0.45465843,1.0
2447585.760271,0.9616912,2.43382477,0.17943674,-0.45466623,1.50409542,0.52162183,-0.45465627,1.0
2447585.761439,0.9415329,2.43382158,0.17944959,-0.45466406,1.50408497,0.52161576,-0.4546541,1.0
2447585.764439,0.9714836,2.43381337,0.17948264,-0.4546585,1.5040581,0.52160017,-0.45464854,1.0
2447585.766481,0.9652405,2.43380779,0.17950513,-0.45465471,1.50403981,0.52158956,-0.45464475,1.0
2447585.767689,0.9904568,2.43380448,0.17951843,-0.45465247,1.50402899,0.52158328,-0.45464251,1.0
2447585.768856,0.9688031,2.43380129,0.17953129,-0.4546503,1.50401854,0.52157722,-0.45464034,1.0
2447585.771856,1.03142,2.43379308,0.17956433,-0.45464473,1.50399167,0.52156163,-0.45463478,1.0
2447585.773814,1.039048,2.43378773,0.1795859,-0.4546411,1.50397414,0.52155145,-0.45463115,1.0
2447585.775022,1.046732,2.43378442,0.17959921,-0.45463886,1.50396332,0.52154517,-0.45462891,1.0
2447585.776189,1.016332,2.43378123,0.17961206,-0.45463669,1.50395287,0.52153911,-0.45462674,1.0
2447585.780648,1.089019,2.43376903,0.17966116,-0.45462842,1.50391295,0.52151593,-0.45461847,1.0
2447585.782482,1.044806,2.43376402,0.17968137,-0.45462502,1.50389654,0.5215064,-0.45461507,1.0
2447585.783648,1.06423,2.43376083,0.17969421,-0.45462286,1.5038861,0.52150034,-0.45461291,1.0
2447585.784857,1.070127,2.43375752,0.17970753,-0.45462061,1.50387527,0.52149405,-0.45461067,1.0
2447585.788023,1.080029,2.43374886,0.1797424,-0.45461474,1.50384693,0.52147759,-0.45460479,1.0
2447585.7911900003,1.093039,2.43374019,0.17977728,-0.45460886,1.50381858,0.52146113,-0.45459892,1.0
2447585.793107,1.148777,2.43373495,0.1797984,-0.4546053,1.50380143,0.52145116,-0.45459536,1.0
2447585.794273,1.161544,2.43373175,0.17981124,-0.45460314,1.50379099,0.5214451,-0.4545932,1.0
2447585.797066,1.130929,2.43372411,0.17984199,-0.45459796,1.503766,0.52143058,-0.45458802,1.0
2447585.798899,1.200703,2.4337191,0.17986218,-0.45459456,1.5037496,0.52142105,-0.45458462,1.0
2447585.800108,1.162614,2.43371579,0.17987550000000002,-0.45459231,1.50373878,0.52141476,-0.45458238,1.0
2447585.801316,1.1918879999999998,2.43371248,0.17988881,-0.45459007,1.50372797,0.52140848,-0.45458014,1.0
2447585.806108,1.201809,2.43369937,0.17994159,-0.45458118,1.5036851,0.52138356,-0.45457125,1.0
2447585.808149,1.133015,2.43369378,0.17996407,-0.45457739,1.50366683,0.52137294,-0.45456746,1.0
2447585.8093580003,1.119529,2.43369047,0.17997739,-0.45457515,1.50365602,0.52136665,-0.45456522,1.0
2447585.810608,1.112335,2.43368705,0.17999116,-0.45457283,1.50364484,0.52136015,-0.4545629,1.0
2447585.815984,1.056417,2.43367234,0.18005036,-0.45456285,1.50359675,0.52133219,-0.45455293,1.0
2447585.817817,1.105187,2.43366732,0.18007055,-0.45455945,1.50358036,0.52132266,-0.45454952,1.0
2447585.818984,1.061294,2.43366412,0.18008339999999998,-0.45455728,1.50356992,0.52131658,-0.45454736,1.0
2447585.820192,1.071114,2.43366082,0.18009671,-0.45455504,1.50355912,0.5213103,-0.45454512,1.0
2447585.823525,1.034274,2.43365169,0.18013342,-0.45454886,1.50352931,0.52129296,-0.45453893,1.0
2447585.8254,1.019144,2.43364656,0.18015407,-0.45454538,1.50351254,0.5212832000000001,-0.45453546,1.0
2447585.826567,1.0295219999999998,2.43364336,0.18016693,-0.45454321,1.50350211,0.52127713,-0.45453329,1.0
2447585.827734,0.9859062,2.43364017,0.18017978,-0.45454104,1.50349167,0.52127106,-0.45453113,1.0
2447585.830735,0.972379,2.43363195,0.18021283,-0.45453548,1.50346485,0.52125545,-0.45452556,1.0
2447585.832568,0.9895448,2.43362694,0.18023302,-0.45453207,1.50344846,0.52124591,-0.45452216,1.0
2447585.833735,0.9822804,2.43362374,0.18024587,-0.45452991,1.50343802,0.52123984,-0.45451999,1.0
2447585.834901,0.9493702,2.43362055,0.18025871,-0.45452774,1.5034276000000002,0.52123377,-0.45451783,1.0
2447585.83911,0.9008147,2.43360902,0.18030507,-0.45451993,1.50338997,0.52121186,-0.45451002,1.0
2447585.841026,0.8884549999999999,2.43360377,0.18032618,-0.45451637,1.50337284,0.52120189,-0.45450647,1.0
2447585.842193,0.8884549999999999,2.43360058,0.18033903,-0.45451421,1.50336241,0.52119582,-0.4545043,1.0
2447585.843318,0.8578979999999999,2.4335975,0.18035142,-0.45451212,1.50335236,0.52118996,-0.45450221,1.0
2447585.846319,0.8547429,2.43358928,0.18038447,-0.45450655,1.50332554,0.52117435,-0.45449665,1.0
2447585.848277,0.8666334000000001,2.43358392,0.18040603,-0.45450292,1.50330804,0.52116415,-0.45449301,1.0
2447585.849486,0.8650386,2.43358061,0.18041935,-0.45450067,1.50329724,0.52115786,-0.45449077,1.0
2447585.850652,0.8586882,2.43357741,0.18043219,-0.45449851,1.50328682,0.52115179,-0.45448861,1.0
2447585.853694,0.8555305000000001,2.43356908,0.1804657,-0.45449286,1.50325963,0.52113595,-0.45448296,1.0
2447585.855611,0.8714358,2.43356383,0.18048681,-0.4544893,1.5032425,0.52112597,-0.4544794,1.0
2447585.856777,0.8843732,2.43356063,0.18049966,-0.45448714,1.50323209,0.5211199000000001,-0.45447724,1.0
2447585.857986,0.8999857,2.43355732,0.18051297,-0.45448489,1.50322128,0.52111361,-0.454475,1.0
2447585.860944,0.9251998,2.43354922,0.18054555,-0.4544794,1.50319486,0.52109821,-0.45446951,1.0
2447585.862778,0.896676,2.4335442000000005,0.18056574,-0.4544760000000001,1.50317848,0.52108866,-0.45446611,1.0
2447585.863987,0.9243479,2.43354088,0.18057906,-0.45447376,1.50316768,0.52108237,-0.45446386,1.0
2447585.865153,0.9074765,2.43353769,0.1805919,-0.45447159,1.50315726,0.5210762999999999,-0.4544617,1.0
2447585.86832,0.9528739,2.43352901,0.18062679,-0.45446571,1.50312897,0.5210598,-0.45445582,1.0
2447585.87007,0.9363442,2.43352422,0.18064606,-0.45446246,1.50311334,0.52105069,-0.45445258,1.0
2447585.871237,0.9389348,2.43352102,0.18065892,-0.4544603,1.50310292,0.52104461,-0.45445041,1.0
2447585.872403,0.9458788,2.43351782,0.18067176,-0.45445813,1.5030925,0.52103854,-0.45444825,1.0
2447585.875195,0.9741715,2.43351017,0.18070251,-0.45445295,1.50306757,0.5210239999999999,-0.45444306,1.0
2447585.877028,0.9941124,2.43350515,0.1807227,-0.45444955,1.5030511999999998,0.52101445,-0.45443966,1.0
2447585.878237,0.9759677,2.43350184,0.18073602,-0.4544473,1.5030404,0.52100815,-0.45443742,1.0
2447593.251278,0.8950667,2.41201455,0.26182896,-0.44052265,1.44371857,0.48002431,-0.44051777,1.0
2447593.253236,0.9355254,2.4120085,0.26185046,-0.44051889,1.44370457,0.48001282,-0.44051401,1.0
2447593.2584450003,0.9346638,2.41199241,0.26190767,-0.44050888,1.44366732,0.47998226,-0.440504,1.0
2447593.259528,0.9697402,2.41198906,0.26191956,-0.4405068,1.44365958,0.47997591,-0.44050192,1.0
2447593.2637360003,0.9969091,2.41197606,0.26196578,-0.44049872,1.44362949,0.47995122,-0.44049384,1.0
2447593.26632,1.008917,2.41196807,0.26199416,-0.44049375,1.44361102,0.47993606,-0.44048888,1.0
2447593.269445,1.02107,2.41195842,0.26202848,-0.44048775,1.44358868,0.47991773,-0.44048288,1.0
2447593.275862,1.099146,2.41193859,0.26209894,-0.44047542,1.44354283,0.47988008,-0.44047055,1.0
2447593.281946,1.11855,2.41191978,0.26216576,-0.44046373,1.44349936,0.47984438,-0.44045887,1.0
2447593.288654,1.186466,2.41189905,0.26223943,-0.44045085,1.44345144,0.47980501,-0.44044598,1.0
2447593.294447,1.185374,2.41188114,0.26230304,-0.44043972,1.44341007,0.47977102,-0.44043486,1.0
2447593.300155,1.189749,2.41186349,0.26236573,-0.44042875,1.44336931,0.47973751,-0.4404239,1.0
2447593.30578,1.209638,2.4118461,0.26242750000000004,-0.44041794,1.44332915,0.4797045,-0.44041309,1.0
2447593.311864,1.160528,2.41182729,0.26249431,-0.44040625,1.44328574,0.47966879,-0.44040141,1.0
2447593.319448,1.141446,2.41180384,0.2625776,-0.44039168,1.44323162,0.47962426,-0.44038684,1.0
2447593.326156,1.053551,2.41178309,0.26265127,-0.44037879,1.44318376,0.47958488,-0.44037395,1.0
2447593.331949,1.02107,2.41176517,0.26271488,-0.44036766,1.44314244,0.47955087,-0.44036282,1.0
2447593.338365,0.9133882,2.41174532,0.26278534,-0.44035533,1.44309669,0.47951319,-0.4403505,1.0
2447593.3439490004,0.9041812,2.41172805,0.26284667,-0.44034459,1.44305688,0.4794804,-0.44033977,1.0
2447593.3510330003,0.8626915000000001,2.41170613,0.26292445,-0.44033098,1.44300639,0.4794388,-0.44032616,1.0
2447593.356283,0.846166,2.41168989,0.26298211,-0.44032089,1.44296897,0.47940797,-0.44031608,1.0
2447593.361866,0.8438312,2.41167261,0.26304342,-0.44031016,1.44292919,0.47937517,-0.44030535,1.0
2447593.36845,0.8917753,2.41165223,0.26311573,-0.4402975000000001,1.44288229,0.4793365,-0.4402927,1.0
2447593.374159,0.9016863000000002,2.41163456,0.26317841,-0.44028653,1.44284163,0.47930296,-0.44028173,1.0
2447593.379576,0.9661744,2.4116178,0.2632379,-0.44027612,1.44280306,0.47927114,-0.44027132,1.0
2447593.384951,1.002433,2.41160116,0.26329693,-0.44026579,1.44276479,0.47923956,-0.44026099,1.0
2447593.391243,1.036228,2.41158168,0.26336602,-0.4402537,1.44272001,0.47920259,-0.4402489000000001,1.0
2447593.397368,1.083067,2.41156271,0.26343328,-0.44024192,1.44267641,0.4791666,-0.44023713,1.0
2447593.40316,1.102187,2.41154478,0.26349689,-0.44023079,1.4426351999999998,0.47913256,-0.440226,1.0
2447593.408869,1.119581,2.4115271000000003,0.26355957,-0.44021981,1.4425946000000005,0.47909902,-0.44021503,1.0
2447593.414161,1.133067,2.41151071,0.26361769,-0.44020964,1.44255696,0.47906791,-0.44020486,1.0
2447593.419786,1.121645,2.41149329,0.26367946,-0.44019883,1.44251696,0.47903485,-0.44019405,1.0
2447593.426661,1.073138,2.41147199,0.26375496,-0.44018561,1.44246808,0.47899444,-0.44018084,1.0
2447593.432662,1.0343209999999998,2.4114534,0.26382085,-0.44017407,1.44242543,0.47895916,-0.44016931,1.0
2447593.438662,0.9850437,2.41143481,0.26388674,-0.44016254,1.44238279,0.47892389,-0.44015778,1.0
2447593.439079,1.003357,2.41143352,0.26389132,-0.44016173,1.44237982,0.47892144,-0.44015698,1.0
2447593.444162,0.9381135,2.41141777,0.26394714,-0.44015196,1.44234371,0.47889155,-0.44014721,1.0
2447593.4472040003,0.952918,2.41140834,0.26398055,-0.44014611,1.4423221000000002,0.47887366,-0.44014136,1.0
2447593.449163,0.9091915,2.41140228,0.26400205,-0.44014235,1.44230819,0.47886215,-0.4401376,1.0
2447593.452288,0.900856,2.41139259,0.26403637,-0.44013634,1.44228599,0.47884377,-0.44013159,1.0
2447593.453955,0.8844139000000001,2.41138743,0.26405467,-0.44013313,1.44227415,0.47883397,-0.44012838,1.0
2447593.458871,0.8917753,2.41137219,0.26410866,-0.44012368,1.44223924,0.47880506,-0.44011893,1.0
2447593.46008,0.8901343,2.41136844,0.26412194,-0.44012135,1.44223066,0.47879795,-0.44011661,1.0
2447593.464246,0.8860442,2.41135553,0.26416769,-0.44011334,1.44220108,0.47877345,-0.4401085999999999,1.0
2447593.468164,0.8884959000000001,2.41134339,0.2642107,-0.44010581,1.44217327,0.47875041,-0.44010107,1.0
2447593.4708720003,0.9066829,2.41133499,0.26424044,-0.4401006,1.44215405,0.47873449,-0.44009587,1.0
2447620.338476,0.904916,2.31067459,0.55661906,-0.38535924,1.3410982,0.31137249,-0.38537273,1.0
2447620.348768,0.9822187,2.3106293,0.55672975,-0.38533711,1.34109347,0.31131086,-0.38535061,1.0
2447620.357143,1.028509,2.31059245,0.55681982,-0.3853191,1.34108964,0.31126071,-0.38533261,1.0
2447620.362685,1.050529,2.31056806,0.55687942,-0.38530719,1.34108712,0.31122753,-0.3853207,1.0
2447620.367893,1.078967,2.31054514,0.55693543,-0.38529599,1.34108475,0.31119634,-0.3853095,1.0
2447620.37356,1.118429,2.3105202,0.55699638,-0.38528381,1.34108218,0.31116242,-0.38529732,1.0
2447620.378976,1.151883,2.31049636,0.55705462,-0.38527216,1.34107974,0.31112999,-0.38528568,1.0
2447620.382894,1.139222,2.31047912,0.55709675,-0.38526374,1.34107797,0.31110654,-0.38527726,1.0
2447620.387186,1.121523,2.31046022,0.55714291,-0.38525451,1.34107604,0.31108085,-0.38526803,1.0
2447620.391352,1.145535,2.31044188,0.55718771,-0.38524555,1.34107418,0.31105591,-0.38525908,1.0
2447620.395269,1.138173,2.31042464,0.55722984,-0.38523713,1.34107242,0.31103247,-0.38525066,1.0
2447620.399852,1.1041,2.31040446,0.55727912,-0.38522727,1.34107038,0.31100504,-0.3852408,1.0
2447620.4008110003,1.085946,2.31040024,0.55728944,-0.38522521,1.34106995,0.3109993,-0.38523874,1.0
2447620.404894,1.042817,2.31038226,0.55733334,-0.38521643,1.34106813,0.31097486,-0.38522996,1.0
2447620.4106860003,1.005098,2.31035676,0.55739563,-0.38520397,1.34106556,0.3109402,-0.38521751,1.0
2447620.416144,0.9345622,2.31033272,0.55745433,-0.38519223,1.34106314,0.31090753,-0.38520578,1.0
2447620.419894,0.940607,2.31031621,0.55749466,-0.38518417,1.34106149,0.31088509,-0.38519772,1.0
2447620.427102,0.8625976000000001,2.31028447,0.55757217,-0.38516867,1.34105831,0.31084196,-0.38518222,1.0
2447620.434394,0.8360039,2.31025235,0.55765059,-0.38515298,1.34105511,0.31079833,-0.38516654,1.0
2447620.441311,0.8306311,2.31022188,0.55772497,-0.38513811,1.34105209,0.31075695,-0.38515167,1.0
2447620.447477,0.8546894,2.31019472,0.55779128,-0.38512485,1.34104941,0.31072006,-0.38513841,1.0
2447620.453311,0.9007583,2.31016902,0.55785402,-0.3851123,1.34104687,0.31068516,-0.38512587,1.0
2447620.458812,0.9362854,2.31014479,0.55791316,-0.38510047,1.3410445,0.31065226,-0.38511404,1.0
2447620.463978,0.9589771,2.31012203,0.55796871,-0.38508936,1.34104227,0.31062136,-0.38510293,1.0
2447620.469895,0.993135,2.31009596,0.55803234,-0.38507663,1.34103972,0.31058597,-0.38509021,1.0
2447620.476103,1.047631,2.31006861,0.5580991,-0.38506327,1.34103706,0.31054884,-0.38507686,1.0
2447620.482312,1.069075,2.31004125,0.55816587,-0.38504992,1.34103441,0.31051171,-0.3850635,1.0
2447620.488103,1.102068,2.31001573,0.55822814,-0.38503746,1.34103194,0.31047708,-0.38505105,1.0
2447620.49302,1.102068,2.30999406,0.55828101,-0.38502688,1.34102986,0.31044768,-0.38504048,1.0
2447620.498312,1.090958,2.30997073,0.55833792,-0.3850155,1.34102762,0.31041604,-0.3850291,1.0
2447620.503603,1.07599,2.30994741,0.55839481,-0.38500412,1.34102539,0.3103844,-0.38501772,1.0
2447620.508687,1.049562,2.309925,0.55844948,-0.38499318,1.34102325,0.31035401,-0.38500678,1.0
2447620.514478,1.001401,2.30989947,0.55851175,-0.38498072,1.34102082,0.31031938,-0.38499433,1.0
2447620.520312,0.9660693,2.30987375,0.55857448,-0.38496817,1.34101838,0.31028451,-0.38498178,1.0
2447620.525978,0.9277013,2.30984877,0.55863541,-0.38495598,1.34101602,0.31025064,-0.38496959,1.0
2447620.531603,0.8826901,2.30982397,0.55869589,-0.38494388,1.34101368,0.31021702,-0.3849575,1.0
2447620.541521,0.8184802,2.30978024,0.55880252,-0.38492254,1.34100958,0.31015775,-0.38493617,1.0
2447620.5511040003,0.8383168,2.30973798,0.55890557,-0.38490192,1.34100564,0.31010048,-0.38491555,1.0
2447620.556813,0.8818775,2.3097128,0.55896695,-0.38488964,1.3410033,0.31006636,-0.38490327,1.0
2447631.3131,1.01276,2.25943688,0.67387099,-0.36127968,1.35000096,0.25030334,-0.36130001,1.0
2447631.336308,1.14685,2.25932224,0.67411721,-0.36122774,1.35004848,0.25018615,-0.36124808,1.0
2447631.350517,1.195382,2.25925204,0.67426795,-0.36119594,1.35007763,0.25011443,-0.36121629,1.0
2447631.3564330004,1.177895,2.25922281,0.67433071,-0.36118269,1.35008979,0.25008457,-0.36120305,1.0
2447631.3970580003,0.8886004000000001,2.25902204,0.67476168,-0.36109176,1.35017343,0.24987966,-0.36111214,1.0
2447631.402767,0.862793,2.25899382,0.67482224,-0.36107898,1.35018522,0.24985088,-0.36109936,1.0
2447631.407267,0.8533094999999999,2.25897157,0.67486998,-0.3610689,1.35019451,0.24982820000000006,-0.36108929,1.0
2447631.411642,0.8902389,2.25894995,0.67491639,-0.36105911,1.35020355,0.24980614,-0.3610795,1.0
2447631.416433,0.9101366,2.25892626,0.67496721,-0.36104838,1.35021345,0.249782,-0.36106877,1.0
2447631.42085,0.9313363,2.25890442,0.67501406,-0.36103849,1.35022259,0.24975974,-0.36105889,1.0
2447631.4340580003,1.03635,2.25883911,0.67515417,-0.36100892,1.35024993,0.24969319,-0.36102932,1.0
2447631.439767,1.066367,2.25881088,0.67521473,-0.36099614,1.35026176,0.24966443,-0.36101655,1.0
2447631.456267,1.142632,2.25872928,0.67538975,-0.3609592,1.35029598,0.24958134,-0.36097961,1.0
2447631.461225,1.143685,2.25870476,0.67544234,-0.36094809,1.35030628,0.24955637,-0.36096851,1.0
2447631.491767,0.9906188,2.25855367,0.6757663,-0.3608797,1.35036983,0.24940266,-0.36090014,1.0
2447631.495558,0.9399541,2.25853491,0.67580651,-0.36087121,1.35037773,0.24938358,-0.36089165,1.0
2447631.499642,0.9017924,2.2585147,0.67584982,-0.36086207,1.35038625,0.24936304,-0.36088251,1.0
2447631.519142,0.9092985999999998,2.25841821,0.67605665,-0.3608184,1.35042696,0.24926496,-0.36083885,1.0
2454097.728622,1.040708,1.65859245,-2.57961016,-0.6322139,1.55176401,-1.60202757,-0.63221362,1.0
2454097.732112,1.034973,1.65861522,-2.57958803,-0.63221566,1.55172611,-1.6020122,-0.63221538,1.0
2454097.735592,1.023597,1.65863792,-2.57956597,-0.63221741,1.55168832,-1.60199687,-0.63221713,1.0
2454097.739132,1.042627,1.65866101,-2.57954353,-0.63221919,1.55164988,-1.60198128,-0.63221891,1.0
2454097.742623,1.023597,1.65868378,-2.5795214,-0.63222095,1.55161199,-1.60196591,-0.63222067,1.0
2454097.746103,1.02454,1.65870648,-2.57949934,-0.6322227,1.5515742,-1.6019506,-0.63222242,1.0
2454097.7495830003,1.016083,1.65872918,-2.57947728,-0.63222445,1.55153641,-1.60193528,-0.63222417,1.0
2454097.754173,1.009553,1.65875912,-2.57944818,-0.63222676,1.55148657,-1.60191509,-0.63222648,1.0
2454097.757654,1.004914,1.65878183,-2.57942611,-0.63222851,1.55144878,-1.60189978,-0.63222823,1.0
2454097.761154,1.006767,1.65880466,-2.57940392,-0.63223027,1.55141078,-1.60188439,-0.63222999,1.0
2454097.764624,0.9975369,1.65882729,-2.57938192,-0.63223202,1.5513731000000002,-1.60186913,-0.63223174,1.0
2454097.768094,0.9856642,1.65884993,-2.57935992,-0.63223376,1.55133542,-1.60185388,-0.63223348,1.0
2454097.771584,0.9856642,1.65887269,-2.57933779,-0.63223552,1.55129753,-1.60183854,-0.63223524,1.0
2454097.775065,0.9966186,1.65889539,-2.57931573,-0.63223727,1.55125974,-1.60182325,-0.63223699,1.0
2454097.780175,0.9893022,1.65892872,-2.57928332,-0.63223984,1.55120426,-1.60180081,-0.63223956,1.0
2454097.783675,0.9802323,1.65895155,-2.57926113,-0.6322416000000001,1.55116625,-1.60178544,-0.63224132,1.0
2454097.787155,0.9902138,1.65897425,-2.57923906,-0.63224335,1.55112847,-1.60177016,-0.63224307,1.0
2454097.790655,0.9748302,1.65899708,-2.57921687,-0.63224511,1.55109047,-1.6017548,-0.63224483,1.0
2454097.794136,0.9748302,1.65901978,-2.5791948,-0.63224686,1.55105268,-1.60173952,-0.63224658,1.0
2454097.797636,0.9676738,1.65904261,-2.57917261,-0.63224862,1.55101468,-1.60172417,-0.63224834,1.0
2454097.802766,0.9730362,1.65907607,-2.57914008,-0.6322512,1.55095898,-1.60170167,-0.63225092,1.0
2454097.806246,0.9775275,1.65909877,-2.57911801,-0.63225295,1.5509212,-1.60168641,-0.63225267,1.0
2454097.809727,0.9811354,1.65912146,-2.57909594,-0.6322547,1.55088341,-1.60167115,-0.63225442,1.0
2454097.813217,0.9929536,1.65914423,-2.57907381,-0.63225645,1.55084552,-1.60165585,-0.63225617,1.0
2454097.816687,0.9947845,1.65916686,-2.5790518,-0.6322582,1.55080784,-1.60164065,-0.63225792,1.0
2454097.820197,0.9920395,1.65918975,-2.57902954,-0.63225996,1.55076973,-1.60162527,-0.63225968,1.0
2454097.8236970003,0.9929536,1.65921258,-2.57900735,-0.63226172,1.55073173,-1.60160994,-0.63226144,1.0
2454097.832478,0.9975369,1.65926984,-2.57895167,-0.63226614,1.55063641,-1.6015715,-0.63226585,1.0
2454097.835968,0.9966186,1.6592926,-2.57892953,-0.63226789,1.55059852,-1.60155622,-0.63226761,1.0
2454097.8394580004,1.001219,1.65931536,-2.5789074,-0.63226964,1.55056063,-1.60154095,-0.63226936,1.0
2454097.844109,0.9847568,1.65934569,-2.5788779,-0.63227198,1.55051014,-1.60152061,-0.6322717,1.0
2454097.848839,0.9811354,1.65937654,-2.5788479,-0.63227436,1.55045879,-1.60149993,-0.63227408,1.0
2454097.852309,0.9757285,1.65939917,-2.5788259,-0.6322760999999999,1.55042112,-1.60148475,-0.63227582,1.0
2454097.855829,0.9748302,1.65942212,-2.57880357,-0.63227787,1.5503829,-1.60146937,-0.63227759,1.0
2454097.85929,0.969458,1.65944469,-2.57878162,-0.63227961,1.55034534,-1.60145425,-0.63227933,1.0
2454097.864,0.9748302,1.6594754,-2.57875175,-0.63228198,1.5502942,-1.60143367,-0.63228169,1.0
2454097.86755,0.9902138,1.65949856,-2.57872923,-0.63228376,1.55025566,-1.60141816,-0.63228348,1.0
2454097.87104,0.9766275,1.65952132,-2.57870709,-0.63228551,1.55021777,-1.60140292,-0.63228523,1.0
2454097.87454,0.9721403,1.65954414,-2.57868489,-0.63228727,1.55017978,-1.60138764,-0.63228699,1.0
2454097.878021,0.9676738,1.65956683,-2.57866282,-0.63228902,1.550142,-1.60137245,-0.63228874,1.0
2454097.881491,0.9712454,1.65958946,-2.57864081,-0.63229076,1.55010432,-1.60135731,-0.63229048,1.0
2454097.884961,0.9730362,1.65961209,-2.5786188,-0.63229251,1.55006665,-1.60134217,-0.63229222,1.0
2454097.893842,0.9658929,1.65967,-2.57856247,-0.63229697,1.54997025,-1.60130344,-0.63229669,1.0
2454097.897342,0.9641153,1.65969282,-2.57854026,-0.63229873,1.54993226,-1.60128818,-0.63229844,1.0
2454097.900812,1.00584,1.65971545,-2.57851825,-0.63230047,1.54989459,-1.60127306,-0.63230019,1.0
2454097.904292,0.9793298,1.65973814,-2.57849617,-0.63230222,1.54985681,-1.60125789,-0.63230193,1.0
2454097.907782,0.9856642,1.6597609,-2.57847403,-0.63230397,1.54981892,-1.60124269,-0.63230369,1.0
2454097.911273,0.9975369,1.65978365,-2.57845189,-0.63230572,1.54978103,-1.60122749,-0.63230544,1.0
2454097.914733,1.012346,1.65980622,-2.57842994,-0.63230746,1.54974347,-1.60121242,-0.63230718,1.0
2454097.920253,1.018894,1.65984221,-2.57839492,-0.63231023,1.54968355,-1.60118839,-0.63230995,1.0
2454097.923773,1.027375,1.65986516,-2.57837259,-0.632312,1.54964534,-1.60117307,-0.63231172,1.0
2454097.927263,1.030218,1.65988792,-2.57835045,-0.63231375,1.54960745,-1.60115789,-0.63231347,1.0
2454097.930744,1.023597,1.65991061,-2.57832837,-0.6323154999999999,1.54956968,-1.60114275,-0.63231522,1.0
2454097.934214,1.037837,1.65993323,-2.57830635,-0.63231724,1.54953201,-1.60112766,-0.63231696,1.0
2454097.937714,1.042627,1.65995606,-2.57828415,-0.632319,1.54949402,-1.60111244,-0.63231871,1.0
2454097.9418240003,1.043588,1.65998285,-2.57825807,-0.63232106,1.5494494,-1.60109457,-0.63232078,1.0
2454097.945285,1.03975,1.66000541,-2.57823612,-0.6323228,1.54941184,-1.60107953,-0.63232251,1.0
2454097.948775,1.038793,1.66002817,-2.57821397,-0.63232455,1.54937396,-1.60106437,-0.63232427,1.0
2454097.952265,1.035927,1.66005092,-2.57819183,-0.6323263000000001,1.54933608,-1.60104921,-0.63232602,1.0
2454097.955755,1.046475,1.66007368,-2.57816968,-0.63232805,1.54929819,-1.60103405,-0.63232777,1.0
2454097.959245,1.025484,1.66009643,-2.57814754,-0.63232981,1.54926031,-1.60101889,-0.63232952,1.0
2454097.962736,1.028322,1.66011919,-2.57812539,-0.63233156,1.54922243,-1.60100374,-0.63233127,1.0
2454126.539011,0.9708905,1.83952771,-2.38675789,-0.64412816,1.2666795,-1.58603518,-0.64412742,1.0
2454126.544771,0.9691036,1.83956241,-2.3867173,-0.64413001,1.26663196,-1.58605267,-0.64412927,1.0
2454126.550541,0.9834905,1.83959718,-2.38667665,-0.64413187,1.26658434,-1.58607019,-0.64413113,1.0
2454126.556301,0.9834905,1.83963188,-2.38663607,-0.64413372,1.2665368,-1.58608769,-0.64413298,1.0
2454126.567381,1.001775,1.83969863,-2.386558,-0.64413728,1.26644538,-1.58612136,-0.64413655,1.0
2454126.573142,1.007326,1.83973333,-2.38651741,-0.64413913,1.26639786,-1.58613888,-0.6441384,1.0
2454126.578902,1.015711,1.83976803,-2.38647683,-0.64414098,1.26635035,-1.58615641,-0.64414025,1.0
2454126.584662,1.017584,1.83980273,-2.38643624,-0.64414284,1.26630284,-1.58617394,-0.6441420999999999,1.0
2454126.5904220003,1.023223,1.83983743,-2.38639565,-0.64414469,1.26625534,-1.58619149,-0.64414395,1.0
2454126.596282,1.03174,1.83987273,-2.38635436,-0.64414657,1.26620702,-1.58620934,-0.64414584,1.0
2454126.602042,1.032691,1.83990743,-2.38631377,-0.64414842,1.26615953,-1.5862268999999998,-0.64414769,1.0
2454126.607822,1.033642,1.83994225,-2.38627304,-0.64415028,1.26611188,-1.58624452,-0.64414954,1.0
2454126.613582,1.035548,1.83997694,-2.38623245,-0.64415213,1.2660644,-1.58626209,-0.64415139,1.0
2454126.619392,1.017584,1.84001194,-2.3861915,-0.644154,1.26601651,-1.58627982,-0.64415326,1.0
2454126.625152,1.016647,1.84004664,-2.38615091,-0.64415585,1.26596904,-1.58629741,-0.64415511,1.0
2454126.630922,1.011044,1.84008139,-2.38611024,-0.6441576999999999,1.26592149,-1.58631503,-0.64415696,1.0
2454126.636682,0.9990109,1.84011609,-2.38606965,-0.64415955,1.26587403,-1.58633264,-0.64415881,1.0
2454126.642453,0.9843968,1.84015084,-2.38602898,-0.6441614,1.2658265,-1.58635027,-0.64416066,1.0
2454126.6486830004,0.9699966,1.84018836,-2.38598507,-0.6441634,1.26577518,-1.58636933,-0.64416266,1.0
2454126.654443,0.9628756,1.84022306,-2.38594448,-0.64416525,1.26572773,-1.58638695,-0.64416451,1.0
2454126.660203,0.9611036,1.84025775,-2.38590388,-0.6441670999999999,1.2656803,-1.58640458,-0.64416636,1.0
2454126.665963,0.9619893,1.84029244,-2.38586328,-0.64416895,1.26563286,-1.58642222,-0.64416821,1.0
2454126.671753,0.9593348,1.84032731,-2.38582247,-0.6441708,1.26558519,-1.58643996,-0.64417007,1.0
2454126.677513,0.9673201,1.840362,-2.38578187,-0.64417265,1.26553777,-1.58645762,-0.64417192,1.0
2454126.684773,0.9880302,1.84040572,-2.3857307,-0.64417498,1.265478,-1.58647988,-0.64417424,1.0
2454126.690543,0.9925907,1.84044047,-2.38569002,-0.64417683,1.26543051,-1.58649758,-0.6441760999999999,1.0
2454126.696303,0.9980912,1.84047516,-2.38564942,-0.64417868,1.26538311,-1.58651526,-0.64417794,1.0
2454126.703903,1.01946,1.84052093,-2.38559585,-0.64418112,1.26532057,-1.58653859,-0.64418038,1.0
2454126.710814,1.02134,1.84056254,-2.38554713,-0.64418333,1.26526371,-1.58655982,-0.6441826,1.0
2454126.716584,1.02134,1.84059728,-2.38550646,-0.64418518,1.26521625,-1.58657756,-0.64418444,1.0
2454126.722334,1.007326,1.84063191,-2.38546592,-0.64418703,1.26516895,-1.58659524,-0.64418629,1.0
2454126.728094,0.9962543,1.84066659,-2.38542531,-0.64418887,1.26512157,-1.58661296,-0.64418813,1.0
2454126.733854,0.9880302,1.84070128,-2.38538471,-0.64419072,1.2650742,-1.58663068,-0.64418998,1.0
2454126.743754,0.9789719,1.84076089,-2.38531491,-0.64419389,1.2649928,-1.58666117,-0.64419315,1.0
2454126.749524,0.9771701,1.84079563,-2.38527423,-0.64419574,1.26494536,-1.58667895,-0.644195,1.0
2454126.755274,0.9735768,1.84083025,-2.38523369,-0.64419758,1.26489809,-1.58669667,-0.64419684,1.0
2454126.763544,0.9646509,1.84088004,-2.38517538,-0.64420023,1.26483012,-1.58672217,-0.64419949,1.0
2454126.769314,0.971785,1.84091478,-2.3851347,-0.64420208,1.2647827,-1.58673998,-0.64420134,1.0
2454126.775064,0.9798739,1.8409494,-2.38509415,-0.64420392,1.26473545,-1.58675773,-0.64420318,1.0
2454126.780825,0.985304,1.84098408,-2.38505354,-0.64420576,1.26468812,-1.58677551,-0.64420502,1.0
2454126.786795,0.9953371,1.84102002,-2.38501144,-0.64420767,1.26463907,-1.58679396,-0.64420694,1.0
2454126.792545,1.007326,1.84105464,-2.3849709,-0.64420951,1.26459184,-1.58681173,-0.64420878,1.0
2454126.798305,1.010114,1.84108932,-2.38493028,-0.64421136,1.26454453,-1.58682954,-0.64421062,1.0
2454126.804075,1.022281,1.84112405,-2.38488959,-0.6442131999999999,1.26449714,-1.58684739,-0.64421247,1.0
2454126.809825,1.032691,1.84115867,-2.38484904,-0.64421504,1.26444992,-1.58686518,-0.64421431,1.0
2454126.8155650003,1.032691,1.84119322,-2.38480856,-0.64421688,1.26440279,-1.58688295,-0.64421614,1.0
2454126.821325,1.0345950000000002,1.8412279,-2.38476794,-0.64421872,1.2643555,-1.58690079,-0.64421798,1.0
2454126.827075,1.028893,1.84126251,-2.38472739,-0.64422056,1.2643083000000002,-1.5869186000000002,-0.64421982,1.0
2454126.835145,1.026054,1.84131109,-2.38467048,-0.64422314,1.26424206,-1.58694362,-0.6442224,1.0
2454126.840915,1.01946,1.84134582,-2.38462979,-0.64422499,1.26419471,-1.58696152,-0.64422425,1.0
2454126.846666,1.02134,1.84138043,-2.38458923,-0.64422683,1.26414753,-1.58697936,-0.64422609,1.0
2454126.857116,0.9944209,1.84144334,-2.38451553,-0.64423017,1.26406179,-1.5870118,-0.64422943,1.0
2454126.862906,0.9880302,1.84147819,-2.38447469,-0.64423202,1.26401429,-1.58702979,-0.64423128,1.0
2454126.868656,0.9798739,1.84151279,-2.38443414,-0.64423386,1.26396713,-1.58704765,-0.64423312,1.0
2454140.510183,1.023223,1.92184518,-2.28598481,-0.64798048,1.16880429,-1.64868183,-0.64797956,1.0
2454140.513653,1.010114,1.92186515,-2.28595921,-0.64798128,1.16878472,-1.64870202,-0.64798036,1.0
2454140.517112,1.010114,1.92188507,-2.28593367,-0.64798207,1.1687652,-1.64872217,-0.64798115,1.0
2454140.520582,0.9871208,1.92190504,-2.28590807,-0.64798287,1.16874563,-1.64874237,-0.64798194,1.0
2454140.524042,0.9780709,1.92192496,-2.28588253,-0.64798366,1.16872612,-1.64876252,-0.64798274,1.0
2454140.527502,0.9834909,1.92194487,-2.285857,-0.64798445,1.16870662,-1.64878267,-0.64798353,1.0
2454140.530962,0.9682116,1.92196478,-2.28583146,-0.64798525,1.16868711,-1.64880282,-0.64798432,1.0
2454140.534412,0.9717853,1.92198464,-2.285806,-0.64798604,1.16866767,-1.64882291,-0.64798511,1.0
2454140.537872,0.9798742,1.92200455,-2.28578046,-0.64798683,1.16864817,-1.64884307,-0.64798591,1.0
2454140.5418720003,0.9816809,1.92202758,-2.28575094,-0.64798775,1.16862563,-1.64886637,-0.64798682,1.0
2454140.545332,0.9862121,1.92204749,-2.28572541,-0.64798854,1.16860613,-1.64888653,-0.64798761,1.0
2454140.548802,0.992591,1.92206746,-2.2856998,-0.64798933,1.16858658,-1.64890675,-0.64798841,1.0
2454140.5522720004,1.003622,1.92208743,-2.28567418,-0.64799013,1.16856704,-1.64892697,-0.6479891999999999,1.0
2454140.555732,0.9898521999999998,1.92210734,-2.28564865,-0.64799092,1.16854755,-1.64894714,-0.64799,1.0
2454140.559192,0.9853042,1.92212725,-2.28562311,-0.64799171,1.16852807,-1.64896731,-0.64799079,1.0
2454140.563102,1.008255,1.92214975,-2.28559425,-0.64799261,1.16850605,-1.6489901000000002,-0.64799168,1.0
2454140.566562,0.9962546,1.92216967,-2.28556871,-0.6479934,1.16848658,-1.64901027,-0.64799247,1.0
2454140.570022,1.023223,1.92218958,-2.28554317,-0.64799419,1.1684671,-1.64903045,-0.64799327,1.0
2454140.573482,1.035548,1.92220949,-2.28551764,-0.64799498,1.16844763,-1.64905062,-0.64799406,1.0
2454140.576952,1.029841,1.92222946,-2.28549202,-0.64799578,1.1684281,-1.64907086,-0.64799485,1.0
2454140.580402,1.032691,1.92224931,-2.28546656,-0.64799657,1.16840869,-1.64909098,-0.64799564,1.0
2454140.583972,1.044168,1.92226985,-2.28544021,-0.64799738,1.1683886,-1.64911181,-0.64799646,1.0
2454140.587452,1.04513,1.92228988,-2.28541452,-0.64799818,1.16836903,-1.64913211,-0.64799725,1.0
2454140.5909220004,1.03079,1.92230985,-2.28538891,-0.64799897,1.16834951,-1.64915235,-0.64799805,1.0
2454140.594382,1.023223,1.92232976,-2.28536336,-0.64799977,1.16833005,-1.64917254,-0.64799884,1.0
2454140.597862,1.027,1.92234978,-2.28533768,-0.64800056,1.16831049,-1.64919285,-0.64799964,1.0
2454140.601322,1.007327,1.92236969,-2.28531214,-0.64800135,1.16829103,-1.64921304,-0.64800043,1.0
2454140.604802,0.9962546,1.92238971,-2.28528645,-0.64800215,1.16827147,-1.64923335,-0.64800122,1.0
2454140.608282,0.9962546,1.92240974,-2.28526076,-0.64800294,1.16825191,-1.64925367,-0.64800202,1.0
2454140.611762,0.9999317,1.92242976,-2.28523507,-0.64800374,1.16823235,-1.64927398,-0.64800281,1.0
2454140.615222,0.9862121,1.92244967,-2.28520953,-0.64800453,1.16821291,-1.64929419,-0.6480036,1.0
2454140.618682,0.9907643,1.92246958,-2.28518398,-0.64800532,1.16819347,-1.64931439,-0.64800439,1.0
2454140.622142,0.9990111,1.92248949,-2.28515844,-0.64800611,1.16817403,-1.64933459,-0.64800519,1.0
2454140.625612,0.9944211,1.92250945,-2.28513282,-0.6480069,1.16815454,-1.64935486,-0.64800598,1.0
2454140.6290720003,0.9980915,1.92252936,-2.28510728,-0.64800769,1.16813511,-1.64937507,-0.64800677,1.0
2454140.632961,0.9717853,1.92255174,-2.28507856,-0.64800858,1.16811326,-1.64939779,-0.64800766,1.0
2454140.636431,0.9780709,1.9225717,-2.28505295,-0.64800938,1.16809378,-1.64941807,-0.64800845,1.0
2454140.639891,0.9691039,1.92259161,-2.2850274,-0.64801017,1.16807436,-1.64943828,-0.64800924,1.0
2454140.643371,0.9780709,1.92261163,-2.28500171,-0.64801096,1.16805482,-1.64945862,-0.64801003,1.0
2454140.647071,0.9771704,1.92263292,-2.28497439,-0.64801181,1.16803406,-1.64948024,-0.64801088,1.0
2454140.650531,0.9862121,1.92265282,-2.28494885,-0.6480126,1.16801464,-1.64950046,-0.64801167,1.0
2454140.653981,0.9907643,1.92267267,-2.28492338,-0.64801338,1.16799528,-1.64952063,-0.64801246,1.0
2454140.657441,1.010114,1.92269258,-2.28489783,-0.64801417,1.16797587,-1.64954085,-0.64801325,1.0
2454140.660911,1.003622,1.92271254,-2.28487221,-0.64801497,1.16795641,-1.64956114,-0.64801404,1.0
2454140.664361,1.005473,1.92273239,-2.28484674,-0.64801575,1.16793706,-1.64958131,-0.64801483,1.0
2454140.667821,1.008255,1.92275229,-2.28482119,-0.64801654,1.16791765,-1.64960154,-0.64801562,1.0
2454140.671291,1.012909,1.92277225,-2.28479558,-0.64801733,1.1678982,-1.64962183,-0.64801641,1.0
2454140.674881,1.018522,1.9227929,-2.28476907,-0.64801815,1.16787808,-1.64964282,-0.64801723,1.0
2454140.678371,1.02511,1.92281298,-2.2847433,-0.64801895,1.16785852,-1.64966323,-0.64801802,1.0
