2438882.23328,55.94727,1.4675790000000002,1.309295,0.08242204,0.7140618000000001,0.6399961,0.0823772,1.0
2438882.2414,58.47617,1.4675,1.309364,0.08241692,0.7140733,0.6399597,0.08237208,1.0
2438882.2491900004,58.85439,1.467424,1.3094290000000002,0.08241201,0.7140844,0.6399248000000001,0.08236716,1.0
2438882.25699,57.88671,1.467348,1.309495,0.0824071,0.7140955,0.6398898000000001,0.08236224,1.0
2438882.26444,59.23506999999999,1.467275,1.309558,0.08240239999999999,0.7141061,0.6398564,0.08235754,1.0
2438882.27461,58.58398,1.467176,1.309643,0.082396,0.7141206,0.6398109000000001,0.08235112,1.0
2438882.28169,58.26113,1.467106,1.309703,0.08239153,0.7141306,0.6397791,0.08234665,1.0
2438882.28611,56.98741,1.467063,1.30974,0.08238875,0.7141369000000001,0.6397593,0.08234386,1.0
2438882.29324,56.98741,1.466994,1.3098,0.08238426,0.7141470999999999,0.6397274000000001,0.08233937,1.0
2438882.29728,57.3032,1.466954,1.309834,0.08238172,0.7141528,0.6397093,0.08233682,1.0
2438882.3034,56.62118,1.466895,1.309885,0.08237786,0.7141615,0.6396819,0.08233295,1.0
2438882.30744,56.15377,1.466855,1.309919,0.08237531,0.7141673000000001,0.6396637,0.0823304,1.0
2438882.31424,56.20551,1.466789,1.309976,0.08237103,0.7141770000000001,0.6396333000000001,0.08232612,1.0
2438882.31861,55.89576,1.466746,1.310013,0.08236828,0.7141831999999999,0.6396137,0.08232336,1.0
2438882.32407,56.88253,1.466693,1.310059,0.08236484,0.7141909000000001,0.6395892,0.08231991,1.0
2438882.32811,56.2573,1.466654,1.310093,0.08236229,0.7141967,0.6395711,0.08231736,1.0
2438882.33728,56.62118,1.466564,1.31017,0.08235652,0.7142097,0.6395301,0.08231158,1.0
2438882.34403,57.88671,1.466498,1.310227,0.08235226,0.7142194000000001,0.6394998000000001,0.08230732,1.0
2438882.35115,58.53005,1.466429,1.310287,0.08234777,0.7142295,0.6394679,0.08230282,1.0
2438882.35557,57.19774,1.466386,1.310324,0.08234499,0.7142358,0.6394481,0.08230004,1.0
2438882.36336,58.31481,1.46631,1.31039,0.08234008,0.7142469,0.6394132,0.08229512,1.0
2438882.36944,58.96291,1.46625,1.310441,0.08233625,0.7142555,0.6393859000000001,0.08229128,1.0
2438882.37657,59.23506999999999,1.466181,1.310501,0.08233176,0.7142656999999999,0.639354,0.08228679,1.0
2438882.38536,58.20749,1.466095,1.310575,0.08232622,0.7142782,0.6393146,0.08228124,1.0
2438882.39215,59.39897,1.466029,1.310632,0.08232194,0.7142878,0.6392842,0.08227695,1.0
2438882.39961,58.20749,1.465956,1.3106950000000002,0.08231725,0.7142984,0.6392507,0.08227225,1.0
2438882.40669,56.83016,1.4658870000000002,1.3107540000000002,0.08231278,0.7143085,0.639219,0.08226778,1.0
2438882.41349,55.74153,1.46582,1.310811,0.0823085,0.7143182,0.6391886,0.08226349,1.0
2438882.42028,54.82503000000001,1.465754,1.310869,0.08230423,0.7143279,0.6391581000000001,0.08225921,1.0
2438882.42703,53.23275,1.465688,1.310925,0.08229997,0.7143375,0.6391279000000001,0.08225495,1.0
2438882.43515,51.02451,1.465609,1.310994,0.08229485,0.714349,0.6390915,0.08224982,1.0
2438882.44128,54.0728,1.465549,1.311045,0.082291,0.7143577,0.6390640000000001,0.08224595,1.0
2438882.4494,53.03699,1.46547,1.311114,0.08228588,0.7143693,0.6390276,0.08224083,1.0
2438882.46124,55.28138000000001,1.465354,1.311213,0.08227842,0.7143861,0.6389746000000001,0.08223336,1.0
2438882.46903,55.02739,1.465278,1.311279,0.08227351,0.7143972,0.6389397,0.08222844,1.0
2438882.47549,55.89576,1.465215,1.311333,0.08226944,0.7144064,0.6389108,0.08222437,1.0
2438882.50124,58.53005,1.464964,1.31155,0.08225322,0.7144431,0.6387954,0.08220812,1.0
2438882.50765,56.20551,1.464902,1.311604,0.08224918,0.7144522,0.6387666,0.08220407,1.0
2438882.51578,56.72557,1.4648219999999998,1.311672,0.08224406,0.7144636999999999,0.6387301999999999,0.08219894,1.0
2438882.52257,56.83016,1.464756,1.311729,0.08223978,0.7144734,0.6386998,0.08219466,1.0
2438882.53036,57.356,1.46468,1.311795,0.08223487,0.7144845000000001,0.6386649,0.08218974,1.0
2438884.23776,54.48934000000001,1.447924,1.326073,0.08115419,0.717179,0.6312555999999999,0.08110835,1.0
2438884.24951,55.50236999999999,1.447808,1.32617,0.08114671,0.7171994,0.6312064000000001,0.08110087,1.0
2438884.25588,55.0442,1.447745,1.326223,0.08114266,0.7172105,0.6311797,0.08109680000000001,1.0
2438884.2673,56.53424,1.447632,1.326318,0.0811354,0.7172304,0.6311319000000001,0.08108953,1.0
2438884.27538,56.32634,1.447552,1.326385,0.08113026,0.7172444,0.6310979999999999,0.08108438,1.0
2438884.28242,58.01116,1.447483,1.326444,0.08112578,0.7172566,0.6310685,0.0810799,1.0
2438884.29017,56.63847,1.447406,1.326508,0.08112085,0.7172701,0.6310361,0.08107496,1.0
2438884.29721,57.26794,1.447337,1.326567,0.08111637,0.7172824000000001,0.6310066,0.08107047,1.0
2438884.30326,58.11812,1.447277,1.326617,0.08111253,0.7172929,0.6309813,0.08106663,1.0
2438884.31201,57.53228000000001,1.447191,1.32669,0.08110696,0.7173081,0.6309446,0.08106105,1.0
2438884.31938,56.89991,1.447118,1.326751,0.08110227,0.7173208999999999,0.6309137,0.08105635,1.0
2438884.3258,55.75856,1.447054,1.326804,0.08109819,0.717332,0.6308868000000001,0.08105227,1.0
2438884.33351,53.15101,1.446978,1.326868,0.08109329,0.7173454,0.6308545,0.08104736,1.0
2438884.33988,51.79783,1.446915,1.326921,0.08108924,0.7173565,0.6308278,0.0810433,1.0
2438884.34896,51.60735,1.446826,1.326997,0.08108346,0.7173723000000001,0.6307898000000001,0.08103751,1.0
2438884.35634,50.89927,1.446753,1.327058,0.08107877,0.7173851,0.6307589,0.08103281,1.0
2438884.3634200003,52.03692,1.446683,1.327117,0.08107426,0.7173974,0.6307292,0.0810283,1.0
2438884.37046,53.00435,1.4466139999999998,1.327176,0.08106979,0.7174096999999999,0.6306997,0.08102381,1.0
2438884.37788,54.38906,1.44654,1.327237,0.08106507,0.7174225999999999,0.6306687,0.08101909,1.0
2438884.38492,54.33899,1.4464709999999998,1.3272959999999998,0.08106059,0.7174348,0.6306392,0.0810146,1.0
2438884.39163,54.48934000000001,1.446405,1.327351,0.08105632,0.7174465,0.6306111,0.08101033,1.0
2438884.39971,55.29827,1.446325,1.327419,0.08105118,0.7174605,0.6305772,0.08100518,1.0
2438884.40742,56.63847,1.446249,1.327483,0.08104628,0.7174739,0.6305449000000001,0.08100027,1.0
2438884.41517,55.0442,1.446172,1.327547,0.08104135,0.7174874,0.6305124,0.08099534,1.0
2438884.42221,56.27449,1.446103,1.3276059999999998,0.08103687,0.7174996,0.6304829000000001,0.08099085,1.0
2438884.42892,56.37824000000001,1.446037,1.327661,0.08103261,0.7175113000000001,0.6304548000000001,0.08098658,1.0
2438884.43634,57.47931,1.445963,1.327723,0.08102789,0.7175242,0.6304238,0.08098185,1.0
2438884.44305,56.84752,1.445897,1.327779,0.08102362,0.7175358000000001,0.6303956999999999,0.08097758,1.0
2438884.45046,56.7429,1.445824,1.32784,0.08101891,0.7175486999999999,0.6303645999999999,0.08097285,1.0
2438884.4571700003,55.75856,1.445758,1.327896,0.08101464,0.7175604,0.6303365,0.08096858,1.0
2438884.46692,56.27449,1.445661,1.327977,0.08100844,0.7175773,0.6302956999999999,0.08096237,1.0
2438884.47296,56.01593,1.445602,1.328027,0.08100460000000001,0.7175878000000001,0.6302704,0.08095852,1.0
2438884.48067,56.95234,1.445526,1.328091,0.08099969,0.7176011999999999,0.6302380999999999,0.08095361,1.0
2438884.48709,55.0442,1.445462,1.328145,0.08099561,0.7176123999999999,0.6302112,0.08094952,1.0
2438884.4938,55.96436,1.445396,1.3282,0.08099135,0.7176239999999999,0.6301831,0.08094525,1.0
2438884.49984,57.53228000000001,1.445336,1.328251,0.0809875,0.7176345000000001,0.6301578,0.0809414,1.0
2438884.50655,56.58633,1.44527,1.328306,0.08098324,0.7176461999999999,0.6301296999999999,0.08093713,1.0
2438884.5143,57.10992,1.445194,1.328371,0.08097831,0.7176596,0.6300972,0.08093219,1.0
2438884.52134,57.32071,1.445124,1.328429,0.08097383,0.7176719,0.6300677,0.08092771,1.0
2438884.53242,58.17167,1.445015,1.3285209999999998,0.08096678,0.7176911,0.6300213000000001,0.08092065,1.0
2438884.53951,58.11812,1.444945,1.32858,0.08096227,0.7177034999999999,0.6299916,0.08091614,1.0
2438884.54655,58.54793000000001,1.444875,1.328639,0.0809578,0.7177157,0.6299621,0.08091165,1.0
2438884.55392,57.53228000000001,1.444803,1.3287,0.08095311,0.7177285,0.6299312,0.08090695,1.0
2438884.56001,55.91284,1.444743,1.328751,0.08094924,0.7177391,0.6299057,0.08090308,1.0
2438884.56805,55.14569,1.444663,1.328817,0.08094412,0.7177531,0.6298720999999999,0.08089795,1.0
2438884.57613,53.39635,1.444583,1.328885,0.08093898,0.7177671,0.6298382,0.0808928,1.0
2441539.41108,33.40422,-1.70133,0.9203607,-0.1071799,-0.9508469,0.2388286,-0.107203,1.0
2441539.41908,30.54931,-1.701391,0.9202753,-0.10718310000000003,-0.9508157,0.23884320000000006,-0.1072062,1.0
2441539.42387,28.04151,-1.701427,0.9202242,-0.1071851,-0.950797,0.238852,-0.1072082,1.0
2441539.42787,25.55062,-1.701457,0.9201815,-0.1071867,-0.9507814,0.2388593,-0.1072098,1.0
2441539.43308,23.11008,-1.701497,0.920126,-0.1071888,-0.9507611,0.2388688,-0.10721189999999997,1.0
2441539.43587,21.17393,-1.701518,0.9200962,-0.10719,-0.9507502,0.2388739,-0.10721300000000003,1.0
2441539.4402900003,20.37049,-1.701552,0.9200491,-0.10719180000000003,-0.9507329,0.238882,-0.1072148,1.0
2441539.44387,19.9435,-1.7015790000000002,0.9200108,-0.1071932,-0.950719,0.23888850000000006,-0.1072163,1.0
2441539.44908,20.22094,-1.701618,0.9199553,-0.1071953,-0.9506986,0.238898,-0.1072184,1.0
2441539.4535,20.94119,-1.701652,0.9199082,-0.1071971,-0.9506814,0.2389061,-0.1072202,1.0
2441539.4575,22.15141,-1.701682,0.9198655,-0.1071987,-0.9506658,0.2389134,-0.1072218,1.0
2441539.46308,23.28099,-1.7017240000000002,0.9198059,-0.107201,-0.950644,0.2389236,-0.107224,1.0
2441539.4667,24.78571,-1.7017520000000002,0.9197672,-0.1072025,-0.9506299,0.2389302,-0.10722550000000003,1.0
2441539.4707,25.81079,-1.701782,0.9197246,-0.1072041,-0.9506143,0.2389375,-0.1072271,1.0
2441539.4755,26.1217,-1.701818,0.9196734,-0.1072061,-0.9505956,0.2389463,-0.10722910000000002,1.0
2441539.47908,26.82881,-1.701845,0.9196352,-0.1072075,-0.9505816,0.2389528,-0.1072305,1.0
2441539.4827,27.68225,-1.701873,0.9195965,-0.107209,-0.9505675,0.2389594,-0.107232,1.0
2441539.4878700003,29.22815,-1.701912,0.9195414,-0.1072111,-0.9505473,0.2389689,-0.1072341,1.0
2441539.49187,30.86039,-1.7019419999999998,0.9194987,-0.1072127,-0.9505317,0.23897620000000006,-0.1072357,1.0
2441539.4955,32.31479,-1.70197,0.9194601,-0.1072142,-0.9505176,0.2389828,-0.1072372,1.0
2441539.5015,33.99393,-1.702015,0.919396,-0.10721660000000002,-0.9504942,0.2389937,-0.1072396,1.0
2441539.50629,35.3347,-1.702052,0.9193449,-0.1072186,-0.9504755,0.2390025,-0.1072415,1.0
2441539.51029,36.2912,-1.702082,0.9193021999999998,-0.1072202,-0.9504599,0.2390098,-0.1072432,1.0
2441539.51387,36.93188,-1.702109,0.919264,-0.1072216,-0.9504459,0.2390163,-0.1072446,1.0
2441539.51787,37.17075,-1.7021389999999998,0.9192213,-0.1072233,-0.9504303,0.2390236,-0.1072462,1.0
2441539.52229,36.02478,-1.702173,0.9191742,-0.107225,-0.9504131,0.2390317,-0.107248,1.0
2441539.5275,34.78575,-1.7022119999999998,0.9191186,-0.1072272,-0.9503927,0.23904120000000004,-0.1072501,1.0
2441539.53187,33.99393,-1.702245,0.919072,-0.1072289,-0.9503757,0.2390492,-0.1072519,1.0
2441539.5347,32.88527,-1.7022669999999998,0.9190417,-0.10723010000000002,-0.9503646,0.2390544,-0.1072531,1.0
2441539.53908,31.145940000000003,-1.7023,0.9189951,-0.1072319,-0.9503476,0.2390624,-0.1072548,1.0
2441539.5435,28.6155,-1.702334,0.9189479,-0.1072337,-0.9503303,0.2390704,-0.1072566,1.0
2441539.5487,26.26645,-1.702373,0.9188924,-0.1072358,-0.95031,0.2390799,-0.1072587,1.0
2441539.5527,24.44564,-1.702403,0.9188497,-0.1072374,-0.9502944,0.23908720000000006,-0.1072603,1.0
2441539.55708,23.02509,-1.702436,0.918803,-0.1072392,-0.9502773,0.23909520000000006,-0.1072621,1.0
2441539.5615,21.96855,-1.70247,0.9187559,-0.107241,-0.9502601,0.2391033,-0.1072639,1.0
2441539.56629,20.9798,-1.702506,0.9187048,-0.1072429,-0.9502414,0.239112,-0.1072658,1.0
2441539.5715,20.25822,-1.702546,0.9186492,-0.107245,-0.9502211,0.2391216,-0.107268,1.0
2441539.57508,20.01711,-1.702573,0.918611,-0.1072465,-0.9502071,0.2391281,-0.1072694,1.0
2441539.5807,20.7301,-1.7026150000000002,0.918551,-0.1072488,-0.9501851999999998,0.2391384,-0.10727169999999997,1.0
2441539.5847,21.38954,-1.702646,0.9185083,-0.1072504,-0.9501696,0.23914570000000004,-0.1072733,1.0
2441539.59108,23.15269,-1.702694,0.9184403,-0.107253,-0.9501447,0.2391573,-0.1072759,1.0
2441539.5955,24.44564,-1.7027279999999998,0.9183932,-0.1072548,-0.9501275,0.2391654,-0.1072777,1.0
2441539.60029,25.81079,-1.702764,0.918342,-0.1072567,-0.9501088,0.2391741,-0.1072796,1.0
2441539.60429,27.50435,-1.702794,0.9182994,-0.1072583,-0.9500932,0.2391814,-0.1072812,1.0
2441539.6087,29.6894,-1.7028279999999998,0.9182522,-0.1072601,-0.9500759,0.2391895,-0.107283,1.0
2441540.39831,22.00414,-1.7087139999999998,0.9097748,-0.1075732,-0.9471952,0.2408503,-0.1075953,1.0
2441540.4031,21.22777,-1.70875,0.9097235,-0.1075751,-0.9471772,0.2408598,-0.1075972,1.0
2441540.40831,19.71988,-1.7087900000000005,0.9096678,-0.1075772,-0.9471576,0.24087020000000006,-0.1075993,1.0
2441540.4131,20.592270000000006,-1.7088259999999995,0.9096165,-0.1075792,-0.9471396,0.2408797,-0.1076012,1.0
2441540.4171,22.31024,-1.7088560000000002,0.9095736,-0.1075808,-0.9471245,0.2408876,-0.1076028,1.0
2441540.4211,23.64309,-1.708886,0.9095308,-0.10758239999999998,-0.9471095,0.2408955,-0.1076044,1.0
2441540.42431,24.80301,-1.70891,0.9094965,-0.1075836,-0.9470975,0.2409019,-0.1076057,1.0
2441540.43031,25.75754,-1.708955,0.9094322,-0.1075861,-0.9470749,0.2409138,-0.1076081,1.0
2441540.43389,26.92181,-1.708982,0.9093938,-0.1075875,-0.9470614,0.2409209,-0.1076096,1.0
2441540.43789,27.752640000000003,-1.709012,0.909351,-0.1075891,-0.9470464,0.2409288,-0.1076112,1.0
2441540.44151,28.21658,-1.709039,0.9093122,-0.1075905,-0.9470328,0.240936,-0.1076126,1.0
2441540.44672,29.49201,-1.709078,0.9092564,-0.1075926,-0.9470132,0.2409464,-0.1076147,1.0
2441540.4498900003,30.91038,-1.709102,0.9092225,-0.10759389999999998,-0.9470013,0.2409526,-0.107616,1.0
2441540.45431,32.04087,-1.7091349999999998,0.9091752,-0.1075957,-0.9469847,0.2409614,-0.1076177,1.0
2441540.45872,33.48917,-1.709168,0.909128,-0.1075974,-0.9469681,0.2409701,-0.1076195,1.0
2441540.46272,34.45913,-1.709198,0.9090851,-0.1075991,-0.9469531,0.2409781,-0.1076211,1.0
2441540.46672,35.71941,-1.709228,0.9090423,-0.1076007,-0.9469381,0.240986,-0.1076227,1.0
2441540.47072,36.48416,-1.7092580000000002,0.9089995,-0.1076023,-0.946923,0.2409939,-0.1076243,1.0
2441540.4747200003,36.75398,-1.709288,0.9089566,-0.1076039,-0.946908,0.2410019,-0.1076259,1.0
2441540.47872,37.8185,-1.709318,0.9089138,-0.1076055,-0.946893,0.2410098,-0.1076275,1.0
2441540.48272,37.09406,-1.709348,0.908871,-0.1076071,-0.9468779,0.2410177,-0.10762910000000002,1.0
2441540.48589,36.11639,-1.709372,0.9088371,-0.1076083,-0.946866,0.241024,-0.1076304,1.0
2441540.4911,34.17467,-1.709411,0.9087813,-0.1076104,-0.9468465,0.2410343,-0.1076324,1.0
2441540.49431,32.7872,-1.7094349999999998,0.908747,-0.1076117,-0.9468344,0.2410407,-0.1076337,1.0
2441540.49951,31.34038,-1.7094740000000002,0.9086912,-0.1076138,-0.9468148,0.241051,-0.1076358,1.0
2441540.50472,28.42525,-1.709513,0.9086354,-0.1076159,-0.9467953,0.2410614,-0.1076379,1.0
2441540.50831,26.26058,-1.70954,0.9085971,-0.1076173,-0.9467818,0.2410685,-0.1076393,1.0
2441540.51272,24.7118,-1.709574,0.9085498,-0.1076191,-0.9467652,0.2410772,-0.1076411,1.0
2441540.51551,24.23842,-1.7095939999999998,0.9085199,-0.1076202,-0.9467546999999998,0.2410828,-0.1076422,1.0
2441540.52031,23.5128,-1.70963,0.9084686,-0.1076221,-0.9467367,0.2410923,-0.1076441,1.0
2441540.52472,22.47524,-1.709664,0.9084213,-0.1076239,-0.9467201,0.241101,-0.1076459,1.0
2441540.52951,21.03315,-1.7097,0.90837,-0.1076258,-0.9467021,0.2411105,-0.1076478,1.0
2441540.53272,19.90235,-1.7097240000000002,0.9083356,-0.1076271,-0.94669,0.2411169,-0.1076491,1.0
2441540.53672,20.27236,-1.709754,0.9082928,-0.1076287,-0.946675,0.2411248,-0.1076507,1.0
2441540.54231,21.42419,-1.709796,0.908233,-0.107631,-0.946654,0.2411359,-0.1076529,1.0
2441540.54631,22.00414,-1.7098259999999998,0.9081902,-0.1076326,-0.946639,0.2411438,-0.1076545,1.0
2441540.55151,23.08364,-1.7098650000000002,0.9081344,-0.1076347,-0.9466194,0.2411542,-0.1076566,1.0
2441540.55472,24.62092,-1.709889,0.9081001,-0.1076359,-0.9466074,0.2411605,-0.1076579,1.0
2441540.5611,26.50357,-1.7099369999999998,0.9080318000000002,-0.1076385,-0.9465834,0.2411732,-0.1076604,1.0
2441540.56472,27.80381,-1.709964,0.907993,-0.10764,-0.9465698,0.2411803,-0.1076619,1.0
2441540.56831,29.30248,-1.709991,0.9079546,-0.1076414,-0.9465563,0.2411875,-0.1076633,1.0
2441540.57151,31.74712,-1.710015,0.9079203,-0.1076427,-0.9465442,0.2411938,-0.1076646,1.0
2441540.57672,33.02968,-1.7100540000000002,0.9078645,-0.1076448,-0.9465247,0.2412041,-0.1076667,1.0
2441540.58031,34.45913,-1.7100810000000002,0.9078262,-0.1076462,-0.9465112,0.2412112,-0.1076681,1.0
2441540.5838900004,35.3268,-1.7101080000000002,0.9077878,-0.1076476,-0.9464977,0.2412184,-0.10766960000000002,1.0
2441540.58831,36.24969,-1.710141,0.9077405,-0.1076494,-0.9464811,0.24122710000000006,-0.1076713,1.0
2441540.59431,37.36838,-1.710186,0.9076763,-0.1076518,-0.9464586,0.241239,-0.1076737,1.0
2441540.5991,36.95765,-1.710222,0.907625,-0.1076537,-0.9464406,0.2412485,-0.1076756,1.0
2441547.39361,29.4279,-1.759096,0.8337706,-0.1102455,-0.9255835,0.259273,-0.1102636,1.0
2441547.39803,30.44803,-1.759127,0.8337222,-0.1102472,-0.9255717,0.2592863,-0.1102653,1.0
2441547.4020700003,31.04268,-1.7591560000000002,0.8336779000000001,-0.1102487,-0.9255609,0.2592984,-0.1102668,1.0
2441547.40732,32.29678,-1.759192,0.8336203999999999,-0.1102506,-0.9255468,0.2593141,-0.11026869999999997,1.0
2441547.41099,33.50883,-1.759218,0.8335802,-0.110252,-0.925537,0.25932510000000003,-0.1102701,1.0
2441547.41661,35.12038,-1.7592580000000002,0.8335186,-0.11025410000000002,-0.925522,0.259342,-0.1102721,1.0
2441547.42065,37.04753,-1.759286,0.8334743,-0.1102556,-0.9255112,0.25935410000000003,-0.1102736,1.0
2441547.4247,38.75781,-1.759314,0.8334299999999999,-0.1102571,-0.9255004,0.25936620000000005,-0.1102751,1.0
2441547.43157,40.36075,-1.759363,0.8333546999999999,-0.1102596,-0.925482,0.2593868,-0.1102777,1.0
2441547.43803,41.03545,-1.759408,0.833284,-0.110262,-0.9254647,0.2594062,-0.11028010000000002,1.0
2441547.4424900003,41.45331,-1.759439,0.8332351,-0.1102637,-0.9254528,0.2594196,-0.1102817,1.0
2441547.4449,41.33893,-1.759456,0.8332086,-0.1102646,-0.9254463,0.2594268,-0.1102826,1.0
2441547.44815,40.80931,-1.759479,0.8331729999999999,-0.1102658,-0.9254376,0.2594366,-0.1102838,1.0
2441547.44895,39.9539,-1.7594849999999995,0.8331644,-0.1102661,-0.9254355,0.25943890000000003,-0.1102841,1.0
2441547.4522,39.51475,-1.759507,0.8331287,-0.1102673,-0.9254268,0.25944870000000003,-0.1102853,1.0
2441547.45378,38.75781,-1.7595189999999998,0.8331114,-0.1102679,-0.9254226,0.2594534,-0.1102859,1.0
2441547.45745,38.0504,-1.7595439999999998,0.8330711999999999,-0.1102692,-0.9254128,0.2594644,-0.1102873,1.0
2441547.45907,36.70787,-1.759556,0.8330533999999999,-0.11026980000000003,-0.9254084,0.2594693,-0.1102879,1.0
2441547.46228,35.44535,-1.759578,0.8330183000000001,-0.110271,-0.9253999,0.2594789,-0.110289,1.0
2441547.4643200003,33.81888,-1.759593,0.8329959000000001,-0.1102718,-0.9253944,0.259485,-0.1102898,1.0
2441547.46674,32.29678,-1.759609,0.8329694,-0.1102727,-0.9253879,0.25949229999999995,-0.1102907,1.0
2441547.46957,30.53228,-1.759629,0.8329384,-0.1102737,-0.9253804,0.2595008,-0.1102917,1.0
2441547.47236,29.4279,-1.7596490000000002,0.8329078000000001,-0.1102747,-0.9253729,0.2595091,-0.1102928,1.0
2441547.4739900003,28.2852,-1.7596599999999998,0.8328899999999999,-0.1102753,-0.9253686,0.259514,-0.1102934,1.0
2441547.47682,27.5397,-1.75968,0.832859,-0.11027639999999997,-0.925361,0.2595225,-0.1102944,1.0
2441547.47924,26.7645,-1.759697,0.8328325000000001,-0.1102773,-0.9253545,0.2595298,-0.1102953,1.0
2441547.48128,26.05909,-1.759712,0.8328101000000001,-0.1102781,-0.9253491,0.2595359,-0.1102961,1.0
2441547.4829,25.53637,-1.759723,0.8327923,-0.1102787,-0.9253447,0.2595407,-0.11029669999999997,1.0
2441547.48774,24.86333,-1.759757,0.8327394,-0.1102805,-0.9253318,0.2595552,-0.1102985,1.0
2441547.48895,24.25265,-1.7597650000000002,0.8327261,-0.1102809,-0.9253286,0.2595589,-0.1102989,1.0
2441547.4922,23.39695,-1.759788,0.8326905000000001,-0.1102821,-0.9253199,0.25956860000000004,-0.1103001,1.0
2441547.4958200003,22.48843,-1.759814,0.8326508,-0.1102834,-0.9253102,0.2595795,-0.1103015,1.0
2441547.49865,22.48843,-1.759834,0.8326198,-0.1102845,-0.9253026,0.259588,-0.1103025,1.0
2441547.50028,22.65475,-1.759845,0.8326019,-0.1102851,-0.9252983,0.2595928,-0.1103031,1.0
2441547.5027,23.35389,-1.7598619999999998,0.8325754999999999,-0.110286,-0.9252918,0.2596001,-0.110304,1.0
2441547.5047,23.89787,-1.7598759999999998,0.8325536,-0.1102867,-0.9252864,0.2596061,-0.1103047,1.0
2441547.50711,24.38705,-1.759893,0.8325271000000001,-0.1102876,-0.92528,0.2596133,-0.1103056,1.0
2441547.50915,24.77189,-1.759907,0.8325046999999999,-0.1102884,-0.9252745,0.2596194,-0.1103064,1.0
2441547.5132,25.325570000000006,-1.7599360000000002,0.8324604,-0.11028989999999997,-0.9252637,0.2596316,-0.1103079,1.0
2441547.5144,26.324440000000006,-1.759944,0.8324471999999999,-0.1102903,-0.9252605,0.2596352,-0.1103083,1.0
2441547.51803,27.28722,-1.75997,0.8324075000000001,-0.1102917,-0.9252508,0.25964610000000005,-0.1103097,1.0
2441547.52086,28.33735,-1.759989,0.8323764000000001,-0.1102927,-0.9252432,0.2596545,-0.1103107,1.0
2441547.5224900004,28.78453,-1.760001,0.8323586,-0.1102933,-0.9252389,0.2596594,-0.1103113,1.0
2441547.52532,29.67285,-1.7600209999999998,0.8323276,-0.1102944,-0.9252313,0.2596679,-0.1103124,1.0
2441547.5277400003,30.87161,-1.760038,0.8323011,-0.1102953,-0.9252248,0.2596752,-0.1103133,1.0
2441547.53057,31.648940000000003,-1.760058,0.8322700999999999,-0.1102963,-0.9252173,0.2596836,-0.1103143,1.0
2441547.53299,32.80645,-1.760075,0.8322436,-0.1102972,-0.9252108,0.2596909,-0.1103152,1.0
2441547.53582,34.06899,-1.7600939999999998,0.8322126,-0.1102983,-0.9252032,0.2596994,-0.1103163,1.0
2441547.53745,34.926829999999995,-1.7601060000000002,0.8321948,-0.1102989,-0.9251989,0.25970429999999994,-0.11031689999999998,1.0
2441547.5410700003,35.80628,-1.760131,0.832155,-0.1103002,-0.9251892,0.2597151,-0.1103182,1.0
2441547.54228,36.60658,-1.76014,0.8321417999999999,-0.1103007,-0.9251859,0.2597188,-0.11031860000000003,1.0
2441547.54553,38.0504,-1.760163,0.8321062,-0.1103019,-0.9251773,0.2597285,-0.1103198,1.0
2441547.54753,39.15247,-1.760177,0.8320843000000001,-0.1103026,-0.9251719,0.2597345,-0.11032060000000002,1.0
2441547.54995,39.88037,-1.7601939999999998,0.8320578000000002,-0.1103035,-0.9251654,0.2597417,-0.1103215,1.0
2441547.55361,40.65924,-1.760219,0.8320175999999999,-0.1103049,-0.9251556,0.2597527,-0.1103228,1.0
2441547.55482,41.11111,-1.760228,0.8320044,-0.1103053,-0.9251524,0.2597564,-0.1103233,1.0
2441547.55803,40.95993,-1.76025,0.8319692,-0.1103065,-0.9251438,0.259766,-0.1103245,1.0
2441547.56086,41.03545,-1.76027,0.8319382,-0.1103076,-0.9251363,0.2597745,-0.1103255,1.0
2441547.5637,40.7342,-1.76029,0.8319072,-0.1103086,-0.9251287,0.259783,-0.1103266,1.0
2441547.56653,40.65924,-1.7603099999999998,0.8318761,-0.1103097,-0.9251211,0.2597915,-0.1103276,1.0
2441547.56853,40.28647,-1.7603240000000002,0.8318542,-0.1103104,-0.9251158000000002,0.2597974,-0.1103284,1.0
2441547.57136,40.02757,-1.760344,0.8318232,-0.1103115,-0.9251082,0.2598059,-0.11032939999999998,1.0
2441547.57299,39.44203,-1.760355,0.8318054,-0.1103121,-0.9251038,0.25981079999999995,-0.11033,1.0
2441547.57661,38.54422,-1.7603810000000002,0.8317655999999999,-0.1103134,-0.9250941,0.2598217,-0.1103313,1.0
2441566.3986,50303.71,-1.878515,0.619557,-0.1164124,-0.9107191,0.3379815,-0.1164175,1.0
2441566.40126,51808.38,-1.87853,0.6195262,-0.1164132,-0.910722,0.3379946,-0.1164183,1.0
2441566.40539,51808.38,-1.878553,0.6194786999999999,-0.1164143,-0.9107266,0.338015,-0.1164194,1.0
2441566.40835,51380.7,-1.87857,0.6194446,-0.1164152,-0.9107298,0.3380296,-0.1164202,1.0
2441566.41785,47076.05,-1.878623,0.6193350000000001,-0.11641780000000003,-0.9107403,0.3380765,-0.1164229,1.0
2441566.42101,45919.8,-1.878641,0.6192985,-0.1164187,-0.9107438,0.3380921,-0.1164238,1.0
2441566.42393,43933.92,-1.878657,0.6192649,-0.1164195,-0.910747,0.33810650000000003,-0.1164246,1.0
2441566.4322200003,36982.82,-1.878703,0.6191693,-0.1164219,-0.9107562,0.3381475,-0.116427,1.0
2441566.43489,36610.02,-1.878718,0.6191386,-0.1164226,-0.9107591,0.3381606,-0.1164277,1.0
2441566.43735,36542.65,-1.878732,0.6191103,-0.1164233,-0.9107618,0.3381728,-0.1164284,1.0
2441566.44051,35546.76,-1.87875,0.6190737,-0.1164242,-0.9107653,0.3381884,-0.1164293,1.0
2441566.44976,28946.76,-1.878802,0.6189670999999999,-0.1164268,-0.9107755,0.33823400000000003,-0.1164319,1.0
2441566.45268,28840.32,-1.878818,0.6189335,-0.1164277,-0.9107788,0.3382484000000001,-0.1164327,1.0
2441566.45706,30563.28,-1.878842,0.6188831,-0.1164289,-0.9107836,0.33827,-0.1164339,1.0
2441566.45976,30789.31,-1.878858,0.6188518,-0.1164297,-0.9107866,0.3382834,-0.1164347,1.0
2441566.47851,35612.3,-1.878963,0.6186357,-0.1164349,-0.9108073,0.3383759,-0.11644000000000003,1.0
2441566.48118,36542.65,-1.878978,0.6186049,-0.1164357,-0.9108102,0.33838909999999994,-0.1164407,1.0
2441566.4841,37601.05,-1.878994,0.6185713,-0.1164365,-0.9108134,0.3384035,-0.1164415,1.0
2441566.48681,38904.51,-1.879009,0.6185401,-0.1164373,-0.9108164,0.3384169,-0.1164423,1.0
2441566.49118,39482.08,-1.879034,0.6184897,-0.1164385,-0.9108213,0.33843850000000003,-0.1164435,1.0
2441566.49701,45415.07,-1.879066,0.6184224,-0.1164402,-0.9108277,0.3384673,-0.1164452,1.0
2441566.50797,49888.45,-1.879128,0.6182960999999999,-0.1164432,-0.9108398,0.33852140000000003,-0.1164482,1.0
2441566.51068,51617.86,-1.879143,0.6182649,-0.116444,-0.9108428,0.3385347,-0.116449,1.0
2441566.51335,52917.58,-1.879158,0.6182340999999999,-0.1164448,-0.9108457,0.3385479,-0.1164498,1.0
2441566.51626,51617.86,-1.879174,0.6182005,-0.1164456,-0.910849,0.3385623,-0.11645060000000003,1.0
2441566.52797,47643.1,-1.87924,0.6180654999999999,-0.1164489,-0.9108619,0.3386201,-0.1164539,1.0
2441566.53018,47951.26,-1.879252,0.6180401,-0.11644949999999997,-0.9108643,0.338631,-0.1164545,1.0
2441566.53335,46387.4,-1.87927,0.6180036,-0.1164504,-0.9108678,0.3386466,-0.1164554,1.0
2441566.53601,46259.4,-1.879285,0.6179728,-0.1164512,-0.9108708,0.3386598,-0.11645610000000002,1.0
2441566.53822,45877.53,-1.879297,0.6179474,-0.1164518,-0.9108732,0.33867070000000005,-0.1164567,1.0
2441566.54626,42461.96,-1.879342,0.6178547,-0.116454,-0.9108821,0.3387104,-0.116459,1.0
2441566.54843,40926.07,-1.879354,0.6178296999999999,-0.1164547,-0.9108845,0.3387211,-0.1164596,1.0
2441566.5516,38089.04,-1.879372,0.6177931999999999,-0.1164556,-0.910888,0.3387367,-0.1164605,1.0
2441566.55381,37393.83,-1.879384,0.6177676999999999,-0.1164562,-0.9108904,0.3387476,-0.1164611,1.0
2441566.5572200003,36475.39,-1.879404,0.6177283,-0.1164571,-0.9108942,0.3387645,-0.1164621,1.0
2441566.5657200003,31506.49,-1.879451,0.6176303000000001,-0.1164595,-0.9109036,0.3388064,-0.1164645,1.0
2441566.56793,30060.76,-1.879463,0.6176049,-0.1164602,-0.910906,0.3388173,-0.1164651,1.0
2441566.5711,29187.71,-1.879481,0.6175684,-0.116461,-0.9109095,0.3388329,-0.116466,1.0
2441566.57401,29702.98,-1.879498,0.6175348,-0.1164619,-0.9109127,0.3388473,-0.1164668,1.0
2441566.57672,31102.84,-1.879513,0.6175035,-0.1164626,-0.9109157,0.3388607,-0.11646760000000002,1.0
2441566.58668,35776.68,-1.879568,0.6173887,-0.1164654,-0.9109267,0.33890990000000004,-0.1164704,1.0
2441566.5891400003,37462.78,-1.879582,0.6173604,-0.1164661,-0.9109294,0.338922,-0.116471,1.0
2441566.59206,36677.52,-1.879599,0.6173268,-0.116467,-0.9109326,0.3389364,-0.1164719,1.0
2441566.59451,38159.26,-1.879612,0.6172984,-0.1164677,-0.9109353,0.3389485,-0.1164726,1.0
2441566.5978900003,38406.08,-1.879631,0.6172595000000001,-0.11646860000000002,-0.9109391,0.3389652,-0.1164735,1.0
2441566.60593,40216.1,-1.879676,0.6171668,-0.1164709,-0.9109479,0.33900490000000005,-0.1164758,1.0
2441566.6088900003,42736.6,-1.879693,0.6171327,-0.11647169999999997,-0.9109511999999998,0.33901950000000003,-0.1164766,1.0
2441566.61156,45415.07,-1.879708,0.617102,-0.1164725,-0.9109542,0.3390326,-0.11647730000000002,1.0
2441566.61472,45624.7,-1.879726,0.6170654999999999,-0.1164734,-0.9109577,0.3390483,-0.1164782,1.0
2441566.6173900003,45123.21,-1.879741,0.6170346999999999,-0.1164741,-0.9109606,0.3390614,-0.116479,1.0
2441566.62764,50956.55,-1.879798,0.6169166,-0.116477,-0.9109719,0.339112,-0.1164819,1.0
2445258.26116,52.19153,-2.07856,-0.6678151999999999,-0.1222227,-1.156213,-0.28931090000000004,-0.1222127,1.0
2445258.26453,53.30893,-2.078554,-0.6678542,-0.1222222,-1.15623,-0.2892964000000001,-0.1222122,1.0
2445258.27495,53.70318,-2.078537,-0.6679745,-0.1222206,-1.156285,-0.289252,-0.1222106,1.0
2445258.27903,51.61786,-2.07853,-0.6680216999999999,-0.12221989999999998,-1.156306,-0.2892345,-0.1222099,1.0
2445258.29228,49.43107,-2.078508,-0.6681748000000001,-0.12221780000000003,-1.156375,-0.28917800000000005,-0.1222078,1.0
2445258.29295,48.52885,-2.078507,-0.6681825,-0.12221769999999997,-1.156379,-0.2891751,-0.1222077,1.0
2445258.29866,46.55861,-2.078497,-0.6682484999999999,-0.1222168,-1.156409,-0.2891507,-0.1222068,1.0
2445258.29933,44.29962,-2.078496,-0.6682562,-0.1222167,-1.156412,-0.2891479,-0.1222067,1.0
2445258.3087,43.49106,-2.078481,-0.6683645,-0.1222152,-1.156461,-0.2891078,-0.1222052,1.0
2445258.31303,42.38381,-2.0784740000000004,-0.6684146,-0.1222145,-1.156484,-0.2890893,-0.1222045,1.0
2445258.31887,41.34281,-2.078464,-0.668482,-0.1222136,-1.156514,-0.2890644,-0.1222036,1.0
2445258.34828,48.08393,-2.078415,-0.6688219,-0.122209,-1.156668,-0.2889388,-0.122199,1.0
2445258.35262,48.12824000000001,-2.078408,-0.668872,-0.1222083,-1.15669,-0.2889203,-0.1221983,1.0
2445258.3547400003,48.57357,-2.078405,-0.6688965,-0.122208,-1.156701,-0.2889113,-0.122198,1.0
2445258.3512,48.93279,-2.07841,-0.6688556,-0.1222085,-1.156683,-0.2889264,-0.1221985,1.0
2445258.36603,51.28614,-2.078386,-0.669027,-0.1222062,-1.15676,-0.28886300000000004,-0.1221962,1.0
2445258.36828,52.23962,-2.078382,-0.669053,-0.1222058,-1.156772,-0.28885340000000004,-0.1221958,1.0
2445258.37645,52.09547,-2.078369,-0.6691474000000001,-0.1222045,-1.156815,-0.2888186,-0.1221945,1.0
2445258.3887400003,53.75266,-2.078348,-0.6692894,-0.1222026,-1.156879,-0.2887661,-0.1221926,1.0
2445258.38699,53.06399999999999,-2.078351,-0.6692691999999999,-0.1222029,-1.15687,-0.2887735,-0.12219289999999998,1.0
2445258.3802,52.82019,-2.078362,-0.6691906999999999,-0.1222039,-1.156834,-0.2888025,-0.12219389999999998,1.0
2445258.38616,52.86887,-2.078353,-0.6692596,-0.122203,-1.156866,-0.28877709999999995,-0.122193,1.0
2445258.39637,52.91758000000001,-2.078336,-0.6693775,-0.1222014,-1.156919,-0.2887335,-0.1221914,1.0
2445258.3914900003,52.43243,-2.078344,-0.6693212,-0.1222021,-1.156893,-0.2887543,-0.1221921,1.0
2445258.39858,51.76068,-2.078332,-0.669403,-0.122201,-1.15693,-0.2887241,-0.122191,1.0
2445258.41778,48.43954,-2.0783,-0.669625,-0.122198,-1.157031,-0.2886421,-0.122188,1.0
2445258.42962,47.77492,-2.078281,-0.6697616999999999,-0.1221961,-1.157092,-0.2885915,-0.1221861,1.0
2445258.42149,47.29334,-2.078294,-0.6696678,-0.1221974,-1.15705,-0.2886262,-0.1221874,1.0
2445258.43345,46.73045,-2.078274,-0.669806,-0.1221955,-1.157112,-0.2885752,-0.1221855,1.0
2445258.42933,45.70882,-2.078281,-0.6697584,-0.1221962,-1.157091,-0.2885928,-0.1221862,1.0
2445258.43791,44.70952,-2.078267,-0.6698575,-0.1221948,-1.1571360000000002,-0.2885561,-0.1221848,1.0
2445258.44124,44.17738,-2.078261,-0.669896,-0.1221943,-1.157153,-0.2885419,-0.1221843,1.0
2445258.4497,42.97343,-2.078247,-0.6699938,-0.12219289999999998,-1.157197,-0.2885058,-0.1221829,1.0
2445258.45687,42.54025,-2.078235,-0.6700765999999999,-0.12219180000000003,-1.157235,-0.2884752,-0.1221818,1.0
2445258.46137,41.68694,-2.078228,-0.6701286,-0.1221911,-1.157258,-0.288456,-0.1221811,1.0
2445258.47428,45.20641,-2.078207,-0.6702778,-0.1221891,-1.157326,-0.2884008,-0.1221791,1.0
2445258.48166,45.70882,-2.078194,-0.6703631,-0.1221879,-1.1573639999999998,-0.2883693,-0.1221779,1.0
2445258.47908,46.47292,-2.078199,-0.6703332,-0.1221883,-1.157351,-0.2883803,-0.12217830000000003,1.0
2445258.48095,46.85975,-2.078196,-0.6703549,-0.122188,-1.157361,-0.2883723,-0.122178,1.0
2445258.48333,47.81895,-2.078192,-0.6703823,-0.1221876,-1.157373,-0.2883622,-0.1221776,1.0
2445258.48437,48.79777,-2.07819,-0.6703944000000001,-0.1221875,-1.157378,-0.2883578,-0.1221775,1.0
2445258.48833,49.65923,-2.078183,-0.6704401,-0.1221868,-1.157399,-0.2883409,-0.1221768,1.0
2445258.49095,51.0035,-2.078179,-0.6704704,-0.1221864,-1.157413,-0.2883296,-0.1221764,1.0
2445258.49499,51.57034,-2.078172,-0.6705171,-0.1221858,-1.157434,-0.2883124,-0.1221758,1.0
2445258.49741,52.5291,-2.078168,-0.6705451,-0.1221854,-1.157446,-0.28830209999999995,-0.1221754,1.0
2445258.50353,53.75266,-2.078158,-0.6706158,-0.1221844,-1.157478,-0.2882759,-0.1221744,1.0
2445258.51987,53.90139,-2.078131,-0.6708046,-0.1221819,-1.157564,-0.2882062,-0.1221719,1.0
2445258.52533,52.67445,-2.078122,-0.6708675999999999,-0.122181,-1.157592,-0.2881829,-0.122171,1.0
2445258.52808,51.61786,-2.078118,-0.6708994,-0.1221806,-1.157607,-0.2881711,-0.12217060000000002,1.0
2445258.53212,51.09754,-2.0781110000000003,-0.6709460999999999,-0.1221799,-1.157628,-0.2881539,-0.12216989999999997,1.0
2445732.20874,58.45208,1.625389,-1.905436,0.1078089,0.9627563,-1.176157,0.10781789999999998,1.0
2445732.21091,58.34451,1.625404,-1.90542,0.1078097,0.9627433,-1.176166,0.1078187,1.0
2445732.21183,58.18352,1.6254110000000002,-1.905413,0.1078101,0.9627379,-1.1761700000000002,0.1078191,1.0
2445732.21445,57.01643000000001,1.625429,-1.905394,0.1078111,0.9627222,-1.176182,0.1078201,1.0
2445732.21691,56.38973000000001,1.625446,-1.905376,0.107812,0.9627075,-1.176193,0.107821,1.0
2445732.22166,56.65001,1.625479,-1.905342,0.1078138,0.962679,-1.176214,0.1078228,1.0
2445732.22562,54.80245,1.625507,-1.905313,0.1078154,0.9626554,-1.176231,0.1078244,1.0
2445732.22887,53.50569,1.625529,-1.905289,0.1078166,0.9626359,-1.176245,0.1078256,1.0
2445732.25083,50.86277000000001,1.625683,-1.905129,0.1078251,0.9625046,-1.176342,0.10783410000000003,1.0
2445732.25537,48.35039,1.625714,-1.905096,0.1078268,0.9624774,-1.176362,0.1078358,1.0
2445732.25766,47.55542,1.62573,-1.90508,0.1078277,0.9624637,-1.176373,0.1078367,1.0
2445732.2631200003,47.11943,1.625768,-1.90504,0.1078298,0.962431,-1.176397,0.1078388,1.0
2445732.26662,47.33692,1.625793,-1.905014,0.1078311,0.9624101,-1.176412,0.1078401,1.0
2445732.27016,46.04686,1.625817,-1.904989,0.1078325,0.9623889,-1.176428,0.1078415,1.0
2445732.2747,46.21681,1.625849,-1.904956,0.1078343,0.9623617,-1.176448,0.1078433,1.0
2445732.27924,47.07605,1.625881,-1.904923,0.107836,0.9623346,-1.176468,0.107845,1.0
2445732.2782,48.43954,1.625873,-1.90493,0.1078356,0.9623408,-1.1764629999999998,0.1078446,1.0
2445732.29328,51.80838,1.625979,-1.90482,0.1078414,0.9622506,-1.17653,0.1078504,1.0
2445732.29558,53.25986,1.625995,-1.904804,0.1078423,0.9622369,-1.17654,0.1078513,1.0
2445732.29933,53.50569,1.626021,-1.904776,0.1078437,0.9622144,-1.176557,0.1078527,1.0
2445732.30337,53.85177,1.626049,-1.904747,0.1078453,0.9621903,-1.176574,0.1078543,1.0
2445732.30962,54.55066,1.626092,-1.904701,0.1078477,0.9621529,-1.176602,0.1078567,1.0
2445732.31728,58.61382,1.626146,-1.904646,0.1078507,0.962107,-1.176636,0.1078597,1.0
2445732.31937,59.75854,1.62616,-1.90463,0.10785150000000003,0.9620945,-1.1766450000000002,0.1078605,1.0
2445732.32337,59.53879000000001,1.626188,-1.904601,0.107853,0.9620706,-1.176663,0.107862,1.0
2445732.32958,58.61382,1.626232,-1.904556,0.1078554,0.9620335,-1.17669,0.1078644,1.0
2445732.33395,59.26523,1.626262,-1.904524,0.1078571,0.9620073,-1.17671,0.1078661,1.0
2445732.33716,57.70321,1.626285,-1.904501,0.1078583,0.9619881,-1.176724,0.1078673,1.0
2445732.34116,58.18352,1.626312,-1.904472,0.1078598,0.9619642,-1.176741,0.1078688,1.0
2445732.34612,56.18236,1.626347,-1.904436,0.1078618,0.9619345,-1.176763,0.1078708,1.0
2445732.35049,54.55066,1.626377,-1.904404,0.1078634,0.9619084,-1.176783,0.1078724,1.0
2445732.3541200003,53.21083,1.626403,-1.904377,0.1078648,0.9618867,-1.176799,0.1078738,1.0
2445732.35753,50.2574,1.626427,-1.904352,0.1078661,0.9618662,-1.176814,0.1078752,1.0
2445732.36174,49.52221,1.626456,-1.904322,0.1078678,0.9618411,-1.176832,0.1078768,1.0
2445732.36383,47.81895,1.62647,-1.904307,0.1078686,0.9618286,-1.176842,0.1078776,1.0
2445732.36795,46.73045,1.626499,-1.904277,0.1078702,0.9618039,-1.17686,0.1078792,1.0
2445732.37974,43.93392,1.626581,-1.904191,0.1078747,0.9617334,-1.1769120000000002,0.1078837,1.0
2445732.3847,43.53114,1.626616,-1.904155,0.1078766,0.9617037,-1.176934,0.1078856,1.0
2445732.38824,43.85307,1.626641,-1.904129,0.107878,0.9616825,-1.176949,0.10788699999999997,1.0
2445732.38987,45.33149,1.626652,-1.904117,0.1078786,0.9616728,-1.176957,0.1078876,1.0
2445732.3941200003,46.43014,1.626682,-1.904086,0.1078802,0.9616474,-1.176975,0.1078892,1.0
2445732.40012,48.17259,1.626724,-1.904042,0.1078825,0.9616115,-1.177002,0.1078915,1.0
2445732.40412,48.43954,1.626751,-1.904013,0.1078841,0.9615876,-1.177019,0.1078931,1.0
2445732.41003,52.33594,1.626793,-1.90397,0.1078864,0.9615522,-1.1770459999999998,0.1078954,1.0
2445798.60098,27.01469,2.013477,-1.348954,0.12845839999999994,1.064756,-1.66959,0.1284504,1.0
2445798.60628,25.5623,2.013501,-1.348904,0.1284596,1.064808,-1.669627,0.1284516,1.0
2445798.60986,25.04955,2.013518,-1.34887,0.1284605,1.064843,-1.669652,0.1284525,1.0
2445798.61348,24.0547,2.013534,-1.348836,0.1284613,1.064879,-1.669677,0.12845330000000002,1.0
2445798.61744,22.92979,2.013552,-1.348799,0.1284622,1.064918,-1.669704,0.1284542,1.0
2445798.62107,21.9786,2.013569,-1.348765,0.12846300000000002,1.0649540000000002,-1.669729,0.128455,1.0
2445798.62673,20.70141,2.013595,-1.348712,0.1284643,1.06501,-1.6697689999999998,0.12845630000000002,1.0
2445798.63011,19.46256,2.01361,-1.34868,0.1284651,1.065043,-1.6697919999999995,0.12845710000000002,1.0
2445798.63286,19.03707,2.013623,-1.348654,0.1284657,1.0650700000000002,-1.6698110000000002,0.1284577,1.0
2445798.63619,18.56949,2.0136380000000003,-1.348623,0.12846649999999998,1.065103,-1.669834,0.1284585,1.0
2445798.63878,18.39924,2.01365,-1.348598,0.1284671,1.065128,-1.669852,0.12845910000000002,1.0
2445798.64223,18.16352,2.013666,-1.348566,0.1284679,1.0651620000000002,-1.669876,0.1284599,1.0
2445798.64486,18.18026,2.013678,-1.348541,0.1284685,1.065188,-1.6698939999999998,0.1284605,1.0
2445798.64832,18.34848,2.013694,-1.348508,0.1284693,1.065222,-1.669918,0.1284613,1.0
2445798.65853,19.67886,2.0137400000000003,-1.3484120000000002,0.12847160000000002,1.065323,-1.669989,0.12846359999999998,1.0
2445798.66365,20.45502,2.013764,-1.348364,0.1284728,1.065374,-1.670025,0.12846480000000002,1.0
2445798.66936,21.81725,2.01379,-1.34831,0.1284741,1.06543,-1.670064,0.1284661,1.0
2445798.67428,23.03563,2.0138130000000003,-1.348264,0.12847519999999998,1.065478,-1.670098,0.1284672,1.0
2445798.67973,23.681,2.013838,-1.348213,0.12847650000000002,1.065532,-1.670136,0.1284685,1.0
2445798.68536,24.43431,2.013863,-1.34816,0.1284777,1.065588,-1.670175,0.1284697,1.0
2445798.69211,25.32795,2.013894,-1.348096,0.12847930000000002,1.065654,-1.670222,0.12847129999999998,1.0
2445798.69786,25.8226,2.01392,-1.348042,0.1284806,1.065711,-1.670262,0.12847260000000002,1.0
2445798.70353,26.74238,2.013946,-1.347989,0.12848189999999998,1.065767,-1.6703009999999998,0.1284739,1.0
2445798.7088200003,26.08555,2.013971,-1.347939,0.12848310000000002,1.065819,-1.670338,0.1284751,1.0
2445798.71423,25.8226,2.013995,-1.347888,0.1284844,1.065872,-1.670375,0.1284764,1.0
2445798.72132,25.39803,2.014028,-1.347821,0.128486,1.065942,-1.670424,0.128478,1.0
2445798.73223,23.7903,2.014078,-1.347719,0.1284885,1.06605,-1.6705,0.1284805,1.0
2445798.73903,22.14114,2.014109,-1.3476549999999998,0.12849000000000002,1.066117,-1.6705470000000002,0.128482,1.0
2445798.74603,21.75705,2.014141,-1.347589,0.1284916,1.066186,-1.670596,0.1284836,1.0
2445798.75211,21.32063,2.014169,-1.347532,0.128493,1.0662459999999998,-1.670638,0.128485,1.0
2445798.75786,19.9159,2.014195,-1.3474780000000002,0.1284944,1.066302,-1.670678,0.1284863,1.0
2445798.76415,19.80615,2.014224,-1.347418,0.12849580000000002,1.066365,-1.670721,0.1284878,1.0
2445798.77003,19.64265,2.014251,-1.347363,0.1284971,1.066422,-1.670762,0.1284891,1.0
2445798.77561,19.07217,2.014276,-1.347311,0.12849839999999998,1.066478,-1.6708009999999998,0.1284904,1.0
2445798.78207,19.08974,2.014306,-1.34725,0.1284999,1.066541,-1.6708459999999998,0.1284919,1.0
2445798.7934,20.19296,2.014358,-1.347143,0.12850250000000002,1.066653,-1.670924,0.12849449999999998,1.0
2445798.79998,22.57356,2.0143880000000003,-1.347081,0.128504,1.066718,-1.67097,0.128496,1.0
2445798.80915,26.01357,2.01443,-1.3469950000000002,0.1285061,1.066808,-1.6710330000000002,0.1284981,1.0
2446804.35026,57.96956,0.5932816999999999,-2.503434,0.04851115,0.2859992,-1.569328,0.04851715,1.0
2446804.35373,56.44169,0.5933146,-2.503426,0.04851309,0.2859744,-1.569339,0.04851909,1.0
2446804.36037,56.8591,0.5933775,-2.50341,0.04851681,0.285927,-1.569359,0.04852281,1.0
2446804.36763,55.51368000000001,0.5934463000000001,-2.503393,0.04852087,0.2858752,-1.569382,0.04852687,1.0
2446804.37226,57.54399,0.5934902,-2.503382,0.04852347,0.2858421,-1.569396,0.04852947,1.0
2446804.37723,56.80676,0.5935373,-2.503371,0.04852625,0.2858066,-1.569411,0.04853225,1.0
2446804.38105,58.83016,0.5935735,-2.503362,0.04852839,0.2857793,-1.569423,0.04853439,1.0
2446804.3861700003,58.02298,0.593622,-2.50335,0.04853126,0.2857428,-1.569439,0.04853726,1.0
2446804.39263,59.81361,0.5936832,-2.503334,0.04853487,0.2856966,-1.569459,0.04854087,1.0
2446804.39528,59.21066999999999,0.5937083000000001,-2.503328,0.04853636,0.2856777,-1.569467,0.04854236,1.0
2446804.40129,60.47836,0.5937651999999999,-2.503314,0.04853972,0.2856348,-1.5694860000000002,0.04854572,1.0
2446804.40542,60.03438000000001,0.5938044,-2.503304,0.04854204,0.2856053,-1.569499,0.04854804,1.0
2446804.40938,60.75751,0.5938419,-2.503295,0.04854425,0.285577,-1.569511,0.04855025,1.0
2446804.41319,61.03796,0.593878,-2.503286,0.04854639,0.2855498,-1.569523,0.04855239,1.0
2446804.4169400004,61.83011,0.5939135,-2.503277,0.04854849,0.285523,-1.569534,0.04855449,1.0
2446804.42331,61.6595,0.5939739,-2.503262,0.04855205,0.2854775,-1.569554,0.04855805,1.0
2446804.4277,60.75751,0.5940155,-2.5032520000000003,0.04855451,0.2854462,-1.569568,0.04856051,1.0
2446804.43079,61.0942,0.5940448,-2.503244,0.04855624,0.2854241,-1.569577,0.04856224,1.0
2446804.43453,61.0942,0.5940802,-2.503236,0.04855834,0.2853974,-1.569589,0.04856434,1.0
2446804.4408,60.8135,0.5941396,-2.503221,0.04856185,0.2853526,-1.569608,0.04856785,1.0
2446804.4459,60.70158000000001,0.594188,-2.503209,0.04856471,0.2853162,-1.569624,0.04857071,1.0
2446804.45065,61.26325,0.594233,-2.503198,0.04856737,0.2852822,-1.569639,0.04857337,1.0
2446804.45555,60.98177,0.5942794,-2.503186,0.04857011,0.28524720000000003,-1.569654,0.04857611,1.0
2446804.46337,59.70353000000001,0.5943535,-2.503168,0.04857449,0.28519140000000004,-1.569678,0.04858049,1.0
2446804.46759,59.86872,0.5943935,-2.503158,0.04857685,0.2851613,-1.569691,0.04858285,1.0
2446804.47115,59.15616,0.5944272,-2.503149,0.04857885,0.2851358,-1.5697020000000002,0.04858485,1.0
2446804.47553,59.15616,0.5944687,-2.503139,0.048581300000000015,0.2851045,-1.569716,0.048587300000000014,1.0
2446804.47892,57.91619,0.5945009,-2.503131,0.0485832,0.2850803,-1.569727,0.0485892,1.0
2446804.48516,56.18236,0.5945600000000001,-2.503116,0.04858669,0.28503579999999995,-1.569746,0.04859269,1.0
2446804.48827,58.02298,0.5945895,-2.503109,0.04858843,0.2850136,-1.569755,0.04859443,1.0
2446804.4918400003,58.18352,0.5946233,-2.5031,0.04859043,0.2849881,-1.569767,0.04859643,1.0
2446804.4950200003,58.72189,0.5946534000000001,-2.503093,0.04859221,0.28496540000000004,-1.569776,0.04859821,1.0
2446804.49849,58.18352,0.5946863,-2.503085,0.04859416,0.2849406,-1.569787,0.04860016,1.0
2446804.50282,57.96956,0.5947273,-2.503075,0.04859658,0.28490959999999993,-1.569801,0.04860258,1.0
2446804.50755,58.34451,0.5947722,-2.503063,0.04859923,0.2848759,-1.569815,0.04860523,1.0
2446804.51108,58.93863,0.5948055999999999,-2.503055,0.04860121,0.2848506,-1.569826,0.04860721,1.0
2446804.51494,58.50595,0.5948422,-2.503046,0.04860337,0.2848231,-1.5698379999999998,0.04860937,1.0
2446804.51808,58.83016,0.5948719,-2.503039,0.04860513,0.2848007,-1.569848,0.04861113,1.0
2446804.52283,59.75854,0.594917,-2.503027,0.04860779,0.2847667,-1.569863,0.04861379,1.0
2446804.52623,58.83016,0.5949492,-2.503019,0.04860969,0.2847424000000001,-1.569873,0.04861569,1.0
2446804.53014,59.31984,0.5949861999999999,-2.50301,0.04861188,0.2847145,-1.569885,0.04861788,1.0
2446804.53343,58.88437,0.5950174,-2.503002,0.04861372,0.284691,-1.569895,0.04861972,1.0
2446804.53791,59.64856,0.5950599,-2.502992,0.04861623,0.284659,-1.569909,0.04862223,1.0
2446804.54127,59.81361,0.5950917,-2.502984,0.04861811,0.284635,-1.56992,0.04862411,1.0
2446804.54617,59.92389,0.5951380999999999,-2.502972,0.04862086,0.2846,-1.569935,0.04862686,1.0
2446804.54974,59.92389,0.595172,-2.502964,0.04862286,0.2845745,-1.5699459999999998,0.04862886,1.0
2446804.55423,59.48398,0.5952145000000001,-2.502953,0.04862537,0.28454250000000003,-1.56996,0.04863137,1.0
2446804.55744,59.31984,0.5952449000000001,-2.502946,0.04862717,0.28451950000000004,-1.56997,0.04863317,1.0
2446804.56136,59.1017,0.5952821,-2.502937,0.04862936,0.2844916,-1.569982,0.04863536,1.0
2446804.56709,58.99293,0.5953364000000001,-2.502923,0.04863257,0.2844506,-1.57,0.04863857,1.0
2446832.28861,16.687839999999998,0.8534079,-2.420786,0.06380533,0.1367309,-1.7436189999999998,0.06380833,1.0
2446832.29314,16.904410000000002,0.8534492,-2.42077,0.06380774,0.13671770000000005,-1.7436599999999998,0.06381074,1.0
2446832.29873,16.41345,0.8535002,-2.42075,0.06381072,0.1367013,-1.743711,0.06381372,1.0
2446832.30378,16.18825,0.8535463,-2.420732,0.06381342,0.1366865,-1.743756,0.06381642,1.0
2446832.3103400003,15.95144,0.8536060999999999,-2.420709,0.06381691,0.13666729999999996,-1.743816,0.06381991,1.0
2446832.31368,16.039839999999998,0.8536366,-2.420697,0.06381869,0.13665750000000002,-1.743846,0.06382169,1.0
2446832.32298,16.17335,0.8537214,-2.420664,0.06382365,0.13663029999999998,-1.74393,0.06382665,1.0
2446832.32607,15.95144,0.8537495999999999,-2.420653,0.0638253,0.1366213,-1.743958,0.0638283,1.0
2446832.33258,15.674729999999998,0.853809,-2.42063,0.06382877,0.1366022,-1.744017,0.06383177,1.0
2446832.3366900003,15.70363,0.8538465000000001,-2.420615,0.06383096,0.1365902,-1.744054,0.06383396,1.0
2446832.36274,15.77611,0.8540841,-2.420522,0.06384484,0.1365139,-1.74429,0.06384784,1.0
2446832.3665400003,15.17749,0.8541187,-2.420509,0.06384687,0.13650279999999998,-1.7443240000000002,0.06384987,1.0
2446832.37078,15.51672,0.8541574000000001,-2.420494,0.06384913,0.1364904,-1.744363,0.06385213,1.0
2446832.37397,15.60271,0.8541865,-2.420482,0.06385083,0.136481,-1.744391,0.06385383,1.0
2446832.37965,15.8052,0.8542383,-2.420462,0.06385385,0.1364644,-1.744443,0.06385685,1.0
2446832.40105,15.892779999999998,0.8544335,-2.420386,0.06386526,0.1364017,-1.744637,0.06386826,1.0
2446832.40613,15.60271,0.8544798000000001,-2.420368,0.06386797,0.1363868,-1.744682,0.06387097,1.0
2446832.4096,16.039839999999998,0.8545115,-2.420355,0.06386982,0.13637670000000002,-1.744714,0.06387282,1.0
2446832.41421,16.15846,0.8545535,-2.420339,0.06387227,0.13636320000000002,-1.7447560000000002,0.06387527,1.0
2446832.4181,16.09904,0.8545889999999999,-2.420325,0.06387435,0.13635179999999994,-1.744791,0.06387735,1.0
2446832.4227,15.674729999999998,0.8546309999999999,-2.4203080000000003,0.0638768,0.13633829999999994,-1.744832,0.0638798,1.0
2446832.42635,15.488170000000002,0.8546643,-2.420295,0.06387875,0.1363276,-1.744865,0.06388175,1.0
2446832.43233,15.12168,0.8547188,-2.420274,0.06388193,0.13631010000000002,-1.74492,0.06388493,1.0
2446832.43665,14.96925,0.8547582,-2.420259,0.06388424,0.1362975,-1.744959,0.06388724,1.0
2446832.44039,15.0522,0.8547923000000001,-2.420245,0.06388623,0.1362865,-1.744993,0.06388923,1.0
2446832.44338,15.13561,0.8548196,-2.420235,0.06388782,0.13627779999999998,-1.74502,0.06389082,1.0
2446832.44678,14.75027,0.8548505999999999,-2.420223,0.06388963,0.1362678,-1.74505,0.06389263,1.0
2446832.45097,14.845679999999998,0.8548888000000001,-2.420208,0.06389187,0.1362556,-1.7450880000000002,0.06389487,1.0
2446832.4547200003,15.21949,0.854923,-2.420194,0.06389387,0.13624460000000002,-1.745122,0.06389687,1.0
2446832.45745,15.17749,0.8549479,-2.420185,0.06389532,0.1362366,-1.7451470000000002,0.06389832,1.0
2446832.4612,15.066070000000002,0.8549821,-2.420171,0.06389732,0.1362256,-1.745181,0.06390032,1.0
2446832.46561,15.50244,0.8550223,-2.420156,0.06389967,0.13621270000000002,-1.745221,0.06390267,1.0
2446832.47163,15.531020000000002,0.8550771999999999,-2.420134,0.06390288,0.1361951,-1.745275,0.06390588,1.0
2446832.47459,15.86354,0.8551042,-2.420124,0.06390446,0.1361864,-1.745302,0.06390746,1.0
2446832.47851,15.99558,0.85514,-2.42011,0.06390655,0.13617490000000002,-1.745338,0.06390955,1.0
2446832.48135,15.892779999999998,0.8551658999999999,-2.420099,0.06390806,0.13616660000000005,-1.745363,0.06391106,1.0
2446832.48592,16.06941,0.8552076,-2.420083,0.0639105,0.1361532,-1.745405,0.0639135,1.0
2446832.49084,16.443720000000006,0.8552525,-2.420066,0.06391312,0.1361388,-1.7454490000000005,0.06391612,1.0
2446832.494,16.368170000000006,0.8552813,-2.420054,0.06391480000000001,0.13612960000000002,-1.745478,0.0639178,1.0
2446832.49762,16.42858,0.8553143,-2.420041,0.06391673,0.13611900000000002,-1.74551,0.06391973,1.0
2446832.50071,16.38325,0.8553424999999999,-2.42003,0.06391838,0.1361099,-1.745538,0.06392138,1.0
2446832.5041400003,16.39834,0.8553738000000001,-2.420018,0.06392021,0.1360999,-1.745569,0.06392321,1.0
2446832.50743,16.20317,0.8554038,-2.420007,0.06392196,0.1360902,-1.745599,0.06392496,1.0
2446832.51238,16.53484,0.8554489,-2.419989,0.0639246,0.1360757,-1.745644,0.0639276,1.0
