2433226.63905,96.04457,-2.032834,-1.147485,0.1473795,-1.321005,-0.457862,0.14745360000000002,1.0
2433226.64934,103.3886,-2.032762,-1.147578,0.1473801,-1.321058,-0.4578281,0.1474542,1.0
2433226.6592200003,110.071,-2.032693,-1.147667,0.1473806,-1.32111,-0.4577955,0.14745479999999994,1.0
2433226.66909,112.5312,-2.032623,-1.147757,0.1473811,-1.321161,-0.457763,0.14745529999999998,1.0
2433226.6795900003,113.5724,-2.03255,-1.147851,0.1473817,-1.321216,-0.4577284,0.1474559,1.0
2433226.69497,109.4644,-2.032442,-1.14799,0.1473825,-1.3212959999999998,-0.4576778,0.1474567,1.0
2433226.70438,104.1532,-2.032376,-1.148075,0.147383,-1.321345,-0.4576468,0.1474572,1.0
2433226.71468,94.63958,-2.032303,-1.148168,0.1473836,-1.321398,-0.4576129,0.1474578,1.0
2433226.72388,85.12807,-2.032239,-1.148251,0.14738410000000002,-1.321446,-0.4575825,0.1474583,1.0
2433226.73309,76.0804,-2.0321740000000004,-1.148334,0.1473846,-1.321494,-0.4575522,0.1474588,1.0
2433226.73905,75.52188000000002,-2.032132,-1.148388,0.1473849,-1.321525,-0.4575326,0.1474591,1.0
2433226.74518,74.69178000000002,-2.032089,-1.148443,0.14738520000000002,-1.321557,-0.4575124,0.1474595,1.0
2433226.75284,77.28101,-2.032035,-1.148513,0.1473857,-1.321597,-0.4574871,0.1474599,1.0
2433226.75834,82.6557,-2.031997,-1.148562,0.1473859,-1.321625,-0.457469,0.1474602,1.0
2433226.76534,89.22216999999998,-2.031947,-1.148626,0.14738629999999994,-1.321662,-0.457446,0.1474606,1.0
2433226.77193,94.81407,-2.031901,-1.148685,0.1473867,-1.321696,-0.4574243,0.14746099999999998,1.0
2433226.7787200003,99.46558,-2.031854,-1.1487459999999998,0.14738710000000002,-1.321731,-0.4574019,0.1474613,1.0
2433226.78576,102.8189,-2.031804,-1.14881,0.1473874,-1.321768,-0.4573787,0.14746170000000006,1.0
2433226.79209,106.3831,-2.03176,-1.148867,0.1473878,-1.321801,-0.4573577999999999,0.1474621,1.0
2433226.79868,109.9696,-2.031713,-1.148926,0.14738810000000002,-1.321835,-0.4573362,0.1474624,1.0
2433226.80593,113.3634,-2.031662,-1.148992,0.1473885,-1.321873,-0.4573123,0.1474628,1.0
2433226.8127200003,114.7289,-2.031615,-1.149053,0.1473889,-1.321908,-0.4572899,0.14746320000000002,1.0
2433226.82038,114.7289,-2.031561,-1.149122,0.14738929999999995,-1.321948,-0.4572647,0.1474636,1.0
2433226.82718,112.8425,-2.031513,-1.149184,0.1473897,-1.321983,-0.4572423,0.147464,1.0
2433226.8333400004,109.9696,-2.03147,-1.149239,0.14739000000000002,-1.322015,-0.457222,0.1474643,1.0
2433226.84013,105.0202,-2.031422,-1.149301,0.1473904,-1.32205,-0.4571996,0.1474647,1.0
2433226.8467200003,99.64897,-2.031376,-1.14936,0.1473907,-1.322085,-0.4571779,0.14746510000000002,1.0
2433226.85243,93.42709,-2.031336,-1.149412,0.14739100000000002,-1.322114,-0.4571590999999999,0.1474654,1.0
2433226.85855,85.20652,-2.031293,-1.149467,0.1473914,-1.3221459999999998,-0.4571389,0.1474657,1.0
2433226.86468,82.96078,-2.03125,-1.149522,0.1473917,-1.322178,-0.4571188,0.14746610000000002,1.0
2433226.87193,83.7284,-2.031199,-1.1495879999999998,0.1473921,-1.322216,-0.4570949,0.1474665,1.0
2433226.87872,83.34371,-2.031151,-1.149649,0.14739249999999998,-1.322251,-0.4570725000000001,0.14746679999999998,1.0
2433226.88618,84.03744,-2.031099,-1.149716,0.1473929,-1.32229,-0.4570479,0.1474672,1.0
2434748.57593,99.04455,-0.5800475,-2.038408,0.1161953,-0.8487575999999999,-1.092512,0.11627060000000003,1.0
2434748.5838900004,99.68518,-0.5799496999999999,-2.038427,0.1161915,-0.8487937,-1.092569,0.1162667,1.0
2434748.58993,98.77126,-0.5798755,-2.038441,0.1161885,-0.8488209999999999,-1.092612,0.1162637,1.0
2434748.59722,97.23679,-0.5797859000000001,-2.0384580000000003,0.116185,-0.8488540000000001,-1.092665,0.11626019999999998,1.0
2434748.6038900004,94.15223,-0.5797041,-2.0384740000000003,0.1161817,-0.8488841999999999,-1.0927129999999998,0.1162569,1.0
2434748.60968,90.08046,-0.5796329000000001,-2.038488,0.1161789,-0.8489104,-1.092754,0.1162541,1.0
2434748.61655,86.10544,-0.5795485,-2.038504,0.1161755,-0.8489415000000001,-1.092804,0.1162507,1.0
2434748.62276,81.25135,-0.5794722,-2.038519,0.11617249999999997,-0.8489696,-1.092849,0.11624769999999998,1.0
2434748.62901,77.3091,-0.5793954000000001,-2.038534,0.1161694,-0.8489979,-1.092894,0.11624460000000003,1.0
2434748.63543,72.88373,-0.5793166000000001,-2.038549,0.1161663,-0.8490270000000001,-1.09294,0.1162415,1.0
2434748.64168,69.86032,-0.5792398,-2.038564,0.1161633,-0.8490553,-1.092985,0.1162384,1.0
2434748.6463900004,69.66756,-0.579182,-2.038575,0.116161,-0.8490766,-1.093019,0.1162361,1.0
2434748.65176,70.05362,-0.579116,-2.038587,0.1161583,-0.8491009,-1.093057,0.1162335,1.0
2434748.65843,72.88373,-0.5790341,-2.038603,0.1161551,-0.8491310999999999,-1.093105,0.1162302,1.0
2434748.66593,76.74155,-0.5789419,-2.038621,0.1161514,-0.8491651,-1.093159,0.1162266,1.0
2434748.67451,82.38167,-0.5788365,-2.038641,0.1161472,-0.8492039,-1.093221,0.1162224,1.0
2434748.68076,86.2642,-0.5787597,-2.038656,0.1161442,-0.8492322,-1.093266,0.1162193,1.0
2434748.68697,88.84451,-0.5786835,-2.038671,0.1161412,-0.8492603000000001,-1.093311,0.1162163,1.0
2434748.69255,90.08046,-0.5786149,-2.038684,0.1161384,-0.8492856,-1.093351,0.1162135,1.0
2434748.69793,92.43375,-0.5785488,-2.038697,0.1161358,-0.8493099000000001,-1.093389,0.1162109,1.0
2434748.70955,92.77492,-0.5784060000000001,-2.038724,0.1161301,-0.8493625,-1.093473,0.1162052,1.0
2434748.71426,93.89243,-0.5783482,-2.038735,0.1161278,-0.8493839,-1.093507,0.1162029,1.0
2434748.7196400003,93.71964,-0.5782822,-2.038748,0.1161252,-0.8494082000000001,-1.093546,0.1162003,1.0
2434748.72585,93.28903,-0.5782059,-2.038763,0.1161222,-0.8494363000000001,-1.09359,0.1161973,1.0
2434748.73272,90.41294,-0.5781215000000001,-2.038779,0.1161188,-0.8494674000000001,-1.09364,0.1161939,1.0
2434748.7411,87.78708,-0.5780185999999999,-2.038799,0.1161147,-0.8495053,-1.0937,0.1161898,1.0
2434748.74947,83.45082,-0.5779156999999999,-2.038819,0.1161107,-0.8495433000000001,-1.09376,0.1161857,1.0
2434748.75551,79.18275,-0.5778415,-2.0388330000000003,0.1161077,-0.8495706000000001,-1.093804,0.1161828,1.0
2434748.7643,73.55812,-0.5777335,-2.038854,0.11610339999999998,-0.8496104,-1.093867,0.1161785,1.0
2434748.76947,73.08539,-0.57767,-2.038866,0.1161009,-0.8496338,-1.093904,0.1161759,1.0
2434748.7743900004,71.75144,-0.5776096,-2.038877,0.1160985,-0.849656,-1.09394,0.1161735,1.0
2434748.78022,73.22015,-0.577538,-2.038891,0.11609569999999997,-0.8496825000000001,-1.093982,0.1161707,1.0
2434748.7858,73.35515,-0.5774694,-2.038904,0.11609289999999997,-0.8497077,-1.0940219999999998,0.1161679,1.0
2434748.7918,77.59444,-0.5773957,-2.038919,0.11609,-0.8497349000000001,-1.094065,0.116165,1.0
2434753.56684,81.86858000000002,-0.5185429,-2.049492,0.11372,-0.8701021000000001,-1.131009,0.1137922,1.0
2434753.5715900003,78.61714,-0.5184840999999999,-2.049501,0.11371760000000003,-0.8701209000000001,-1.131048,0.1137898,1.0
2434753.58001,71.56773000000003,-0.5183800000000001,-2.049519,0.1137133,-0.8701542,-1.131118,0.1137855,1.0
2434753.58889,70.0031,-0.5182703,-2.049537,0.1137088,-0.8701893,-1.131192,0.113781,1.0
2434753.59447,70.84631,-0.5182011999999999,-2.049548,0.113706,-0.8702113000000001,-1.131239,0.1137782,1.0
2434753.6000900003,73.64059,-0.5181316,-2.04956,0.1137032,-0.8702335999999999,-1.131285,0.11377539999999997,1.0
2434753.60505,75.07879,-0.5180703,-2.04957,0.1137006,-0.8702532,-1.131327,0.1137728,1.0
2434753.61584,78.18389,-0.5179368,-2.049592,0.1136952,-0.8702958000000001,-1.131417,0.1137674,1.0
2434753.62297,81.79321,-0.5178487,-2.049607,0.11369160000000003,-0.870324,-1.131476,0.1137638,1.0
2434753.6285900003,84.86278,-0.5177791,-2.049618,0.1136887,-0.8703463,-1.131523,0.1137609,1.0
2434753.63443,89.19022,-0.5177069999999999,-2.04963,0.1136858,-0.8703693000000001,-1.131571,0.1137579,1.0
2434753.64068,93.39363,-0.5176297000000001,-2.049643,0.1136826,-0.870394,-1.131623,0.1137548,1.0
2434753.64739,96.27583,-0.5175467,-2.049657,0.1136792,-0.8704206,-1.131679,0.1137514,1.0
2434753.6538400003,97.88525,-0.5174668,-2.04967,0.113676,-0.8704460999999999,-1.131733,0.1137481,1.0
2434753.65989,98.97312,-0.5173920999999999,-2.049682,0.1136729,-0.8704700000000001,-1.131783,0.113745,1.0
2434753.66551,99.61328,-0.5173225,-2.049694,0.1136701,-0.8704921999999998,-1.13183,0.1137422,1.0
2434753.67155,99.98095,-0.5172478,-2.049706,0.113667,-0.8705161,-1.13188,0.1137391,1.0
2434753.67976,96.18719,-0.5171462,-2.049723,0.1136628,-0.8705485999999999,-1.131949,0.113735,1.0
2434753.6855900004,92.87894,-0.5170741,-2.049735,0.1136599,-0.8705716,-1.131997,0.113732,1.0
2434753.69055,90.59772,-0.5170127999999999,-2.049745,0.11365739999999998,-0.8705912,-1.132039,0.1137295,1.0
2434753.69639,86.36092,-0.5169406,-2.049757,0.1136544,-0.8706143,-1.132087,0.1137265,1.0
2434753.70222,82.24647,-0.5168684,-2.049769,0.11365150000000003,-0.8706374,-1.132136,0.1137236,1.0
2434753.71234,76.19338,-0.5167432,-2.04979,0.1136464,-0.8706773999999999,-1.13222,0.1137184,1.0
2434753.71993,70.84631,-0.5166494,-2.049805,0.1136425,-0.8707074,-1.132283,0.1137146,1.0
2434753.72789,68.15807,-0.516551,-2.049821,0.1136385,-0.8707389000000001,-1.13235,0.1137106,1.0
2434753.73309,67.6577,-0.5164866,-2.049832,0.1136359,-0.8707594999999999,-1.132393,0.1137079,1.0
2434753.73868,68.91555,-0.5164175,-2.049843,0.113633,-0.8707815000000001,-1.132439,0.11370510000000003,1.0
2434753.74497,73.50506,-0.5163397,-2.049856,0.1136298,-0.8708064,-1.132492,0.1137019,1.0
2434753.75143,76.26359000000002,-0.5162598,-2.04987,0.1136266,-0.8708319,-1.1325459999999998,0.1136986,1.0
2434753.75705,79.34458000000002,-0.5161902,-2.049881,0.1136237,-0.8708541999999999,-1.132592,0.1136958,1.0
2434753.76243,83.62137,-0.5161237,-2.049892,0.113621,-0.8708754000000001,-1.132637,0.113693,1.0
2434753.77043,86.67967,-0.5160248,-2.0499080000000003,0.113617,-0.8709071,-1.1327040000000002,0.113689,1.0
2434753.77559,88.20989,-0.5159609000000001,-2.049919,0.1136143,-0.8709275,-1.132747,0.1136864,1.0
2434753.78143,89.02608000000002,-0.5158887,-2.049931,0.1136114,-0.8709505999999999,-1.132795,0.1136834,1.0
2434753.78664,91.35183,-0.5158242999999999,-2.049942,0.1136088,-0.8709712,-1.132839,0.1136808,1.0
2434753.79397,91.689,-0.5157335999999999,-2.049957,0.1136051,-0.8710002,-1.1329,0.1136771,1.0
2434753.79872,91.35183,-0.5156748,-2.049966,0.1136026,-0.8710189,-1.132939,0.1136746,1.0
2434753.80368,92.53739,-0.5156135000000001,-2.049977,0.1136001,-0.8710385,-1.132981,0.1136721,1.0
2434753.80864,91.689,-0.5155522,-2.049987,0.1135976,-0.8710581000000001,-1.133022,0.1136696,1.0
2434753.81384,90.59772,-0.5154877999999999,-2.0499970000000003,0.113595,-0.8710787,-1.133065,0.113667,1.0
2436216.54248,126.9725,0.5615224,-1.981832,0.05886845,0.1782874,-1.076018,0.05893361,1.0
2436216.5504400004,131.4952,0.56162,-1.981802,0.05886247,0.1782569,-1.076043,0.05892762,1.0
2436216.55536,132.2238,0.5616804,-1.981784,0.05885877,0.178238,-1.076058,0.05892392,1.0
2436216.55977,132.9566,0.5617346,-1.981767,0.05885545,0.1782211,-1.076071,0.05892059,1.0
2436216.56631,132.5897,0.5618148000000001,-1.981743,0.05885053,0.178196,-1.076092,0.05891567,1.0
2436216.5699,131.9805,0.5618588000000001,-1.98173,0.05884784,0.1781822,-1.076103,0.05891297,1.0
2436216.57344,133.3244,0.5619022,-1.981716,0.05884517,0.1781686,-1.076113,0.05891030000000001,1.0
2436216.57811,133.3244,0.5619595000000001,-1.981699,0.05884166,0.1781507,-1.076128,0.05890679,1.0
2436216.58415,132.1021,0.5620335999999999,-1.981676,0.05883712,0.17812750000000002,-1.0761459999999998,0.05890224,1.0
2436216.58965,130.0498,0.5621010999999999,-1.981656,0.05883298,0.1781064,-1.076163,0.0588981,1.0
2436216.59265,129.2141,0.5621379,-1.981645,0.05883073,0.17809489999999994,-1.076173,0.05889584,1.0
2436216.59677,127.3239,0.5621885,-1.981629,0.05882763,0.17807910000000002,-1.076185,0.05889273,1.0
2436216.60115,128.7389,0.5622421999999999,-1.981613,0.05882434,0.17806229999999998,-1.076199,0.05888944,1.0
2436216.60336,126.9725,0.5622693,-1.981605,0.05882268,0.17805379999999998,-1.076206,0.05888777,1.0
2436216.60498,126.0404,0.5622891999999999,-1.981599,0.05882145,0.1780476,-1.076211,0.05888655,1.0
2436216.6101900004,124.655,0.5623531,-1.981579,0.05881754,0.1780276,-1.076227,0.05888263,1.0
2436216.6184,121.5933,0.5624538,-1.981549,0.05881136,0.1779961,-1.076252,0.05887645,1.0
2436216.6269,118.8255,0.5625581000000001,-1.981517,0.05880497,0.1779635,-1.076278,0.05887005,1.0
2436216.63677,116.9795,0.5626793000000001,-1.98148,0.05879755,0.17792560000000002,-1.076308,0.05886261,1.0
2436216.6414400004,115.4808,0.5627365,-1.981463,0.05879404,0.17790770000000006,-1.076323,0.0588591,1.0
2436216.64886,116.2277,0.5628274999999999,-1.981435,0.05878846,0.17787920000000002,-1.0763459999999998,0.05885351,1.0
2436216.65461,117.3032,0.5628981,-1.981413,0.05878414,0.17785720000000002,-1.076363,0.05884918,1.0
2436216.65981,118.3886,0.562962,-1.981394,0.05878022,0.1778372,-1.0763790000000002,0.05884526,1.0
2436216.6664,121.2578,0.5630427,-1.981369,0.05877527,0.1778119,-1.0764,0.05884030000000001,1.0
2436216.6724,125.2304,0.5631164000000001,-1.981347,0.05877076,0.1777889,-1.076418,0.05883578,1.0
2436216.67736,129.691,0.5631772,-1.981329,0.05876703,0.17776989999999998,-1.076433,0.05883205,1.0
2436216.68202,133.3244,0.5632344,-1.981311,0.05876352,0.177752,-1.0764479999999998,0.05882854,1.0
2436216.68861,136.5557,0.5633151999999999,-1.981287,0.05875857,0.17772670000000002,-1.076468,0.05882358,1.0
2436216.69269,138.0733,0.5633653000000001,-1.981271,0.0587555,0.1777111,-1.07648,0.05882050000000001,1.0
2436216.70311,139.6078,0.5634931,-1.981232,0.05874766,0.1776711,-1.0765129999999998,0.05881266,1.0
2436216.73819,130.6501,0.5639235,-1.981101,0.05872128,0.1775365,-1.0766209999999998,0.05878624,1.0
2436216.75081,122.9447,0.5640784000000001,-1.981054,0.05871179,0.177488,-1.076659,0.05877674,1.0
2436216.75548,120.3677,0.5641357,-1.981037,0.05870828,0.1774701,-1.076674,0.05877322,1.0
2436216.7634400004,117.8446,0.5642333,-1.981007,0.05870229,0.1774396,-1.076698,0.05876723,1.0
2436216.7689,116.9795,0.5643003000000001,-1.980987,0.05869819,0.1774186,-1.076715,0.05876312,1.0
2436216.77631,115.907,0.5643913,-1.980959,0.05869261,0.1773902,-1.076738,0.05875754,1.0
2436216.78152,116.7642,0.5644551999999999,-1.98094,0.05868869,0.17737020000000006,-1.076754,0.05875361,1.0
2436216.78565,119.0446,0.5645058000000001,-1.980924,0.05868559,0.1773544,-1.076767,0.05875051,1.0
2436216.79248,121.2578,0.5645897,-1.980899,0.05868045,0.1773281,-1.076788,0.05874536,1.0
2436216.82948,130.891,0.5650436,-1.980761,0.05865263,0.17718620000000002,-1.076902,0.0587175,1.0
2436216.83415,130.0498,0.5651009,-1.980743,0.05864912,0.1771683,-1.076916,0.05871399,1.0
2436216.83906,132.2238,0.5651611999999999,-1.980725,0.05864542,0.17714939999999998,-1.076931,0.05871028,1.0
2436216.84373,132.5897,0.5652184,-1.980707,0.05864191,0.1771315,-1.076945,0.05870677,1.0
2436216.85061,131.4952,0.5653028,-1.980682,0.05863674,0.17710510000000002,-1.076967,0.05870159,1.0
2436216.85606,130.6501,0.5653698,-1.980661,0.05863264,0.1770842,-1.076983,0.05869748,1.0
2436216.8629400004,128.1474,0.5654541000000001,-1.980636,0.05862747,0.1770578,-1.077005,0.05869231,1.0
2436216.87061,126.1565,0.5655482,-1.980607,0.0586217,0.17702839999999995,-1.077028,0.05868653,1.0
2436216.87581,123.7399,0.5656121000000001,-1.980588,0.05861779,0.17700839999999998,-1.077044,0.05868261,1.0
2436216.88348,121.3696,0.5657061,-1.980559,0.05861202,0.176979,-1.077068,0.05867684,1.0
2436216.88923,119.1543,0.5657767,-1.980538,0.0586077,0.1769569,-1.077085,0.05867251,1.0
2436216.8941900004,117.7361,0.5658375,-1.980519,0.05860397,0.17693789999999998,-1.077101,0.05866878,1.0
2436216.89856,117.3032,0.5658911999999999,-1.980503,0.05860068,0.1769211,-1.077114,0.05866548,1.0
2436216.90706,114.633,0.5659955,-1.980471,0.05859429,0.1768885,-1.07714,0.05865908,1.0
2436216.9169400004,114.1063,0.5661166,-1.980434,0.05858686,0.1768506,-1.077171,0.05865164,1.0
2436216.92131,115.3745,0.5661703,-1.980418,0.05858357,0.1768338,-1.077184,0.05864835,1.0
2436216.9279,117.7361,0.5662510999999999,-1.980393,0.05857862,0.1768086,-1.077204,0.05864339,1.0
2436216.93586,121.2578,0.5663486999999999,-1.980364,0.05857264,0.176778,-1.077229,0.0586374,1.0
2436216.94131,125.8084,0.5664157,-1.980343,0.05856853,0.1767571,-1.077246,0.05863329,1.0
2436216.94711,129.3331,0.5664866999999999,-1.980322,0.05856418,0.1767349,-1.077264,0.05862893,1.0
2438697.96193,1636381.0,-2.254955,-0.7976217,0.1431375,-1.457322,-0.206063,0.1431779,1.0
2438697.96785,1643934.0,-2.2549240000000004,-0.7976799,0.1431385,-1.457353,-0.2060394,0.1431789,1.0
2438697.9823,1702489.0,-2.2548470000000003,-0.7978223000000001,0.14314100000000002,-1.457427,-0.2059816,0.1431814,1.0
2438697.99376,1689991.0,-2.254787,-0.7979351,0.1431429,-1.457486,-0.2059359,0.1431834,1.0
2438698.00035,1669877.0,-2.254752,-0.7979999,0.1431441,-1.45752,-0.2059096,0.1431846,1.0
2438698.01247,1558420.0,-2.254688,-0.7981193,0.1431461,-1.457582,-0.2058612,0.14318670000000006,1.0
2438698.01901,1504819.0,-2.254654,-0.7981836999999999,0.1431473,-1.457616,-0.2058351,0.1431878,1.0
2438698.02822,1348604.0,-2.254605,-0.7982743,0.1431489,-1.457663,-0.2057983,0.1431894,1.0
2438698.03676,1194220.0,-2.25456,-0.7983584,0.14315029999999998,-1.457707,-0.20576420000000006,0.14319089999999998,1.0
2438698.04626,1093162.0,-2.25451,-0.798452,0.143152,-1.457756,-0.2057263,0.1431925,1.0
2438698.0561,1098207.0,-2.254458,-0.7985488000000001,0.1431536,-1.457807,-0.2056871,0.1431942,1.0
2438698.06564,1220912.0,-2.254408,-0.7986426999999999,0.1431553,-1.457856,-0.205649,0.1431959,1.0
2438698.07676,1421295.0,-2.2543490000000004,-0.7987522,0.1431572,-1.457913,-0.20560460000000005,0.1431978,1.0
2438698.09447,1522946.0,-2.2542560000000003,-0.7989265999999999,0.14316020000000002,-1.458004,-0.2055339,0.1432008,1.0
2438698.1168,1669877.0,-2.254138,-0.7991464,0.14316410000000002,-1.458119,-0.2054447,0.1432047,1.0
2438698.12535,1707200.0,-2.254093,-0.7992305000000001,0.1431656,-1.458163,-0.20541060000000005,0.1432062,1.0
2438698.13351,1727764.0,-2.25405,-0.7993109,0.14316700000000002,-1.458205,-0.20537800000000006,0.1432076,1.0
2438698.1433900003,1688435.0,-2.253998,-0.7994081999999999,0.1431687,-1.458256,-0.2053386,0.14320929999999998,1.0
2438698.15126,1615416.0,-2.253957,-0.7994857,0.14317,-1.4582959999999998,-0.2053072,0.14321070000000002,1.0
2438698.15685,1508983.0,-2.253927,-0.7995406999999999,0.143171,-1.458325,-0.2052849,0.1432116,1.0
2438698.16205,1459770.0,-2.2539,-0.7995919,0.14317190000000002,-1.458352,-0.2052641,0.1432125,1.0
2438698.1686400003,1377477.0,-2.253865,-0.7996566999999999,0.143173,-1.458386,-0.2052378,0.14321370000000005,1.0
2438698.17455,1352335.0,-2.253834,-0.799715,0.143174,-1.458416,-0.20521420000000004,0.14321470000000006,1.0
2438698.1811,1331326.0,-2.2537990000000003,-0.7997794,0.1431751,-1.45845,-0.2051881,0.14321579999999998,1.0
2438698.1883,1342408.0,-2.253761,-0.7998504,0.14317639999999998,-1.458487,-0.2051593,0.1432171,1.0
2438698.19293,1336240.0,-2.253737,-0.7998959,0.1431772,-1.458511,-0.2051408,0.14321789999999998,1.0
2438698.20176,1302220.0,-2.25369,-0.7999829,0.1431787,-1.458556,-0.2051056,0.1432194,1.0
2438698.20735,1315480.0,-2.253661,-0.8000378,0.1431797,-1.458585,-0.2050833,0.1432204,1.0
2438698.21555,1485540.0,-2.253618,-0.8001186,0.1431811,-1.458627,-0.2050505,0.14322179999999998,1.0
2438698.2241,1522946.0,-2.253573,-0.8002026999999999,0.14318250000000002,-1.4586709999999998,-0.2050164,0.1432233,1.0
2438698.23326,1627363.0,-2.253524,-0.800293,0.1431841,-1.458718,-0.2049798,0.14322490000000002,1.0
2438698.2401400004,1616905.0,-2.253488,-0.8003607,0.1431853,-1.458754,-0.2049524,0.143226,1.0
2442184.29096,136.3955,1.178786,2.330797,-0.1576154,0.6115233,1.493542,-0.1576494,1.0
2442184.29967,139.4441,1.178713,2.3308470000000003,-0.1576141,0.6115706,1.493506,-0.1576481,1.0
2442184.30592,145.4789,1.17866,2.330883,-0.1576131,0.6116045999999999,1.49348,-0.1576471,1.0
2442184.3121700003,142.4295,1.178608,2.330919,-0.1576121,0.6116385,1.493454,-0.1576461,1.0
2442184.32013,140.9938,1.178541,2.330965,-0.1576109,0.6116818,1.493422,-0.15764489999999998,1.0
2442184.32742,143.8799,1.17848,2.331008,-0.15760970000000002,0.6117214,1.493392,-0.15764370000000005,1.0
2442184.333,139.7012,1.178433,2.33104,-0.1576089,0.6117517,1.493369,-0.15764289999999995,1.0
2442184.3375,139.1874,1.178395,2.331066,-0.1576082,0.6117760999999999,1.49335,-0.1576422,1.0
2442184.3434200003,133.0454,1.178345,2.3311,-0.15760729999999998,0.6118083000000001,1.493326,-0.15764129999999998,1.0
2442184.3492900003,129.8973,1.178296,2.331134,-0.15760639999999998,0.6118402,1.493302,-0.1576404,1.0
2442184.35521,123.8226,1.178246,2.331168,-0.15760539999999998,0.6118724,1.493277,-0.1576394,1.0
2442184.36113,117.8148,1.178197,2.331203,-0.1576045,0.6119045,1.4932530000000002,-0.1576385,1.0
2442184.36771,115.4516,1.178141,2.331241,-0.1576035,0.6119403,1.493226,-0.1576375,1.0
2442184.3725900003,114.6041,1.1781,2.331269,-0.1576027,0.6119668,1.493206,-0.15763670000000002,1.0
2442184.37846,110.0525,1.178051,2.331303,-0.1576018,0.6119986999999999,1.493181,-0.1576358,1.0
2442184.3840400004,109.2446,1.178004,2.331335,-0.157601,0.612029,1.493159,-0.157635,1.0
2442184.39304,117.2735,1.177928,2.331387,-0.1575996,0.6120779000000001,1.493121,-0.1576336,1.0
2442184.39825,115.7711,1.177885,2.331417,-0.15759879999999998,0.6121062,1.4931,-0.1576328,1.0
2442184.4038400003,123.7086,1.177838,2.33145,-0.1575979,0.6121365,1.493077,-0.1576319,1.0
2442184.4086700003,125.8925,1.177797,2.331478,-0.15759720000000002,0.6121628,1.493057,-0.1576312,1.0
2442184.41492,124.6235,1.177745,2.331514,-0.15759620000000002,0.6121968000000001,1.493031,-0.15763020000000005,1.0
2442184.41946,126.9404,1.177707,2.33154,-0.1575955,0.6122214,1.493013,-0.1576295,1.0
2442184.42467,129.0625,1.177663,2.33157,-0.1575947,0.6122496999999999,1.492991,-0.1576287,1.0
2442184.43159,136.8989,1.177605,2.33161,-0.15759360000000006,0.6122873000000001,1.4929629999999998,-0.1576276,1.0
2442184.43575,132.923,1.17757,2.331634,-0.157593,0.6123099,1.492946,-0.157627,1.0
2442184.4430400003,133.5365,1.177508,2.331677,-0.15759179999999998,0.6123496,1.492916,-0.15762579999999998,1.0
2442184.4465400004,137.6575,1.1774790000000002,2.331697,-0.1575913,0.6123685999999999,1.492901,-0.1576253,1.0
2442184.45175,138.0384,1.177435,2.331727,-0.1575905,0.6123969,1.49288,-0.1576245,1.0
2442184.45867,138.0384,1.177377,2.331767,-0.1575894,0.6124344,1.492851,-0.1576234,1.0
2442184.4635400004,137.5308,1.1773360000000002,2.331795,-0.15758870000000005,0.6124609000000001,1.492831,-0.1576227,1.0
2442184.46804,138.5479,1.177298,2.331821,-0.157588,0.6124854000000001,1.492813,-0.157622,1.0
2442184.4742900003,139.7012,1.177246,2.331857,-0.15758699999999998,0.6125193,1.492787,-0.157621,1.0
2442184.47884,130.7374,1.177208,2.331884,-0.15758629999999998,0.612544,1.492768,-0.1576203,1.0
2442184.48471,125.8925,1.177158,2.331918,-0.1575854,0.6125759,1.492744,-0.1576194,1.0
2442184.49029,123.0269,1.1771120000000002,2.33195,-0.15758450000000002,0.6126063,1.492721,-0.1576185,1.0
2442184.49446,118.7955,1.1770770000000002,2.331974,-0.1575839,0.6126289,1.492704,-0.15761789999999998,1.0
2442184.5,115.7711,1.17703,2.332006,-0.157583,0.6126590000000001,1.492681,-0.157617,1.0
2442184.5045,112.2018,1.176992,2.332032,-0.15758229999999998,0.6126835,1.4926620000000002,-0.1576163,1.0
2442184.50971,114.2878,1.176948,2.332062,-0.1575815,0.6127118,1.492641,-0.1576155,1.0
2442184.51388,113.658,1.176913,2.332086,-0.1575808,0.6127344,1.492624,-0.1576148,1.0
2442184.51946,110.7643,1.176867,2.332119,-0.15758,0.6127646999999999,1.492601,-0.157614,1.0
2442184.525,111.4808,1.17682,2.332151,-0.15757910000000006,0.6127948000000001,1.492578,-0.1576131,1.0
2442184.53021,114.6041,1.176776,2.3321810000000003,-0.15757829999999998,0.6128231,1.492557,-0.15761229999999998,1.0
2442184.53229,113.9725,1.176759,2.332193,-0.157578,0.6128345000000001,1.492548,-0.157612,1.0
2442184.53821,117.9234,1.176709,2.332227,-0.1575771,0.6128666,1.492524,-0.1576111,1.0
2442184.54342,118.6861,1.176665,2.332257,-0.1575763,0.6128949,1.492502,-0.15761029999999998,1.0
2442184.54825,121.7867,1.176625,2.332285,-0.1575755,0.6129211999999999,1.492482,-0.1576095,1.0
2442184.55521,127.409,1.176566,2.332325,-0.1575744,0.612959,1.4924540000000002,-0.15760839999999998,1.0
2442184.55971,129.7777,1.176528,2.332351,-0.1575737,0.6129834,1.492435,-0.15760770000000002,1.0
2442184.56563,134.2765,1.176479,2.332386,-0.1575728,0.6130156,1.4924110000000002,-0.1576068,1.0
2442184.57221,134.648,1.176423,2.332424,-0.15757179999999998,0.6130513000000001,1.492384,-0.1576058,1.0
2442184.57675,141.1237,1.176385,2.33245,-0.1575711,0.6130760000000001,1.492365,-0.15760510000000005,1.0
2442184.58159,142.6921,1.176345,2.332478,-0.1575704,0.6131023,1.492345,-0.15760439999999998,1.0
2442184.5885400004,143.6151,1.1762860000000002,2.332518,-0.1575693,0.6131401,1.492316,-0.1576033,1.0
2442184.5934200003,148.4568,1.176245,2.332546,-0.1575685,0.6131665,1.4922959999999998,-0.1576025,1.0
2442184.59896,146.0158,1.176199,2.332578,-0.1575677,0.6131966999999999,1.492273,-0.1576017,1.0
2444085.19101,75.71815,-2.543971,0.444828,0.1036896,-1.930004,-0.3637302,0.10367160000000003,1.0
2444085.19472,73.0466,-2.543972,0.4447897,0.1036913,-1.929955,-0.3637307,0.1036733,1.0
2444085.20147,73.0466,-2.543975,0.4447201,0.1036945,-1.929866,-0.3637316,0.1036765,1.0
2444085.20617,72.51035,-2.543977,0.4446715,0.1036967,-1.929804,-0.3637322,0.1036787,1.0
2444085.21217,73.18128,-2.543979,0.4446096,0.1036994,-1.929725,-0.363733,0.10368139999999998,1.0
2444085.21613,72.97935,-2.543981,0.4445688,0.1037013,-1.929673,-0.3637335,0.1036833,1.0
2444085.22334,69.95198,-2.5439830000000003,0.4444945,0.1037046,-1.929579,-0.3637345,0.1036866,1.0
2444085.2269200003,69.50243,-2.543985,0.4444575,0.10370630000000003,-1.929531,-0.363735,0.1036883,1.0
2444085.23259,73.11391,-2.543987,0.4443991,0.1037089,-1.929457,-0.3637357,0.1036909,1.0
2444085.2368,75.85776,-2.543989,0.4443557,0.1037109,-1.929402,-0.3637363,0.1036929,1.0
2444085.24238,77.41051999999998,-2.543991,0.4442981,0.1037135,-1.929328,-0.363737,0.1036955,1.0
2444085.24726,80.24168,-2.543993,0.4442478,0.1037157,-1.929264,-0.3637376,0.1036977,1.0
2444085.25188,83.5603,-2.543994,0.4442001,0.1037179,-1.929203,-0.3637382,0.1036999,1.0
2444085.25563,83.32973,-2.543996,0.4441614,0.1037196,-1.929154,-0.3637387,0.1037016,1.0
2444085.2614700003,85.42795,-2.543998,0.4441012,0.1037223,-1.929077,-0.3637395,0.1037043,1.0
2444085.26601,85.34931,-2.544,0.4440544,0.1037244,-1.929017,-0.3637401,0.1037064,1.0
2444085.27134,87.09636,-2.544002,0.4439994,0.1037269,-1.928947,-0.3637408,0.1037089,1.0
2444085.27392,88.38936,-2.544003,0.4439728,0.1037281,-1.928913,-0.3637412,0.1037101,1.0
2444085.27863,86.29785,-2.544005,0.4439242000000001,0.1037303,-1.928851,-0.3637418,0.1037123,1.0
2444085.28163,87.579,-2.544006,0.4438932,0.1037317,-1.928812,-0.3637422,0.1037137,1.0
2444085.29259,86.93607,-2.54401,0.4437802,0.1037368,-1.928668,-0.3637436,0.1037188,1.0
2444085.29697,87.33735,-2.544012,0.4437351,0.1037388,-1.92861,-0.3637442,0.1037208,1.0
2444085.30351,85.34931,-2.5440150000000004,0.4436676,0.1037418,-1.928524,-0.3637450999999999,0.1037238,1.0
2444085.29997,83.25301999999998,-2.544013,0.4437042000000001,0.1037402,-1.928571,-0.3637446,0.1037222,1.0
2444085.30976,80.38962,-2.544017,0.4436032,0.1037447,-1.928442,-0.3637459,0.1037267,1.0
2444085.31197,77.33926,-2.544018,0.4435804,0.1037458,-1.928413,-0.3637462,0.1037278,1.0
2444085.31772,74.33614,-2.54402,0.4435211,0.1037484,-1.928337,-0.3637469,0.1037304,1.0
2444085.3220900004,69.50243,-2.544022,0.443476,0.1037504,-1.92828,-0.3637475,0.1037325,1.0
2444085.3275900004,65.76578,-2.5440240000000003,0.4434192,0.103753,-1.928208,-0.3637482,0.103735,1.0
2444085.33384,62.97961,-2.544026,0.4433548,0.1037559,-1.928125,-0.3637491,0.1037379,1.0
2444085.33659,59.64856,-2.5440270000000003,0.4433264,0.1037572,-1.928089,-0.3637494,0.1037392,1.0
2444085.33967,56.70221,-2.544029,0.4432946,0.1037586,-1.928049,-0.3637498,0.1037406,1.0
2444085.34259,55.00473,-2.54403,0.4432645000000001,0.10376,-1.92801,-0.3637502,0.103742,1.0
2444085.34988,56.33782,-2.544033,0.4431893,0.1037633,-1.927914,-0.3637512,0.1037453,1.0
2444085.35647,62.57488000000001,-2.544035,0.4431214,0.1037664,-1.927828,-0.3637521,0.1037484,1.0
2444085.3618,67.85784,-2.544037,0.4430664000000001,0.10376889999999997,-1.927758,-0.3637528,0.1037509,1.0
2444085.36626,71.84557,-2.544039,0.4430204,0.1037709,-1.927699,-0.3637533,0.1037529,1.0
2444085.37397,74.74807,-2.544042,0.4429409000000001,0.1037745,-1.927598,-0.3637544,0.1037565,1.0
2444085.37876,78.55973,-2.544044,0.4428915,0.1037767,-1.927535,-0.363755,0.1037587,1.0
2444085.38055,80.38962,-2.544045,0.442873,0.1037776,-1.927511,-0.3637552,0.1037596,1.0
2444085.38376,81.20822,-2.544046,0.4428399,0.1037791,-1.927469,-0.3637557,0.1037611,1.0
2444085.39247,81.65824,-2.544049,0.4427501,0.10378310000000003,-1.927354,-0.3637568,0.1037651,1.0
2444085.39438,84.56681999999998,-2.54405,0.4427303,0.103784,-1.927329,-0.3637571,0.103766,1.0
2444085.39822,86.85604000000002,-2.544051,0.4426908,0.1037858,-1.927279,-0.3637576,0.1037678,1.0
2444085.40192,88.38936,-2.544053,0.4426526,0.1037875,-1.92723,-0.3637581,0.1037695,1.0
2444085.4059200003,89.70156,-2.544054,0.4426113,0.1037893,-1.927177,-0.3637586,0.1037713,1.0
2444087.15457,83.6373,-2.544591,0.4245499,0.1045941,-1.904611,-0.3632614,0.1045771,1.0
2444087.16545,84.33348000000002,-2.544594,0.4244376,0.1045991,-1.904471,-0.363258,0.1045821,1.0
2444087.1712,83.6373,-2.544596,0.4243782,0.1046017,-1.904397,-0.3632563,0.1045848,1.0
2444087.1729900003,83.5603,-2.544596,0.4243597,0.1046026,-1.904374,-0.3632557,0.1045856,1.0
2444087.1734,81.28305,-2.544596,0.4243554,0.1046028,-1.904368,-0.3632556,0.1045858,1.0
2444087.17799,80.094,-2.544598,0.4243081,0.1046049,-1.904309,-0.3632542,0.10458789999999997,1.0
2444087.18557,75.85776,-2.5446,0.4242297,0.10460839999999998,-1.904212,-0.3632518,0.1045914,1.0
2444087.19015,71.64733000000003,-2.544601,0.4241824000000001,0.1046105,-1.904153,-0.3632504,0.1045935,1.0
2444087.19395,67.29767,-2.544603,0.4241432,0.1046122,-1.904104,-0.3632493,0.1045952,1.0
2444087.20011,63.09573,-2.544604,0.4240795,0.1046151,-1.904024,-0.3632474,0.1045981,1.0
2444087.20461,59.97911,-2.544606,0.4240331,0.1046171,-1.903966,-0.363246,0.1046001,1.0
2444087.20907,57.86287,-2.544607,0.423987,0.1046192,-1.903909,-0.3632446,0.1046022,1.0
2444087.21424,54.55066,-2.544609,0.4239335999999999,0.1046215,-1.903842,-0.363243,0.1046045,1.0
2444087.22132,57.54399,-2.544611,0.4238605,0.1046248,-1.903751,-0.3632408,0.1046078,1.0
2444087.22607,61.6595,-2.544612,0.4238114000000001,0.104627,-1.90369,-0.3632394000000001,0.10461,1.0
2444087.23011,64.68446999999999,-2.544613,0.4237697,0.1046289,-1.903638,-0.3632381,0.1046119,1.0
2444087.23382,67.79536,-2.5446150000000003,0.4237314,0.1046306,-1.90359,-0.363237,0.1046136,1.0
2444087.24499,74.2677,-2.544618,0.423616,0.1046357,-1.903446,-0.3632335,0.1046187,1.0
2444087.2527,76.7715,-2.54462,0.4235364,0.1046392,-1.903347,-0.3632312,0.1046222,1.0
2444087.25724,80.68634,-2.544622,0.4234895,0.1046413,-1.903288,-0.3632298,0.1046243,1.0
2444087.26411,85.42795,-2.544624,0.4234185,0.1046445,-1.903199,-0.3632277,0.1046275,1.0
2444087.2699,86.29785,-2.544626,0.4233587,0.1046472,-1.903125,-0.3632259,0.1046302,1.0
2444087.27457,88.63393,-2.544627,0.4233105,0.1046493,-1.903065,-0.3632244,0.1046323,1.0
2444087.28007,90.8657,-2.544629,0.4232536,0.1046518,-1.902994,-0.3632227,0.1046348,1.0
2444087.28803,89.53648000000003,-2.5446310000000003,0.4231714,0.1046555,-1.902891,-0.3632203,0.1046385,1.0
2444087.29611,93.58365,-2.544633,0.423088,0.1046592,-1.902787,-0.3632178,0.1046422,1.0
2444087.30211,91.11712,-2.544635,0.423026,0.104662,-1.90271,-0.3632159,0.104645,1.0
2444087.3099,87.90225,-2.544638,0.4229455,0.1046656,-1.902609,-0.3632135,0.1046486,1.0
2444087.31461,83.0998,-2.544639,0.4228969,0.1046677,-1.902548,-0.3632121,0.1046507,1.0
2444087.32036,78.41515,-2.544641,0.4228375,0.1046704,-1.902474,-0.3632103,0.1046534,1.0
2444087.32511,75.02396,-2.544642,0.4227884,0.1046726,-1.902413,-0.3632089000000001,0.1046556,1.0
2444087.33228,68.73849,-2.544644,0.4227144000000001,0.1046758,-1.902321,-0.3632067,0.1046588,1.0
2444087.33745,70.08095,-2.544646,0.422661,0.1046782,-1.902254,-0.3632051,0.1046612,1.0
2444087.3432,69.63058000000001,-2.544648,0.4226016,0.1046809,-1.90218,-0.3632033,0.1046639,1.0
2444087.3502,72.04436,-2.54465,0.4225293,0.10468410000000003,-1.90209,-0.3632011,0.1046671,1.0
2444087.35386,70.59924000000002,-2.544651,0.4224915,0.1046858,-1.902043,-0.3632,0.1046688,1.0
2444087.35882,70.40443,-2.544652,0.4224402,0.1046881,-1.901979,-0.3631985,0.1046711,1.0
2444087.3692400004,71.12135,-2.5446560000000003,0.4223326,0.10469280000000003,-1.901844,-0.3631953,0.1046758,1.0
2444087.37178,72.31026999999997,-2.5446560000000003,0.4223064,0.104694,-1.901812,-0.3631945,0.104677,1.0
2444087.37736,75.92766,-2.544658,0.4222487,0.1046966,-1.90174,-0.3631928,0.1046796,1.0
2444087.3824,78.63212,-2.544659,0.4221965999999999,0.1046989,-1.901675,-0.3631912000000001,0.1046819,1.0
2444087.38528,80.31562,-2.54466,0.4221669,0.1047002,-1.901638,-0.3631903,0.1046832,1.0
2444087.3912,82.33794,-2.544662,0.4221058,0.104703,-1.901561,-0.3631885,0.1046859,1.0
2444087.39824,81.28305,-2.544664,0.4220331,0.1047062,-1.901471,-0.3631863,0.1046892,1.0
2444109.71811,86.37737,-2.539475,0.1898417,0.1144737,-1.657323,-0.30417,0.1144657,1.0
2444109.72911,93.32543,-2.539467,0.1897267,0.11447830000000002,-1.657225,-0.3041209,0.1144703,1.0
2444109.73694,95.23575,-2.539461,0.1896448,0.1144816,-1.657156,-0.304086,0.1144736,1.0
2444109.7400700003,97.27472,-2.539459,0.1896121,0.1144829,-1.657128,-0.3040721,0.1144749,1.0
2444109.75265,107.1519,-2.53945,0.1894805,0.1144881,-1.657016,-0.3040159,0.11448010000000003,1.0
2444109.75461,108.8429,-2.539448,0.1894601,0.1144889,-1.656998,-0.30400720000000003,0.1144809,1.0
2444109.76357,107.4484,-2.539442,0.1893664,0.1144926,-1.656918,-0.3039672,0.1144846,1.0
2444109.77486,107.4484,-2.539434,0.1892483,0.1144973,-1.656818,-0.30391690000000005,0.1144893,1.0
2444109.77828,104.9059,-2.539431,0.1892126,0.1144988,-1.656788,-0.30390159999999994,0.11449080000000003,1.0
2444109.7859400003,101.1114,-2.539426,0.1891325,0.114502,-1.6567189999999998,-0.3038674000000001,0.114494,1.0
2444109.79369,95.7635,-2.53942,0.1890514,0.1145052,-1.65665,-0.3038328,0.1144972,1.0
2444109.79973,90.8657,-2.539416,0.1889883,0.1145077,-1.656596,-0.3038059,0.1144997,1.0
2444109.80611,85.03545,-2.539411,0.1889216,0.1145103,-1.65654,-0.30377740000000003,0.11450230000000003,1.0
2444109.8134,83.32973,-2.539406,0.1888454,0.1145134,-1.656475,-0.3037449,0.11450539999999998,1.0
2444109.81623,82.03515,-2.539404,0.1888158,0.1145146,-1.65645,-0.3037323,0.1145066,1.0
2444109.8179,81.95963,-2.539402,0.1887983,0.1145152,-1.656435,-0.3037248,0.1145072,1.0
2444109.82253,82.94686999999998,-2.539399,0.18875,0.1145172,-1.656394,-0.3037042,0.1145092,1.0
2444109.83157,82.94686999999998,-2.539393,0.1886555,0.11452089999999998,-1.656313,-0.3036639,0.1145129,1.0
2444109.83632,81.28305,-2.539389,0.1886058,0.1145229,-1.6562709999999998,-0.3036427,0.1145149,1.0
2444109.85553,84.02335,-2.539375,0.188405,0.1145309,-1.6561,-0.303557,0.1145229,1.0
2444109.87386,98.99198,-2.539362,0.1882133,0.1145385,-1.655937,-0.3034752,0.1145305,1.0
2444109.89365,102.4236,-2.539348,0.1880064,0.1145468,-1.65576,-0.3033869,0.1145388,1.0
2444109.90786,101.953,-2.5393380000000003,0.1878578,0.1145527,-1.655634,-0.3033235,0.1145447,1.0
2444109.91603,98.71883,-2.539332,0.1877725,0.11455610000000002,-1.655561,-0.3032871,0.1145481,1.0
2444109.92023,97.45407,-2.539329,0.1877285,0.1145578,-1.6555240000000002,-0.3032683,0.1145498,1.0
2444109.92815,91.79098,-2.539323,0.1876457,0.1145611,-1.6554529999999998,-0.303233,0.1145531,1.0
2444109.93678,84.41119,-2.539317,0.1875555,0.1145647,-1.6553759999999995,-0.30319450000000003,0.1145567,1.0
2444109.94057,80.53784,-2.539314,0.1875159,0.1145663,-1.655343,-0.3031776,0.1145583,1.0
2444109.9474400003,74.2677,-2.539309,0.187444,0.1145691,-1.6552810000000002,-0.303147,0.1145611,1.0
2444109.95511,66.86518000000001,-2.539303,0.1873638,0.1145723,-1.655213,-0.3031128,0.1145643,1.0
2444109.95915,66.92679,-2.5393,0.1873216,0.114574,-1.655177,-0.3030947,0.11456600000000003,1.0
2444109.96594,70.40443,-2.539296,0.1872506,0.1145768,-1.6551169999999995,-0.3030644,0.1145688,1.0
2444109.97294,77.12586,-2.539291,0.1871774,0.1145797,-1.655054,-0.3030332000000001,0.11457169999999997,1.0
2444109.97569,80.094,-2.539289,0.1871486,0.1145809,-1.65503,-0.30302090000000004,0.1145729,1.0
2444109.98282,85.74325999999998,-2.539283,0.1870741,0.1145839,-1.654966,-0.3029892,0.1145759,1.0
2444109.9904,91.20108,-2.539278,0.1869949,0.114587,-1.654899,-0.3029553,0.114579,1.0
2444109.99428,93.4975,-2.539275,0.1869543,0.1145886,-1.654864,-0.302938,0.1145806,1.0
2444112.69499,114.4986,-2.537946,0.15874029999999995,0.1157403,-1.627738,-0.2922274,0.1157363,1.0
2444112.70045,115.558,-2.5379400000000003,0.15868310000000002,0.1157425,-1.6277,-0.292197,0.1157385,1.0
2444112.7067400003,117.1656,-2.537933,0.1586172,0.115745,-1.627657,-0.29216190000000003,0.115741,1.0
2444112.70965,117.2735,-2.53793,0.1585866,0.1157461,-1.627637,-0.2921457,0.1157421,1.0
2444112.71307,117.2735,-2.537926,0.1585508,0.1157475,-1.627614,-0.2921266,0.1157435,1.0
2444112.71753,115.9845,-2.537921,0.1585041,0.1157493,-1.627583,-0.2921018,0.1157453,1.0
2444112.7352,106.6596,-2.5379,0.15831900000000002,0.1157563,-1.627461,-0.2920033,0.11575230000000003,1.0
2444112.75374,90.78205,-2.537879,0.1581247,0.1157636,-1.627334,-0.29189990000000005,0.1157596,1.0
2444112.75661,90.69848,-2.537876,0.1580946,0.1157648,-1.627314,-0.29188390000000003,0.1157608,1.0
2444112.75299,89.70156,-2.53788,0.1581326,0.1157633,-1.627339,-0.29190409999999994,0.1157593,1.0
2444112.75361,88.38936,-2.537879,0.158126,0.1157636,-1.627334,-0.2919006,0.1157596,1.0
2444112.76003,87.6597,-2.537872,0.1580588,0.1157661,-1.62729,-0.2918648,0.1157621,1.0
2444112.76824,90.36495,-2.537862,0.1579728,0.1157694,-1.627234,-0.2918191,0.1157654,1.0
2444112.7697,89.45405,-2.537861,0.1579575,0.11577,-1.627224,-0.29181090000000004,0.115766,1.0
2444112.77236,89.86695,-2.5378580000000004,0.1579296,0.115771,-1.627205,-0.2917961,0.115767,1.0
2444112.77361,89.28941999999998,-2.537856,0.1579165,0.1157715,-1.627197,-0.2917891,0.1157675,1.0
2444112.7714,87.98325,-2.537859,0.1579396,0.11577060000000003,-1.627212,-0.2918014,0.1157666,1.0
2444112.79157,92.55502,-2.537836,0.1577283,0.1157787,-1.627073,-0.291689,0.1157747,1.0
2444112.82215,108.9432,-2.537801,0.1574079,0.1157908,-1.626862,-0.2915185,0.1157868,1.0
2444112.82403,109.9512,-2.537798,0.1573882,0.1157915,-1.62685,-0.291508,0.1157875,1.0
2444112.8369,112.9276,-2.537784,0.15725329999999998,0.1157967,-1.626761,-0.2914363,0.11579269999999997,1.0
2444112.84153,113.1358,-2.537778,0.1572049,0.11579849999999997,-1.626729,-0.2914105,0.1157945,1.0
2444112.84374,112.616,-2.537776,0.1571817,0.1157994,-1.626714,-0.2913982,0.1157954,1.0
2444112.84461,113.5534,-2.537775,0.1571725,0.1157997,-1.626708,-0.2913933,0.1157957,1.0
2444112.84628,112.616,-2.537773,0.15715510000000002,0.11580039999999997,-1.626696,-0.29138400000000003,0.1157964,1.0
2444112.85799,110.2554,-2.537759,0.1570324,0.115805,-1.626616,-0.2913187,0.115801,1.0
2444112.86545,107.0533,-2.537751,0.1569543,0.115808,-1.626564,-0.2912771,0.115804,1.0
2444112.88615,88.7156,-2.537727,0.15673729999999994,0.1158162,-1.626422,-0.2911617,0.1158122,1.0
2444112.89836,79.43281999999998,-2.537713,0.1566094,0.115821,-1.6263379999999998,-0.29109359999999995,0.1158171,1.0
2444112.90057,76.48918,-2.5377110000000003,0.1565862,0.1158219,-1.626323,-0.2910813,0.1158179,1.0
2444112.90278,75.23155,-2.5377080000000003,0.1565631,0.1158228,-1.626307,-0.291069,0.1158188,1.0
2444112.90449,74.06278,-2.537706,0.15654520000000002,0.1158235,-1.626296,-0.2910595,0.1158195,1.0
2444112.9067,73.65462,-2.537704,0.156522,0.1158244,-1.62628,-0.2910472,0.1158204,1.0
2444112.91049,74.67926,-2.5376990000000004,0.1564823,0.1158259,-1.626254,-0.291026,0.1158219,1.0
2444112.92678,90.61498,-2.537681,0.1563116,0.1158323,-1.626142,-0.2909352,0.1158283,1.0
2444112.94715,103.3713,-2.537657,0.1560981,0.1158404,-1.626002,-0.2908216,0.1158364,1.0
2444141.57171,127.0574,-2.492799,-0.14390970000000006,0.1266197,-1.490265,-0.114238,0.1266257,1.0
2444141.5785,128.9437,-2.492784,-0.1439808,0.1266221,-1.490255,-0.1141928,0.1266281,1.0
2444141.58325,133.168,-2.492773,-0.1440305,0.1266237,-1.490248,-0.11416110000000003,0.1266297,1.0
2444141.59488,143.3508,-2.492748,-0.1441522,0.1266277,-1.490232,-0.1140836,0.1266337,1.0
2444141.62729,138.9313,-2.492676,-0.1444915,0.1266389,-1.490185,-0.1138676,0.12664489999999998,1.0
2444141.6235,135.8939,-2.492685,-0.1444518,0.1266376,-1.490191,-0.1138929,0.12664360000000002,1.0
2444141.63779,133.906,-2.492653,-0.1446014,0.1266425,-1.49017,-0.1137976,0.1266485,1.0
2444141.63559,130.017,-2.492658,-0.1445783,0.1266418,-1.490173,-0.1138123,0.1266478,1.0
2444141.64034,125.0835,-2.492648,-0.144628,0.1266434,-1.490166,-0.1137807,0.1266494,1.0
2444141.64959,114.7097,-2.492627,-0.1447249,0.12664660000000005,-1.490153,-0.113719,0.1266526,1.0
2444141.6600900004,111.4808,-2.492604,-0.1448348,0.1266502,-1.490138,-0.113649,0.1266562,1.0
2444141.65459,107.2507,-2.492616,-0.14477720000000002,0.1266483,-1.490146,-0.1136857,0.12665430000000005,1.0
2444141.663,107.4484,-2.492598,-0.14486529999999995,0.1266512,-1.490134,-0.1136296,0.1266572,1.0
2444141.66571,108.243,-2.492592,-0.1448937,0.1266522,-1.49013,-0.1136115,0.1266582,1.0
2444141.67334,108.1434,-2.492575,-0.14497349999999998,0.1266548,-1.490119,-0.1135607,0.1266608,1.0
2444141.674,108.0438,-2.492573,-0.1449805,0.126655,-1.490118,-0.1135563,0.126661,1.0
2444141.6785,106.7579,-2.492563,-0.1450276,0.1266566,-1.490111,-0.1135263,0.1266626,1.0
2444141.68209,105.9742,-2.492555,-0.1450651,0.1266578,-1.490106,-0.1135024,0.1266638,1.0
2444141.68617,110.5605,-2.492546,-0.1451078,0.1266592,-1.4901,-0.1134752,0.1266652,1.0
2444141.68854,111.4808,-2.492541,-0.14513270000000006,0.12666,-1.490097,-0.1134594,0.126666,1.0
2444141.69125,113.658,-2.492535,-0.14516099999999998,0.126661,-1.490093,-0.1134413,0.126667,1.0
2444141.6940900004,113.5534,-2.492529,-0.1451907,0.126662,-1.490089,-0.1134224,0.126668,1.0
2444141.69792,120.6702,-2.492521,-0.1452308,0.1266633,-1.490084,-0.1133969,0.12666929999999998,1.0
2444141.705,125.1988,-2.492505,-0.145305,0.1266657,-1.490073,-0.1133497,0.1266717,1.0
2444141.70913,127.5264,-2.492496,-0.1453482,0.1266671,-1.490067,-0.1133222,0.1266731,1.0
2444141.715,136.2699,-2.492483,-0.1454096,0.1266692,-1.490059,-0.113283,0.1266752,1.0
2444141.72621,134.7721,-2.492458,-0.145527,0.126673,-1.490043,-0.1132083,0.126679,1.0
2444141.73146,137.2777,-2.4924470000000003,-0.1455819,0.1266749,-1.490035,-0.1131733,0.1266809,1.0
2444141.73417,137.7844,-2.492441,-0.14561029999999994,0.1266758,-1.490031,-0.1131553,0.1266818,1.0
2444141.73846,137.5308,-2.4924310000000003,-0.1456552,0.12667730000000002,-1.490025,-0.1131267,0.1266833,1.0
2444141.74229,137.7844,-2.492423,-0.1456953,0.1266786,-1.49002,-0.1131011,0.1266846,1.0
2444141.74675,138.2929,-2.492413,-0.145742,0.12668010000000002,-1.4900129999999998,-0.1130714,0.12668610000000002,1.0
2444141.75129,138.2929,-2.492403,-0.1457896,0.1266817,-1.490007,-0.1130411,0.1266877,1.0
2444141.75438,136.2699,-2.492396,-0.14582179999999995,0.12668279999999998,-1.490002,-0.1130206,0.1266888,1.0
2444141.759,134.2765,-2.492386,-0.14587020000000006,0.1266844,-1.489996,-0.1129897,0.1266904,1.0
2444141.76821,131.3409,-2.492366,-0.14596660000000006,0.1266875,-1.489983,-0.11292839999999997,0.1266935,1.0
2444141.77067,127.7615,-2.49236,-0.1459924,0.1266884,-1.4899790000000002,-0.11291199999999997,0.12669439999999998,1.0
2444141.77863,121.899,-2.492343,-0.1460757,0.1266911,-1.489968,-0.1128589,0.1266971,1.0
2444141.7865,112.0986,-2.492325,-0.1461581,0.12669380000000002,-1.489956,-0.1128065,0.1266998,1.0
2444141.80838,98.44644,-2.492277,-0.14638710000000002,0.1267014,-1.489925,-0.1126607,0.1267074,1.0
2444141.82092,106.0718,-2.492249,-0.1465184,0.1267057,-1.489907,-0.1125771,0.12671169999999998,1.0
2444141.8292900003,115.6645,-2.4922310000000003,-0.14660610000000002,0.1267086,-1.489895,-0.1125213,0.12671459999999998,1.0
2444141.8640400004,140.9938,-2.492154,-0.14696979999999998,0.12672060000000002,-1.489845,-0.1122896,0.1267266,1.0
2444141.89575,141.7751,-2.492084,-0.1473017,0.1267315,-1.489799,-0.11207830000000002,0.1267375,1.0
2444142.91872,147.3669,-2.489786,-0.1580069,0.1270826,-1.488557,-0.1052662,0.1270886,1.0
2444142.9591,144.54399999999995,-2.489695,-0.1584294,0.1270965,-1.488509,-0.1049973,0.1271025,1.0
2444142.98447,123.1402,-2.489638,-0.158695,0.1271052,-1.488478,-0.1048284,0.1271112,1.0
2444143.00497,110.7643,-2.489592,-0.1589095,0.1271122,-1.4884540000000002,-0.1046919,0.1271182,1.0
2444143.02839,119.4538,-2.489539,-0.1591546,0.1271202,-1.488426,-0.104536,0.1271262,1.0
2444143.04235,127.8792,-2.4895080000000003,-0.15930070000000002,0.127125,-1.48841,-0.1044431,0.127131,1.0
2444143.04818,129.7777,-2.489495,-0.15936170000000002,0.127127,-1.488403,-0.1044042,0.127133,1.0
2444143.0578,131.5831,-2.489473,-0.1594624,0.1271303,-1.488391,-0.1043401,0.1271363,1.0
2444143.05847,136.64700000000002,-2.489471,-0.15946939999999998,0.1271306,-1.48839,-0.1043357,0.1271366,1.0
2444143.0668900004,139.1874,-2.489452,-0.1595575,0.12713339999999998,-1.48838,-0.1042797,0.1271394,1.0
2444143.0728,141.5142,-2.489439,-0.1596194,0.1271355,-1.488373,-0.1042403,0.1271415,1.0
2444143.07555,142.0365,-2.489433,-0.15964820000000002,0.1271364,-1.48837,-0.104222,0.1271424,1.0
2444143.0798,143.4829,-2.489423,-0.15969270000000002,0.1271379,-1.488365,-0.1041937,0.12714389999999998,1.0
2444143.08214,142.2984,-2.489418,-0.1597171,0.1271387,-1.4883620000000002,-0.1041781,0.1271447,1.0
2444143.08893,140.2168,-2.489403,-0.15978820000000002,0.127141,-1.4883540000000002,-0.1041329,0.127147,1.0
2444143.0933,139.8299,-2.489393,-0.1598339,0.1271425,-1.488349,-0.1041038,0.1271485,1.0
2444143.09876,135.7688,-2.4893810000000003,-0.1598911,0.1271444,-1.488342,-0.1040674,0.1271504,1.0
2444143.10605,128.5879,-2.489364,-0.1599674,0.1271469,-1.488334,-0.10401889999999997,0.1271529,1.0
2444143.10855,124.5088,-2.489359,-0.15999349999999998,0.12714769999999995,-1.4883309999999998,-0.1040022,0.1271537,1.0
2444143.11555,120.8927,-2.489343,-0.16006679999999998,0.1271501,-1.488322,-0.1039556,0.12715610000000002,1.0
2444143.12193,111.0708,-2.489328,-0.1601335,0.12715230000000002,-1.488315,-0.1039132,0.1271583,1.0
2444143.13297,102.9912,-2.489304,-0.160249,0.12715610000000002,-1.488302,-0.1038397,0.1271621,1.0
2444143.14001,98.44644,-2.489288,-0.1603227,0.1271585,-1.488293,-0.1037928,0.1271645,1.0
2444143.1466,99.81596,-2.489273,-0.16039160000000002,0.1271608,-1.488286,-0.103749,0.12716680000000002,1.0
2444143.13693,92.55502,-2.4892950000000003,-0.1602905,0.1271575,-1.488297,-0.1038133,0.1271635,1.0
2444143.1422200003,100.2767,-2.4892830000000004,-0.16034579999999998,0.1271593,-1.488291,-0.1037781,0.1271653,1.0
2444143.15322,104.3278,-2.489258,-0.160461,0.1271631,-1.488278,-0.1037049,0.1271691,1.0
2444143.1564700003,108.4426,-2.489251,-0.160495,0.1271642,-1.488274,-0.1036832,0.1271702,1.0
2444143.1653,117.1656,-2.489231,-0.1605874,0.1271672,-1.488263,-0.1036244,0.1271732,1.0
2444143.17089,122.6874,-2.489218,-0.16064579999999998,0.1271691,-1.488257,-0.1035872,0.1271751,1.0
2444143.17926,126.7068,-2.489199,-0.1607335,0.127172,-1.488247,-0.1035315,0.127178,1.0
2444143.18768,135.6438,-2.48918,-0.1608216,0.1271749,-1.488237,-0.1034754,0.1271809,1.0
2444143.19522,143.4829,-2.489163,-0.1609005,0.1271775,-1.488228,-0.1034252,0.1271835,1.0
2444143.2001,145.345,-2.4891520000000003,-0.1609515,0.12717910000000002,-1.488222,-0.1033928,0.12718510000000002,1.0
2444143.20835,144.9439,-2.489134,-0.16103779999999998,0.127182,-1.488212,-0.1033378,0.12718800000000002,1.0
2444143.21393,146.1504,-2.489121,-0.1610963,0.1271839,-1.488205,-0.1033007,0.1271899,1.0
2444143.22164,144.278,-2.489104,-0.1611769,0.1271865,-1.488196,-0.1032493,0.1271925,1.0
2444143.23447,134.1529,-2.489075,-0.16131120000000002,0.1271909,-1.488181,-0.1031639,0.1271969,1.0
2444143.25001,121.2272,-2.48904,-0.1614739,0.12719629999999998,-1.488162,-0.1030604,0.12720230000000002,1.0
2444143.2541400003,119.0145,-2.489031,-0.1615171,0.1271977,-1.488158,-0.1030329,0.1272037,1.0
2444143.25918,114.8154,-2.489019,-0.1615698,0.1271994,-1.488152,-0.1029994,0.1272054,1.0
2444143.26397,111.9954,-2.489009,-0.16162,0.127201,-1.488146,-0.1029675,0.127207,1.0
2444143.26851,111.1732,-2.488998,-0.1616675,0.1272026,-1.48814,-0.1029372,0.1272086,1.0
2444143.2728,109.7489,-2.488989,-0.1617124,0.1272041,-1.488135,-0.1029087,0.12721010000000002,1.0
2444143.28001,109.7489,-2.488972,-0.16178779999999998,0.1272065,-1.488127,-0.1028607,0.1272125,1.0
2444143.2848,108.5425,-2.488962,-0.161838,0.1272082,-1.4881209999999998,-0.1028288,0.1272142,1.0
2444143.28851,112.7197,-2.488953,-0.1618768,0.1272095,-1.488117,-0.10280410000000002,0.1272155,1.0
2444143.2938900003,119.234,-2.488941,-0.161933,0.1272113,-1.48811,-0.1027683,0.1272173,1.0
2444143.3083,125.5452,-2.488909,-0.1620839,0.1272162,-1.488093,-0.1026723,0.1272222,1.0
2444143.30297,127.0574,-2.488921,-0.1620281,0.1272144,-1.488099,-0.1027078,0.12722039999999998,1.0
2444143.3166400003,128.7064,-2.48889,-0.1621711,0.1272191,-1.488083,-0.1026168,0.1272251,1.0
2444143.32355,137.5308,-2.488874,-0.16224349999999998,0.1272215,-1.488075,-0.1025708,0.12722750000000002,1.0
2445619.37476,115.558,-2.025593,-1.143864,0.1471929,-1.077396,-0.8319921999999998,0.1471999,1.0
2445619.38143,110.0525,-2.025546,-1.143924,0.1471932,-1.077387,-0.8319440999999999,0.14720020000000006,1.0
2445619.38318,106.2674,-2.025533,-1.14394,0.1471933,-1.077384,-0.8319314,0.1472003,1.0
2445619.38635,103.6573,-2.025511,-1.143969,0.1471934,-1.07738,-0.8319085999999999,0.14720039999999998,1.0
2445619.3916,100.0,-2.025474,-1.144016,0.1471937,-1.077373,-0.8318707000000001,0.14720070000000002,1.0
2445619.39676,91.79098,-2.025437,-1.1440629999999998,0.1471939,-1.077366,-0.8318334000000001,0.1472009,1.0
2445619.40485,88.30799,-2.02538,-1.144136,0.1471943,-1.0773549999999998,-0.831775,0.14720129999999998,1.0
2445619.40826,87.49838000000003,-2.025356,-1.144167,0.1471945,-1.07735,-0.8317503,0.1472015,1.0
2445619.41201,85.74325999999998,-2.02533,-1.144201,0.1471947,-1.077345,-0.8317233,0.14720170000000002,1.0
2445619.41793,87.33735,-2.025288,-1.144255,0.147195,-1.077337,-0.8316805,0.147202,1.0
2445619.42322,88.63393,-2.02525,-1.1443020000000002,0.14719520000000005,-1.077329,-0.8316423000000001,0.1472022,1.0
2445619.42747,90.44821,-2.02522,-1.144341,0.1471954,-1.077324,-0.8316117000000001,0.14720239999999998,1.0
2445619.43147,93.92907,-2.025192,-1.144377,0.1471956,-1.077318,-0.8315828000000002,0.14720260000000002,1.0
2445619.43381,96.02847,-2.025176,-1.144398,0.1471958,-1.077315,-0.8315659,0.14720279999999994,1.0
2445619.43689,99.4489,-2.025154,-1.144426,0.1471959,-1.077311,-0.8315437,0.1472029,1.0
2445619.43985,101.5781,-2.0251330000000003,-1.1444530000000002,0.1471961,-1.077307,-0.8315223,0.1472031,1.0
2445619.44593,106.6596,-2.02509,-1.144508,0.1471964,-1.077298,-0.8314784,0.14720339999999998,1.0
2445619.44876,107.0533,-2.02507,-1.144533,0.14719649999999998,-1.077294,-0.8314579,0.1472035,1.0
2445619.45385,108.1434,-2.025034,-1.144579,0.1471967,-1.077287,-0.8314212,0.1472037,1.0
2445619.45451,112.7197,-2.025029,-1.144585,0.1471968,-1.077286,-0.8314164,0.14720379999999994,1.0
2445619.45989,114.9212,-2.024991,-1.144634,0.147197,-1.077279,-0.8313775999999999,0.147204,1.0
2445619.46251,117.9234,-2.024973,-1.144658,0.14719720000000006,-1.077275,-0.8313587,0.1472042,1.0
2445619.4659700003,121.0041,-2.024948,-1.1446889999999998,0.1471973,-1.077271,-0.8313337,0.14720429999999998,1.0
2445619.47343,124.0509,-2.024896,-1.144757,0.1471977,-1.07726,-0.8312798,0.1472047,1.0
2445619.47881,122.0113,-2.024858,-1.144805,0.147198,-1.077253,-0.831241,0.147205,1.0
2445619.48314,121.4507,-2.024827,-1.144844,0.14719820000000006,-1.0772469999999998,-0.8312096999999999,0.1472052,1.0
2445619.49047,117.3816,-2.024775,-1.144911,0.14719849999999998,-1.077237,-0.8311568000000001,0.14720550000000002,1.0
2445619.49376,116.3054,-2.024752,-1.144941,0.14719870000000002,-1.077233,-0.831133,0.1472057,1.0
2445619.5016,115.2391,-2.024697,-1.145011,0.1471991,-1.077222,-0.8310765,0.1472061,1.0
2445619.50572,108.6426,-2.024668,-1.145049,0.1471993,-1.077216,-0.8310466999999999,0.14720629999999998,1.0
2445619.51364,112.2018,-2.024612,-1.14512,0.14719970000000002,-1.077205,-0.8309895,0.1472067,1.0
2445619.52276,101.953,-2.024547,-1.145203,0.1472001,-1.077193,-0.8309235999999999,0.1472071,1.0
2445619.5284700003,95.06048,-2.024507,-1.145255,0.14720039999999998,-1.077185,-0.8308824,0.1472074,1.0
2445619.54476,85.66433,-2.024392,-1.145402,0.1472012,-1.077163,-0.8307648000000001,0.1472082,1.0
2445619.55085,85.58546,-2.024349,-1.145457,0.1472015,-1.0771540000000002,-0.8307209000000001,0.1472085,1.0
2445619.55785,92.29964,-2.024299,-1.14552,0.1472018,-1.077145,-0.8306703000000001,0.1472088,1.0
2445619.5611,97.00631,-2.024276,-1.14555,0.147202,-1.07714,-0.8306469000000001,0.14720899999999998,1.0
2445619.5731,107.9444,-2.024192,-1.145658,0.14720260000000002,-1.077124,-0.8305601999999999,0.1472096,1.0
2445619.58993,117.2735,-2.024073,-1.145811,0.14720339999999998,-1.077101,-0.8304386999999999,0.1472104,1.0
2445619.59751,117.4898,-2.024019,-1.145879,0.14720379999999994,-1.07709,-0.830384,0.1472108,1.0
2445619.60576,119.234,-2.023961,-1.145954,0.1472042,-1.077079,-0.8303244000000001,0.1472112,1.0
2445619.61468,123.7086,-2.023898,-1.146035,0.14720460000000002,-1.077067,-0.83026,0.1472116,1.0
2445619.61964,121.6746,-2.023863,-1.146079,0.1472049,-1.07706,-0.8302242,0.14721189999999998,1.0
2445619.63256,115.0271,-2.023772,-1.146196,0.14720550000000002,-1.077042,-0.830131,0.1472125,1.0
2446643.68242,164.5887,-1.749786,2.148577,-0.00806366,-1.113318,1.357952,-0.00807066,1.0
2446643.69055,162.181,-1.749844,2.148526,-0.00805864,-1.113269,1.357988,-0.00806564,1.0
2446643.69502,159.2209,-1.749875,2.1484970000000003,-0.00805588,-1.113243,1.358007,-0.00806288,1.0
2446643.70721,158.05200000000005,-1.7499619999999998,2.148419,-0.00804834,-1.113169,1.358061,-0.00805534,1.0
2446643.74065,168.8885,-1.750199,2.148206,-0.00802768,-1.112969,1.358207,-0.00803468,1.0
2446643.74854,178.8134,-1.750255,2.148156,-0.0080228,-1.112922,1.358242,-0.0080298,1.0
2446643.75802,184.162,-1.750323,2.148096,-0.00801694,-1.112865,1.358283,-0.00802394,1.0
2446643.7628200003,185.866,-1.750357,2.1480650000000003,-0.00801398,-1.1128360000000002,1.3583040000000002,-0.00802098,1.0
2446643.76765,187.5858,-1.750391,2.148034,-0.00801099,-1.112807,1.358325,-0.00801799,1.0
2446643.77179,189.3215,-1.750421,2.1480080000000004,-0.00800843,-1.112782,1.358343,-0.00801543,1.0
2446643.77661,188.7991,-1.750455,2.147977,-0.00800545,-1.112753,1.358365,-0.00801245,1.0
2446643.77957,191.0733,-1.750476,2.147958,-0.00800363,-1.112736,1.358378,-0.00801063,1.0
2446643.78174,193.019,-1.750491,2.147944,-0.00800228,-1.112723,1.358387,-0.00800928,1.0
2446643.78476,193.1968,-1.7505130000000002,2.147925,-0.00800042,-1.112704,1.3584,-0.00800742,1.0
2446643.78742,190.3707,-1.750532,2.147908,-0.00799877,-1.112688,1.3584120000000002,-0.00800577,1.0
2446643.79015,191.2494,-1.7505509999999995,2.147891,-0.00799709,-1.112672,1.358424,-0.00800409,1.0
2446643.79289,186.3803,-1.750571,2.147873,-0.00799539,-1.112656,1.358436,-0.00800239,1.0
2446643.79795,185.3532,-1.750606,2.147841,-0.00799227,-1.112625,1.358458,-0.00799927,1.0
2446643.80153,179.1431,-1.750632,2.147818,-0.00799005,-1.112604,1.358474,-0.00799705,1.0
2446643.80743,176.6851,-1.750674,2.147781,-0.00798641,-1.112568,1.3585,-0.00799341,1.0
2446643.81693,168.1125,-1.750741,2.14772,-0.00798054,-1.112511,1.358541,-0.00798754,1.0
2446643.82963,161.4359,-1.750831,2.147639,-0.00797269,-1.112435,1.3585969999999998,-0.00797969,1.0
2446643.8382,160.6941,-1.750892,2.147585,-0.00796739,-1.112384,1.358634,-0.00797439,1.0
2446643.85147,159.5144,-1.7509869999999998,2.1475,-0.00795919,-1.1123040000000002,1.358692,-0.00796619,1.0
2446643.86717,168.733,-1.751098,2.1474,-0.00794949,-1.11221,1.358761,-0.00795649,1.0
2446643.88106,176.1976,-1.751197,2.147311,-0.007940899999999999,-1.112127,1.358822,-0.007947899999999999,1.0
2446643.89457,182.3056,-1.751293,2.147225,-0.00793256,-1.112046,1.358881,-0.00793956,1.0
2446643.94178,170.4512,-1.751628,2.1469240000000003,-0.00790338,-1.1117629999999998,1.359088,-0.00791038,1.0
2446655.68435,136.3955,-1.833285,2.0699970000000003,-0.00064089,-1.053353,1.423296,-0.00064589,1.0
2446655.7053400003,133.168,-1.833428,2.069856,-0.00062789,-1.0532709999999998,1.423431,-0.00063289,1.0
2446655.70956,130.3767,-1.833456,2.069827,-0.00062528,-1.053254,1.423458,-0.00063028,1.0
2446655.71321,126.2409,-1.833481,2.069803,-0.00062302,-1.05324,1.423482,-0.00062802,1.0
2446655.71826,126.5902,-1.833516,2.069769,-0.0006198999999999999,-1.05322,1.423514,-0.0006249,1.0
2446655.72201,124.2796,-1.833541,2.069744,-0.00061758,-1.053205,1.423538,-0.00062258,1.0
2446655.7294400004,121.2272,-1.833592,2.069694,-0.00061298,-1.053176,1.423586,-0.00061798,1.0
2446655.73351,119.8947,-1.833619,2.069666,-0.00061046,-1.05316,1.423612,-0.00061546,1.0
2446655.74578,118.3586,-1.833703,2.069584,-0.00060286,-1.053112,1.423691,-0.00060786,1.0
2446655.75024,116.6272,-1.8337330000000005,2.069554,-0.0006001,-1.053094,1.42372,-0.0006051,1.0
2446655.75683,118.6861,-1.833778,2.06951,-0.00059602,-1.053068,1.423762,-0.00060102,1.0
2446655.76256,117.3816,-1.833817,2.069471,-0.00059248,-1.053046,1.423799,-0.00059748,1.0
2446655.77151,121.5626,-1.833878,2.069411,-0.00058694,-1.053011,1.423856,-0.00059194,1.0
2446655.7747400003,121.6746,-1.8339,2.069389,-0.00058494,-1.052998,1.423877,-0.00058994,1.0
2446655.77867,125.7766,-1.833927,2.069363,-0.0005825,-1.052983,1.423902,-0.0005875,1.0
2446655.78242,124.7384,-1.833953,2.069338,-0.00058018,-1.052968,1.423926,-0.00058518,1.0
2446655.78687,126.5902,-1.833983,2.0693080000000004,-0.00057743,-1.05295,1.423955,-0.00058243,1.0
2446655.79185,135.7688,-1.834017,2.069274,-0.00057434,-1.0529309999999998,1.423987,-0.00057934,1.0
2446655.79746,138.5479,-1.834055,2.069237,-0.00057087,-1.052909,1.424023,-0.00057587,1.0
2446655.81036,143.2188,-1.834143,2.06915,-0.00056289,-1.052858,1.424106,-0.00056789,1.0
2446655.81461,143.3508,-1.834172,2.069121,-0.00056026,-1.052841,1.424133,-0.00056526,1.0
2446655.82362,140.9938,-1.834233,2.069061,-0.00055468,-1.052806,1.424191,-0.00055968,1.0
2446655.83991,133.168,-1.834344,2.068951,-0.0005446,-1.052742,1.424296,-0.0005496,1.0
2446655.84371,132.5562,-1.83437,2.068926,-0.00054224,-1.052727,1.42432,-0.00054724,1.0
2446655.84733,131.4619,-1.834395,2.068902,-0.00054,-1.052713,1.424344,-0.000545,1.0
2446655.85163,126.4736,-1.834424,2.068873,-0.00053734,-1.052696,1.4243709999999998,-0.00054234,1.0
2446655.85519,127.409,-1.834448,2.068849,-0.00053514,-1.052682,1.4243940000000002,-0.00054014,1.0
2446655.85878,124.2796,-1.834473,2.068825,-0.00053292,-1.052668,1.424417,-0.00053792,1.0
2446655.86181,121.5626,-1.834493,2.068804,-0.00053104,-1.052656,1.4244370000000002,-0.00053604,1.0
2446655.86482,121.1156,-1.834514,2.068784,-0.00052918,-1.052644,1.424456,-0.00053418,1.0
2446655.86862,119.7843,-1.83454,2.068759,-0.00052682,-1.052629,1.42448,-0.00053182,1.0
2446655.87675,117.8148,-1.834595,2.068704,-0.00052179,-1.052597,1.424533,-0.00052679,1.0
2446655.88004,117.8148,-1.834617,2.068682,-0.00051976,-1.052584,1.424554,-0.00052476,1.0
2446655.88432,116.7347,-1.834647,2.068653,-0.00051711,-1.052567,1.424581,-0.00052211,1.0
2446655.88803,117.9234,-1.834672,2.068628,-0.00051481,-1.052553,1.424605,-0.00051981,1.0
2446655.8916,117.598,-1.834696,2.068604,-0.0005126,-1.052539,1.424628,-0.0005176,1.0
2446655.89525,118.3586,-1.834721,2.06858,-0.00051034,-1.052524,1.424652,-0.00051534,1.0
2446655.8983,121.1156,-1.834742,2.068559,-0.00050845,-1.052512,1.424671,-0.00051345,1.0
2446655.90402,122.3489,-1.834781,2.068521,-0.00050491,-1.05249,1.424708,-0.00050991,1.0
2446655.91056,125.8925,-1.834825,2.068477,-0.00050086,-1.0524639999999998,1.42475,-0.00050586,1.0
2446655.91459,128.115,-1.834853,2.06845,-0.00049837,-1.052448,1.424776,-0.00050337,1.0
2446655.9175400003,126.3572,-1.834873,2.06843,-0.00049654,-1.052437,1.424795,-0.00050154,1.0
2446655.92055,131.4619,-1.834893,2.06841,-0.00049468,-1.052425,1.424814,-0.00049968,1.0
2446655.92367,130.3767,-1.834915,2.068389,-0.00049275,-1.0524129999999998,1.424834,-0.00049775,1.0
2446655.92676,131.4619,-1.834936,2.068368,-0.00049084,-1.0524,1.424854,-0.00049584,1.0
2446655.9303200003,134.1529,-1.83496,2.068344,-0.00048863,-1.052386,1.424877,-0.00049363,1.0
2446655.93475,130.7374,-1.83499,2.068314,-0.00048589,-1.052369,1.424906,-0.00049089,1.0
2446655.94071,135.6438,-1.835031,2.068274,-0.0004822,-1.052346,1.424944,-0.0004872,1.0
2447148.14967,101.5852,-0.4885137,-2.055708,0.112096,-0.4258204,-1.073748,0.112101,1.0
2447148.15271,101.9601,-0.488476,-2.055714,0.1120944,-0.4258358,-1.073751,0.1120994,1.0
2447148.15842,104.8166,-0.4884053,-2.055725,0.1120915,-0.4258647,-1.073756,0.1120965,1.0
2447148.16092,106.8637,-0.4883742999999999,-2.055729,0.1120902,-0.4258773,-1.073758,0.1120952,1.0
2447148.16338,108.3503,-0.4883438,-2.055734,0.1120889,-0.4258898,-1.07376,0.11209389999999997,1.0
2447148.16575,110.2631,-0.4883144,-2.055739,0.1120877,-0.4259018,-1.073763,0.1120927,1.0
2447148.17342,113.4567,-0.4882194,-2.0557540000000003,0.1120837,-0.4259406,-1.07377,0.1120887,1.0
2447148.18071,116.7428,-0.488129,-2.055768,0.11208,-0.4259774000000001,-1.073776,0.112085,1.0
2447148.18867,120.3456,-0.4880304,-2.0557830000000004,0.1120758,-0.4260177,-1.073784,0.1120808,1.0
2447148.19596,121.0125,-0.48794,-2.055797,0.1120721,-0.4260546,-1.07379,0.1120771,1.0
2447148.20313,121.7952,-0.4878512,-2.0558110000000003,0.1120684,-0.4260908,-1.073797,0.1120734,1.0
2447148.2105,121.4592,-0.4877598,-2.055825,0.1120646,-0.4261281,-1.073804,0.11206960000000002,1.0
2447148.21875,124.0596,-0.4876576,-2.055841,0.1120603,-0.4261699000000001,-1.073811,0.1120653,1.0
2447148.22655,122.2448,-0.487561,-2.0558560000000003,0.1120563,-0.4262093,-1.073818,0.1120613,1.0
2447148.23471,118.6944,-0.4874598,-2.055872,0.1120521,-0.4262505999999999,-1.073826,0.11205710000000002,1.0
2447148.24588,112.1064,-0.4873214,-2.055894,0.1120463,-0.4263071,-1.073836,0.1120513,1.0
2447148.258,105.7865,-0.4871710999999999,-2.055917,0.1120401,-0.4263684,-1.073847,0.1120451,1.0
2447148.268,102.9983,-0.4870472,-2.055936,0.1120349,-0.426419,-1.073856,0.11203989999999997,1.0
2447148.27705,101.4916,-0.4869352,-2.0559540000000003,0.1120302,-0.4264647,-1.073865,0.1120352,1.0
2447148.2848,102.1481,-0.4868391,-2.055969,0.1120262,-0.4265039000000001,-1.073872,0.11203119999999997,1.0
2447148.29246,105.6891,-0.4867441,-2.055984,0.1120223,-0.4265427,-1.073879,0.1120273,1.0
2447148.29917,108.2506,-0.486661,-2.055997,0.11201880000000003,-0.4265766,-1.073885,0.1120238,1.0
2447148.30609,112.3131,-0.4865753,-2.05601,0.1120153,-0.4266116,-1.073891,0.1120203,1.0
2447148.3130900003,118.476,-0.4864885000000001,-2.0560240000000003,0.1120116,-0.426647,-1.073898,0.11201660000000002,1.0
2447148.32155,124.747,-0.4863837,-2.0560400000000003,0.1120073,-0.4266898,-1.073905,0.1120123,1.0
2447148.337,130.3858,-0.4861921,-2.05607,0.1119993,-0.426768,-1.07392,0.1120043,1.0
2447148.3448400004,130.2658,-0.486095,-2.056085,0.1119953,-0.4268076,-1.073927,0.1120003,1.0
2447148.3528400003,128.4784,-0.4859959,-2.0561,0.1119911,-0.4268481,-1.073934,0.1119961,1.0
