2443631.673378,0.8627745000000001,1.736605,1.77025633,-0.27971617,0.99556595,1.08679916,-0.27976385,1.0
2443631.677878,0.8315671,1.73656806,1.77029145,-0.27971738,0.99558024,1.08677708,-0.27976506,1.0
2443631.680544,0.869956,1.73654617,1.77031226,-0.27971809,0.99558871,1.0867639999999998,-0.27976578,1.0
2443631.705294,0.9933386,1.73634298,1.77050541,-0.27972472,0.9956674,1.08664265,-0.27977242,1.0
2443631.709419,1.0488110000000002,1.73630911,1.7705376,-0.27972583,0.99568053,1.08662243,-0.27977353,1.0
2443631.718044,1.092188,1.7362383,1.7706049,-0.27972813,0.99570798,1.08658017,-0.27977584,1.0
2443631.719169,1.103309,1.73622906,1.77061368,-0.27972843,0.99571157,1.08657466,-0.27977615,1.0
2443631.7237110003,1.105344,1.73619177,1.77064912,-0.27972965,0.99572603,1.08655241,-0.27977736,1.0
2443631.727461,1.102294,1.73616098,1.77067838,-0.27973065,0.99573798,1.08653405,-0.27977837,1.0
2443631.734211,1.100265,1.73610556,1.77073105,-0.27973246,0.99575948,1.08650099,-0.27978018,1.0
2443631.748461,1.07423,1.73598854,1.77084223,-0.27973627,0.99580492,1.08643124,-0.27978401,1.0
2443631.751461,1.067327,1.73596391,1.77086564,-0.27973707,0.99581448,1.08641655,-0.27978481,1.0
2443631.754836,1.053652,1.7359362,1.77089197,-0.27973798,0.99582525,1.08640004,-0.27978572,1.0
2443631.7604610003,1.027773,1.7358900000000002,1.77093585,-0.27973948,0.9958432,1.08637252,-0.27978722,1.0
2443631.763503,1.008085,1.73586502,1.77095959,-0.27974029,0.99585291,1.08635764,-0.27978804,1.0
2443631.766878,1.004378,1.73583731,1.77098592,-0.2797412,0.99586369,1.08634113,-0.27978894,1.0
2443631.773629,0.9600576,1.73578187,1.77103857,-0.279743,0.99588524,1.08630812,-0.27979075,1.0
2443631.776254,0.9565272,1.73576032,1.77105905,-0.2797437,0.99589363,1.08629528,-0.27979146,1.0
2443631.7800040003,0.9338934,1.73572952,1.77108831,-0.27974471,0.99590561,1.08627695,-0.27979246,1.0
2443631.785254,0.9193848,1.7356864,1.77112926,-0.27974611,0.99592239,1.08625128,-0.27979387,1.0
2443631.789004,0.9193848,1.73565561,1.77115851,-0.27974711,0.99593437,1.08623296,-0.27979488,1.0
2443631.7983790003,0.920232,1.73557861,1.77123164,-0.27974962,0.99596435,1.08618714,-0.27979739,1.0
2443631.802879,0.9338934,1.73554165,1.77126675,-0.27975082,0.99597875,1.08616516,-0.27979859,1.0
2443631.80592,0.9219286,1.73551667,1.77129047,-0.27975163,0.99598848,1.0861503,-0.27979941,1.0
2443631.81342,0.9356153,1.73545507,1.77134897,-0.27975364,0.99601248,1.08611367,-0.27980142,1.0
2443631.81642,0.9416669,1.73543043,1.77137237,-0.27975444,0.99602208,1.08609902,-0.27980222,1.0
2443631.81942,0.9671577,1.73540579,1.77139577,-0.27975524,0.99603169,1.08608438,-0.27980303,1.0
2443631.82542,0.9924241,1.7353565,1.77144256,-0.27975684,0.99605091,1.08605508,-0.27980463,1.0
2443631.82842,0.9979237,1.73533186,1.77146596,-0.27975764,0.99606052,1.08604044,-0.27980544,1.0
2443631.83292,1.031567,1.7352949,1.77150106,-0.27975884,0.99607494,1.08601848,-0.27980664,1.0
2443631.841545,1.054623,1.73522405,1.77156832,-0.27976115,0.99610259,1.08597639,-0.27980895,1.0
2443631.847587,1.0791879999999998,1.73517441,1.77161545,-0.27976276,0.99612196,1.08594692,-0.27981057,1.0
2443631.857337,1.09521,1.73509432,1.77169148,-0.27976536,0.99615324,1.08589937,-0.27981318,1.0
2443631.860712,1.101279,1.73506659,1.7717178,-0.27976626,0.99616407,1.08588291,-0.27981408,1.0
2443631.863337,1.086169,1.73504503,1.77173827,-0.27976696,0.9961725,1.08587011,-0.27981478,1.0
2443631.874587,1.036328,1.7349526000000002,1.771826,-0.27976997,0.99620863,1.08581528,-0.27981779,1.0
2443631.877212,1.011806,1.73493104,1.77184647,-0.27977067,0.99621706,1.08580249,-0.2798185,1.0
2443631.881712,0.9806122,1.73489407,1.77188156,-0.27977187,0.99623152,1.08578056,-0.2798197,1.0
2443631.888879,0.9538879,1.73483518,1.77193744,-0.27977378,0.99625455,1.08574564,-0.27982162,1.0
2443631.891504,0.9287468,1.73481361,1.77195791,-0.27977448,0.99626299,1.08573286,-0.27982232,1.0
2443631.894129,0.9092793,1.73479205,1.77197838,-0.27977518,0.99627143,1.08572007,-0.27982302,1.0
2443632.65726,1.026313,1.72851287,1.77791826,-0.27997714,0.99877755,1.08205196,-0.28002555,1.0
2443632.662218,1.086626,1.72847202,1.77795678,-0.27997844,0.99879417,1.08202845,-0.28002686,1.0
2443632.669093,1.103774,1.72841537,1.77801019,-0.27998024,0.99881722,1.08199585,-0.28002867,1.0
2443632.67751,1.1007280000000002,1.72834602,1.77807558,-0.27998245,0.99884545,1.08195596,-0.28003088,1.0
2443632.681718,1.108868,1.72831134,1.77810827,-0.27998356,0.99885957,1.08193601,-0.28003199,1.0
2443632.685135,1.108868,1.72828319,1.77813481,-0.27998445,0.99887104,1.08191982,-0.28003289,1.0
2443632.692426,1.101742,1.72822311,1.77819145,-0.27998637,0.99889552,1.08188528,-0.28003481,1.0
2443632.69851,1.079643,1.72817297,1.77823871,-0.27998796,0.99891595,1.08185647,-0.28003641,1.0
2443632.705426,1.044432,1.72811598,1.77829243,-0.27998978,0.99893919,1.08182372,-0.28003823,1.0
2443632.709635,1.028206,1.72808129,1.77832513,-0.27999088,0.99895333,1.0818038,-0.28003934,1.0
2443632.714218,1.0113,1.72804353,1.77836072,-0.27999208,0.99896874,1.0817821,-0.28004054,1.0
2443632.719926,0.9846457,1.72799648,1.77840506,-0.27999358,0.99898793,1.08175509,-0.28004204,1.0
2443632.725301,0.9640065,1.72795219,1.77844681,-0.27999499,0.999006,1.08172966,-0.28004346,1.0
2443632.732551,0.9308506,1.72789244,1.77850312,-0.27999689,0.9990304,1.08169536,-0.28004536,1.0
2443632.738676,0.920619,1.72784195,1.77855069,-0.27999849,0.99905101,1.08166639,-0.28004697,1.0
2443632.74326,0.9317083,1.72780417,1.77858629,-0.2799997,0.99906644,1.08164472,-0.28004818,1.0
2443632.746677,0.9189248,1.72777602,1.77861282,-0.28000059,0.99907794,1.08162857,-0.28004907,1.0
2443632.753594,0.9248685,1.72771901,1.77866653,-0.28000240000000004,0.99910124,1.08159587,-0.28005089,1.0
2443632.758177,0.9325668,1.72768123,1.77870213,-0.2800036,0.99911668,1.08157421,-0.2800521,1.0
2443632.761969,0.9214674,1.72764998,1.77873157,-0.2800046,0.99912946,1.08155629,-0.28005309,1.0
2443632.766177,0.9499045,1.72761529,1.77876425,-0.2800057,0.99914364,1.08153641,-0.2800542,1.0
2443632.770011,0.9613466,1.72758369,1.77879402,-0.2800067,0.99915657,1.0815183000000002,-0.28005521,1.0
2443632.777677,1.017841,1.7275205000000002,1.77885355,-0.28000871,0.99918242,1.08148209,-0.28005722,1.0
2443632.781469,1.03581,1.72748924,1.7788830000000002,-0.28000971,0.99919521,1.08146419,-0.28005822,1.0
2443632.790636,1.085625,1.72741367,1.77895418,-0.28001211,0.99922615,1.08142091,-0.28006062,1.0
2443632.794844,1.083628,1.72737898,1.77898685,-0.28001321,0.99924035,1.08140105,-0.28006173,1.0
2443632.803261,1.116041,1.72730959,1.77905221,-0.28001541,0.99926877,1.08136133,-0.28006394,1.0
2443632.810136,1.1119370000000002,1.72725291,1.77910558,-0.28001721,0.999292,1.0813289,-0.28006574,1.0
2443632.815136,1.106828,1.72721169,1.7791443999999998,-0.28001852,0.99930889,1.08130532,-0.28006706,1.0
2443632.822386,1.06876,1.72715192,1.77920069,-0.28002042,0.9993334,1.08127113,-0.28006896,1.0
2443632.826219,1.04155,1.72712032,1.77923045,-0.28002142,0.99934636,1.08125306,-0.28006996,1.0
2443632.830802,1.007581,1.72708253,1.77926603,-0.28002262,0.99936186,1.08123145,-0.28007117,1.0
2443632.833844,0.9891906,1.72705745,1.77928964,-0.28002342,0.99937215,1.08121712,-0.28007196,1.0
2443632.842636,0.9534106,1.72698496,1.7793578999999995,-0.28002572,0.9994019,1.08117569,-0.28007427,1.0
2443632.849927,0.9038158000000002,1.72692484,1.7794145,-0.28002762,0.99942658,1.08114134,-0.28007618,1.0
2443632.856011,0.8881370000000001,1.72687467,1.77946172,-0.28002921,0.99944718,1.08111268,-0.28007778,1.0
2443632.863302,0.8544368,1.72681455,1.77951832,-0.28003112,0.99947188,1.08107835,-0.28007969,1.0
2443632.867886,0.8466033000000002,1.72677675,1.7795539,-0.28003232,0.99948742,1.08105677,-0.28008089,1.0
2443632.875511,0.8808054,1.72671387,1.77961309,-0.28003431,0.99951326,1.08102089,-0.28008289,1.0
2443632.879344,0.8889555,1.72668227,1.77964284,-0.28003531,0.99952626,1.08100285,-0.28008390000000005,1.0
2443632.885844,0.9223165,1.72662866,1.77969329,-0.28003701,0.9995483,1.08097227,-0.2800856,1.0
2443632.889677,0.9455402,1.72659705,1.77972304,-0.28003801,0.99956131,1.08095424,-0.2800866,1.0
2443632.893469,0.9819288,1.72656578,1.77975247,-0.28003901,0.99957417,1.0809364,-0.2800876,1.0
2443632.9064700003,1.04251,1.72645857,1.77985336,-0.2800424,0.9996183,1.08087528,-0.280091,1.0
2443632.910303,1.060914,1.72642695,1.77988311,-0.2800434,0.99963132,1.08085726,-0.28009201,1.0
2443634.562561,1.039985,1.71275516,1.79265934,-0.28046771,1.00548184,1.07332289,-0.28051752,1.0
2443634.568645,1.061273,1.71270465,1.79270621,-0.28046924,1.00550426,1.07329602,-0.28051906,1.0
2443634.57052,1.080009,1.71268909,1.79272066,-0.28046972,1.00551117,1.07328773,-0.28051954,1.0
2443634.574686,1.084994,1.7126544999999995,1.79275275,-0.28047077,1.00552652,1.07326933,-0.28052059,1.0
2443634.576561,1.081004,1.71263894,1.7927672,-0.28047124,1.00553344,1.07326105,-0.28052107,1.0
2443634.580353,1.086994,1.71260745,1.79279641,-0.2804722,1.00554742,1.07324431,-0.28052202,1.0
2443634.585686,1.085993,1.71256318,1.79283749,-0.28047354,1.00556708,1.07322076,-0.28052337,1.0
2443634.590978,1.083995,1.71251924,1.79287826,-0.28047488,1.0055866,1.0731973999999995,-0.28052471,1.0
2443634.59477,1.069122,1.71248776,1.79290747,-0.28047584,1.00560059,1.07318067,-0.28052567,1.0
2443634.59702,1.076037,1.71246908,1.79292481,-0.2804764,1.00560889,1.07317074,-0.28052624,1.0
2443634.600436,1.054453,1.71244071,1.79295112,-0.28047726,1.00562149,1.07315567,-0.28052711,1.0
2443634.602728,1.039985,1.71242168,1.79296878,-0.28047784,1.00562995,1.07314556,-0.28052768,1.0
2443634.604603,1.029502,1.71240611,1.79298322,-0.28047832,1.00563687,1.07313728,-0.28052816,1.0
2443634.607645,1.033302,1.71238086,1.79300665,-0.28047908,1.0056481,1.07312387,-0.28052893,1.0
2443634.612186,1.008851,1.71234315,1.79304163,-0.28048023,1.00566487,1.07310384,-0.28053008,1.0
2443634.614478,1.008851,1.71232412,1.79305929,-0.28048081,1.00567333,1.07309373,-0.28053066,1.0
2443634.617478,1.002368,1.71229921,1.79308239,-0.28048156,1.00568441,1.0730805,-0.28053141,1.0
2443634.619395,0.989526,1.71228329,1.79309716,-0.28048204,1.00569149,1.07307205,-0.2805319000000001,1.0
2443634.622395,0.9750507,1.71225838,1.79312027,-0.2804828,1.00570257,1.07305883,-0.28053266,1.0
2443634.624311,0.9678927,1.71224247,1.79313503,-0.28048328,1.00570965,1.07305038,-0.28053314,1.0
2443634.627353,0.9380526,1.71221721,1.79315846,-0.28048405,1.00572089,1.07303697,-0.28053391,1.0
2443634.629603,0.934603,1.71219853,1.79317579,-0.28048462,1.0057292,1.07302706,-0.28053448,1.0
2443634.634145,0.9311661,1.71216081,1.79321077,-0.28048576,1.00574599,1.07300704,-0.28053563,1.0
2443634.637561,0.9285969,1.71213244,1.79323708,-0.28048662,1.00575862,1.07299199,-0.28053649,1.0
2443634.640228,0.9243303,1.7121103,1.79325762,-0.2804873,1.00576848,1.07298025,-0.28053716,1.0
2443634.643228,0.9074594,1.71208538,1.79328073,-0.28048805,1.00577957,1.07296703,-0.28053792,1.0
2443634.645145,0.9260345,1.71206947,1.79329549,-0.28048853,1.00578666,1.07295859,-0.28053841,1.0
2443634.64627,0.9183902,1.71206012,1.79330415,-0.28048882,1.00579082,1.07295363,-0.28053869,1.0
2443634.65802,0.9354643,1.71196254,1.79339465,-0.28049178,1.00583428,1.0729018999999995,-0.28054166,1.0
2443634.664061,0.9397821,1.71191237,1.79344117,-0.2804933,1.00585664,1.07287531,-0.28054319,1.0
2443634.679603,1.000523,1.71178329,1.79356085,-0.28049721,1.00591418,1.07280693,-0.28054711,1.0
2443634.685311,1.018186,1.71173589,1.79360481,-0.28049865,1.00593533,1.07278183,-0.28054855,1.0
2443634.690978,1.021003,1.71168882,1.79364845,-0.28050008,1.00595633,1.07275691,-0.28054998,1.0
2443634.702728,1.076037,1.71159122,1.79373892,-0.28050303,1.00599988,1.07270527,-0.28055295,1.0
2443634.711061,1.074057,1.7115220000000002,1.79380308,-0.28050513,1.00603079,1.07266866,-0.28055505,1.0
2443634.723561,1.041903,1.71141817,1.79389932,-0.28050828,1.00607717,1.07261376,-0.28055820000000004,1.0
2443634.728103,1.016312,1.71138044,1.79393429,-0.28050942,1.00609402,1.07259382,-0.28055935,1.0
2443634.749311,0.9091325,1.71120425,1.79409756,-0.28051475,1.00617279,1.07250076,-0.2805647,1.0
2443634.759145,0.8674155000000001,1.71112255,1.79417326,-0.28051722,1.00620934,1.07245764,-0.28056718,1.0
2443634.765978,0.8746357,1.71106578,1.79422586,-0.28051894,1.00623474,1.07242768,-0.2805689,1.0
2443634.773186,0.892539,1.7110058999999995,1.79428134,-0.28052075,1.00626155,1.07239609,-0.28057072,1.0
2443634.786437,0.9354643,1.71089581,1.79438333,-0.28052408,1.00631086,1.07233805,-0.28057405,1.0
2443634.795896,0.9643333,1.71081721,1.79445613,-0.28052646,1.00634607,1.07229663,-0.28057644,1.0
2443634.8038540003,1.006068,1.71075108,1.79451738,-0.28052845,1.00637571,1.07226179,-0.28057844,1.0
2443634.822021,1.105165,1.71060012,1.79465719,-0.28053302,1.00644341,1.07218231,-0.28058301,1.0
2443634.835687,1.069122,1.71048655,1.79476236,-0.28053645,1.00649438,1.07212256,-0.28058645,1.0
2443634.842104,1.037116,1.71043322,1.79481174,-0.28053806,1.00651832,1.07209452,-0.28058807,1.0
2443634.847812,0.9996021,1.71038578,1.79485566,-0.28053949,1.00653962,1.07206958,-0.28058951,1.0
2443660.67133,1.027719,1.4853113000000002,1.98178271,-0.28522264,1.14893631,1.02517087,-0.28528585,1.0
2443660.717079,1.118599,1.4848948999999998,1.98209217,-0.28522773,1.14924977,1.02521661,-0.28529096,1.0
2443660.738411,1.004325,1.48470072,1.98223645,-0.2852301,1.14939597,1.02523811,-0.28529333,1.0
2443660.75516,0.9227298,1.48454824,1.98234972,-0.28523196,1.1495108,1.02525506,-0.2852952,1.0
2443660.780077,0.9778552,1.4843214,1.9825182,-0.28523472,1.14968163,1.0252804,-0.28529796,1.0
2443660.7973680003,1.041057,1.48416397,1.98263511,-0.28523664,1.14980022,1.02529807,-0.28529988,1.0
2443660.8197,1.126872,1.48396063,1.98278608,-0.28523911,1.1499534,1.025321,-0.28530236,1.0
2443660.841575,1.081121,1.48376144,1.98293394,-0.28524153,1.15010348,1.02534357,-0.28530479,1.0
2443660.854282,0.9942017,1.48364572,1.98301983,-0.28524293,1.15019067,1.02535673,-0.28530619,1.0
2443660.863407,0.934705,1.48356263,1.98308149,-0.28524394,1.15025329,1.0253662,-0.28530720000000004,1.0
2443660.8761150003,0.8909935999999999,1.48344689,1.98316738,-0.28524534,1.15034052,1.02537943,-0.28530861,1.0
2443660.88524,0.8779596,1.48336379,1.98322904,-0.28524634,1.15040315,1.02538895,-0.28530962,1.0
2443660.896448,0.9227298,1.48326171,1.98330477,-0.28524758,1.15048009,1.02540067,-0.28531085,1.0
2443660.91878,1.079132,1.48305831,1.98345566,-0.28525004,1.15063342,1.02542412,-0.28531332,1.0
2444984.5988040003,1.0659,2.41034132,-1.12848038,-0.03575375,1.99668231,-0.23602841,-0.0357041,1.0
2444984.60497,1.04934,2.41036395,-1.12841913,-0.03576115,1.99660696,-0.23601218,-0.0357115,1.0
2444984.612763,1.046445,2.41039254,-1.12834174,-0.0357705,1.99651174,-0.23599168,-0.03572085,1.0
2444984.618596,1.004885,2.41041395,-1.1282838,-0.0357775,1.99644047,-0.23597634,-0.03572786,1.0
2444984.631639,0.9892735,2.4104618,-1.12815425,-0.03579315,1.99628111,-0.23594209,-0.03574351,1.0
2444984.638348,0.9774993,2.41048641,-1.12808762,-0.035801199999999984,1.99619916,-0.23592449,-0.03575156,1.0
2444984.6488900003,0.9956723,2.41052508,-1.1279829,-0.03581385,1.99607036,-0.23589685,-0.03576422,1.0
2444984.652224,0.9865439,2.41053731,-1.12794979,-0.03581785,1.99602965,-0.23588812,-0.03576822,1.0
2444984.668059,0.9774993,2.41059539,-1.1277925,-0.03583685,1.99583623,-0.23584668,-0.03578723,1.0
2444984.682143,0.9975081,2.41064704,-1.1276526000000002,-0.03585375,1.99566422,-0.23580988,-0.03580413,1.0
2444984.70727,1.028292,2.41073916,-1.1274030000000002,-0.03588389,1.99535739,-0.23574434,-0.03583429,1.0
2444984.720771,1.038763,2.41078865,-1.12726889,-0.03590009,1.99519255,-0.2357092,-0.0358505,1.0
2444984.731979,1.004885,2.41082973,-1.12715754,-0.03591354,1.9950557,-0.23568006,-0.03586395,1.0
2444984.7422720003,0.9956723,2.41086745,-1.12705529,-0.03592589,1.99493005,-0.23565332,-0.03587631,1.0
2444984.758398,0.9369501,2.41092654,-1.12689508,-0.03594524,1.99473321,-0.2356115,-0.03589567,1.0
2444984.768191,0.9190019,2.41096242,-1.12679779,-0.03595699,1.99461369,-0.23558613,-0.03590742,1.0
2444984.789818,0.9632,2.41104164,-1.12658293,-0.03598293,1.99434977,-0.2355302,-0.03593338,1.0
2444984.791109,0.9892735,2.41104637,-1.1265701,-0.03598448,1.99433402,-0.23552686,-0.03593493,1.0
2444984.799859,1.00396,2.41107842,-1.12648316,-0.03599498,1.99422724,-0.23550427,-0.03594543,1.0
2444984.809777,1.003036,2.41111474,-1.12638462,-0.03600688,1.99410623,-0.23547869,-0.03595733,1.0
2444984.812985,1.026399,2.41112649,-1.12635275,-0.03601073,1.99406709,-0.23547042,-0.03596119,1.0
2445110.636062,0.9124581,2.54665665,0.2121359,-0.17584855,2.0407879,-0.66448814,-0.17589825,1.0
2445110.642686,0.9423513,2.54664567,0.21220805,-0.17585498,2.04087379,-0.66447339,-0.17590467,1.0
2445110.649978,0.9777163,2.54663359,0.21228745,-0.17586205,2.04096834,-0.66445714,-0.17591175,1.0
2445110.655853,1.003259,2.54662385,0.21235142,-0.17586774,2.04104451,-0.66444403,-0.17591745,1.0
2445110.668643,1.053448,2.54660265,0.21249071,-0.17588014,2.04121037,-0.66441548,-0.17592985,1.0
2445110.674059,1.073032,2.54659367,0.21254969,-0.1758854,2.04128062,-0.66440337,-0.17593511,1.0
2445110.680601,1.080968,2.54658282,0.21262093,-0.17589174,2.04136546,-0.66438874,-0.17594145,1.0
2445110.685934,1.078979,2.54657397,0.212679,-0.17589691,2.04143462,-0.6643768,-0.17594663,1.0
2445110.691516,1.065155,2.54656471,0.2127398,-0.17590232,2.04150703,-0.6643643,-0.17595204,1.0
2445110.69635,1.054418,2.54655669,0.21279243,-0.17590701,2.04156972,-0.66435347,-0.17595673,1.0
2445110.7013080004,1.03422,2.54654846,0.21284642,-0.17591181,2.04163403,-0.66434236,-0.17596154,1.0
2445110.705807,1.022852,2.546541,0.21289542,-0.17591618,2.0416924,-0.66433227,-0.17596589999999998,1.0
2445110.7102650004,0.9931456,2.5465336,0.21294397,-0.17592049999999998,2.04175023,-0.66432226,-0.17597023,1.0
2445110.71489,0.9949767,2.54652592,0.21299433,-0.17592498,2.04181022,-0.66431188,-0.17597471,1.0
2445110.726056,0.9519473,2.54650738,0.21311593,-0.17593581,2.04195509,-0.66428679,-0.17598554,1.0
2445110.734722,0.9319935,2.54649298,0.2132103,-0.17594421,2.04206753,-0.66426729,-0.17599395,1.0
2445110.74368,0.926004,2.5464781000000003,0.21330784,-0.17595289,2.04218376,-0.66424712,-0.17600264,1.0
2445110.752471,0.9440889,2.54646349,0.21340358,-0.17596141,2.04229783,-0.6642273,-0.17601116,1.0
2445110.758679,0.9589875,2.54645318,0.21347118,-0.17596743,2.04237839,-0.6642133000000001,-0.17601718,1.0
2445972.642082,1.044526,-2.60804917,-1.27489241,0.28427231,-1.61264519,-1.16346452,0.2842808,1.0
2445972.656262,1.1453,-2.60799344,-1.27501786,0.28428123,-1.61262061,-1.16334841,0.28428974,1.0
2445972.658841,1.159095,-2.6079833,-1.27504067,0.28428285,-1.61261614,-1.1633273000000002,0.28429136,1.0
2445972.672075,1.1442450000000002,-2.60793128,-1.27515773,0.28429118,-1.61259326,-1.16321895,0.28429970000000004,1.0
2445972.6749130003,1.147411,-2.60792012,-1.27518284,0.28429296,-1.61258836,-1.16319571,0.28430149,1.0
2445972.68935,1.064925,-2.60786336,-1.27531055,0.28430205,-1.61256346,-1.16307751,0.28431058,1.0
2445972.691351,1.023574,-2.6078555,-1.27532824,0.28430331,-1.61256001,-1.16306114,0.28431184,1.0
2445972.705772,0.9283657,-2.60779879,-1.2754558,0.28431238,-1.6125352,-1.16294307,0.28432093,1.0
2445972.715164,0.8505878000000001,-2.60776186,-1.27553888,0.28431829,-1.61251907,-1.16286618,0.28432684,1.0
2445972.729744,0.7945460999999999,-2.60770452,-1.27566783,0.28432746,-1.61249408,-1.16274682,0.28433603,1.0
2445972.731285,0.8145526,-2.60769846,-1.27568146,0.28432843,-1.61249144,-1.16273421,0.284337,1.0
2445972.770928,1.080735,-2.60754252,-1.27603209,0.28435336,-1.61242378,-1.16240969,0.28436196,1.0
2445972.773232,1.136892,-2.60753346,-1.27605247,0.28435481,-1.61241986,-1.16239083,0.28436341,1.0
2445972.795846,1.174138,-2.60744448,-1.27625247,0.28436902,-1.61238147,-1.16220573,0.28437765,1.0
2445972.803687,1.05225,-2.60741362,-1.27632181,0.28437395,-1.61236818,-1.16214155,0.28438259,1.0
2445972.806938,1.077753,-2.60740083,-1.27635056,0.284376,-1.61236268,-1.16211495,0.28438464,1.0
2445972.817767,0.9482417,-2.60735821,-1.27644633,0.28438281,-1.61234437,-1.16202631,0.28439145,1.0
2445972.820426,0.9491156,-2.60734775,-1.27646984,0.28438448,-1.61233988,-1.16200455,0.28439313,1.0
2445972.833372,0.8776455,-2.60729679,-1.27658433,0.28439262,-1.61231804,-1.16189859,0.28440128,1.0
2445972.835527,0.8258841999999998,-2.60728831,-1.27660338,0.28439397,-1.61231442,-1.16188096,0.28440263,1.0
2445972.850077,0.8608334999999999,-2.60723104,-1.27673206,0.28440312,-1.61228993,-1.16176188,0.28441179,1.0
2445972.861835,0.8898546999999999,-2.60718475,-1.27683604,0.28441051,-1.61227019,-1.16166565,0.28441919,1.0
2445972.8732990003,1.0095299999999998,-2.60713961,-1.2769374,0.28441771,-1.61225097,-1.16157183,0.28442641,1.0
2445993.44,1.116662,-2.51968077,-1.45542793,0.296619,-1.63205055,-1.0043467,0.29664446,1.0
2445993.4422,1.100327,-2.51967073,-1.45544665,0.29662023,-1.63205828,-1.00433182,0.29664569,1.0
2445993.4471,1.0693549999999998,-2.51964837,-1.45548834,0.29662296,-1.63207549,-1.00429867,0.29664843,1.0
2445993.4496,1.097291,-2.51963696,-1.45550961,0.29662435,-1.63208428,-1.00428176,0.29664982,1.0
2445993.4585,1.037342,-2.51959634,-1.45558534,0.29662932,-1.63211557,-1.00422157,0.29665479,1.0
2445993.465001,1.050804,-2.51956667,-1.45564064,0.29663294,-1.63213843,-1.00417761,0.29665842,1.0
2445993.467401,1.0127959999999998,-2.51955572,-1.45566106,0.29663428,-1.63214687,-1.00416138,0.29665976,1.0
2445993.474201,0.9636555,-2.51952468,-1.45571891,0.29663807,-1.6321708,-1.0041154,0.29666356,1.0
2445993.476301,0.9627689,-2.5195151,-1.45573678,0.29663924,-1.6321782,-1.0041011999999998,0.29666473,1.0
2445993.482201,0.9034871,-2.51948816,-1.45578698,0.29664253,-1.63219897,-1.00406131,0.29666803,1.0
2445993.484601,0.9059869,-2.51947721,-1.4558074,0.29664387,-1.63220743,-1.00404509,0.29666937,1.0
2445993.487101,0.8684044,-2.5194658,-1.45582867,0.29664526,-1.63221624,-1.00402819,0.29667076,1.0
2445993.495001,0.8604424,-2.51942973,-1.45589588,0.29664967,-1.63224408,-1.00397479,0.29667517,1.0
2445993.500101,0.8074616,-2.51940645,-1.45593927,0.29665251,-1.63226206,-1.00394032,0.29667802,1.0
2445993.502701,0.8270314000000001,-2.51939458,-1.45596139,0.29665396,-1.63227123,-1.00392275,0.29667947,1.0
2445993.505101,0.8628233000000001,-2.51938362,-1.4559818000000002,0.2966553,-1.63227969,-1.00390653,0.29668081,1.0
2445993.510901,0.8740213,-2.51935714,-1.45603115,0.29665853,-1.63230016,-1.00386734,0.29668405,1.0
2445993.513601,0.8549127000000001,-2.51934481,-1.45605412,0.29666003,-1.63230969,-1.0038491,0.29668555,1.0
2445993.521901,0.9287992,-2.51930692,-1.45612473,0.29666466,-1.63233899,-1.00379302,0.29669019,1.0
2445993.524501,0.9592282,-2.51929505,-1.45614685,0.29666611,-1.63234817,-1.00377546,0.29669164,1.0
2445993.530601,0.9530634,-2.51926719,-1.45619874,0.29666951,-1.63236972,-1.00373425,0.29669504,1.0
2445993.535301,0.9824761,-2.51924573,-1.45623872,0.29667213,-1.63238633,-1.00370251,0.29669767,1.0
2445993.541501,0.9469387,-2.51921742,-1.45629147,0.29667558,-1.63240825,-1.00366063,0.29670113,1.0
2445993.546801,1.071326,-2.51919322,-1.45633655,0.29667854,-1.632427,-1.00362484,0.29670408,1.0
2445993.549401,1.097291,-2.51918134,-1.45635867,0.29667999,-1.6324362,-1.00360729,0.29670553,1.0
2445993.558401,1.126995,-2.51914024,-1.45643523,0.296685,-1.63246805,-1.00354652,0.29671056,1.0
2445993.560801,1.146891,-2.51912928,-1.45645565,0.29668634,-1.63247655,-1.00353032,0.29671189,1.0
2445993.564301,1.086231,-2.51911329,-1.45648542,0.29668829,-1.63248894,-1.00350669,0.29671385,1.0
2445993.571001,1.126995,-2.51908269,-1.45654241,0.29669202,-1.63251267,-1.00346146,0.29671759,1.0
2445993.575101,1.0693549999999998,-2.51906397,-1.45657729,0.29669431,-1.6325272,-1.00343379,0.29671987,1.0
2445993.577101,1.062483,-2.51905483,-1.4565943,0.29669542,-1.63253429,-1.00342029,0.29672099,1.0
2445993.579101,1.078256,-2.5190457000000004,-1.45661131,0.29669654,-1.63254138,-1.00340679,0.29672211,1.0
2445993.583001,1.014663,-2.51902788,-1.45664449,0.29669871,-1.63255521,-1.00338047,0.29672428,1.0
2445993.594701,0.9443259,-2.51897444,-1.45674401,0.29670523,-1.63259671,-1.00330152,0.29673081,1.0
2445993.617701,0.8262695999999999,-2.51886936,-1.45693964,0.29671804,-1.63267839,-1.00314638,0.29674364,1.0
2445993.620401,0.7985867,-2.51885702,-1.45696261,0.29671955,-1.63268799,-1.00312817,0.29674514,1.0
2445993.654301,1.009072,-2.51870212,-1.45725093,0.29673843,-1.63280863,-1.00289962,0.29676405,1.0
2445993.657901,1.032576,-2.51868567,-1.45728155,0.29674043,-1.63282146,-1.00287535,0.29676606,1.0
2445993.664301,1.101341,-2.51865642,-1.45733598,0.296744,-1.63284427,-1.00283222,0.29676963,1.0
2445993.673801,1.072314,-2.518613,-1.45741678,0.29674929,-1.63287815,-1.00276821,0.29677493,1.0
2445993.686101,1.129073,-2.51855678,-1.45752138,0.29675613,-1.63292205,-1.00268535,0.29678178,1.0
2445993.689001,1.099314,-2.51854353,-1.45754604,0.29675775,-1.6329323999999998,-1.00266581,0.29678340000000003,1.0
2445993.691001,1.093256,-2.51853438,-1.45756305,0.29675886,-1.63293955,-1.00265234,0.29678452,1.0
2445993.694101,1.065423,-2.51852021,-1.45758942,0.29676059,-1.63295062,-1.00263146,0.29678624,1.0
2445993.701801,1.037342,-2.51848502,-1.4576549,0.29676488,-1.63297813,-1.0025796,0.29679054,1.0
2445993.705901,0.964544,-2.51846627,-1.45768976,0.29676716,-1.63299279,-1.00255199,0.29679282,1.0
2446447.730652,1.013259,1.28142041,-2.4939703,0.16682631,0.83465065,-1.61750101,0.16686678,1.0
2446447.734527,1.016062,1.28145366,-2.49395008,0.16682229,0.83462342,-1.61751132,0.16686276,1.0
2446447.739777,1.003969,1.2814987,-2.49392269,0.16681686,0.83458654,-1.61752529,0.16685732,1.0
2446447.744986,1.009532,1.2815434,-2.49389552,0.16681146,0.83454994,-1.61753916,0.16685192,1.0
2446447.750277,1.005821,1.2815888,-2.49386791,0.16680598,0.83451278,-1.61755326,0.16684644,1.0
2446447.755361,1.013259,1.28163242,-2.49384138,0.16680071,0.83447707,-1.61756681,0.16684117,1.0
2446447.760152,1.009532,1.28167353,-2.49381639,0.16679575,0.83444342,-1.61757959,0.16683621,1.0
2446447.767069,1.014193,1.28173287,-2.49378029,0.16678858,0.83439485,-1.61759804,0.16682904,1.0
2446447.780319,1.003045,1.28184656,-2.49371115,0.16677486,0.83430182,-1.61763343,0.16681531,1.0
2446447.787027,1.003045,1.28190411,-2.49367615,0.16676791,0.83425473,-1.61765136,0.16680835,1.0
2446447.793861,0.9901942,1.28196274,-2.49364048,0.16676083,0.83420676,-1.61766964,0.16680127,1.0
2446447.801152,0.9811161,1.2820253,-2.49360243,0.16675328,0.83415559,-1.61768915,0.16679371,1.0
2446447.806277,0.9721211,1.28206927,-2.49357568,0.16674797,0.83411963,-1.61770287,0.1667884,1.0
2446447.815069,0.9596666,1.28214469,-2.49352979,0.16673886,0.83405794,-1.61772643,0.16677929,1.0
2446447.823361,0.9658739,1.28221583,-2.49348651,0.16673027,0.83399977,-1.61774867,0.16677070000000002,1.0
2446447.830319,0.9552574,1.28227552,-2.49345019,0.16672306,0.83395096,-1.61776734,0.16676349,1.0
2446447.836569,0.9605509,1.28232914,-2.49341756,0.16671658,0.83390712,-1.61778412,0.16675701,1.0
2446447.842236,0.962322,1.28237776,-2.49338798,0.16671071,0.83386738,-1.61779934,0.16675113,1.0
2446447.848527,0.9766082,1.28243173,-2.49335513,0.16670419,0.83382327,-1.61781625,0.16674461,1.0
2446447.854694,0.9838308,1.28248463,-2.49332294,0.16669779999999998,0.83378003,-1.61783283,0.16673822,1.0
2446447.860444,0.9975172,1.28253396,-2.49329292,0.16669185,0.83373971,-1.6178483,0.16673226,1.0
2446447.869069,1.007675,1.28260794,-2.49324788,0.16668291,0.83367925,-1.61787152,0.16672332,1.0
2446447.872111,1.007675,1.28263404,-2.493232,0.16667976,0.83365793,-1.61787972,0.16672017,1.0
2446447.877319,1.021693,1.28267871,-2.49320481,0.16667436,0.83362143,-1.61789375,0.16671477,1.0
2446447.888986,1.026409,1.28277879,-2.49314388,0.16666227,0.83353967,-1.61792521,0.16670267,1.0
2446447.894778,1.032097,1.28282847,-2.49311364,0.16665627,0.83349909,-1.61794084,0.16669667,1.0
2446447.924487,1.026409,1.2830833,-2.49295848,0.16662549,0.833291,-1.61802115,0.16666587,1.0
2446447.934237,1.015127,1.28316692,-2.49290755,0.16661538,0.83322273,-1.61804755,0.16665577,1.0
2446447.942903,1.020752,1.28324125,-2.49286228,0.1666064,0.83316206,-1.61807103,0.16664678,1.0
2446447.9516950003,1.016999,1.28331666,-2.49281635,0.16659729,0.83310052,-1.61809488,0.16663767,1.0
2446447.960445,1.013259,1.28339171,-2.49277064,0.16658822,0.83303928,-1.61811862,0.16662860000000002,1.0
2446447.96632,1.015127,1.28344209,-2.49273994,0.16658214,0.83299817,-1.61813458,0.16662249999999998,1.0
2446931.8595990003,0.9133248,1.53608091,1.94383662,-0.28462573,0.9582858,1.11413328,-0.28466296,1.0
2446931.861225,0.9209279,1.53606639,1.94384798,-0.28462596,0.95829379,1.11412855,-0.28466319,1.0
2446931.862554,0.9277385,1.53605453,1.94385727,-0.28462615,0.95830031,1.11412468,-0.28466338,1.0
2446931.863888,0.9320207,1.53604262,1.94386659,-0.28462634,0.95830686,1.1141208,-0.28466357,1.0
2446931.865215,0.940644,1.53603077,1.94387586,-0.28462653,0.95831338,1.11411694,-0.28466376,1.0
2446931.866544,0.9476007,1.5360188999999995,1.94388515,-0.28462672,0.95831991,1.11411308,-0.28466395,1.0
2446931.8869310003,1.060292,1.53583688,1.9440276,-0.28462961,0.95842007,1.11405383,-0.28466684,1.0
2446931.889004,1.070102,1.53581837,1.94404208,-0.28462990000000005,0.95843025,1.11404781,-0.28466714,1.0
2446931.890192,1.074052,1.53580776,1.94405038,-0.28463007,0.95843609,1.11404436,-0.28466731,1.0
2446931.892855,1.086989,1.53578398,1.94406899,-0.28463045,0.95844918,1.11403663,-0.28466769,1.0
2446931.906706,1.10924,1.5356603000000002,1.94416576,-0.28463241,0.95851727,1.11399644,-0.28466965,1.0
2446931.908197,1.108218,1.53564698,1.94417618,-0.28463262,0.95852461,1.11399212,-0.28466986,1.0
2446931.909555,1.102111,1.53563486,1.94418567,-0.28463281,0.95853128,1.11398818,-0.28467006,1.0
2446931.910901,1.098058,1.53562284,1.94419507,-0.284633,0.9585379,1.11398428,-0.28467025,1.0
2446931.912715,1.085989,1.53560664,1.94420774,-0.28463326,0.95854682,1.11397902,-0.28467051,1.0
2446931.913922,1.081996,1.53559586,1.94421618,-0.28463343,0.95855276,1.11397552,-0.28467068,1.0
2446931.915419,1.07901,1.5355825,1.94422663,-0.28463364,0.95856012,1.11397118,-0.28467089,1.0
2446931.91782,1.073064,1.53556106,1.94424341,-0.28463398,0.95857193,1.11396422,-0.28467123,1.0
2446931.919027,1.064206,1.53555028,1.94425184,-0.28463415,0.95857787,1.11396072,-0.2846714,1.0
2446931.920096,1.052508,1.53554073,1.94425931,-0.2846343,0.95858312,1.11395763,-0.28467155,1.0
2446931.920841,1.053478,1.53553408,1.94426451,-0.28463441,0.95858679,1.11395547,-0.28467166,1.0
2446931.924001,1.0409389999999998,1.53550586,1.94428658,-0.28463486,0.95860233,1.11394631,-0.28467211,1.0
2446931.925518,1.026657,1.53549231,1.94429718,-0.28463507,0.95860979,1.11394192,-0.28467232,1.0
2446931.926718,1.0257120000000002,1.5354816,1.94430556,-0.28463524,0.9586157,1.11393845,-0.28467249,1.0
2446931.928083,1.0135040000000002,1.53546941,1.9443151,-0.28463543,0.95862241,1.11393449,-0.28467269,1.0
2446931.929891,1.006991,1.53545326,1.94432773,-0.28463569,0.95863131,1.11392926,-0.28467294,1.0
2446931.930953,0.9977583,1.53544378,1.94433515,-0.28463584,0.95863653,1.11392618,-0.28467309,1.0
2446931.949422,0.8786693000000001,1.53527885,1.94446415,-0.28463845,0.95872743,1.11387275,-0.28467571,1.0
2446931.949844,0.8892534,1.53527508,1.9444671,-0.28463851,0.9587295,1.11387153,-0.28467577,1.0
2446931.951948,0.8819123999999999,1.53525629,1.94448179,-0.28463881,0.95873986,1.11386544,-0.28467607,1.0
2446931.95857,0.8602515,1.53519715,1.94452804,-0.28463974,0.95877246,1.1138463,-0.28467701,1.0
2446931.9609580003,0.8602515,1.53517582,1.94454472,-0.28464008,0.95878422,1.1138393999999998,-0.28467735,1.0
2446931.962442,0.8642221999999999,1.53516257,1.94455509,-0.28464029,0.95879153,1.11383512,-0.28467756,1.0
2446931.9645330003,0.8642221999999999,1.53514389,1.94456969,-0.28464059,0.95880183,1.11382908,-0.28467785,1.0
2446931.965727,0.8658157,1.53513323,1.94457803,-0.28464075,0.95880771,1.11382563,-0.28467802,1.0
2446931.967363,0.8674120000000001,1.53511862,1.94458945,-0.28464099,0.95881577,1.1138209,-0.28467825,1.0
2446931.968998,0.869812,1.53510402,1.94460087,-0.28464122,0.95882382,1.11381618,-0.28467849,1.0
2446931.990152,0.9643293,1.53491508,1.9447486,-0.2846442,0.95892804,1.11375514,-0.28468148,1.0
2446931.99192,0.9768443,1.53489929,1.94476095,-0.28464445,0.95893675,1.11375005,-0.28468173,1.0
2446931.9931,0.9840683,1.53488875,1.94476919,-0.28464462,0.95894257,1.11374665,-0.28468190000000004,1.0
2446931.994868,0.9940891,1.53487296,1.94478153,-0.28464487,0.95895128,1.11374155,-0.28468215,1.0
2446931.996359,0.9959219,1.53485964,1.94479194,-0.28464508,0.95895863,1.11373725,-0.28468236,1.0
2446931.997374,1.0135040000000002,1.53485057,1.94479903,-0.28464522,0.95896363,1.11373433,-0.2846825,1.0
2446931.9993,1.01912,1.53483337,1.94481248,-0.28464549,0.95897313,1.11372878,-0.28468277,1.0
2446932.000639,1.023824,1.53482141,1.94482183,-0.28464568,0.95897973,1.11372492,-0.28468296,1.0
2446932.007143,1.057366,1.53476332,1.94486724,-0.2846466,0.95901179,1.11370618,-0.28468388,1.0
2446932.010125,1.059316,1.53473668,1.94488807,-0.28464702,0.9590265,1.1136976,-0.2846843,1.0
2446932.011628,1.05542,1.53472325,1.94489856,-0.28464723,0.95903391,1.11369327,-0.28468452,1.0
2446932.015203,1.061269,1.53469132,1.94492352,-0.28464774,0.95905154,1.11368298,-0.28468502,1.0
2446932.016839,1.065186,1.53467671,1.94493494,-0.28464797,0.95905961,1.11367827,-0.28468525,1.0
2446932.018937,1.059316,1.53465797,1.94494959,-0.28464826,0.95906995,1.11367223,-0.28468555,1.0
2446932.021041,1.054449,1.53463917,1.94496428,-0.28464856,0.95908033,1.11366618,-0.28468585,1.0
2446932.023587,1.048638,1.53461643,1.94498206,-0.28464892,0.95909289,1.11365885,-0.28468621,1.0
2446932.025823,1.050571,1.53459646,1.94499767,-0.28464923,0.95910392,1.11365242,-0.28468652,1.0
2446932.02763,1.041898,1.53458031,1.94501028,-0.28464949,0.95911283,1.11364723,-0.28468678,1.0
2446932.030328,1.038067,1.53455621,1.94502912,-0.28464987,0.95912614,1.11363947,-0.28468716,1.0
2446932.031674,1.038067,1.53454419,1.94503852,-0.28465006,0.95913278,1.1136356,-0.28468735,1.0
2446932.048236,0.9678885,1.53439624,1.94515414,-0.28465239,0.95921452,1.11358801,-0.28468969,1.0
2446932.05005,0.9537298,1.53438003,1.9451668,-0.28465264,0.95922347,1.1135828,-0.28468995,1.0
2446932.052016,0.9441162,1.53436247,1.94518053,-0.28465292,0.95923317,1.11357716,-0.28469022,1.0
2446932.054417,0.9380487,1.53434102,1.94519729,-0.28465326,0.95924503,1.11357027,-0.28469056,1.0
2447444.500924,1.05525,-2.79176223,0.33509705,0.13741247,-1.83722605,0.6281477,0.13742723,1.0
2447444.509619,1.048468,-2.79177867,0.33501156,0.13742187,-1.83728885,0.62820466,0.13743664,1.0
2447444.515087,1.017081,-2.791789,0.3349578,0.13742778,-1.83732834,0.62824047,0.13744256,1.0
2447444.520232,1.001279,-2.79179872,0.33490721,0.13743335,-1.83736551,0.62827417,0.13744812,1.0
2447444.524968,0.989362,-2.79180767,0.33486064,0.13743847,-1.83739973,0.62830519,0.13745324,1.0
2447444.528898,0.9784874,-2.7918151,0.33482199999999995,0.13744271,-1.83742814,0.62833092,0.1374575,1.0
2447444.534169,0.9553342,-2.79182505,0.33477017,0.13744841,-1.83746623,0.62836544,0.1374632,1.0
2447444.538816,0.9650622,-2.79183383,0.33472448,0.13745344,-1.83749983,0.62839587,0.13746822,1.0
2447444.544753,0.9588603,-2.79184504,0.3346661,0.13745985,-1.83754276,0.62843474,0.13747465,1.0
2447444.549435,0.9650622,-2.79185389,0.33462007,0.13746492,-1.83757662,0.62846539,0.13747971,1.0
2447444.555612,0.9766867,-2.79186555,0.33455933,0.13747159,-1.8376213,0.62850582,0.13748639,1.0
2447444.560722,0.9793893,-2.7918752,0.33450909,0.13747712,-1.83765826,0.62853927,0.13749192,1.0
2447444.56648,0.9704099,-2.79188607,0.33445247,0.13748334,-1.83769993,0.62857696,0.13749815,1.0
2447444.570981,0.993014,-2.79189457,0.33440821,0.13748821,-1.8377325,0.62860642,0.13750302,1.0
2447444.578096,1.005901,-2.7919080000000003,0.33433825,0.13749589999999998,-1.83778401,0.62865298,0.13751071,1.0
2447444.582885,1.014274,-2.79191704,0.33429116,0.13750108,-1.83781868,0.62868432,0.13751589,1.0
2447444.587743,1.046539,-2.7919262,0.33424339,0.13750633,-1.83785386,0.62871611,0.13752115,1.0
2447444.592934,1.048468,-2.791936,0.33419235,0.13751194,-1.83789145,0.62875007,0.13752676,1.0
2447444.59859,1.05525,-2.79194667,0.33413674,0.13751805,-1.83793242,0.62878707,0.13753288,1.0
2447444.603659,1.065014,-2.79195623,0.3340869,0.13752353,-1.83796915,0.62882023,0.13753836,1.0
2447444.609342,1.064033,-2.79196695,0.33403101,0.13752968,-1.83801033,0.62885741,0.13754451,1.0
2447444.617628,1.039813,-2.79198258,0.33394954,0.13753863,-1.83807039,0.6289116,0.13755347,1.0
2447444.622394,1.0274370000000002,-2.79199157,0.33390268,0.13754378,-1.83810494,0.62894277,0.13755863,1.0
2447444.628386,1.021775,-2.79200287,0.33384376,0.13755026,-1.83814839,0.62898196,0.13756511,1.0
2447444.634462,0.9911860999999998,-2.79201432,0.33378401,0.13755683,-1.83819246,0.62902169,0.13757168,1.0
2447444.642592,0.9704099,-2.79202965,0.33370407,0.13756562,-1.83825144,0.62907484,0.13758047,1.0
2447444.647019,0.9526982,-2.79203799,0.33366054,0.13757039999999998,-1.83828356,0.62910379,0.13758526,1.0
2447444.652242,0.947448,-2.79204784,0.33360918,0.13757605,-1.83832146,0.62913793,0.13759091,1.0
2447444.656892,0.9318698,-2.7920566000000004,0.33356345,0.13758107,-1.83835522,0.62916833,0.13759594,1.0
2447444.662317,0.9216272,-2.79206682,0.33351011,0.13758694,-1.8383946,0.62920379,0.13760179999999994,1.0
2447444.66698,0.9064738,-2.79207561,0.33346426,0.13759198,-1.83842846,0.62923426,0.13760685,1.0
2447444.671674,0.9207787,-2.79208445,0.33341809999999994,0.13759705,-1.83846254,0.62926494,0.13761192,1.0
2447444.678262,0.9544545,-2.79209686,0.33335332,0.13760417,-1.83851039,0.62930799,0.13761905,1.0
2447444.683678,0.9570954,-2.79210707,0.33330006,0.13761002,-1.83854974,0.62934338,0.13762491,1.0
2447444.688447,0.9641738,-2.79211605,0.33325317,0.13761518,-1.83858439,0.62937454,0.13763006,1.0
2447444.694453,0.9920996,-2.79212736,0.33319411,0.13762167,-1.83862804,0.62941378,0.13763656,1.0
2447444.703504,1.015209,-2.7921444,0.33310511,0.13763145,-1.83869384,0.62947291,0.13764635,1.0
2447444.7082950003,1.0274370000000002,-2.79215342,0.333058,0.13763663,-1.83872867,0.62950421,0.13765153,1.0
2447444.7123020003,1.036944,-2.79216096,0.33301859,0.13764096,-1.83875781,0.62953038,0.13765586,1.0
2447444.7181,1.071903,-2.79217188,0.33296158,0.13764723,-1.83879998,0.62956825,0.13766213,1.0
2447444.72253,1.054278,-2.79218022,0.33291802,0.13765201,-1.83883221,0.62959718,0.13766692,1.0
2447444.728317,1.0571959999999998,-2.79219111,0.33286111,0.13765827,-1.83887431,0.62963497,0.13767318,1.0
2447444.732489,1.043651,-2.79219896,0.33282009,0.13766278,-1.83890467,0.62966221,0.13767769,1.0
2447444.737373,1.049434,-2.79220815,0.33277206,0.13766806,-1.83894022,0.6296941,0.13768297,1.0
2447444.741216,1.007756,-2.79221538,0.33273427,0.13767221,-1.83896819,0.62971919,0.13768713,1.0
2447444.745312,1.022717,-2.79222308,0.33269399,0.13767663,-1.83899801,0.62974593,0.13769156,1.0
2454904.354872,0.9825389,2.57816834,-0.23459199,-0.13564131,1.59089136,-0.11811286,-0.13563888,1.0
2454904.369821,0.92374,2.57817133,-0.23442938,-0.13565746,1.59086005,-0.11820664,-0.13565503,1.0
2454904.376466,0.9305715,2.57817266,-0.23435711,-0.13566463,1.59084616,-0.11824831,-0.13566221,1.0
2454904.383123,0.9331464,2.57817399,-0.23428469,-0.13567183,1.59083225,-0.11829008,-0.1356694,1.0
2454904.389777,0.9610583,2.57817531,-0.23421231,-0.13567901,1.59081836,-0.11833182,-0.13567659,1.0
2454904.399757,0.9898052,2.5781773,-0.23410374,-0.1356898,1.59079754,-0.11839443,-0.13568737,1.0
2454904.407819,1.002651,2.5781789,-0.23401604,-0.13569851,1.59078074,-0.11844502,-0.13569608,1.0
2454904.413087,1.032642,2.57817994,-0.23395874,-0.13570420000000002,1.59076978,-0.11847807,-0.13570177,1.0
2454904.418342,1.0402790000000002,2.57818098,-0.23390157,-0.13570987,1.59075884,-0.11851104,-0.13570744,1.0
2454904.4236080004,1.036453,2.57818202,-0.23384429,-0.13571556,1.59074789,-0.11854408,-0.13571313,1.0
2454904.428853,1.0499040000000002,2.57818306,-0.23378723,-0.13572123,1.590737,-0.118577,-0.1357188,1.0
2454904.434109,1.047972,2.57818409,-0.23373005,-0.13572691,1.59072608,-0.11860998,-0.13572447,1.0
2454904.439373,1.061573,2.57818513,-0.23367279,-0.13573259,1.59071516,-0.11864301,-0.13573016,1.0
2454904.444633,1.052809,2.57818616,-0.23361557,-0.13573827,1.59070425,-0.11867602,-0.13573584,1.0
2454904.449891,1.036453,2.5781872000000003,-0.23355837,-0.13574395,1.59069335,-0.11870902,-0.13574152,1.0
2454904.455144,1.0412370000000002,2.57818823,-0.23350123,-0.13574963,1.59068247,-0.11874198,-0.1357472,1.0
2454904.460398,1.0119280000000002,2.57818926,-0.23344407,-0.1357553,1.5906716,-0.11877495,-0.13575287,1.0
2454904.46566,1.008207,2.57819029,-0.23338683,-0.13576099,1.59066072,-0.11880798,-0.13575855,1.0
2454904.471976,0.9672746,2.57819152,-0.23331812,-0.13576781,1.59064766,-0.11884762,-0.13576538,1.0
2454904.476536,0.9699509,2.57819242,-0.23326852,-0.13577273,1.59063824,-0.11887624,-0.1357703,1.0
2454904.482257,0.9717392,2.57819353,-0.23320628,-0.13577891,1.59062643,-0.11891215,-0.13577648,1.0
2454904.486835,0.9426484,2.57819442,-0.23315648,-0.13578386,1.59061699,-0.11894088,-0.13578142,1.0
2454904.491409,0.9340062,2.57819531,-0.23310673,-0.1357888,1.59060756,-0.11896958,-0.13578636,1.0
2454904.4959810004,0.9469995,2.5781962000000003,-0.233057,-0.13579374,1.59059814,-0.11899828,-0.13579129999999998,1.0
2454904.500546,0.9469995,2.57819709,-0.23300734,-0.13579867,1.59058874,-0.11902694,-0.13579623,1.0
2454904.505119,0.9417806,2.57819798,-0.23295759,-0.13580361,1.59057932,-0.11905564,-0.13580117,1.0
2454904.510213,0.9726347,2.57819897,-0.23290217,-0.13580911,1.59056884,-0.11908762,-0.13580667,1.0
2454904.515467,0.9834443000000002,2.57819998,-0.23284502,-0.13581478,1.59055804,-0.1191206,-0.13581235,1.0
2454904.52073,1.008207,2.578201,-0.23278776,-0.13582047,1.59054723,-0.11915364,-0.13581803,1.0
2454904.529684,1.027898,2.57820273,-0.23269035,-0.13583014,1.59052885,-0.11920985,-0.1358277,1.0
2454904.534251,1.042197,2.57820361,-0.23264067,-0.13583507,1.59051948,-0.11923852,-0.13583263,1.0
2454904.538822,1.05378,2.57820449,-0.23259095,-0.13584001,1.59051011,-0.11926722,-0.13583757,1.0
2454904.543385,1.061573,2.57820537,-0.23254131,-0.13584493,1.59050077,-0.11929587,-0.1358425,1.0
2454904.547959,1.068439,2.57820625,-0.23249155,-0.13584987,1.5904914,-0.11932459,-0.13584744,1.0
2454904.55243,1.052809,2.57820711,-0.23244291,-0.1358547,1.59048225,-0.11935266,-0.13585226,1.0
2454904.55677,1.055723,2.57820794,-0.23239569,-0.13585939,1.59047337,-0.11937991,-0.13585695,1.0
2454904.561092,1.052809,2.57820877,-0.23234868,-0.13586406,1.59046454,-0.11940705,-0.13586162,1.0
2454904.565422,1.046044,2.5782096,-0.23230157,-0.13586873,1.59045569,-0.11943423,-0.13586629,1.0
2454904.570834,1.036453,2.57821063,-0.23224269,-0.13587458,1.59044464,-0.11946822,-0.13587214,1.0
2454904.575155,1.032642,2.57821146,-0.23219569,-0.13587924,1.59043583,-0.11949535,-0.1358768,1.0
2454904.579499,1.005425,2.57821229,-0.23214843,-0.13588394,1.59042697,-0.11952263,-0.13588149,1.0
2454904.583834,1.005425,2.57821311,-0.23210127,-0.13588862,1.59041813,-0.11954985,-0.13588617,1.0
2454904.588175,0.9870741,2.57821394,-0.23205404,-0.1358933,1.59040929,-0.11957711,-0.13589086,1.0
2454904.592496,0.9980441,2.57821476,-0.23200704,-0.13589797,1.59040049,-0.11960424,-0.13589553,1.0
2454904.596824,0.954003,2.57821558,-0.23195995,-0.13590264,1.59039168,-0.11963142,-0.13590020000000005,1.0
2454904.601143,0.9469995,2.5782164,-0.23191297,-0.13590731,1.5903829,-0.11965855,-0.13590486,1.0
2454904.605466,0.9400474,2.57821722,-0.23186594,-0.13591198,1.59037411,-0.1196857,-0.13590953,1.0
2454904.610605,0.9469995,2.5782182,-0.23181004,-0.13591752,1.59036367,-0.11971797,-0.13591508,1.0
2454904.6158740004,0.9409136,2.57821919,-0.23175272,-0.13592321,1.59035297,-0.11975106,-0.13592077,1.0
2454904.621136,0.9478721,2.57822019,-0.23169547,-0.1359289,1.59034229,-0.11978411,-0.13592645,1.0
2454904.626399,0.9744279,2.57822118,-0.23163822,-0.13593458,1.59033162,-0.11981716,-0.13593213,1.0
2454904.632979,0.9735309,2.57822242,-0.23156663,-0.13594168,1.59031829,-0.11985849,-0.13593924,1.0
2454905.320041,0.9399327,2.57834151,-0.22409119,-0.136683,1.58898666,-0.1241807,-0.13668051,1.0
2454905.32575,0.9425334,2.57834241,-0.22402907,-0.13668916,1.5889761,-0.12421667,-0.13668666,1.0
2454905.330309,0.9486298,2.57834313,-0.22397946,-0.13669407,1.58896767,-0.12424539,-0.13669158,1.0
2454905.338293,0.9460123,2.57834439,-0.22389258,-0.13670268,1.58895292,-0.12429569,-0.13670018,1.0
2454905.3439970003,0.9644879,2.57834529,-0.22383051,-0.13670883,1.5889424,-0.12433163,-0.13670633,1.0
2454905.348551,0.9530085,2.57834601,-0.22378096,-0.13671374,1.588934,-0.12436033,-0.13671124,1.0
2454905.35312,0.9797082,2.57834672,-0.22373124,-0.13671867,1.58892558,-0.12438912,-0.13671617,1.0
2454905.357683,0.9896844,2.57834744,-0.22368158,-0.13672358,1.58891717,-0.12441787,-0.13672109,1.0
2454905.362238,0.9960858,2.57834815,-0.22363202,-0.1367285,1.58890879,-0.12444657,-0.136726,1.0
2454905.366805,1.008084,2.57834886,-0.22358232,-0.13673342,1.58890038,-0.12447535,-0.13673092,1.0
2454905.3713700003,1.006228,2.57834958,-0.22353264,-0.13673834,1.58889199,-0.12450412,-0.13673584,1.0
2454905.375935,1.013671,2.57835029,-0.22348297,-0.13674326,1.5888836000000002,-0.12453289,-0.13674076,1.0
2454905.3805,1.010873,2.578351,-0.2234333,-0.13674818,1.58887522,-0.12456165,-0.13674568,1.0
2454905.38506,1.018349,2.57835171,-0.22338368,-0.1367531,1.58886686,-0.12459039,-0.1367506,1.0
2454905.389621,1.0287190000000002,2.57835242,-0.22333405,-0.13675801,1.58885849,-0.12461913,-0.13675551,1.0
2454905.3941900004,1.018349,2.57835313,-0.22328433,-0.13676294,1.58885012,-0.12464792,-0.13676044,1.0
2454905.399904,1.0034530000000002,2.57835401,-0.22322215,-0.1367691,1.58883965,-0.12468394,-0.13676660000000002,1.0
2454905.404474,1.007156,2.57835472,-0.22317242,-0.13677403,1.58883129,-0.12471274,-0.13677152,1.0
2454905.409046,0.9915092,2.57835542,-0.22312267,-0.13677895,1.58882293,-0.12474155,-0.13677645,1.0
2454905.413609,0.9743091,2.57835613,-0.22307301,-0.13678387,1.58881459,-0.12477031,-0.13678137,1.0
2454905.418172,0.9680476999999998,2.57835683,-0.22302336,-0.13678879,1.58880625,-0.12479907,-0.13678629,1.0
2454905.422729,0.9636,2.57835753,-0.22297377,-0.13679370000000002,1.58879793,-0.12482779,-0.1367912,1.0
2454905.427292,0.9653766,2.57835823,-0.22292411,-0.13679862,1.58878961,-0.12485655,-0.13679612,1.0
2454905.43186,0.9477565,2.57835893,-0.22287440000000006,-0.13680355,1.58878128,-0.12488535,-0.13680104,1.0
2454905.438736,0.9330325,2.57835999,-0.22279958,-0.13681096,1.58876876,-0.12492869,-0.13680845,1.0
2454905.443298,0.9460123,2.57836069,-0.22274993,-0.13681588,1.58876045,-0.12495745,-0.13681337,1.0
2454905.447852,0.9503788,2.57836138,-0.22270038,-0.13682078,1.58875217,-0.12498615,-0.13681828,1.0
2454905.452409,0.9373391,2.57836208,-0.22265079,-0.1368257,1.58874388,-0.12501488,-0.13682319,1.0
2454905.456975,0.9734121,2.57836277,-0.2226011,-0.13683062,1.58873559,-0.12504366,-0.13682811,1.0
2454905.46153,0.9680476999999998,2.57836347,-0.22255153,-0.13683553,1.58872732,-0.12507238,-0.13683302,1.0
2454905.466097,0.9878631,2.57836416,-0.22250183,-0.13684045,1.58871903,-0.12510117,-0.13683794,1.0
2454905.470661,1.004378,2.57836485,-0.22245216,-0.13684537,1.58871076,-0.12512994,-0.13684286,1.0
2454905.47522,1.036326,2.57836554,-0.22240255,-0.13685028,1.5887025,-0.12515868,-0.13684778,1.0
2454905.480918,1.046879,2.57836641,-0.22234054,-0.13685642,1.58869218,-0.12519460000000002,-0.13685392,1.0
2454905.485487,1.05949,2.5783671000000004,-0.22229082,-0.13686135,1.58868391,-0.12522341,-0.13685884,1.0
2454905.490051,1.070278,2.57836779,-0.22224116,-0.13686627,1.58867566,-0.12525218,-0.13686376,1.0
2454905.494609,1.090176,2.57836847,-0.22219155,-0.13687118,1.58866742,-0.12528092,-0.13686867,1.0
2454905.499171,1.103308,2.57836916,-0.22214191,-0.1368761,1.58865918,-0.12530968,-0.13687359,1.0
2454905.503735,1.096218,2.57836985,-0.22209224,-0.13688102,1.58865094,-0.12533846,-0.13687851,1.0
2454905.508299,1.095208,2.57837053,-0.22204257,-0.13688593,1.58864271,-0.12536723,-0.13688343,1.0
2454905.512859,1.093193,2.57837121,-0.22199295,-0.13689085,1.58863449,-0.12539599,-0.13688834,1.0
2454905.517422,1.071265,2.5783719,-0.22194329,-0.13689577,1.58862627,-0.12542476,-0.13689326,1.0
2454905.521989,1.07324,2.57837258,-0.22189361,-0.13690069,1.58861805,-0.12545355,-0.13689818,1.0
2454905.5265490003,1.043991,2.57837326,-0.22184398,-0.13690560000000002,1.58860985,-0.12548230000000002,-0.13690309,1.0
2454905.5311060003,1.040152,2.57837394,-0.22179439,-0.13691051,1.58860165,-0.12551104,-0.136908,1.0
2454905.535671,1.038237,2.57837462,-0.22174471,-0.13691543,1.58859345,-0.12553982,-0.13691292,1.0
2454905.540242,1.013671,2.5783753,-0.22169497,-0.13692036,1.58858524,-0.12556865,-0.13691785,1.0
2454905.544801,0.9924229,2.57837598,-0.22164535,-0.13692527,1.58857706,-0.1255974,-0.13692276,1.0
2454905.561667,0.9244784,2.57837847,-0.22146181,-0.13694345,1.58854684,-0.12570376,-0.13694093,1.0
2454905.56623,0.9253303,2.57837915,-0.22141215,-0.13694836,1.58853868,-0.12573253,-0.13694585,1.0
2454905.570799,0.9434019,2.57837982,-0.22136243,-0.13695329,1.58853051,-0.12576135,-0.13695077,1.0
2454905.576498,0.9503788,2.57838066,-0.22130041,-0.13695943,1.58852033,-0.12579729,-0.13695691,1.0
2454910.3006700003,0.9443242,2.57858566,-0.16985046,-0.14202376,1.58292192,-0.15578233,-0.14202089,1.0
2454910.30724,0.9279427,2.57858526,-0.16977886,-0.14203077,1.58291809,-0.15582417,-0.1420279,1.0
2454910.31381,0.9279427,2.57858486,-0.16970725,-0.14203777,1.58291427,-0.15586602,-0.1420349,1.0
2454910.320382,0.9211305,2.57858446,-0.16963563,-0.14204478,1.58291046,-0.15590787,-0.14204191,1.0
2454910.326956,0.9486831,2.57858405,-0.16956399,-0.14205179,1.58290666,-0.15594974,-0.14204892,1.0
2454910.3348330003,0.969887,2.57858357,-0.16947814,-0.14206019,1.58290212,-0.15599991,-0.14205732,1.0
2454910.3538470003,1.032574,2.57858238,-0.16927092,-0.14208046,1.58289122,-0.15612101,-0.14207759,1.0
2454910.360421,1.054681,2.57858197,-0.16919927,-0.14208747,1.58288748,-0.15616288,-0.1420846,1.0
2454910.366991,1.053711,2.57858155,-0.16912767,-0.14209448,1.58288375,-0.15620472,-0.1420916,1.0
2454910.373557,1.061503,2.57858114,-0.16905611,-0.14210148,1.58288003,-0.15624654,-0.14209860000000002,1.0
2454910.380118,1.059549,2.57858072,-0.1689846,-0.14210847,1.58287632,-0.15628833,-0.1421056,1.0
2454910.386684,1.04021,2.5785803,-0.16891304,-0.14211547,1.58287263,-0.15633014,-0.1421126,1.0
2454910.393247,1.02405,2.57857988,-0.16884151,-0.14212247,1.58286894,-0.15637194,-0.1421196,1.0
2454910.399822,1.01093,2.57857945,-0.16876986,-0.14212948,1.58286527,-0.15641382,-0.14212661,1.0
2454910.4063810003,0.9933931,2.57857903,-0.16869837,-0.14213647,1.58286161,-0.15645559,-0.1421336,1.0
2454910.412948,0.9870091,2.5785786,-0.1686268,-0.14214348,1.58285795,-0.15649742,-0.1421406,1.0
2454910.419472,0.9663203,2.57857817,-0.1685557,-0.14215043,1.58285433,-0.15653897,-0.14214755,1.0
2454910.425467,0.960995,2.57857778,-0.16849036,-0.14215682,1.58285102,-0.15657715,-0.14215394,1.0
2454910.431452,0.9443242,2.57857738,-0.16842513,-0.14216320000000002,1.58284772,-0.15661527,-0.14216032,1.0
2454910.437442,0.9478097,2.57857698,-0.16835985,-0.14216959,1.58284442,-0.15665342,-0.14216671,1.0
2454910.443433,0.9592265,2.57857659,-0.16829456,-0.14217597,1.58284114,-0.15669158,-0.14217309,1.0
2454910.449413,0.9583433,2.57857619,-0.16822938,-0.14218235,1.58283787,-0.15672966,-0.14217947,1.0
2454910.45541,0.9952246,2.57857578,-0.16816402,-0.14218874,1.5828346000000002,-0.15676786,-0.14218586,1.0
2454910.461398,1.001662,2.57857538,-0.16809876,-0.14219512,1.58283134,-0.156806,-0.14219224,1.0
2454910.4673880003,1.01,2.57857498,-0.16803348,-0.14220151,1.58282809,-0.15684415,-0.14219863,1.0
2454910.473379,1.041168,2.57857457,-0.16796818,-0.1422079,1.58282485,-0.15688229999999995,-0.14220501,1.0
2454910.479364,1.061503,2.57857416,-0.16790295,-0.14221427,1.58282162,-0.15692042,-0.14221139,1.0
2454910.489898,1.056625,2.57857344,-0.16778814,-0.1422255,1.58281596,-0.15698751,-0.14222262,1.0
2454910.495892,1.047903,2.57857303,-0.16772282,-0.14223189,1.58281276,-0.15702569,-0.14222901,1.0
2454910.50189,1.04021,2.57857261,-0.16765745,-0.14223829,1.58280956,-0.15706389,-0.1422354,1.0
2454910.507876,1.024993,2.5785722,-0.16759221,-0.14224467,1.58280637,-0.15710201,-0.14224178,1.0
2454910.513865,1.022165,2.57857178,-0.16752693,-0.14225105,1.58280319,-0.15714016,-0.14224816,1.0
2454910.51985,0.999818,2.57857136,-0.16746170000000002,-0.14225743,1.58280003,-0.15717828,-0.14225454,1.0
2454910.525852,0.9815697,2.57857094,-0.16739629,-0.14226382,1.58279686,-0.1572165,-0.14226094,1.0
2454910.531841,0.964542,2.57857052,-0.16733101,-0.14227021,1.58279371,-0.15725465,-0.14226732,1.0
2454910.53782,0.9504322,2.5785701000000003,-0.16726585,-0.14227658,1.58279058,-0.15729273,-0.14227369,1.0
2454910.543819,0.9486831,2.57856967,-0.16720046,-0.14228297,1.58278744,-0.15733094,-0.14228009,1.0
2454910.5498,0.9356667,2.57856924,-0.16713528,-0.14228935,1.58278432,-0.15736903,-0.14228646,1.0
2454910.555791,0.9399855,2.57856882,-0.16706998,-0.14229573,1.58278121,-0.15740719,-0.14229284,1.0
2454910.561813,0.9539402,2.57856838,-0.16700435,-0.14230215,1.58277808,-0.15744554,-0.14229926,1.0
2454910.567818,0.9592265,2.57856795,-0.1669389,-0.14230855,1.58277498,-0.15748379,-0.14230566,1.0
2454910.573812,0.9707807,2.57856752,-0.16687357,-0.14231494,1.58277189,-0.15752196,-0.14231205,1.0
2454910.579798,1.005359,2.57856708,-0.16680833,-0.14232132,1.58276882,-0.15756009,-0.14231843,1.0
2454910.5858,1.005359,2.57856665,-0.16674291,-0.14232771,1.58276574,-0.15759831,-0.14232482,1.0
2454910.591786,1.039252,2.57856621,-0.16667767,-0.14233409,1.58276269,-0.15763644,-0.14233120000000002,1.0
2454910.597791,1.045975,2.57856577,-0.16661222,-0.14234049,1.58275963,-0.15767468,-0.1423376,1.0
2454910.60378,1.0772620000000002,2.57856533,-0.16654695,-0.14234687,1.58275659,-0.15771283,-0.14234398,1.0
2454910.611784,1.07627,2.57856474,-0.16645971,-0.1423554,1.58275254,-0.15776381,-0.14235251,1.0
2454910.617777,1.057599,2.57856429,-0.16639439,-0.14236179,1.58274952,-0.15780198,-0.14235889999999998,1.0
2454910.623764,1.071325,2.57856384,-0.16632914,-0.14236817,1.58274651,-0.15784011,-0.14236528,1.0
2454911.670776,1.074057,2.57846154,-0.15491599,-0.14348249,1.58236044,-0.16450745,-0.14347952,1.0
2454911.675933,1.066173,2.57846092,-0.15485977,-0.14348798,1.58235923,-0.16454028,-0.143485,1.0
2454911.6811,1.070108,2.57846029,-0.15480344,-0.14349347,1.58235802,-0.16457317,-0.14349049,1.0
2454911.686239,1.056398,2.57845967,-0.15474741,-0.14349893,1.58235683,-0.16460588,-0.14349596,1.0
2454911.691393,1.048643,2.57845904,-0.15469122,-0.14350441,1.58235563,-0.16463869,-0.14350143,1.0
2454911.696557,1.029503,2.57845841,-0.15463492,-0.1435099,1.58235445,-0.16467157,-0.14350692,1.0
2454911.701727,1.011644,2.57845778,-0.15457856,-0.14351539,1.58235327,-0.16470448,-0.14351242,1.0
2454911.706891,0.9913513,2.57845715,-0.15452226,-0.14352088,1.58235209,-0.16473735,-0.14351791,1.0
2454911.712064,0.9895268,2.57845652,-0.15446586,-0.14352638,1.58235092,-0.16477028,-0.1435234,1.0
2454911.717216,0.9705716,2.57845589,-0.15440969,-0.14353186,1.58234977,-0.16480308,-0.14352888,1.0
2454911.722358,0.9563736,2.57845525,-0.15435363,-0.14353732,1.58234862,-0.16483581,-0.14353434,1.0
2454911.7275150004,0.9467331,2.57845462,-0.15429741,-0.1435428,1.58234747,-0.16486864,-0.14353982,1.0
2454911.732666,0.9209321,2.57845398,-0.15424125,-0.14354828,1.58234634,-0.16490143,-0.1435453,1.0
2454911.737814,0.9328839,2.57845334,-0.15418513,-0.14355375,1.58234521,-0.1649342,-0.14355077,1.0
2454911.742955,0.9423833,2.57845271,-0.15412908,-0.14355921,1.58234409,-0.16496692,-0.14355623,1.0
2454911.748118,0.939783,2.57845207,-0.15407279,-0.14356470000000002,1.58234297,-0.16499979,-0.14356172,1.0
2454911.753275,0.9581369,2.57845143,-0.15401657,-0.14357018,1.58234186,-0.16503261,-0.1435672,1.0
2454911.758417,0.9616733,2.57845078,-0.15396051,-0.14357565,1.58234076,-0.16506535,-0.14357267,1.0
2454911.763563,0.9940943,2.57845014,-0.15390441,-0.14358111,1.58233966,-0.1650981,-0.14357813,1.0
2454911.768725,1.011644,2.5784495,-0.15384813,-0.1435866,1.58233857,-0.16513096,-0.14358362,1.0
2454911.773887,1.024772,2.57844885,-0.15379185,-0.14359209,1.58233748,-0.16516382,-0.14358911,1.0
2454911.779055,1.039986,2.5784482000000004,-0.15373551,-0.14359758,1.5823364,-0.16519672,-0.14359460000000002,1.0
2454911.784228,1.0525129999999998,2.57844755,-0.15367911,-0.14360308,1.58233533,-0.16522964,-0.14360009,1.0
2454911.7893970003,1.070108,2.5784469,-0.15362275,-0.14360857,1.58233426,-0.16526255,-0.14360559,1.0
2454911.794563,1.074057,2.57844625,-0.15356643,-0.14361406,1.58233321,-0.16529543,-0.14361108,1.0
2454911.804298,1.051544,2.57844502,-0.1534603,-0.1436244,1.58233123,-0.16535739,-0.14362142,1.0
2454911.810482,1.039986,2.57844423,-0.15339288,-0.14363098,1.58232999,-0.16539676,-0.14362799,1.0
2454911.815651,1.025717,2.57844358,-0.15333652,-0.14363647,1.58232895,-0.16542966,-0.14363348,1.0
2454911.820825,0.9986828,2.57844292,-0.15328011,-0.14364197,1.58232793,-0.16546259,-0.14363898,1.0
2454911.826004,0.9986828,2.57844226,-0.15322365,-0.14364747,1.58232691,-0.16549556,-0.14364448,1.0
2454911.831155,1.009782,2.5784416,-0.15316749,-0.14365294,1.5823258999999998,-0.16552834,-0.14364996,1.0
2454911.836303,0.9687853,2.57844094,-0.15311136,-0.14365841,1.5823249,-0.16556111,-0.14365543,1.0
2454911.841449,0.9599035,2.57844028,-0.15305526,-0.14366388,1.58232391,-0.16559386,-0.14366089999999998,1.0
2454911.847649,0.960788,2.57843948,-0.15298766,-0.14367047,1.58232272,-0.16563333,-0.14366748,1.0
2454911.853851,0.9415157,2.57843868,-0.15292005,-0.14367706,1.58232154,-0.16567279999999998,-0.14367407,1.0
2454911.858996,0.9251829,2.57843802,-0.15286395,-0.14368253,1.58232057,-0.16570555,-0.14367954,1.0
2454911.864147,0.9285976,2.57843735,-0.15280779,-0.143688,1.58231961,-0.16573833,-0.14368501,1.0
2454911.869324,0.9432516,2.57843668,-0.15275135,-0.1436935,1.58231864,-0.16577128,-0.14369051,1.0
2454911.8745150003,0.9599035,2.57843601,-0.15269475,-0.14369902,1.58231769,-0.16580432,-0.14369603,1.0
2454911.879696,0.9723611,2.57843534,-0.15263827,-0.14370452,1.58231674,-0.1658373,-0.14370153,1.0
2454911.884869,0.9877057,2.57843466,-0.15258187,-0.14371002,1.58231579,-0.16587022,-0.14370703,1.0
2454911.890026,1.006068,2.57843399,-0.15252564,-0.1437155,1.58231486,-0.16590305,-0.14371251,1.0
2454911.8952,1.004218,2.57843332,-0.15246923,-0.14372099,1.58231394,-0.16593598,-0.143718,1.0
2454911.901393,1.031401,2.57843251,-0.15240171,-0.14372757,1.58231283,-0.16597539,-0.14372458,1.0
2454911.9065610003,1.032351,2.57843183,-0.15234537,-0.14373306,1.58231192,-0.16600829,-0.14373007,1.0
2454911.911737,1.038072,2.57843115,-0.15228894,-0.14373856,1.58231101,-0.16604123,-0.14373557,1.0
2454911.916916,1.050576,2.57843047,-0.15223247,-0.14374406,1.58231011,-0.16607419,-0.14374107,1.0
2456829.329797,1.0217,0.975415,2.28128,-0.283547,0.961611,1.26514,-0.283516,1.0
2456829.333557,0.9948,0.975376,2.2813,-0.283546,0.961636,1.26516,-0.283516,1.0
2456829.337277,0.9695,0.975337,2.28131,-0.283545,0.96166,1.26518,-0.283515,1.0
2456829.341717,0.9615,0.975292,2.28134,-0.283545,0.96169,1.2652,-0.283514,1.0
2456829.345366,0.9465,0.975254,2.28135,-0.283544,0.961714,1.26521,-0.283513,1.0
2456829.349006,0.9275,0.975216,2.28137,-0.283543,0.961738,1.26523,-0.283513,1.0
2456829.352666,0.9131,0.975178,2.28139,-0.283543,0.961762,1.26524,-0.283512,1.0
2456829.356336,0.914,0.97514,2.2814,-0.283542,0.961786,1.26526,-0.283511,1.0
2456829.359996,0.9241,0.975103,2.28142,-0.283541,0.96181,1.26527,-0.283511,1.0
2456829.363646,0.9396,0.975065,2.2814400000000004,-0.283541,0.961834,1.26529,-0.28351,1.0
2456829.367306,0.9457,0.975027,2.28145,-0.28354,0.961858,1.26531,-0.283509,1.0
2456829.370965,0.9615,0.974989,2.28147,-0.283539,0.961882,1.26532,-0.283509,1.0
2456829.374615,0.9632,0.974951,2.28149,-0.283538,0.961906,1.26534,-0.283508,1.0
2456829.378265,0.9695,0.974914,2.2815,-0.283538,0.96193,1.26535,-0.283507,1.0
2456829.3819150003,0.9839,0.974876,2.28152,-0.283537,0.961954,1.26537,-0.283507,1.0
2456829.385575,0.993,0.974838,2.28154,-0.283536,0.961978,1.26539,-0.283506,1.0
2456829.389225,1.004,0.9748,2.28155,-0.283536,0.962002,1.2654,-0.283505,1.0
2456829.392884,1.0105,0.974762,2.28157,-0.283535,0.962027,1.26542,-0.283504,1.0
2456829.396544,1.0264,0.974725,2.28159,-0.283534,0.962051,1.2654299999999998,-0.283504,1.0
2456829.400204,1.0436,0.974687,2.28161,-0.283534,0.962075,1.26545,-0.283503,1.0
2456829.403864,1.0552,0.974649,2.28162,-0.283533,0.962099,1.26546,-0.283502,1.0
2456829.407514,1.0689,0.974611,2.2816400000000003,-0.283532,0.962123,1.26548,-0.283502,1.0
2456829.411174,1.0768,0.974573,2.28166,-0.283532,0.962147,1.2655,-0.283501,1.0
2456829.415743,1.0868,0.974526,2.28168,-0.283531,0.962177,1.26552,-0.2835,1.0
2456829.419413,1.0918,0.974488,2.28169,-0.28353,0.962201,1.2655299999999998,-0.283499,1.0
2456829.423073,1.0878,0.97445,2.28171,-0.283529,0.962225,1.26555,-0.283499,1.0
2456829.426713,1.0828,0.974413,2.28173,-0.283529,0.962249,1.26556,-0.283498,1.0
2456829.430373,1.0798,0.974375,2.28174,-0.283528,0.962273,1.26558,-0.283497,1.0
2456829.434013,1.0601,0.974337,2.28176,-0.283527,0.962297,1.26559,-0.283497,1.0
2456829.437673,1.0552,0.974299,2.28178,-0.283527,0.962322,1.26561,-0.283496,1.0
2456829.441332,1.0398,0.974262,2.28179,-0.283526,0.962346,1.26563,-0.283495,1.0
2456829.444992,1.0096,0.974224,2.28181,-0.283525,0.96237,1.26564,-0.283495,1.0
2456829.448642,1.0077,0.974186,2.28183,-0.283524,0.962394,1.26566,-0.283494,1.0
2456829.452312,0.992,0.974148,2.28185,-0.283524,0.962418,1.26567,-0.283493,1.0
2456829.455982,0.9757,0.97411,2.28186,-0.283523,0.962442,1.26569,-0.283493,1.0
2456829.459662,0.9606,0.974072,2.28188,-0.283522,0.962466,1.26571,-0.283492,1.0
2456829.463322,0.9579,0.974034,2.2819,-0.283522,0.96249,1.2657200000000002,-0.283491,1.0
2456829.4669810003,0.9448,0.973996,2.28191,-0.283521,0.962515,1.26574,-0.28349,1.0
2456829.470641,0.9258,0.973958,2.28193,-0.28352,0.962539,1.26575,-0.28349,1.0
2456829.474291,0.914,0.973921,2.28195,-0.28352,0.962563,1.26577,-0.283489,1.0
2456829.477961,0.9182,0.973883,2.28196,-0.283519,0.962587,1.26579,-0.283488,1.0
2456829.481621,0.9081,0.973845,2.28198,-0.283518,0.962611,1.2658,-0.283488,1.0
2456829.485291,0.9098,0.973807,2.282,-0.283518,0.962635,1.2658200000000002,-0.283487,1.0
2456829.48895,0.9157,0.973769,2.28201,-0.283517,0.962659,1.26583,-0.283486,1.0
2456829.4926,0.9361,0.973731,2.28203,-0.283516,0.962683,1.26585,-0.283486,1.0
2456829.49626,0.9361,0.973694,2.28205,-0.283515,0.962707,1.26587,-0.283485,1.0
2456829.49992,0.982,0.973656,2.28206,-0.283515,0.962732,1.26588,-0.283484,1.0
2456829.50358,0.9766,0.973618,2.28208,-0.283514,0.962756,1.2659,-0.283483,1.0
2456829.50722,1.0077,0.97358,2.2821,-0.283513,0.96278,1.26591,-0.283483,1.0
2456829.510879,1.034,0.973542,2.28212,-0.283513,0.962804,1.26593,-0.283482,1.0
2456829.514539,1.035,0.973504,2.28213,-0.283512,0.962828,1.26594,-0.283481,1.0
2456829.518189,1.0728,0.973467,2.28215,-0.283511,0.962852,1.26596,-0.283481,1.0
2456829.5218490004,1.0828,0.973429,2.2821700000000003,-0.283511,0.962876,1.26598,-0.28348,1.0
2456829.526419,1.0968,0.973382,2.28219,-0.28351,0.962906,1.266,-0.283479,1.0
2456829.530079,1.111,0.973344,2.2822,-0.283509,0.96293,1.26601,-0.283478,1.0
2456829.534648,1.1049,0.973297,2.28222,-0.283508,0.96296,1.26603,-0.283478,1.0
2456829.541058,1.0938,0.97323,2.28225,-0.283507,0.963002,1.26606,-0.283476,1.0
