2438949.324078,1.038422,-1.01789696,1.91317074,0.12574159,-0.73861065,0.93560005,0.12565181,1.0
2438949.331453,1.026008,-1.01797905,1.91312821,0.12572306,-0.7385728,0.93559191,0.12563328,1.0
2438949.338828,1.033541,-1.01806114,1.91308567,0.12570453,-0.73853495,0.93558378,0.12561476,1.0
2438949.342536,1.052728,-1.01810241,1.91306428,0.12569521,-0.73851592,0.9355797,0.12560545,1.0
2438949.348245,1.039199,-1.01816595,1.91303135,0.12568087,-0.73848663,0.93557342,0.12559111,1.0
2438949.354953,1.019243,-1.01824061,1.91299265,0.12566401,-0.73845221,0.93556605,0.12557426,1.0
2438949.36137,1.010783,-1.01831203,1.91295563,0.12564789,-0.73841928,0.93555901,0.12555814,1.0
2438949.370412,1.003298,-1.01841265,1.91290347,0.12562518,-0.7383729,0.93554911,0.12553543,1.0
2438949.377162,1.001403,-1.01848778,1.91286453,0.12560822,-0.73833827,0.93554173,0.12551847,1.0
2438949.383537,0.9758635,-1.01855872,1.91282774,0.1255922,-0.73830557,0.93553477,0.12550246,1.0
2438949.392621,0.9361832,-1.01865982,1.91277532,0.12556938,-0.73825897,0.93552486,0.12547964,1.0
2438949.397662,0.9597215,-1.01871592,1.91274623,0.12555671,-0.73823311,0.93551937,0.12546698,1.0
2438949.403371,0.9500086,-1.01877945,1.91271328,0.12554236,-0.73820383,0.93551316,0.12545263,1.0
2438949.409413,0.9257822,-1.01884668,1.91267841,0.12552719,-0.73817285,0.9355066,0.12543746,1.0
2438949.415455,0.9325886,-1.01891392,1.91264354,0.12551199999999998,-0.73814187,0.93550004,0.12542228,1.0
2438949.4221630003,0.9490069,-1.01898856,1.91260482,0.12549515,-0.73810747,0.93549278,0.12540543,1.0
2438949.428913,0.9498355,-1.01906368,1.91256585,0.12547819,-0.73807286,0.93548547,0.12538847,1.0
2438949.435622,0.9638905,-1.01913833,1.91252712,0.12546133,-0.73803846,0.93547822,0.12537162,1.0
2438949.441997,0.9781557,-1.01920927,1.91249031,0.12544531,-0.73800578,0.93547134,0.1253556,1.0
2438949.448706,0.9736147,-1.01928391,1.91245158,0.12542846,-0.73797139,0.93546411,0.12533875,1.0
2438949.455123,0.9816742,-1.01935531,1.91241453,0.12541233,-0.73793849,0.9354572,0.12532263,1.0
2438949.462498,1.000794,-1.01943737,1.91237194,0.1253938,-0.73790069,0.93544927,0.12530410000000006,1.0
2438949.468873,0.9870175,-1.01950831,1.91233512,0.12537778,-0.73786801,0.93544243,0.12528809,1.0
2438949.476289,0.9970156,-1.01959082,1.91229229,0.12535914,-0.73783,0.93543448,0.12526945,1.0
2438949.483331,1.004339,-1.01966917,1.91225162,0.12534145,-0.73779391,0.93542695,0.12525176,1.0
2438949.490749,1.023899,-1.01975169,1.91220878,0.12532281,-0.73775591,0.93541902,0.12523313,1.0
2438949.497124,1.005166,-1.01982262,1.91217195,0.12530679,-0.73772324,0.93541222,0.12521711,1.0
2438949.503832,1.031376,-1.01989725,1.9121332,0.12528993,-0.73768887,0.93540507,0.12520026,1.0
2438949.510207,1.019054,-1.01996818,1.91209637,0.12527391,-0.73765621,0.93539828,0.12518424,1.0
2438949.5172900003,1.031277,-1.02004698,1.91205545,0.12525611,-0.73761992,0.93539075,0.12516645,1.0
2438949.524332,1.049431,-1.02012532,1.91201476,0.12523842,-0.73758384,0.93538328,0.12514875,1.0
2438949.530375,1.052289,-1.02019253,1.91197985,0.12522323,-0.73755289,0.93537688,0.12513357,1.0
2438949.53675,1.030186,-1.02026345,1.91194301,0.12520721,-0.73752024,0.93537013,0.12511756,1.0
2438949.5445,1.018806,-1.02034967,1.91189822,0.12518773,-0.73748055,0.93536194,0.12509808,1.0
2438949.550541,1.008493,-1.02041687,1.9118633000000005,0.12517255,-0.73744961,0.93535556,0.12508291,1.0
2438949.55725,1.003812,-1.0204915,1.91182453,0.12515569,-0.73741525,0.93534849,0.12506605,1.0
2438949.563666,0.9737168,-1.02056287,1.91178744,0.12513957,-0.73738239,0.93534174,0.12504993,1.0
2438949.576417,0.9880833,-1.0207046999999998,1.91171374,0.12510752,-0.73731711,0.93532835,0.12501789,1.0
2438949.582792,0.976279,-1.02077561,1.91167688,0.1250915,-0.73728447,0.93532166,0.12500187,1.0
2438949.589167,0.9943844,-1.02084652,1.91164002,0.12507548,-0.73725183,0.93531499,0.12498585,1.0
2438949.595584,0.9906828,-1.02091789,1.91160292,0.12505935,-0.73721898,0.93530828,0.12496973,1.0
2438949.601626,1.019333,-1.0209851,1.91156798,0.12504416,-0.73718805,0.93530197,0.12495455,1.0
2438949.607335,1.043995,-1.02104858,1.91153497,0.12502982,-0.73715884,0.93529602,0.1249402,1.0
2438950.308476,0.9549565,-1.02883957,1.90746692,0.12326674,-0.73358277,0.93461921,0.12317754,1.0
2438950.316935,0.9619633,-1.02893347,1.90741768,0.12324546,-0.73353978,0.93461171,0.12315627,1.0
2438950.35556,1.026702,-1.02936224,1.90719276,0.12314828,-0.73334354,0.93457762,0.12305911,1.0
2438950.361686,1.019122,-1.02943023,1.90715709,0.12313287,-0.73331243,0.93457225,0.12304371,1.0
2438950.368103,1.020017,-1.02950146,1.90711971,0.12311673,-0.73327984,0.93456663,0.12302756,1.0
2438950.37352,1.014358,-1.02956158,1.90708815,0.1231031,-0.73325233,0.93456189,0.12301394,1.0
2438950.382686,0.9912065,-1.02966332,1.90703476,0.12308004,-0.73320578,0.93455388,0.12299088,1.0
2438950.38877,1.038834,-1.02973085,1.90699932,0.12306473,-0.73317488,0.93454858,0.12297557,1.0
2438950.395186,1.033064,-1.02980207,1.90696193,0.12304858,-0.73314231,0.934543,0.12295943,1.0
2438950.402312,1.041613,-1.02988115,1.90692042,0.12303066,-0.73310613,0.93453681,0.12294151,1.0
2438950.409437,1.029166,-1.02996023,1.9068789,0.12301273,-0.73306996,0.93453063,0.12292359,1.0
2438950.416896,1.013126,-1.03004301,1.90683544,0.12299396,-0.73303209,0.93452417,0.12290482,1.0
2438950.423312,1.006571,-1.03011422,1.90679805,0.12297781,-0.73299952,0.93451863,0.12288868,1.0
2438950.429771,1.001902,-1.0301859,1.9067604,0.12296156,-0.73296674,0.93451306,0.12287243,1.0
2438950.437229,1.001852,-1.03026867,1.90671694,0.12294279,-0.73292889,0.93450664,0.12285367,1.0
2438950.444646,1.000879,-1.03035098,1.9066737,0.12292413,-0.73289124,0.93450026,0.12283501,1.0
2438950.457855,0.9897895,-1.03049756,1.90659671,0.12289089,-0.73282422,0.93448894,0.12280178,1.0
2438950.465313,1.017468,-1.03058032,1.90655323,0.12287213,-0.73278638,0.93448256,0.12278302,1.0
2438950.472772,0.9924278,-1.03066309,1.90650974,0.12285336,-0.73274854,0.9344762,0.12276425,1.0
2438950.482938,1.004313,-1.0307759,1.90645046,0.12282777,-0.73269696,0.93446754,0.12273868,1.0
2438950.490064,1.007971,-1.03085496,1.90640892,0.12280984,-0.73266082,0.93446149,0.12272075,1.0
2438950.497189,1.007923,-1.03093402,1.90636736,0.12279191,-0.73262468,0.93445545,0.12270283,1.0
2438950.504981,0.9922119,-1.03102048,1.90632192,0.1227723,-0.73258516,0.93444885,0.12268322,1.0
2438950.511064,1.037019,-1.03108798,1.90628644,0.12275699,-0.73255432,0.93444371,0.12266792,1.0
2438950.517814,1.033158,-1.03116287,1.90624707,0.12274001,-0.73252009,0.93443802,0.12265093,1.0
2438950.5283560003,1.047456,-1.03127984,1.90618557,0.12271348,-0.73246663,0.93442915,0.12262441,1.0
2438950.536482,1.03971,-1.03136999,1.90613817,0.12269303,-0.73242544,0.93442233,0.12260397,1.0
2438950.541565,1.021639,-1.03142638,1.90610852,0.12268024,-0.73239967,0.93441807,0.12259118,1.0
2438950.5483150003,0.9810193,-1.03150127,1.90606913,0.12266325,-0.73236545,0.93441242,0.12257419,1.0
2438950.555107,1.001054,-1.03157663,1.9060295,0.12264615,-0.73233102,0.93440675,0.12255710000000003,1.0
2438950.561857,0.9603685,-1.03165151,1.90599011,0.12262917,-0.73229681,0.93440112,0.12254012,1.0
2438950.5683150003,0.981791,-1.03172316,1.90595243,0.12261291,-0.73226408,0.93439574,0.12252387,1.0
2438950.575066,0.9384244,-1.03179804,1.90591303,0.12259592,-0.73222987,0.93439013,0.12250688,1.0
2438950.581525,0.9593576,-1.0318697,1.90587534,0.12257967,-0.73219714,0.93438478,0.12249063,1.0
2438950.590316,0.9374644,-1.03196722,1.90582403,0.12255754,-0.73215259,0.9343775,0.12246851,1.0
2438950.596775,0.9513405,-1.03203887,1.90578632,0.12254129,-0.73211987,0.93437216,0.12245226,1.0
2438950.6039,0.9645287,-1.03211791,1.90574473,0.12252335,-0.73208377,0.93436629,0.12243433,1.0
2438950.610983,0.9680427,-1.03219648,1.90570338,0.12250552,-0.73204789,0.93436046,0.12241651,1.0
2448864.413773,1.011215,-2.10279653,0.80141001,-0.20325058,-1.17417536,0.4051696,-0.20326369,1.0
2448864.42333,1.00197,-2.10284814,0.80130625,-0.20327339,-1.17416513,0.40521648,-0.20328649,1.0
2448864.428316,0.9900587,-2.10287507,0.80125212,-0.20328529,-1.1741598,0.40524094,-0.20329839,1.0
2448864.434549,0.9992369,-2.10290872,0.80118445,-0.20330016,-1.17415314,0.40527151,-0.20331326,1.0
2448864.4387040003,0.9946573,-2.10293115,0.80113934,-0.20331008,-1.17414871,0.4052919,-0.20332317,1.0
2448864.447014,0.9846536,-2.10297602,0.8010491,-0.20332991,-1.17413986,0.40533268,-0.203343,1.0
2448864.451585,0.9910349,-2.1030007,0.80099947,-0.20334082,-1.17413499,0.40535511,-0.2033539,1.0
2448864.459895,0.9865044,-2.10304556,0.80090924,-0.20336065,-1.17412616,0.4053959,-0.20337373,1.0
2448864.466128,0.9974854,-2.10307921,0.80084157,-0.20337552,-1.17411955,0.4054265,-0.2033886,1.0
2448864.472777,1.00859,-2.10311509,0.80076937,-0.20339139,-1.17411251,0.40545914,-0.20340446,1.0
2448864.480672,1.000286,-2.1031577,0.80068365,-0.20341023,-1.17410415,0.4054979,-0.2034233,1.0
2448864.486489,1.015152,-2.1031891,0.80062049,-0.20342411,-1.17409801,0.40552647,-0.20343717,1.0
2448864.493138,1.013303,-2.10322498,0.80054829,-0.20343997,-1.17409099,0.40555912,-0.20345304,1.0
2448864.49937,1.00403,-2.1032586,0.80048062,-0.20345484,-1.17408442,0.40558973,-0.2034679,1.0
2448864.508512,1.012413,-2.10330793,0.80038135,-0.20347666,-1.1740748,0.40563465,-0.20348971,1.0
2448864.513083,1.013359,-2.10333259,0.80033172,-0.20348756,-1.1740700000000002,0.4056571,-0.20350062,1.0
2448864.518485,1.009648,-2.10336174,0.80027306,-0.20350045,-1.17406433,0.40568365,-0.2035135,1.0
2448864.523471,1.006876,-2.10338863,0.80021892,-0.20351235,-1.1740591,0.40570815,-0.2035254,1.0
2448864.529289,1.023725,-2.10342002,0.80015574,-0.20352623,-1.17405301,0.40573674,-0.20353927,1.0
2448864.560453,0.9545999,-2.1035881,0.79981732,-0.20360058,-1.17402049,0.40588996,-0.20361361,1.0
2448864.567517,0.9449962,-2.10362619,0.7997406,-0.20361743,-1.17401315,0.4059247,-0.20363046,1.0
2448864.574166,0.9398059,-2.10366204,0.79966839,-0.20363329,-1.17400624,0.4059574,-0.20364632,1.0
2448864.578321,0.9441551,-2.10368445,0.79962327,-0.20364321,-1.17400194,0.40597784,-0.20365623,1.0
2448864.588294,0.9573164,-2.10373821,0.79951496,-0.203667,-1.17399161,0.40602691,-0.20368001,1.0
2448864.594942,0.9653032,-2.10377405,0.79944276,-0.20368286,-1.17398474,0.40605962,-0.20369587,1.0
2448864.602006,0.9688854,-2.10381213,0.79936604,-0.20369971,-1.17397745,0.40609439,-0.20371272,1.0
2448864.606162,0.9662235,-2.10383453,0.79932091,-0.20370962,-1.17397317,0.40611484,-0.20372263,1.0
2448864.613641,0.9733898,-2.10387484,0.79923968,-0.20372746,-1.17396547,0.40615166,-0.20374047,1.0
2448864.621951,0.9860458,-2.10391964,0.79914942,-0.20374729,-1.17395692,0.40619258,-0.20376029,1.0
2448864.629846,0.996109,-2.10396218,0.79906367,-0.20376612,-1.17394882,0.40623145,-0.20377911,1.0
2448864.635248,1.000722,-2.10399129,0.79900499,-0.20377901,-1.17394328,0.40625805,-0.203792,1.0
2448864.641065,1.004433,-2.10402264,0.79894181,-0.20379288,-1.17393733,0.4062867,-0.20380587,1.0
2448864.646467,1.015611,-2.10405174,0.79888314,-0.20380577,-1.17393181,0.40631331,-0.20381875,1.0
2448864.653946,1.023144,-2.10409204,0.79880191,-0.20382361,-1.17392417,0.40635015,-0.20383659,1.0
2448864.659348,1.025046,-2.10412114,0.79874323,-0.20383649,-1.17391866,0.40637677,-0.20384947,1.0
2448864.665166,1.036456,-2.10415248,0.79868004,-0.20385037,-1.17391274,0.40640543,-0.20386334,1.0
2448864.671399,1.036474,-2.10418606,0.79861234,-0.20386524,-1.1739064,0.40643615,-0.20387821,1.0
2448864.678047,1.045121,-2.10422187,0.79854013,-0.20388109,-1.17389965,0.40646891,-0.20389406,1.0
2448864.683864,1.045139,-2.1042532000000005,0.79847694,-0.20389497,-1.17389374,0.40649758,-0.20390793,1.0
2448864.691344,1.042277,-2.10429348,0.79839569,-0.20391281,-1.17388617,0.40653446,-0.20392577,1.0
2448864.696746,1.037505,-2.10432257,0.79833701,-0.20392569,-1.1738806999999998,0.40656109,-0.20393865,1.0
2448864.704641,1.039441,-2.10436509,0.79825125,-0.20394452,-1.17387273,0.40660002,-0.20395747,1.0
2453547.3101330004,0.8883,-0.0881623,2.19752,0.302532,-0.0126508,1.18383,0.302561,1.0
2453547.3147130003,0.8957,-0.0882188,2.19752,0.302522,-0.01263,1.18383,0.302552,1.0
2453547.319153,0.9466,-0.0882735,2.19751,0.30251300000000003,-0.0126098,1.18383,0.302543,1.0
2453547.323483,0.931,-0.08832689999999999,2.1975,0.302504,-0.012590100000000002,1.18383,0.302534,1.0
2453547.336873,0.9686,-0.0884919,2.19749,0.302477,-0.0125292,1.18383,0.302506,1.0
2453547.344803,1.0041,-0.0885896,2.19748,0.30246100000000004,-0.0124931,1.18384,0.30249000000000004,1.0
2453547.349223,1.005,-0.0886441,2.19747,0.302452,-0.012473,1.18384,0.302481,1.0
2453547.3537330003,0.983,-0.08869969999999999,2.19747,0.302443,-0.0124525,1.18384,0.302472,1.0
2453547.358143,0.9976,-0.088754,2.19746,0.30243400000000004,-0.0124325,1.18384,0.30246300000000004,1.0
2453547.362593,1.0068,-0.0888089,2.19746,0.302425,-0.0124123,1.18384,0.302454,1.0
2453547.366983,0.9912,-0.088863,2.19745,0.302416,-0.012392299999999998,1.18384,0.302445,1.0
2453547.371363,1.0199,-0.088917,2.19745,0.30240700000000004,-0.0123724,1.18384,0.30243600000000004,1.0
2453547.3764130003,1.0133,-0.0889792,2.1974400000000003,0.302397,-0.0123494,1.18384,0.30242600000000003,1.0
2453547.380733,1.0456,-0.0890324,2.1974400000000003,0.302388,-0.012329799999999998,1.18384,0.302417,1.0
2453547.385143,1.0265,-0.08908680000000001,2.19743,0.302379,-0.012309700000000002,1.18384,0.302408,1.0
2453547.389603,1.0417,-0.08914180000000001,2.19743,0.30237,-0.0122895,1.18384,0.302399,1.0
2453547.394103,1.0312,-0.0891972,2.19742,0.30236,-0.012269,1.18384,0.30239,1.0
2453547.398713,1.0004,-0.089254,2.19742,0.30235100000000004,-0.0122481,1.18384,0.30238000000000004,1.0
2453547.403153,0.9686,-0.08930880000000001,2.19741,0.302342,-0.0122279,1.18384,0.302371,1.0
2453547.407943,0.9571,-0.0893678,2.1974,0.302332,-0.0122061,1.18384,0.302361,1.0
2453547.413763,0.9336,-0.0894395,2.1974,0.30232,-0.0121796,1.18384,0.302349,1.0
2453547.417473,0.944,-0.0894852,2.19739,0.302313,-0.012162799999999998,1.18384,0.302342,1.0
2453547.423653,0.8883,-0.08956139999999999,2.19739,0.3023,-0.0121347,1.18384,0.302329,1.0
2453547.430303,0.8965,-0.0896434,2.19738,0.302287,-0.0121045,1.18384,0.302316,1.0
2453547.435103,0.8737,-0.0897025,2.1973700000000003,0.302277,-0.0120826,1.18384,0.302306,1.0
2453547.440113,0.9073,-0.0897643,2.1973700000000003,0.302267,-0.012059899999999998,1.18384,0.302296,1.0
2453547.444543,0.9396,-0.0898189,2.19736,0.302257,-0.0120397,1.18384,0.302287,1.0
2453547.449143,0.9396,-0.08987560000000001,2.19736,0.302248,-0.0120188,1.18384,0.302277,1.0
2453547.4537130003,0.9642,-0.0899319,2.19735,0.302239,-0.0119981,1.18384,0.302268,1.0
2453547.4618430003,0.9921,-0.0900321,2.19734,0.302222,-0.0119611,1.18384,0.30225100000000005,1.0
2453547.466653,0.9866,-0.0900914,2.19733,0.302212,-0.011939299999999998,1.18384,0.302242,1.0
2453547.471143,0.9894,-0.0901467,2.19733,0.302203,-0.011918799999999998,1.18384,0.302232,1.0
2453547.475563,0.993,-0.0902012,2.19732,0.302194,-0.0118988,1.18384,0.302223,1.0
2453547.480393,0.9704,-0.0902607,2.19732,0.302184,-0.011876799999999998,1.18384,0.302213,1.0
2453547.487393,1.0022,-0.090347,2.19731,0.30217,-0.011845,1.18384,0.302199,1.0
2453547.494423,1.0152,-0.0904336,2.1973,0.302156,-0.0118131,1.18384,0.302185,1.0
2453547.499373,1.0078,-0.0904946,2.1973,0.302146,-0.0117906,1.18384,0.302175,1.0
2453547.505383,1.0059,-0.0905687,2.19729,0.302133,-0.0117633,1.18384,0.302162,1.0
2453547.514753,1.0427,-0.0906842,2.19728,0.302114,-0.0117207,1.18384,0.302143,1.0
2453547.5196330003,1.107,-0.0907443,2.19727,0.302104,-0.0116985,1.18384,0.302133,1.0
2453547.524103,1.1613,-0.0907994,2.19727,0.302095,-0.0116782,1.18384,0.302124,1.0
2453547.528653,1.1517,-0.0908555,2.19726,0.302086,-0.0116575,1.18384,0.302115,1.0
2453547.533093,1.0898,-0.0909102,2.19726,0.302077,-0.0116374,1.18385,0.302106,1.0
2453547.537883,1.0969,-0.0909692,2.19725,0.30206700000000003,-0.0116156,1.18385,0.30209600000000003,1.0
2453547.543273,1.0798,-0.0910356,2.1972400000000003,0.302056,-0.0115911,1.18385,0.302085,1.0
2453547.5480130003,1.0621,-0.0910941,2.1972400000000003,0.302046,-0.0115696,1.18385,0.302075,1.0
2453547.552503,1.0582,-0.0911494,2.19723,0.302037,-0.0115492,1.18385,0.302066,1.0
2453547.556903,1.0523,-0.0912036,2.19723,0.302028,-0.0115292,1.18385,0.302057,1.0
2453547.561253,1.0218,-0.0912572,2.19722,0.302019,-0.0115094,1.18385,0.302048,1.0
2453547.565603,1.0303,-0.0913108,2.19722,0.30201,-0.0114897,1.18385,0.302039,1.0
2453547.569923,0.9713,-0.0913641,2.19721,0.302002,-0.01147,1.18385,0.302031,1.0
2453547.574423,0.9259,-0.0914195,2.19721,0.301992,-0.0114496,1.18385,0.302021,1.0
2453547.578813,0.9233,-0.09147360000000003,2.1972,0.301983,-0.0114296,1.18385,0.30201300000000003,1.0
2453549.283406,1.035,-0.112477,2.19507,0.298491,-0.0037168,1.18432,0.298519,1.0
2453549.288886,1.0227,-0.112545,2.19507,0.29848,-0.00369211,1.18432,0.298508,1.0
2453549.293476,1.0611,-0.112601,2.19506,0.29847,-0.00367143,1.18433,0.298498,1.0
2453549.298216,1.0446,-0.11266,2.19505,0.29846,-0.00365008,1.18433,0.298489,1.0
2453549.303086,1.0255,-0.11272,2.19505,0.29845,-0.00362815,1.18433,0.298479,1.0
2453549.308156,1.0171,-0.112782,2.19504,0.29844,-0.00360531,1.18433,0.298468,1.0
2453549.312676,0.9958,-0.112838,2.19503,0.298431,-0.00358495,1.18434,0.29845900000000003,1.0
2453549.317116,0.9985,-0.112893,2.19503,0.298422,-0.00356495,1.18434,0.29845,1.0
2453549.329596,0.9812,-0.113046,2.19501,0.298396,-0.00350874,1.18434,0.298424,1.0
2453549.334896,0.9483,-0.113112,2.19501,0.298385,-0.00348488,1.18435,0.298413,1.0
2453549.340356,0.9225,-0.113179,2.195,0.298374,-0.00346029,1.18435,0.298402,1.0
2453549.347046,0.9319,-0.113261,2.19499,0.29836,-0.00343016,1.18435,0.298388,1.0
2453549.352546,0.9199,-0.113329,2.19498,0.298349,-0.00340539,1.18436,0.298377,1.0
2453549.357796,0.9362,-0.113394,2.19498,0.298338,-0.00338175,1.18436,0.298366,1.0
2453549.363376,0.9536,-0.113462,2.19497,0.29832600000000004,-0.00335662,1.18436,0.29835500000000004,1.0
2453549.368686,0.9749,-0.113528,2.19496,0.298316,-0.00333272,1.18436,0.298344,1.0
2453549.373856,0.9976,-0.113592,2.19495,0.29830500000000004,-0.00330944,1.18437,0.298333,1.0
2453549.379426,0.974,-0.11366,2.19495,0.298293,-0.00328436,1.18437,0.298322,1.0
2453549.384276,1.0124,-0.11372,2.1949400000000003,0.298283,-0.00326252,1.18437,0.298312,1.0
2453549.389846,1.0013,-0.11378900000000003,2.19493,0.298272,-0.00323745,1.18437,0.2983,1.0
2453549.395386,1.0709,-0.113857,2.19493,0.298261,-0.0032125,1.18438,0.298289,1.0
2453549.402046,1.068,-0.113939,2.19492,0.298247,-0.00318252,1.18438,0.298275,1.0
2453549.406946,0.9976,-0.113999,2.19491,0.298237,-0.00316046,1.18438,0.298265,1.0
2453549.411936,1.0562,-0.114061,2.1949,0.298227,-0.003138,1.18438,0.298255,1.0
2453549.416766,1.019,-0.11412,2.1949,0.298217,-0.00311626,1.18439,0.298245,1.0
2453549.421586,1.0523,-0.11418,2.19489,0.298207,-0.00309456,1.18439,0.298235,1.0
2453549.4264060003,1.0218,-0.114239,2.19489,0.298197,-0.00307287,1.18439,0.298225,1.0
2453549.431266,1.0398,-0.114299,2.19488,0.298187,-0.00305099,1.18439,0.298215,1.0
2453549.436166,1.0533,-0.114359,2.19487,0.298177,-0.00302894,1.1844,0.298205,1.0
2453549.4409060003,1.0543,-0.114418,2.19487,0.298167,-0.0030076,1.1844,0.298195,1.0
2453549.446276,1.0237,-0.114484,2.19486,0.298156,-0.00298343,1.1844,0.298184,1.0
2453549.451136,1.018,-0.114544,2.19485,0.298146,-0.00296156,1.1844,0.298174,1.0
2453549.456406,0.9958,-0.114608,2.19485,0.298135,-0.00293784,1.18441,0.298163,1.0
2453549.461226,0.9686,-0.114668,2.19484,0.298125,-0.00291615,1.18441,0.298153,1.0
2453549.467046,0.9344,-0.11474,2.19483,0.298113,-0.00288996,1.18441,0.298141,1.0
2453549.471976,0.9123,-0.1148,2.19483,0.298103,-0.00286778,1.18441,0.298131,1.0
2453549.478646,0.9344,-0.114882,2.19482,0.298089,-0.00283776,1.18442,0.298118,1.0
2453549.483076,0.9233,-0.11493699999999997,2.19481,0.29808,-0.00281783,1.18442,0.298108,1.0
2453549.487676,0.9422,-0.114994,2.19481,0.29807100000000003,-0.00279713,1.18442,0.298099,1.0
2453549.492556,1.0161,-0.115054,2.1948,0.298061,-0.00277517,1.18443,0.298089,1.0
2453549.497036,0.9976,-0.115109,2.19479,0.298051,-0.00275502,1.18443,0.29808,1.0
2453549.5017560003,1.0068,-0.115167,2.19479,0.29804200000000003,-0.00273378,1.18443,0.29807,1.0
2453549.506556,1.0303,-0.115226,2.19478,0.298032,-0.00271218,1.18443,0.29806,1.0
2453549.532246,0.9659,-0.115543,2.19475,0.297979,-0.00259661,1.18445,0.298007,1.0
2453549.5370360003,1.005,-0.115602,2.1947400000000004,0.297969,-0.00257507,1.18445,0.297997,1.0
2453549.541736,0.9958,-0.11566,2.19473,0.29796,-0.00255393,1.18445,0.29798800000000003,1.0
2453549.546216,1.0533,-0.115715,2.19473,0.29795,-0.00253377,1.18445,0.297978,1.0
2453549.556516,0.9866,-0.115842,2.19472,0.297929,-0.00248745,1.18446,0.297957,1.0
2453549.570316,1.0331,-0.116012,2.1947,0.297901,-0.00242538,1.18447,0.297929,1.0
2453549.575296,1.0601,-0.116073,2.19469,0.29789,-0.00240299,1.18447,0.297919,1.0
2454133.255534,0.8806867,-1.02651477,-2.74782002,-0.5506451,-1.6909971,-2.02019127,-0.55064427,1.0
2454133.260664,0.8457100000000001,-1.02647333,-2.74784498,-0.5506424,-1.69102222,-2.02027604,-0.55064157,1.0
2454133.264453,0.8503966000000001,-1.02644272,-2.74786341,-0.5506404,-1.69104078,-2.02033867,-0.55063957,1.0
2454133.2682330003,0.861433,-1.02641218,-2.7478818,-0.55063841,-1.69105929,-2.02040113,-0.55063758,1.0
2454133.272023,0.8590559999999999,-1.02638157,-2.74790024,-0.55063641,-1.69107784,-2.02046376,-0.55063558,1.0
2454133.275802,0.8622267,-1.02635103,-2.74791862,-0.55063442,-1.69109634,-2.02052623,-0.55063359,1.0
2454133.279592,0.8622267,-1.02632042,-2.74793706,-0.55063243,-1.69111489,-2.02058887,-0.5506316,1.0
2454133.2833720003,0.8702048000000001,-1.02628988,-2.74795544,-0.55063044,-1.69113338,-2.02065135,-0.55062961,1.0
2454133.287161,0.8937611999999999,-1.02625927,-2.74797388,-0.55062844,-1.69115192,-2.02071399,-0.55062761,1.0
2454133.290941,0.9061946,-1.02622873,-2.74799226,-0.55062645,-1.69117041,-2.02077647,-0.55062562,1.0
2454133.294731,0.9436728,-1.02619812,-2.74801069,-0.55062445,-1.69118894,-2.02083912,-0.55062362,1.0
2454133.29851,0.9656538,-1.02616758,-2.74802908,-0.55062246,-1.69120743,-2.02090161,-0.55062163,1.0
2454133.3023,0.9863283000000002,-1.02613697,-2.74804751,-0.55062046,-1.69122595,-2.02096427,-0.55061963,1.0
2454133.30608,1.003741,-1.02610643,-2.74806589,-0.55061847,-1.69124443,-2.02102676,-0.55061764,1.0
2454133.309859,1.027121,-1.0260759,-2.74808427,-0.55061648,-1.6912629,-2.02108925,-0.55061565,1.0
2454133.313649,1.04718,-1.02604528,-2.7481027,-0.55061448,-1.69128142,-2.02115192,-0.55061365,1.0
2454133.317429,1.059794,-1.02601475,-2.74812108,-0.55061249,-1.69129989,-2.02121442,-0.55061166,1.0
2454133.3212180003,1.07751,-1.02598413,-2.74813951,-0.5506105,-1.6913183999999997,-2.02127709,-0.55060966,1.0
2454133.324998,1.094514,-1.02595359,-2.74815789,-0.5506085000000001,-1.69133686,-2.02133959,-0.55060767,1.0
2454133.328788,1.099567,-1.02592298,-2.74817632,-0.55060651,-1.69135537,-2.02140227,-0.55060568,1.0
2454133.332567,1.095523,-1.02589244,-2.7481947,-0.55060452,-1.69137382,-2.02146478,-0.55060368,1.0
2454133.336357,1.108719,-1.02586182,-2.74821313,-0.55060252,-1.69139232,-2.02152746,-0.55060169,1.0
2454133.340137,1.075527,-1.02583128,-2.74823151,-0.55060053,-1.69141077,-2.02158998,-0.55059969,1.0
2454133.343926,1.065667,-1.02580067,-2.74824993,-0.55059853,-1.69142926,-2.02165266,-0.5505977,1.0
2454133.3477060003,1.02523,-1.02577013,-2.74826831,-0.55059654,-1.6914477,-2.02171519,-0.5505956999999999,1.0
2454133.351496,1.005591,-1.02573951,-2.74828674,-0.55059454,-1.69146619,-2.02177788,-0.55059371,1.0
2454133.355275,0.9854202,-1.02570897,-2.74830511,-0.55059254,-1.69148462,-2.02184041,-0.55059171,1.0
2454133.3590450003,0.9559199,-1.02567852,-2.74832344,-0.55059056,-1.69150303,-2.02190279,-0.55058973,1.0
2454133.362835,0.9078654,-1.0256478999999998,-2.74834187,-0.55058856,-1.69152154,-2.02196552,-0.55058773,1.0
2454133.366624,0.8855671,-1.02561728,-2.74836029,-0.55058656,-1.69154004,-2.02202825,-0.55058573,1.0
2454133.370404,0.8718093000000001,-1.02558675,-2.74837867,-0.55058457,-1.6915585,-2.02209081,-0.55058374,1.0
2454133.374194,0.8395014999999999,-1.02555613,-2.74839709,-0.55058257,-1.691577,-2.02215355,-0.55058174,1.0
2454133.383173,0.8646124,-1.02548358,-2.74844074,-0.55057784,-1.69162082,-2.02230221,-0.5505770000000001,1.0
2454133.386962,0.8694038000000001,-1.02545296,-2.74845916,-0.55057584,-1.69163931,-2.02236495,-0.550575,1.0
2454133.390742,0.8774482,-1.02542243,-2.74847753,-0.55057384,-1.69165775,-2.02242754,-0.55057301,1.0
2454133.394522,0.8962341,-1.02539189,-2.7484959,-0.55057185,-1.69167618,-2.02249012,-0.55057102,1.0
2454133.398311,0.9137376,-1.02536127,-2.74851432,-0.55056985,-1.69169466,-2.02255287,-0.55056902,1.0
2454133.403361,0.9264489,-1.02532047,-2.74853887,-0.55056719,-1.69171928,-2.02263649,-0.55056636,1.0
2454133.407141,0.9324413,-1.02528993,-2.74855724,-0.55056519,-1.6917377,-2.02269909,-0.55056436,1.0
2454133.41996,0.9745889,-1.02518636,-2.74861954,-0.55055843,-1.69180017,-2.0229114,-0.5505576,1.0
2454133.423739,0.996372,-1.02515582,-2.74863791,-0.55055644,-1.69181858,-2.02297401,-0.55055561,1.0
2454133.428789,1.02052,-1.02511502,-2.74866245,-0.55055377,-1.69184317,-2.02305765,-0.55055294,1.0
2454133.433828,1.022402,-1.0250743,-2.74868694,-0.55055112,-1.69186771,-2.02314114,-0.55055028,1.0
2454133.437618,1.040451,-1.02504368,-2.74870535,-0.55054912,-1.69188615,-2.02320392,-0.55054828,1.0
2454133.441398,1.063706,-1.02501314,-2.74872372,-0.55054712,-1.69190455,-2.02326654,-0.55054629,1.0
2454133.445187,1.079497,-1.02498252,-2.74874213,-0.55054512,-1.69192299,-2.02332933,-0.55054429,1.0
2454133.448967,1.098554,-1.02495198,-2.7487605,-0.55054313,-1.69194138,-2.02339195,-0.55054229,1.0
2454133.452757,1.134544,-1.02492135,-2.74877891,-0.55054113,-1.69195982,-2.02345475,-0.55054029,1.0
2454133.456536,1.138732,-1.02489081,-2.74879728,-0.55053913,-1.6919782,-2.02351738,-0.5505383,1.0
2454133.460316,1.164184,-1.02486027,-2.74881564,-0.55053714,-1.69199658,-2.02358001,-0.5505363,1.0
2454133.464106,1.184736,-1.02482965,-2.74883405,-0.55053514,-1.69201501,-2.02364281,-0.5505343,1.0
2454133.467885,1.181467,-1.02479911,-2.74885242,-0.55053314,-1.69203338,-2.02370545,-0.55053231,1.0
2454133.471675,1.184736,-1.02476849,-2.74887083,-0.55053114,-1.6920518,-2.02376826,-0.55053031,1.0
2454133.475455,1.195698,-1.02473795,-2.74888919,-0.55052915,-1.69207017,-2.0238309,-0.55052831,1.0
2454133.479244,1.1979030000000002,-1.02470732,-2.7489076,-0.55052715,-1.69208858,-2.02389372,-0.55052631,1.0
2454133.483024,1.180379,-1.02467678,-2.74892597,-0.55052515,-1.69210695,-2.02395637,-0.55052432,1.0
2454482.584727,1.0143209999999998,1.84827086,-2.66137777,-0.10194872,1.41379097,-1.77883425,-0.10195002,1.0
2454482.590554,1.005021,1.84831053,-2.66134917,-0.10193859,1.41373907,-1.77885032,-0.10193988,1.0
2454482.594908,0.9976433,1.84834017,-2.66132781,-0.10193102,1.41370029,-1.77886233,-0.10193231,1.0
2454482.599329,0.9967249,1.84837027,-2.66130611,-0.10192333,1.41366091,-1.77887453,-0.10192463,1.0
2454482.605237,0.9749341,1.84841049,-2.66127712,-0.10191306,1.4136083000000002,-1.77889084,-0.10191435,1.0
2454482.611051,0.971349,1.84845008,-2.66124859,-0.10190295,1.41355652,-1.77890689,-0.10190425,1.0
2454482.615399,0.9668861,1.84847968,-2.66122725,-0.10189539,1.41351781,-1.77891891,-0.10189669,1.0
2454482.619751,0.9571395,1.8485093,-2.66120589,-0.10188782,1.41347906,-1.77893094,-0.10188912,1.0
2454482.625589,0.9553782,1.84854904,-2.66117724,-0.10187767,1.41342709,-1.77894708,-0.10187897,1.0
2454482.629925,0.9704548,1.84857856,-2.66115596,-0.10187013,1.41338849,-1.77895908,-0.10187143,1.0
2454482.634281,0.9731399,1.84860821,-2.66113458,-0.10186256,1.41334971,-1.77897114,-0.10186386,1.0
2454482.638675,0.9731399,1.84863813,-2.66111301,-0.10185492,1.4133106000000002,-1.77898331,-0.10185622,1.0
2454482.6430200003,0.9731399,1.8486677,-2.66109168,-0.10184737,1.41327192,-1.77899534,-0.10184866,1.0
2454482.647357,0.9794342,1.84869723,-2.6610704,-0.10183983,1.41323332,-1.77900736,-0.10184112,1.0
2454482.6517740004,0.9948905,1.8487273,-2.66104871,-0.10183215,1.41319401,-1.77901961,-0.10183344,1.0
2454482.657649,1.008731,1.84876729,-2.66101987,-0.10182193,1.41314173,-1.7790359,-0.10182323,1.0
2454482.662047,1.011522,1.84879723,-2.66099829,-0.10181428,1.41310259,-1.77904811,-0.10181558,1.0
2454482.784936,1.030328,1.84963361,-2.66039487,-0.10160062,1.41200999,-1.77939108,-0.1016019,1.0
2454482.789293,1.023706,1.84966326,-2.66037347,-0.10159304,1.41197129,-1.77940331,-0.10159433,1.0
2454482.796488,1.018064,1.84971222,-2.66033813,-0.10158053,1.41190737,-1.77942352,-0.10158182,1.0
2454482.8007400003,1.019941,1.84974116,-2.66031725,-0.10157314,1.41186961,-1.77943547,-0.10157442,1.0
2454482.805007,1.019941,1.84977019,-2.66029629,-0.10156572,1.41183171,-1.77944746,-0.101567,1.0
2454482.810718,1.016191,1.84980905,-2.66026823,-0.10155579,1.41178099,-1.77946352,-0.10155707,1.0
2454482.814987,1.020881,1.8498381,-2.66024726,-0.10154836,1.41174308,-1.77947553,-0.10154965,1.0
2454482.853497,1.045623,1.85010013,-2.66005807,-0.1014814,1.4114011999999998,-1.77958408,-0.10148269,1.0
2454482.859174,1.039861,1.85013876,-2.66003018,-0.10147153,1.41135082,-1.77960011,-0.10147282,1.0
2454482.8634450003,1.0465870000000002,1.85016782,-2.66000919,-0.1014641,1.41131291,-1.77961218,-0.10146539,1.0
2454482.869124,1.029379,1.85020646,-2.65998129,-0.10145423,1.41126252,-1.77962823,-0.10145551,1.0
2454482.873387,1.025594,1.85023546,-2.65996034,-0.10144682,1.41122469,-1.77964029,-0.1014481,1.0
2454482.8776720003,1.020881,1.85026462,-2.65993928,-0.10143937,1.41118667,-1.77965241,-0.10144065,1.0
2454482.881935,1.020881,1.85029361,-2.65991834,-0.10143195,1.41114886,-1.77966447,-0.10143324,1.0
2454482.886175,0.9967249,1.85032246,-2.65989751,-0.10142458,1.41111124,-1.77967648,-0.10142586,1.0
2454482.890475,1.000404,1.85035172,-2.65987638,-0.1014171,1.41107309,-1.77968866,-0.10141839,1.0
2454482.89478,0.9686687,1.85038101,-2.65985522,-0.10140962,1.4110348999999998,-1.77970085,-0.1014109,1.0
2454482.899034,0.9740366,1.85040995,-2.65983431,-0.10140222,1.41099717,-1.77971291,-0.1014035,1.0
2454482.903307,0.9812401,1.85043902,-2.65981331,-0.10139479,1.41095927,-1.77972503,-0.10139607,1.0
2454482.907562,0.9749341,1.85046797,-2.6597924,-0.10138739,1.41092153,-1.7797371,-0.10138867,1.0
2454482.913223,0.9571395,1.85050648,-2.65976458,-0.10137755,1.41087132,-1.77975316,-0.10137883,1.0
2454482.917514,0.9580216,1.85053567,-2.65974349,-0.10137009,1.41083327,-1.77976535,-0.10137137,1.0
2454482.924653,0.9492384,1.85058424,-2.6597084,-0.10135767,1.41076997,-1.77978562,-0.10135895,1.0
2454482.928918,0.9562584,1.85061325,-2.65968744,-0.10135025,1.41073215,-1.77979775,-0.10135154,1.0
2454482.933156,0.9704548,1.85064207,-2.65966662,-0.10134289,1.41069458,-1.77980979,-0.10134417,1.0
2454482.937392,0.9803367,1.85067089,-2.6596458,-0.10133552,1.41065703,-1.77982184,-0.1013368,1.0
2454482.941652,0.9606724,1.85069987,-2.65962486,-0.10132811,1.41061926,-1.77983396,-0.10132939,1.0
2454482.945889,0.9758324,1.85072869,-2.65960403,-0.10132074,1.4105816999999998,-1.77984602,-0.10132202,1.0
2454482.950151,0.9948905,1.85075769,-2.65958308,-0.10131333,1.41054392,-1.77985815,-0.10131461,1.0
2454482.955867,0.9921453,1.85079657,-2.65955498,-0.10130339,1.41049326,-1.77987444,-0.10130467,1.0
2454482.960105,1.002248,1.8508254,-2.65953415,-0.10129602,1.4104557,-1.77988651,-0.1012973,1.0
2454482.9643880003,1.011522,1.85085453,-2.6595131000000003,-0.10128858,1.41041774,-1.77989872,-0.10128985,1.0
2454482.968642,1.023706,1.85088347,-2.65949218,-0.10128118,1.41038004,-1.77991086,-0.10128246,1.0
2454482.972941,1.022764,1.85091271,-2.65947105,-0.1012737,1.41034195,-1.77992312,-0.10127498,1.0
2454482.978625,1.020881,1.85095137,-2.65944311,-0.10126382,1.41029158,-1.77993934,-0.1012651,1.0
2454482.98292,1.022764,1.85098058,-2.65942199,-0.10125635,1.41025354,-1.7799516,-0.10125763,1.0
2454482.987225,1.018064,1.85100986,-2.65940083,-0.10124886,1.4102153999999998,-1.7799638999999998,-0.10125014,1.0
2454482.991502,1.023706,1.85103896,-2.6593798,-0.10124143,1.41017751,-1.77997612,-0.1012427,1.0
2454482.995786,1.035083,1.8510681,-2.65935874,-0.10123398,1.41013956,-1.77998837,-0.10123525,1.0
2454483.000079,1.036037,1.85109729,-2.65933763,-0.10122651,1.41010153,-1.78000065,-0.10122779,1.0
2454483.004391,1.028431,1.85112662,-2.65931643,-0.10121901,1.41006333,-1.78001298,-0.10122029,1.0
2454490.547509,0.9180594,1.90197041,-2.62157388,-0.08807786,1.3470271,-1.80853099,-0.08807874,1.0
2454490.556882,0.9604412,1.90203301,-2.62152617,-0.0880615,1.34695388,-1.80857481,-0.08806238,1.0
2454490.566061,0.9463914,1.90209431,-2.62147945,-0.08804548,1.34688219,-1.80861774,-0.08804636,1.0
2454490.573508,0.9684357,1.90214404,-2.62144154,-0.08803249,1.34682403,-1.80865259,-0.08803336,1.0
2454490.581836,0.9746996,1.90219965,-2.62139914,-0.08801795,1.346759,-1.80869157,-0.08801883,1.0
2454490.589273,0.9946511,1.90224931,-2.62136129,-0.08800497,1.34670094,-1.8087264,-0.08800585,1.0
2454490.597606,0.9955677,1.90230496,-2.62131886,-0.08799043,1.3466359,-1.80876543,-0.0879913,1.0
2454490.6050130003,1.00293,1.90235442,-2.62128115,-0.0879775,1.34657809,-1.80880014,-0.08797838,1.0
2454490.6124360003,1.015946,1.90240398,-2.62124336,-0.08796455,1.34652017,-1.80883494,-0.08796542,1.0
2454490.620814,1.022518,1.90245993,-2.62120071,-0.08794993,1.3464548,-1.80887423,-0.08795080000000001,1.0
2454490.628202,1.026292,1.90250926,-2.62116309,-0.08793703,1.34639717,-1.80890889,-0.08793791,1.0
2454490.636667,1.034834,1.90256577,-2.62111999,-0.08792226,1.34633115,-1.80894862,-0.08792313,1.0
2454490.645079,1.035788,1.90262194,-2.62107716,-0.08790758,1.34626555,-1.80898811,-0.08790845,1.0
2454490.653394,1.018757,1.90267745,-2.62103482,-0.08789307,1.34620072,-1.80902717,-0.08789394,1.0
2454490.6608450003,1.006632,1.9027272,-2.62099687,-0.08788007,1.34614264,-1.80906218,-0.08788094,1.0
2454490.669259,1.000163,1.90278338,-2.62095403,-0.08786538,1.34607705,-1.80910174,-0.08786625,1.0
2454490.676649,0.9992423,1.90283272,-2.62091639,-0.08785248,1.34601946,-1.80913649,-0.08785335,1.0
2454490.684928,0.9909935,1.90288799,-2.62087423,-0.08783803,1.34595495,-1.80917544,-0.08783889999999997,1.0
2454490.692346,0.9882591,1.90293751,-2.62083645,-0.08782509,1.34589716,-1.80921035,-0.08782596,1.0
2454490.700659,0.9738023,1.90299301,-2.62079411,-0.08781058,1.3458324,-1.80924949,-0.08781145,1.0
2454490.708089,0.9882591,1.90304261,-2.62075626,-0.08779761,1.34577453,-1.80928448,-0.08779848,1.0
2454490.716308,0.9919066,1.90309748,-2.6207144,-0.08778327,1.34571053,-1.8093232,-0.08778413,1.0
2454490.732044,1.003855,1.90320252,-2.62063424,-0.0877558,1.34558802,-1.80939739,-0.08775667,1.0
2454490.739334,1.013143,1.90325118,-2.62059711,-0.08774308,1.34553128,-1.80943178,-0.08774395,1.0
2454490.748519,1.018757,1.90331249,-2.62055032,-0.08772705,1.3454598,-1.80947512,-0.08772791,1.0
2454490.755827,1.0178200000000002,1.90336128,-2.62051308,-0.08771429,1.34540294,-1.80950962,-0.08771516,1.0
2454490.764983,1.026292,1.90342239,-2.62046644,-0.08769831,1.34533171,-1.80955286,-0.08769918,1.0
2454490.772279,1.0084879999999998,1.90347109,-2.62042927,-0.08768558,1.34527496,-1.80958733,-0.08768644,1.0
2454490.779568,1.00293,1.90351974,-2.62039213,-0.08767286,1.34521827,-1.80962178,-0.08767372,1.0
2454490.789771,0.9882591,1.90358784,-2.62034014,-0.08765505,1.34513893,-1.80967002,-0.08765591,1.0
2454490.797941,0.9630987,1.90364237,-2.62029851,-0.08764079,1.34507542,-1.80970867,-0.08764165,1.0
2454490.809345,0.9577911,1.90371848,-2.6202404,-0.08762089,1.34498678,-1.80976264,-0.08762175,1.0
2454490.8258060003,0.9525127,1.90382833,-2.62015652,-0.08759216,1.34485887,-1.80984059,-0.08759302,1.0
2454490.843371,0.9577911,1.90394556,-2.620067,-0.0875615,1.34472243,-1.80992384,-0.08756236,1.0
2454490.859859,0.9801009,1.90405559,-2.61998297,-0.08753272,1.34459439,-1.81000205,-0.08753358,1.0
2454490.870052,0.9764968,1.90412361,-2.61993101,-0.08751493,1.34451526,-1.81005043,-0.08751579,1.0
2454490.877341,0.9983224,1.90417225,-2.61989386,-0.08750221,1.34445869,-1.81008505,-0.08750307,1.0
2454490.885412,0.9992423,1.9042261000000005,-2.61985272,-0.08748812,1.34439605,-1.81012339,-0.08748898,1.0
2454490.892684,0.9992423,1.90427463,-2.61981565,-0.08747543,1.34433962,-1.81015794,-0.08747629,1.0
2454490.900797,1.010348,1.90432876,-2.61977429,-0.08746127,1.34427668,-1.81019651,-0.08746213,1.0
2454490.909179,1.0244030000000002,1.90438469,-2.61973156,-0.08744664,1.34421166,-1.81023637,-0.08744749,1.0
2454490.917362,1.037698,1.90443929,-2.61968984,-0.08743235,1.3441482,-1.8102753,-0.08743321,1.0
2454490.924647,1.037698,1.9044879,-2.6196527,-0.08741964,1.34409171,-1.81030998,-0.0874205,1.0
2454490.933851,1.044409,1.90454931,-2.61960577,-0.08740357,1.34402035,-1.8103538,-0.08740443,1.0
2454490.941142,1.037698,1.90459795,-2.6195686,-0.08739085,1.34396383,-1.81038853,-0.08739169999999999,1.0
2454490.949043,1.0272370000000002,1.90465067,-2.61952831,-0.08737706,1.34390259,-1.81042617,-0.08737791,1.0
2454490.9563450003,1.010348,1.90469938,-2.61949108,-0.08736431,1.34384601,-1.81046098,-0.08736517,1.0
2454490.964313,1.001085,1.90475254,-2.61945045,-0.0873504,1.34378427,-1.81049897,-0.08735126,1.0
2454490.971596,1.006632,1.90480113,-2.61941331,-0.08733769,1.34372785,-1.81053371,-0.08733854,1.0
2454490.979724,0.9928206,1.90485535,-2.61937186,-0.0873235,1.34366489,-1.8105725,-0.08732436,1.0
2454918.903816,0.9153114,2.4712071,0.91524305,0.50665086,1.48205165,0.78114979,0.50665439,1.0
2454918.906478,0.940955,2.47119208,0.91526677,0.50665199,1.48204204,0.78112795,0.50665552,1.0
2454918.9205400003,1.0175809999999998,2.47111276,0.91539207,0.50665796,1.48199132,0.78101261,0.50666149,1.0
2454918.934708,1.070456,2.47103285,0.9155183,0.50666397,1.48194027,0.7808964,0.50666751,1.0
2454918.93737,1.068486,2.47101783,0.91554202,0.5066651,1.48193068,0.78087457,0.50666864,1.0
2454918.95148,1.071442,2.47093823,0.91566773,0.50667108,1.4818798999999998,0.78075885,0.50667462,1.0
2454918.965912,1.082353,2.4708568,0.91579632,0.5066771999999999,1.48182802,0.78064049,0.50668074,1.0
2454918.968713,1.08335,2.47084099,0.91582127,0.50667839,1.48181795,0.78061752,0.50668193,1.0
2454918.982835,1.040325,2.47076131,0.91594709,0.50668438,1.48176724,0.78050171,0.50668792,1.0
2454918.997094,0.975369,2.47068084,0.91607413,0.50669042,1.48171609,0.78038478,0.50669397,1.0
2454919.00008,0.9566851,2.47066399,0.91610073,0.50669169,1.48170538,0.78036029,0.50669523,1.0
2454919.014549,0.9186899,2.47058233,0.91622963,0.50669782,1.48165355,0.78024165,0.50670137,1.0
2454919.029214,0.9306127,2.47049955,0.91636027,0.50670403,1.48160106,0.78012141,0.50670758,1.0
2454919.032027,0.9263368,2.47048367,0.91638533,0.50670523,1.481591,0.78009835,0.50670877,1.0
2454919.046344,0.9496617,2.47040285,0.91651288,0.50671129,1.48153982,0.77998096,0.50671484,1.0
2454919.060558,0.9593321,2.47032261,0.9166395,0.50671731,1.48148906,0.77986442,0.50672085,1.0
2454919.063382,0.9637598,2.47030666,0.91666465,0.5067185000000001,1.48147898,0.77984127,0.50672205,1.0
2454919.07756,0.9664264,2.4702266,0.91679096,0.5067245,1.48142841,0.77972503,0.50672805,1.0
2454919.0859060003,0.9871178,2.47017948,0.9168653,0.50672804,1.48139867,0.77965662,0.50673158,1.0
2454919.088742,0.9916737,2.47016346,0.91689056,0.50672924,1.48138857,0.77963337,0.50673279,1.0
2454919.092098,1.0063959999999998,2.47014451,0.91692045,0.50673066,1.48137662,0.77960586,0.50673421,1.0
2454919.095478,1.011973,2.47012542,0.91695056,0.50673209,1.48136458,0.77957815,0.50673564,1.0
2454919.098232,1.021336,2.47010987,0.9169751,0.50673325,1.48135478,0.77955557,0.5067368,1.0
2454919.101566,1.0326879999999998,2.47009104,0.91700479,0.50673466,1.48134291,0.77952824,0.50673821,1.0
2454919.112539,1.06162,2.47002907,0.91710253,0.5067393,1.48130388,0.7794383,0.50674285,1.0
2454919.115293,1.064557,2.47001352,0.91712706,0.50674047,1.48129409,0.77941572,0.50674402,1.0
2454919.130618,1.0694709999999998,2.46992695,0.91726357,0.50674695,1.48123964,0.7792901,0.5067505,1.0
2454919.142922,1.02322,2.46985745,0.91737316,0.50675215,1.48119596,0.77918926,0.5067557,1.0
2454919.145781,1.002695,2.4698413,0.91739863,0.50675336,1.48118582,0.77916583,0.50675691,1.0
2454919.157714,0.9220805,2.46977389,0.91750492,0.5067583999999999,1.48114351,0.77906802,0.50676196,1.0
2454919.169694,0.8725068000000001,2.4697062,0.91761161,0.50676346,1.48110107,0.77896984,0.50676702,1.0
2454919.172506,0.874921,2.46969031,0.91763666,0.50676465,1.48109111,0.77894679,0.50676821,1.0
2454919.184416,0.8870925,2.46962302,0.91774274,0.50676968,1.48104896,0.77884918,0.50677324,1.0
2454919.196581,0.9349081,2.46955428,0.91785108,0.50677482,1.48100595,0.7787495,0.50677838,1.0
2454919.19944,0.9505365,2.46953812,0.91787654,0.50677603,1.48099584,0.77872607,0.50677959,1.0
2454919.211373,1.004544,2.46947068,0.91798282,0.50678107,1.48095369,0.77862828,0.50678462,1.0
2454919.223631,1.042243,2.4694014,0.91809199,0.50678624,1.48091044,0.77852784,0.5067898000000001,1.0
2454919.2264900003,1.05869,2.46938524,0.91811745,0.50678745,1.48090035,0.77850441,0.50679101,1.0
2454919.252035,1.104508,2.46924084,0.91834494,0.50679823,1.48081035,0.77829511,0.50680179,1.0
2454919.263759,1.085348,2.46917456,0.91844935,0.50680317,1.4807691,0.77819905,0.50680673,1.0
2454919.266769,1.081357,2.46915755,0.91847615,0.50680444,1.48075852,0.77817439,0.506808,1.0
2454919.278587,1.053826,2.46909073,0.9185814,0.50680942,1.48071698,0.77807757,0.50681299,1.0
2454919.290415,0.9664264,2.46902384,0.91868673,0.50681441,1.48067544,0.77798067,0.50681798,1.0
2454919.924444,0.9446822,2.46543104,0.92432984,0.50708013,1.47850129,0.77279238,0.50708374,1.0
2454919.932488,0.9711489,2.46538536,0.9244014000000002,0.50708348,1.47847436,0.77272663,0.50708709,1.0
2454919.937442,0.9657968,2.46535722,0.92444547,0.50708554,1.47845779,0.77268614,0.50708916,1.0
2454919.942686,0.9640195,2.46532744,0.92449212,0.50708773,1.47844025,0.77264328,0.50709134,1.0
2454919.9505330003,0.9792324,2.46528288,0.92456192,0.50709099,1.47841403,0.77257915,0.50709461,1.0
2454919.955764,0.9828466,2.46525317,0.92460846,0.50709317,1.47839655,0.77253639,0.50709679,1.0
2454919.960487,0.9946855,2.46522634,0.92465047,0.50709514,1.47838078,0.77249779,0.50709876,1.0
2454919.965174,0.9882933,2.46519971,0.92469216,0.50709709,1.47836513,0.77245949,0.50710071,1.0
2454919.969828,1.015046,2.46517328,0.92473356,0.50709903,1.4783496,0.77242146,0.50710265,1.0
2454919.975187,1.026327,2.46514284,0.92478123,0.50710126,1.47833173,0.77237767,0.50710488,1.0
2454919.980522,1.051201,2.46511253,0.92482868,0.50710348,1.47831394,0.77233407,0.5071071,1.0
2454919.985557,1.043484,2.46508393,0.92487347,0.50710557,1.47829715,0.77229292,0.50710919,1.0
2454919.9903720003,1.055081,2.46505657,0.9249163,0.50710758,1.47828111,0.77225357,0.5071112,1.0
2454919.995279,1.091656,2.4650287,0.92495995,0.50710962,1.47826477,0.77221347,0.50711324,1.0
2454920.000234,1.088644,2.46500055,0.92500402,0.50711168,1.47824827,0.77217299,0.5071153,1.0
2454920.005454,1.104805,2.46497089,0.92505045,0.50711385,1.4782309,0.77213034,0.50711747,1.0
2454920.0104650003,1.06779,2.46494242,0.92509503,0.50711594,1.47821423,0.77208939,0.50711956,1.0
2454920.015384,1.075687,2.46491447,0.92513878,0.50711798,1.47819787,0.7720491999999999,0.50712161,1.0
2454920.020234,1.022553,2.46488691,0.92518192,0.50712,1.47818175,0.77200957,0.50712362,1.0
2454920.025652,1.010383,2.46485613,0.9252301,0.50712225,1.47816375,0.7719653000000001,0.50712588,1.0
2454920.030524,0.9472961,2.46482844,0.92527344,0.50712428,1.47814756,0.7719255,0.5071279000000001,1.0
2454920.041288,0.908,2.46476727,0.92536918,0.50712875,1.47811183,0.77183755,0.50713238,1.0
2454920.0469830004,0.8930706,2.4647349,0.92541983,0.50713112,1.47809294,0.77179102,0.50713475,1.0
2454920.051937,0.8897864999999999,2.46470675,0.92546389,0.50713318,1.47807651,0.77175056,0.50713681,1.0
2454920.058199,0.8930706,2.46467116,0.92551959,0.50713578,1.47805576,0.7716994,0.50713941,1.0
2454920.063442,0.9021645,2.46464136,0.92556622,0.50713796,1.47803838,0.77165656,0.50714159,1.0
2454920.068326,0.9257331,2.46461359,0.92560966,0.50713999,1.47802221,0.77161666,0.50714362,1.0
2454920.073592,0.9377472,2.46458366,0.92565649,0.50714218,1.47800477,0.77157364,0.50714581,1.0
2454920.078466,0.9711489,2.46455596,0.92569984,0.5071442,1.47798865,0.77153383,0.50714783,1.0
2454920.083235,0.9983568000000002,2.46452885,0.92574225,0.50714618,1.47797287,0.77149488,0.50714981,1.0
2454920.088084,1.023495,2.46450128,0.92578538,0.5071482,1.47795683,0.77145527,0.50715183,1.0
2454920.093061,1.046371,2.46447299,0.92582964,0.50715027,1.47794038,0.77141461,0.50715389,1.0
2454920.110469,1.110928,2.46437402,0.92598445,0.50715749,1.47788289,0.77127242,0.50716112,1.0
2454920.123745,1.101757,2.46429853,0.92610252,0.50716301,1.47783909,0.77116399,0.50716664,1.0
2454920.137392,1.096695,2.46422093,0.92622388,0.50716867,1.47779412,0.77105253,0.5071723,1.0
2454920.151003,1.074696,2.46414352,0.92634493,0.50717432,1.47774932,0.77094137,0.50717795,1.0
2454920.164696,1.028219,2.46406565,0.92646669,0.50718,1.47770429,0.77082956,0.50718363,1.0
2454920.178203,0.9368838,2.46398882,0.9265868,0.5071856,1.47765992,0.77071926,0.50718923,1.0
2454920.191838,0.9525457,2.46391126,0.92670804,0.50719125,1.47761518,0.77060793,0.50719489,1.0
2454920.208192,0.9560615,2.46381822,0.92685347,0.50719803,1.47756157,0.77047439,0.50720167,1.0
2454920.222325,0.9738359,2.46373781,0.92697913,0.50720389,1.47751531,0.77035901,0.50720752,1.0
2454920.237094,0.9792324,2.46365377,0.92711046,0.50721,1.47746701,0.77023843,0.50721364,1.0
2454920.250486,0.9910278,2.46357756,0.92722952,0.50721555,1.47742327,0.77012911,0.50721919,1.0
2454920.283265,1.059951,2.463391,0.92752096,0.50722912,1.47731639,0.76986154,0.50723276,1.0
2454926.879698,1.065955,2.42501846,0.98585246,0.50978823,1.4613332,0.71696237,0.5097924,1.0
2454926.88133,1.061058,2.42500876,0.98586681,0.50978882,1.4613306,0.71694957,0.50979299,1.0
2454926.88339,1.064974,2.42499652,0.98588492,0.50978957,1.4613273,0.71693342,0.50979374,1.0
2454926.884802,1.063014,2.42498813,0.98589734,0.50979008,1.46132505,0.71692234,0.50979425,1.0
2454926.886897,1.047464,2.42497568,0.98591576,0.50979084,1.4613216999999998,0.71690591,0.509795,1.0
2454926.888297,1.043612,2.42496736,0.98592807,0.50979134,1.46131947,0.71689493,0.50979551,1.0
2454926.890381,1.027399,2.42495497,0.9859464,0.5097921,1.46131614,0.71687859,0.50979627,1.0
2454926.891827,1.028345,2.42494638,0.98595911,0.50979262,1.46131384,0.71686725,0.50979679,1.0
2454926.902002,0.9570597,2.42488592,0.98604858,0.5097963,1.46129762,0.71678746,0.50980047,1.0
2454926.903321,0.9474124,2.42487808,0.98606017,0.50979678,1.46129552,0.71677712,0.50980095,1.0
2454926.913912,0.9369989,2.42481514,0.9861533,0.50980061,1.46127866,0.71669407,0.50980478,1.0
2454926.915451,0.9258465,2.42480599,0.98616684,0.50980117,1.46127622,0.71668201,0.50980534,1.0
2454926.934328,0.9474124,2.42469379,0.98633282,0.50980799,1.46124625,0.71653401,0.50981216,1.0
2454926.935717,0.9447982,2.42468553,0.98634503,0.50980849,1.46124405,0.71652312,0.50981267,1.0
2454926.9539240003,0.96325,2.42457731,0.98650511,0.50981507,1.46121524,0.7163804,0.50981925,1.0
2454926.955313,0.9694804,2.42456905,0.98651732,0.50981558,1.46121305,0.71636951,0.50981975,1.0
2454926.972709,0.965026,2.42446562,0.98667027,0.50982186,1.4611856,0.71623317,0.50982603,1.0
2454926.973959,0.9659153,2.42445819,0.98668126,0.50982231,1.46118363,0.71622337,0.50982649,1.0
2454926.997548,1.014236,2.42431793,0.98688865,0.50983083,1.46114655,0.71603853,0.50983501,1.0
2454926.9989830004,1.003088,2.4243094,0.98690127,0.50983135,1.4611443000000002,0.71602729,0.50983552,1.0
2454927.017398,1.052299,2.42419989,0.98706315,0.50983799,1.46111545,0.71588301,0.50984217,1.0
2454927.018729,1.063994,2.42419198,0.98707486,0.50983847,1.46111337,0.71587259,0.50984265,1.0
2454927.036299,1.048429,2.42408748,0.98722932,0.50984481,1.46108592,0.71573495,0.50984899,1.0
2454927.037665,1.041691,2.42407935,0.98724133,0.5098453,1.46108379,0.71572425,0.50984948,1.0
2454927.0552580003,0.9404572,2.42397471,0.98739598,0.50985165,1.4610564,0.71558646,0.50985583,1.0
2454927.056601,0.9232918,2.42396672,0.98740779,0.50985213,1.46105431,0.71557595,0.50985631,1.0
2454927.074054,0.8624603000000001,2.42386289,0.98756121,0.50985842,1.46102721,0.71543927,0.50986261,1.0
2454927.075397,0.8817369,2.4238549,0.98757302,0.50985891,1.46102513,0.71542875,0.50986309,1.0
2454927.093245,0.9156702,2.42374871,0.9877299,0.50986534,1.4609975,0.71528901,0.50986952,1.0
2454927.0945650004,0.9318351,2.42374086,0.9877415,0.50986581,1.46099546,0.71527868,0.5098699999999999,1.0
2454927.1116830003,1.01798,2.423639,0.98789197,0.50987198,1.46096904,0.71514466,0.50987616,1.0
2454927.113014,1.01798,2.42363108,0.98790367,0.50987246,1.46096699,0.71513425,0.50987664,1.0
2454927.130525,1.080784,2.42352686,0.98805759,0.50987876,1.46094005,0.71499718,0.50988295,1.0
2454927.131857,1.084773,2.42351894,0.98806929,0.50987924,1.4609379999999998,0.71498676,0.50988343,1.0
2454927.150006,1.109019,2.42341092,0.98822881,0.50988577,1.46091016,0.71484472,0.50988996,1.0
2454927.151348,1.112088,2.42340293,0.98824061,0.50988625,1.46090811,0.71483422,0.50989044,1.0
2454927.168802,1.094811,2.42329903,0.98839402,0.50989253,1.46088142,0.71469764,0.50989672,1.0
2454927.17018,1.085773,2.42329083,0.98840612,0.50989303,1.46087931,0.71468687,0.50989722,1.0
2454927.187645,1.009576,2.42318686,0.98855962,0.50989931,1.46085269,0.71455023,0.5099035,1.0
2454927.189011,0.9993993,2.42317873,0.98857162,0.5098998,1.46085061,0.71453954,0.50990399,1.0
2454927.206997,0.9344134,2.42307163,0.9887296999999998,0.50990626,1.46082327,0.71439884,0.50991045,1.0
2454927.208445,0.9404572,2.42306302,0.98874241,0.50990678,1.46082108,0.71438753,0.50991097,1.0
2454927.226003,0.9430595,2.42295846,0.98889672,0.50991309,1.46079447,0.7142502,0.50991728,1.0
2454927.227334,0.9535401,2.42295054,0.98890842,0.50991357,1.46079246,0.71423979,0.50991776,1.0
2454927.244915,0.9730585,2.42284583,0.98906292,0.50991988,1.4607659,0.71410231,0.50992408,1.0
2454927.2462580004,0.9748527,2.42283783,0.98907472,0.50992036,1.46076388,0.71409181,0.50992456,1.0
2454927.263863,0.9748527,2.42273298,0.98922942,0.50992668,1.46073737,0.71395417,0.50993088,1.0
2454927.265194,0.9820624,2.42272505,0.98924112,0.50992716,1.46073537,0.71394376,0.50993136,1.0
2454927.282867,1.005864,2.42261977,0.98939642,0.5099335,1.46070884,0.7138055999999999,0.5099377,1.0
2454927.284245,1.017042,2.42261156,0.98940853,0.50993399,1.46070677,0.71379483,0.50993819,1.0
2454927.29413,1.050362,2.42255268,0.98949538,0.50993754,1.46069197,0.71371757,0.50994174,1.0
2454927.2954490003,1.034044,2.42254482,0.98950698,0.50993801,1.46069,0.71370726,0.50994221,1.0
2454957.842221,1.0000870000000002,2.22295365,1.24986968,0.51706276,1.51975949,0.52644639,0.51706894,1.0
2454957.845323,1.0281049999999998,2.2229316000000003,1.24989521,0.51706309,1.51977485,0.52643453,0.51706926,1.0
2454957.848946,1.03095,2.22290585,1.24992504,0.51706346,1.51979278,0.52642067,0.51706964,1.0
2454957.853031,1.04915,2.22287682,1.24995866,0.51706389,1.519813,0.52640506,0.51707007,1.0
2454957.855705,1.081527,2.22285781,1.24998067,0.51706417,1.51982624,0.52639484,0.51707034,1.0
2454957.859409,1.0637450000000002,2.22283148,1.25001116,0.51706455,1.51984458,0.52638068,0.51707073,1.0
2454957.863552,1.085519,2.22280203,1.25004526,0.51706498,1.5198651,0.52636485,0.51707116,1.0
2454957.8685990004,1.0726,2.22276616,1.2500868,0.51706551,1.51989009,0.52634557,0.51707169,1.0
2454957.872314,1.071612,2.22273975,1.25011738,0.51706589,1.5199085,0.52633139,0.51707207,1.0
2454957.875821,1.0726,2.22271482,1.25014624,0.51706626,1.51992587,0.52631799,0.51707244,1.0
2454957.878645,1.073588,2.22269474,1.25016948,0.51706655,1.51993986,0.52630721,0.51707273,1.0
2454957.881885,1.080532,2.22267171,1.25019615,0.51706689,1.51995592,0.52629484,0.51707307,1.0
2454957.8856240003,1.062766,2.22264513,1.25022692,0.51706728,1.51997445,0.52628057,0.51707345,1.0
2454957.888402,1.058857,2.22262538,1.25024979,0.51706757,1.51998821,0.52626997,0.51707374,1.0
2454957.891735,1.053992,2.22260169,1.25027722,0.51706791,1.52000474,0.52625726,0.51707409,1.0
2454957.895102,1.042407,2.22257774,1.25030494,0.51706826,1.52002143,0.52624441,0.51707444,1.0
2454957.897764,1.030001,2.22255882,1.25032685,0.51706854,1.52003463,0.52623425,0.51707472,1.0
2454957.9011790003,1.0262129999999998,2.22253454,1.25035495,0.51706889,1.52005156,0.52622123,0.51707507,1.0
2454957.904674,1.011201,2.22250969,1.25038372,0.51706925,1.52006889,0.5262079000000001,0.51707543,1.0
2454957.907417,0.9863647,2.22249019,1.25040629,0.51706954,1.5200825,0.52619745,0.51707572,1.0
2454957.928783,0.8905075000000001,2.22233827,1.25058213,0.51707175,1.5201885,0.52611604,0.51707793,1.0
2454957.942915,0.8946175,2.22223777,1.25069843,0.51707321,1.52025866,0.52606224,0.51707939,1.0
2454957.945739,0.8970931000000001,2.22221769,1.25072167,0.5170735,1.52027268,0.52605149,0.51707968,1.0
2454957.959592,0.906228,2.22211917,1.25083567,0.51707493,1.5203415,0.5259988,0.51708111,1.0
2454957.9737580004,0.9196817,2.22201842,1.25095224,0.51707639,1.52041189,0.52594495,0.51708258,1.0
2454957.976513,0.9205289,2.22199882,1.25097491,0.51707668,1.52042559,0.52593448,0.51708286,1.0
2454957.991965,0.9299028,2.22188891,1.25110205,0.51707827,1.52050242,0.5258758000000001,0.51708445,1.0
2454958.006096,0.9746249,2.22178839,1.25121833,0.51707972,1.52057272,0.52582217,0.5170859,1.0
2454958.020089,1.0084110000000002,2.22168884,1.25133346,0.51708116,1.52064237,0.5257691,0.51708734,1.0
2454958.022774,1.027158,2.22166974,1.25135555,0.51708143,1.52065574,0.52575892,0.51708762,1.0
2454958.036431,1.034755,2.22157258,1.25146791,0.51708284,1.52072374,0.52570717,0.51708902,1.0
2454958.05003,1.0281049999999998,2.22147581,1.2515798,0.51708423,1.5207915,0.52565568,0.51709041,1.0
2454958.05268,1.021498,2.22145696,1.2516016,0.5170845000000001,1.52080471,0.52564565,0.51709068,1.0
2454958.065944,0.9533172,2.22136258,1.25171072,0.51708586,1.52087082,0.52559546,0.51709204,1.0
2454958.079451,0.8670367,2.22126646,1.25182184,0.51708724,1.52093818,0.52554439,0.51709342,1.0
2454958.083872,0.8410803,2.221235,1.25185821,0.51708769,1.52096023,0.52552768,0.51709388,1.0
2454958.097807,0.8519960999999999,2.22113583,1.25197284,0.51708911,1.52102977,0.52547504,0.5170952999999999,1.0
2454958.111973,0.914613,2.22103499,1.25208937,0.51709055,1.52110049,0.52542155,0.51709674,1.0
2454958.115364,0.9385067,2.22101086,1.25211726,0.5170909,1.52111743,0.52540876,0.51709709,1.0
2454958.14342,1.050117,2.22081115,1.25234803,0.51709375,1.5212576,0.52530297,0.51709994,1.0
2454958.146244,1.0726,2.22079105,1.25237126,0.51709404,1.52127172,0.52529233,0.51710023,1.0
2454958.178789,1.074577,2.22055934,1.25263894,0.51709734,1.5214345,0.52516982,0.51710353,1.0
2454958.182366,1.0676709999999998,2.22053387,1.25266835,0.5170977,1.5214524,0.52515637,0.51710389,1.0
2454958.8773290003,0.9566231,2.21557648,1.25837885,0.51716596,1.52497012,0.52258863,0.51717218,1.0
2454958.880569,0.963698,2.21555333,1.25840545,0.51716627,1.52498671,0.52257687,0.51717249,1.0
2454958.884076,0.9807107,2.21552827,1.25843424,0.5171666,1.52500466,0.52256415,0.51717282,1.0
2454958.887525,0.9998642,2.21550362,1.25846256,0.51716693,1.52502231,0.52255164,0.51717315,1.0
2454958.890384,1.002631,2.21548319,1.25848603,0.5171672,1.52503695,0.52254127,0.51717342,1.0
2454958.893798,1.018453,2.21545879,1.25851406,0.51716753,1.52505443,0.52252889,0.51717375,1.0
2454958.897039,1.035478,2.21543562,1.25854066,0.51716784,1.52507103,0.52251714,0.51717406,1.0
2454958.899886,1.040258,2.21541528,1.25856403,0.51716811,1.52508561,0.52250683,0.51717433,1.0
2454958.9031040003,1.0393,2.21539228,1.25859045,0.51716841,1.52510209,0.52249516,0.51717463,1.0
2454958.906495,1.046986,2.21536804,1.25861829,0.51716874,1.52511946,0.52248288,0.51717496,1.0
2454958.909341,1.059598,2.21534769,1.25864166,0.51716901,1.52513405,0.52247256,0.51717523,1.0
2454958.912756,1.059598,2.21532328,1.25866969,0.51716933,1.52515154,0.52246019,0.51717555,1.0
2454958.916228,1.068417,2.21529847,1.25869819,0.51716966,1.52516933,0.52244762,0.51717588,1.0
2454958.919098,1.062529,2.21527795,1.25872175,0.51716993,1.52518404,0.52243723,0.51717615,1.0
2454958.922571,1.059598,2.21525313,1.25875026,0.51717026,1.52520184,0.52242465,0.51717648,1.0
2454959.000035,0.9469803,2.2146993,1.25938608,0.51717758,1.52559935,0.52214481,0.5171838,1.0
2454959.002789,0.9583872,2.21467961,1.25940869,0.51717784,1.5256135,0.52213488,0.51718406,1.0
2454959.0061330004,0.9879637,2.21465569,1.25943614,0.51717815,1.52563069,0.52212283,0.51718438,1.0
2454959.009258,1.007258,2.21463334,1.25946178,0.51717845,1.52564675,0.52211156,0.51718467,1.0
2454959.013332,1.030721,2.2146042,1.25949522,0.51717883,1.52566769,0.52209689,0.51718505,1.0
2454959.016735,1.027876,2.21457987,1.25952315,0.51717915,1.52568518,0.52208463,0.51718537,1.0
2454959.020462,1.0527879999999998,2.21455321,1.25955373,0.5171795,1.52570434,0.5220712000000001,0.51718573,1.0
2454959.023263,1.06547,2.21453318,1.25957672,0.51717976,1.52571874,0.52206112,0.51718599,1.0
2454959.026677,1.057648,2.21450877,1.25960474,0.51718008,1.52573629,0.52204883,0.51718631,1.0
2454959.030057,1.077311,2.21448459,1.25963247,0.5171804,1.52575367,0.52203666,0.51718663,1.0
2454959.032858,1.071374,2.21446456,1.25965546,0.51718066,1.52576808,0.52202658,0.51718689,1.0
2454959.036261,1.079297,2.21444022,1.25968339,0.51718098,1.52578558,0.52201433,0.51718721,1.0
2454959.0396060003,1.073349,2.2144163,1.25971084,0.5171813,1.52580279,0.5220023,0.51718752,1.0
2454959.042464,1.085278,2.21439586,1.25973429,0.51718157,1.52581749,0.52199202,0.51718779,1.0
2454959.045844,1.0973389999999998,2.21437168,1.25976203,0.51718188,1.52583488,0.52197986,0.51718811,1.0
2454959.049224,1.069402,2.2143475,1.25978976,0.5171822,1.52585227,0.5219676999999999,0.51718843,1.0
2454959.052025,1.082283,2.21432747,1.25981275,0.51718246,1.52586669,0.52195763,0.51718869,1.0
2454959.055345,1.066451,2.21430372,1.25984,0.51718277,1.52588378,0.52194569,0.517189,1.0
2454959.058679,1.085278,2.21427987,1.25986736,0.51718308,1.52590094,0.52193371,0.51718931,1.0
2454959.061445,1.078303,2.21426008,1.25989005,0.51718334,1.52591517,0.52192377,0.51718957,1.0
2454959.064825,1.053758,2.2142359000000003,1.25991779,0.51718366,1.52593257,0.52191163,0.51718989,1.0
2454959.068459,1.016579,2.21420991,1.25994761,0.517184,1.52595128,0.52189857,0.51719023,1.0
2454959.071318,1.022212,2.21418946,1.25997107,0.51718427,1.525966,0.5218883,0.51719049,1.0
2454959.074778,0.9888742,2.21416471,1.25999946,0.51718459,1.52598382,0.52187588,0.51719082,1.0
2454959.078169,0.9807107,2.21414045,1.26002728,0.51718491,1.52600129,0.5218636999999999,0.51719113,1.0
2454959.081086,0.9548628,2.21411958,1.26005122,0.51718518,1.52601631,0.52185323,0.51719141,1.0
2454959.08457,0.9220212,2.21409466,1.26007981,0.51718551,1.52603426,0.52184072,0.51719173,1.0
2454959.087973,0.9060268,2.21407031,1.26010773,0.51718582,1.52605179,0.52182851,0.51719205,1.0
2454959.092718,0.901864,2.21403636,1.26014666,0.51718627,1.52607623,0.52181149,0.51719249,1.0
2454959.095484,0.9076971,2.21401658,1.26016936,0.51718652,1.52609049,0.52180157,0.51719275,1.0
2454959.098841,0.9194769,2.21399256,1.2601969,0.51718684,1.52610779,0.52178953,0.51719307,1.0
2454959.102266,0.9085335,2.21396805,1.26022501,0.51718716,1.52612544,0.52177724,0.51719339,1.0
2454959.105101,0.9152527,2.21394776,1.26024827,0.51718742,1.52614006,0.52176708,0.51719365,1.0
2454959.108469,0.9076971,2.21392367,1.26027591,0.51718774,1.52615742,0.521755,0.51719396,1.0
2454959.111837,0.901864,2.21389957,1.26030354,0.51718805,1.52617478,0.52174293,0.51719428,1.0
2454959.114627,0.896068,2.21387961,1.26032643,0.51718831,1.52618917,0.52173293,0.51719454,1.0
2454959.118041,0.9035266,2.21385518,1.26035444,0.51718863,1.52620677,0.5217207,0.51719486,1.0
2454959.122914,0.9010334,2.21382031,1.26039442,0.51718908,1.5262319,0.52170325,0.51719531,1.0
2454959.132127,0.9237214,2.21375438,1.26047001,0.51718994,1.52627943,0.52167026,0.51719617,1.0
2454959.134974,0.9203241,2.21373401,1.26049337,0.5171902,1.52629411,0.52166006,0.51719643,1.0
2454959.145055,0.9296956,2.21366187,1.26057607,0.51719114,1.52634613,0.52162399,0.51719737,1.0
2454959.166871,0.9496006,2.21350574,1.26075505,0.51719316,1.52645877,0.52154599,0.51719939,1.0
2454959.169984,0.9461088,2.21348346,1.26078059,0.51719345,1.52647485,0.52153487,0.51719968,1.0
2454959.181605,0.9843302,2.21340028,1.26087592,0.51719453,1.52653488,0.52149336,0.51720076,1.0
2454959.8639740003,0.9085832,2.20850737,1.26646867,0.51725565,1.53009789,0.51910174,0.51726191,1.0
2454959.869889,0.9505277,2.20846488,1.26651711,0.51725616,1.5301291,0.5190814,0.51726242,1.0
2454959.876358,0.972668,2.20841842,1.26657008,0.51725672,1.53016324,0.51905917,0.51726298,1.0
2454959.882724,1.012896,2.20837268,1.2666222,0.51725727,1.53019684,0.51903729,0.51726353,1.0
2454959.892504,1.048008,2.20830243,1.26670228,0.51725812,1.53024847,0.5190037000000001,0.51726438,1.0
2454959.898858,1.073408,2.20825678,1.26675431,0.51725867,1.53028202,0.51898189,0.51726493,1.0
2454959.90475,1.08834,2.20821445,1.26680255,0.51725917,1.53031314,0.51896167,0.51726544,1.0
2454959.9106630003,1.106534,2.20817196,1.26685097,0.51725968,1.53034438,0.51894138,0.51726595,1.0
2454959.9174450003,1.107554,2.20812323,1.2669065000000002,0.51726027,1.53038021,0.51891813,0.51726653,1.0
2454959.923418,1.102465,2.20808031,1.26695541,0.51726078,1.53041178,0.51889765,0.51726704,1.0
2454959.929309,1.10145,2.20803798,1.26700364,0.51726129,1.53044291,0.51887746,0.51726755,1.0
2454959.9356400003,1.104498,2.20799249,1.26705547,0.51726183,1.53047638,0.51885578,0.5172681,1.0
2454959.9419130003,1.085337,2.20794742,1.26710683,0.51726237,1.53050955,0.51883429,0.51726864,1.0
2454959.947908,1.063567,2.20790433,1.26715591,0.51726289,1.53054125,0.51881377,0.51726915,1.0
2454959.954296,1.034581,2.20785842,1.26720821,0.51726344,1.53057505,0.51879191,0.5172697,1.0
2454959.960419,0.9934927,2.20781442,1.26725834,0.51726396,1.53060744,0.51877096,0.51727023,1.0
2454959.96653,0.9374856,2.2077705,1.26730837,0.51726449,1.53063978,0.51875006,0.51727075,1.0
2454959.973208,0.9212228,2.20772251,1.26736303,0.51726506,1.53067512,0.51872724,0.51727132,1.0
2454959.979285,0.9340385,2.20767883,1.26741278,0.51726558,1.53070728,0.51870647,0.51727184,1.0
2454959.985361,0.9306037,2.20763516,1.26746252,0.5172661,1.53073945,0.51868571,0.51727236,1.0
2454959.991796,0.9306037,2.20758891,1.2675152,0.51726665,1.53077353,0.51866374,0.51727291,1.0
2454959.9978380003,0.9297468,2.20754548,1.26756466,0.51726717,1.53080553,0.51864311,0.51727343,1.0
2454960.004052,0.9357606,2.2075008,1.26761553,0.5172677,1.53083845,0.51862191,0.51727396,1.0
2454960.010487,0.942681,2.20745455,1.2676682,0.51726825,1.53087254,0.51859996,0.51727451,1.0
2454960.016552,0.9487783,2.20741095,1.26771785,0.51726876,1.53090468,0.51857927,0.51727503,1.0
2454960.022524,0.9514035,2.20736802,1.26776673,0.51726927,1.53093634,0.51855892,0.51727554,1.0
2454960.029203,0.9487783,2.20732,1.2678214,0.51726984,1.53097174,0.51853616,0.51727611,1.0
2454960.03521,0.9610914,2.20727681,1.26787057,0.51727035,1.53100359,0.5185157,0.51727662,1.0
2454960.041298,0.9584395,2.20723304,1.2679204,0.51727087,1.53103588,0.51849496,0.51727714,1.0
2454960.047766,0.9744618,2.20718653,1.26797334,0.51727142,1.53107019,0.51847294,0.51727769,1.0
2454960.053739,1.010101,2.20714359,1.26802223,0.51727193,1.53110188,0.51845262,0.51727819,1.0
2454960.059838,1.02888,2.20709973,1.26807215,0.51727245,1.53113424,0.51843187,0.51727871,1.0
2454960.06632,1.044154,2.20705313,1.2681252,0.517273,1.53116864,0.51840983,0.51727926,1.0
2454960.07228,1.059656,2.20701027,1.26817398,0.5172734999999999,1.53120027,0.51838957,0.51727977,1.0
2454960.0782990004,1.080351,2.20696699,1.26822324,0.51727401,1.53123223,0.51836912,0.51728028,1.0
2454960.084954,1.078362,2.20691913,1.2682777,0.51727457,1.53126756,0.51834652,0.51728084,1.0
2454960.090938,1.070446,2.2068761,1.26832667,0.51727508,1.53129934,0.5183262,0.51728135,1.0
2454960.09699,1.06161,2.20683257,1.26837621,0.51727559,1.5313315,0.51830565,0.51728186,1.0
2454960.103448,1.043193,2.20678612,1.26842906,0.51727614,1.53136581,0.51828374,0.51728241,1.0
2454960.1095020003,1.0091709999999998,2.20674258,1.2684786,0.51727665,1.53139798,0.5182632,0.51728292,1.0
2454960.115509,0.9619774,2.20669938,1.26852776,0.51727716,1.5314299,0.51824284,0.51728343,1.0
2454960.122117,0.9229212,2.20665185,1.26858183,0.51727771,1.53146503,0.51822044,0.51728398,1.0
2454960.135034,0.8440431999999999,2.20655894,1.26868753,0.5172787999999999,1.53153371,0.51817668,0.51728507,1.0
2454960.1481,0.8700911,2.20646494,1.26879445,0.5172799,1.53160322,0.51813245,0.51728617,1.0
2454960.168135,0.9461602,2.20632081,1.26895838,0.51728159,1.53170984,0.51806469,0.51728786,1.0
2454960.18104,0.9962418,2.20622797,1.26906397,0.51728267,1.53177856,0.51802109,0.51728894,1.0
