2443381.61868,60.83838000000001,-2.229162,0.9607663,0.1727481,-1.328141,0.5032745,0.1727391,1.0
2443381.62585,58.207330000000006,-2.229189,0.9606878,0.1727391,-1.328114,0.5033054,0.17273010000000005,1.0
2443381.62808,59.56315,-2.229198,0.9606634,0.1727362,-1.328106,0.5033151,0.17272720000000005,1.0
2443381.63615,57.30304,-2.229229,0.9605751,0.172726,-1.328076,0.5033499,0.172717,1.0
2443381.63701,57.62058,-2.229232,0.9605657,0.172725,-1.328073,0.5033536,0.172716,1.0
2443381.63748,56.88237,-2.229234,0.9605606,0.1727244,-1.328071,0.5033555999999999,0.1727154,1.0
2443381.64598,54.32224,-2.229266,0.9604676,0.1727136,-1.328039,0.5033923,0.1727046,1.0
2443381.64774,54.37229,-2.229273,0.9604483,0.1727114,-1.328033,0.5033999,0.17270239999999998,1.0
2443381.6549,51.82958,-2.2293,0.9603699,0.17270239999999998,-1.328006,0.5034309,0.1726934,1.0
2443381.65581,51.44909000000001,-2.229304,0.96036,0.17270120000000005,-1.328003,0.5034348,0.1726922,1.0
2443381.65671,51.73419000000001,-2.229307,0.9603502,0.1727001,-1.328,0.5034387,0.1726911,1.0
2443381.66606,50.13923,-2.229343,0.9602478,0.1726883,-1.327965,0.5034791000000001,0.17267929999999998,1.0
2443381.66696,49.72533,-2.229346,0.9602379,0.1726871,-1.3279610000000002,0.503483,0.1726781,1.0
2443381.66787,50.64979,-2.22935,0.9602281,0.17268599999999998,-1.327958,0.5034867999999999,0.172677,1.0
2443381.67413,49.81701,-2.229374,0.9601595,0.1726781,-1.327935,0.5035139,0.1726691,1.0
2443381.67456,50.74318,-2.229375,0.9601548,0.1726775,-1.327933,0.5035158,0.1726685,1.0
2443381.67636,50.37066,-2.229382,0.9601351,0.1726753,-1.327926,0.5035235,0.17266629999999994,1.0
2443381.68216,52.93923,-2.229404,0.9600717,0.1726679,-1.327905,0.5035486,0.1726589,1.0
2443381.68263,53.18359,-2.229406,0.9600665,0.17266729999999994,-1.327903,0.5035506,0.1726583,1.0
2443381.6888900003,61.96945,-2.22943,0.9599979,0.17265940000000002,-1.32788,0.5035776,0.17265039999999998,1.0
2443381.7031900003,61.1192,-2.229485,0.9598415,0.1726414,-1.327827,0.5036394000000001,0.1726324,1.0
2443381.70499,60.28061,-2.229492,0.9598218,0.17263910000000002,-1.32782,0.5036470999999999,0.1726301,1.0
2443381.70632,60.67051,-2.2294970000000003,0.9598073,0.1726374,-1.327815,0.5036529000000001,0.1726284,1.0
2443381.71525,62.65816,-2.229531,0.9597096,0.1726261,-1.327782,0.5036914000000001,0.1726171,1.0
2443381.71572,63.17971,-2.229533,0.9597044,0.17262550000000002,-1.32778,0.5036935,0.1726165,1.0
2443381.71615,63.35453,-2.229534,0.9596997,0.172625,-1.327779,0.5036953,0.17261600000000002,1.0
2443381.72464,62.31286,-2.229567,0.9596067,0.17261429999999994,-1.327747,0.503732,0.1726053,1.0
2443381.72597,62.65816,-2.229572,0.9595922,0.1726126,-1.327742,0.5037378,0.1726036,1.0
2443381.72645,63.41291,-2.229574,0.959587,0.172612,-1.32774,0.5037398,0.172603,1.0
2443381.7376,59.50832,-2.229616,0.9594649,0.1725979,-1.327699,0.503788,0.1725889,1.0
2443381.73808,58.1002,-2.229618,0.9594597,0.1725973,-1.327697,0.50379,0.17258829999999994,1.0
2443381.74477,53.87381,-2.229644,0.9593865,0.1725889,-1.327672,0.5038189000000001,0.1725799,1.0
2443381.7461,53.77466,-2.229649,0.9593719,0.1725872,-1.327667,0.5038247,0.1725782,1.0
2443381.75417,50.74318,-2.22968,0.9592836,0.172577,-1.3276370000000002,0.5038595,0.172568,1.0
2443381.75417,51.11845,-2.22968,0.9592836,0.172577,-1.3276370000000002,0.5038595,0.172568,1.0
2443381.75503,51.30712,-2.229683,0.9592742,0.1725759,-1.327634,0.5038632000000001,0.1725669,1.0
2443381.76263,50.32429000000001,-2.229712,0.9591911,0.17256629999999998,-1.3276059999999998,0.503896,0.1725573,1.0
2443381.764,50.13923,-2.229717,0.9591761,0.17256459999999998,-1.327601,0.5039019,0.1725556,1.0
2443381.77159,49.40577,-2.229746,0.9590929,0.172555,-1.327572,0.5039347,0.172546,1.0
2443381.78142,51.87734,-2.229784,0.9589854,0.17254260000000002,-1.327536,0.5039772,0.1725336,1.0
2443381.78185,52.02088,-2.2297860000000003,0.9589807,0.172542,-1.327534,0.503979,0.172533,1.0
2443381.78992,54.82488000000001,-2.229816,0.9588924,0.1725318,-1.327504,0.5040139,0.17252279999999998,1.0
2443381.79035,54.57298,-2.229818,0.9588877,0.1725313,-1.327503,0.5040157000000001,0.1725223,1.0
2443381.79709,58.1002,-2.229844,0.958814,0.17252279999999998,-1.3274780000000002,0.5040448000000001,0.1725138,1.0
2443381.79885,58.52988000000001,-2.22985,0.9587947,0.17252060000000002,-1.3274709999999998,0.5040524000000001,0.1725116,1.0
2443381.80915,61.79846,-2.22989,0.958682,0.1725075,-1.327433,0.5040969,0.1724985,1.0
2443381.80958,61.45789,-2.229892,0.9586773,0.172507,-1.327431,0.5040988000000001,0.172498,1.0
2443381.81048,61.06293,-2.229895,0.9586674,0.1725059,-1.327428,0.5041026,0.1724969,1.0
2443381.8194,62.37028000000001,-2.2299290000000003,0.9585698,0.17249460000000005,-1.327395,0.5041412000000001,0.1724856,1.0
2443381.82078,61.34479,-2.229934,0.9585547,0.17249289999999998,-1.32739,0.5041471,0.1724839,1.0
2443381.82121,61.57121,-2.229936,0.95855,0.1724923,-1.327388,0.504149,0.17248329999999998,1.0
2443381.82927,59.94841,-2.229967,0.9584617,0.17248210000000005,-1.327358,0.5041838,0.1724731,1.0
2443381.83103,59.67296999999999,-2.2299740000000003,0.9584425,0.1724799,-1.327352,0.5041914000000001,0.17247089999999998,1.0
2443381.84043,58.31465,-2.230009,0.9583396,0.172468,-1.327317,0.504232,0.172459,1.0
2443381.84086,56.93478,-2.230011,0.9583349,0.1724675,-1.327315,0.5042338,0.1724585,1.0
2443381.84133,56.4128,-2.230013,0.9583298,0.17246689999999998,-1.327313,0.5042359000000001,0.1724579,1.0
2443381.84936,55.23033,-2.230044,0.958242,0.1724568,-1.327283,0.5042705,0.17244779999999998,1.0
2443381.85073,53.429080000000006,-2.230049,0.9582269,0.172455,-1.327278,0.5042765,0.17244600000000002,1.0
2443381.85116,53.57691,-2.23005,0.9582222,0.1724545,-1.327277,0.5042783,0.1724455,1.0
2443397.5145,95587.26,-2.283977,0.7844230999999999,0.1522269,-1.297602,0.5833586,0.1522259,1.0
2443397.51541,94885.53,-2.283979,0.7844129,0.15222570000000002,-1.297602,0.5833636999999999,0.15222470000000002,1.0
2443397.52225,98355.81,-2.2840000000000003,0.7843361,0.1522167,-1.297601,0.5834017,0.1522157,1.0
2443397.52316,100461.6,-2.284003,0.7843258000000001,0.1522155,-1.297601,0.5834068,0.1522145,1.0
2443397.5240700003,98174.79,-2.284006,0.7843156,0.15221429999999994,-1.297601,0.5834119000000001,0.15221329999999994,1.0
2443397.5249900003,101204.5,-2.284009,0.7843053000000001,0.15221310000000002,-1.297601,0.5834169,0.15221210000000002,1.0
2443397.52544,99083.19,-2.28401,0.7843002,0.1522125,-1.297601,0.5834195,0.1522115,1.0
2443397.52863,98174.79,-2.28402,0.7842643,0.1522083,-1.297601,0.5834372,0.1522073,1.0
2443397.5290900003,99174.5,-2.284021,0.7842591999999999,0.15220770000000006,-1.2976,0.5834397,0.1522067,1.0
2443397.5290900003,99540.54,-2.284021,0.7842591999999999,0.15220770000000006,-1.2976,0.5834397,0.1522067,1.0
2443397.53411,99357.35,-2.284037,0.7842029,0.1522011,-1.2976,0.5834676,0.1522001,1.0
2443397.5350200003,100832.4,-2.28404,0.7841925999999999,0.1521999,-1.2976,0.5834727,0.1521989,1.0
2443397.53548,97903.9,-2.284041,0.7841875,0.15219929999999998,-1.2976,0.5834752,0.1521983,1.0
2443397.5400400003,98991.98,-2.284055,0.7841363,0.1521933,-1.2976,0.5835005999999999,0.15219229999999995,1.0
2443397.54049,99815.96,-2.284057,0.7841312,0.1521927,-1.2976,0.5835030999999999,0.1521917,1.0
2443397.54095,95851.74,-2.2840580000000004,0.784126,0.1521921,-1.297599,0.5835057,0.1521911,1.0
2443397.54642,94449.57,-2.284075,0.7840646,0.15218489999999998,-1.297599,0.5835361,0.15218389999999998,1.0
2443397.54733,95411.34,-2.284078,0.7840543000000001,0.15218370000000006,-1.297599,0.5835412,0.15218270000000006,1.0
2443397.55189,90614.98,-2.284092,0.7840031,0.1521777,-1.297599,0.5835665,0.1521767,1.0
2443397.55235,89701.56,-2.284093,0.783998,0.1521771,-1.297599,0.5835691,0.1521761,1.0
2443397.55326,91285.12,-2.284096,0.7839877,0.1521759,-1.297598,0.5835741,0.1521749,1.0
2443397.55778,86218.41,-2.28411,0.783937,0.1521699,-1.297598,0.5835993,0.1521689,1.0
2443397.5586900003,85506.67,-2.284112,0.7839267,0.15216870000000002,-1.297598,0.5836043000000001,0.15216770000000002,1.0
2443397.5628,80537.84,-2.284125,0.7838805999999999,0.15216329999999995,-1.297598,0.5836271,0.15216229999999994,1.0
2443397.56371,80241.68,-2.284128,0.7838704000000001,0.15216210000000002,-1.297598,0.5836321999999999,0.15216110000000002,1.0
2443397.56416,81733.48,-2.284129,0.7838651999999999,0.1521615,-1.297597,0.5836348000000001,0.1521605,1.0
2443397.57557,78632.12,-2.284164,0.7837371999999999,0.1521465,-1.297597,0.5836981,0.1521455,1.0
2443397.57648,80760.69,-2.284167,0.7837269,0.1521453,-1.297596,0.5837032,0.1521443,1.0
2443397.57693,82718.0,-2.284169,0.7837218,0.15214470000000002,-1.297596,0.5837058,0.15214370000000002,1.0
2443397.58241,78198.78,-2.284185,0.7836603,0.1521375,-1.297596,0.5837361999999999,0.1521365,1.0
2443397.58286,80686.34,-2.284187,0.7836552,0.1521369,-1.297596,0.5837386999999999,0.1521359,1.0
2443397.58833,80984.14,-2.284204,0.7835937,0.1521297,-1.297595,0.5837690999999999,0.1521287,1.0
2443397.58925,80463.7,-2.284206,0.7835835,0.1521285,-1.297595,0.5837741999999999,0.1521275,1.0
2443397.59016,83329.73,-2.284209,0.7835732,0.1521273,-1.297595,0.5837793000000001,0.1521263,1.0
2443397.59518,83329.73,-2.284225,0.7835169,0.1521207,-1.297595,0.5838072,0.15211970000000002,1.0
2443397.59605,83946.0,-2.284227,0.7835071,0.1521195,-1.297595,0.583812,0.1521185,1.0
2443397.5965,85113.8,-2.2842290000000003,0.783502,0.15211889999999995,-1.297595,0.5838146,0.15211789999999994,1.0
2443397.60289,85980.51,-2.284248,0.7834303,0.1521105,-1.297594,0.5838501,0.1521095,1.0
2443397.6033400004,87902.25,-2.28425,0.7834251999999999,0.1521099,-1.297594,0.5838525999999999,0.1521089,1.0
2443397.61018,91960.22,-2.284271,0.7833483,0.1521009,-1.297594,0.5838906,0.1520999,1.0
2443397.61018,88879.17,-2.284271,0.7833483,0.1521009,-1.297594,0.5838906,0.1520999,1.0
2443397.61064,90865.7,-2.284272,0.7833432,0.1521003,-1.297593,0.5838932,0.1520993,1.0
2443397.61611,95060.48,-2.284289,0.7832816999999999,0.1520931,-1.297593,0.5839236,0.1520921,1.0
2443397.61702,93411.43,-2.284292,0.7832715,0.15209189999999995,-1.297593,0.5839287,0.1520909,1.0
2443397.62295,95235.75,-2.28431,0.7832049,0.1520841,-1.297592,0.5839616,0.15208310000000005,1.0
2443397.62341,96471.72,-2.284311,0.7831998,0.1520835,-1.297592,0.5839641999999999,0.1520825,1.0
2443397.62386,99357.35,-2.284313,0.7831946,0.1520829,-1.297592,0.5839667,0.1520819,1.0
2443397.62934,97994.12,-2.28433,0.7831332,0.1520757,-1.297592,0.5839970999999999,0.1520747,1.0
2443397.62979,97006.31,-2.2843310000000003,0.7831279999999999,0.1520751,-1.297592,0.5839996000000001,0.1520741,1.0
2443397.63071,94710.91,-2.284334,0.7831178000000001,0.1520739,-1.297592,0.5840046999999999,0.1520729,1.0
2443397.63572,97006.31,-2.284349,0.7830614,0.1520673,-1.297591,0.5840326,0.1520663,1.0
2443397.63618,97454.07,-2.284351,0.7830563,0.15206670000000005,-1.297591,0.5840350999999999,0.15206570000000005,1.0
2443397.63705,95323.5,-2.284353,0.7830465,0.1520655,-1.297591,0.58404,0.1520645,1.0
2443397.64252,97364.36,-2.28437,0.7829851,0.15205829999999998,-1.297591,0.5840704000000001,0.15205729999999998,1.0
2443397.64298,96205.52,-2.2843720000000003,0.7829799,0.15205770000000002,-1.297591,0.584073,0.1520567,1.0
2443397.64343,94188.96,-2.284373,0.7829748000000001,0.1520571,-1.297591,0.5840755,0.15205610000000006,1.0
2443397.64891,90949.43,-2.28439,0.7829133,0.15204990000000002,-1.29759,0.5841059000000001,0.1520489,1.0
2443397.64936,92896.64,-2.284391,0.7829081999999999,0.1520493,-1.29759,0.5841085,0.1520483,1.0
2443397.6521,91117.12,-2.2844,0.7828775,0.1520457,-1.29759,0.5841236999999999,0.1520447,1.0
2443397.66441,83714.37,-2.284438,0.7827392,0.1520295,-1.297589,0.5841921,0.1520285,1.0
2443397.66487,84644.74,-2.284439,0.782734,0.1520289,-1.297589,0.5841947,0.1520279,1.0
2443397.66532,85192.23,-2.28444,0.7827289000000001,0.15202829999999998,-1.297589,0.5841972,0.1520273,1.0
2443397.66943,81058.77,-2.284453,0.7826828,0.15202290000000002,-1.297588,0.58422,0.15202190000000002,1.0
2443397.67034,79213.65,-2.284456,0.7826725999999999,0.1520217,-1.297588,0.5842251,0.1520207,1.0
2443397.67125,81507.96,-2.284459,0.7826623,0.1520205,-1.297588,0.5842301999999999,0.1520195,1.0
2443397.67171,81133.46,-2.28446,0.7826571999999999,0.1520199,-1.297588,0.5842326999999999,0.15201889999999998,1.0
2443397.67718,79506.02,-2.284477,0.7825956999999999,0.15201270000000006,-1.297588,0.5842630999999999,0.15201170000000006,1.0
2443397.67809,80909.59,-2.28448,0.7825854999999999,0.1520115,-1.297588,0.5842682,0.1520105,1.0
2443397.68352,79140.72,-2.284496,0.7825245,0.15200429999999998,-1.297587,0.5842984,0.15200329999999998,1.0
2443397.68352,81583.06,-2.284496,0.7825245,0.15200429999999998,-1.297587,0.5842984,0.15200329999999998,1.0
2443397.68444,80612.06,-2.2844990000000003,0.7825141999999999,0.1520031,-1.297587,0.5843035,0.1520021,1.0
2443397.68945,79359.7,-2.2845150000000003,0.7824579,0.15199649999999998,-1.297587,0.5843314000000001,0.1519955,1.0
2443397.68991,80167.81,-2.284516,0.7824528000000001,0.1519959,-1.297587,0.5843339,0.1519949,1.0
2443397.69082,81733.48,-2.284519,0.7824425,0.1519947,-1.297587,0.584339,0.1519937,1.0
2443397.69766,79799.47,-2.28454,0.7823656999999999,0.15198570000000006,-1.297586,0.584377,0.15198470000000006,1.0
2443397.6981200003,84333.48,-2.284541,0.7823606,0.1519851,-1.297586,0.5843795,0.1519841,1.0
2443397.69903,85035.45,-2.284544,0.7823503,0.1519839,-1.297586,0.5843845999999999,0.1519829,1.0
2443397.72088,95763.5,-2.284611,0.7821049,0.1519551,-1.297584,0.5845060999999999,0.1519541,1.0
2443397.72133,94275.75,-2.284613,0.7820998,0.15195450000000002,-1.297584,0.5845085999999999,0.15195350000000002,1.0
2443397.72133,96205.52,-2.284613,0.7820998,0.15195450000000002,-1.297584,0.5845085999999999,0.15195350000000002,1.0
2443397.72453,96294.17,-2.284622,0.7820639,0.15195029999999998,-1.297584,0.5845264,0.15194929999999998,1.0
2443397.72453,97723.72,-2.284622,0.7820639,0.15195029999999998,-1.297584,0.5845264,0.15194929999999998,1.0
2443397.72544,96827.79,-2.284625,0.7820537,0.1519491,-1.297584,0.5845314,0.1519481,1.0
2443397.73319,99815.96,-2.2846490000000004,0.7819666000000001,0.1519389,-1.297583,0.5845745,0.1519379,1.0
2443397.7341,97813.77,-2.284652,0.7819563,0.1519377,-1.297583,0.5845796,0.1519367,1.0
2443397.74003,101018.3,-2.28467,0.7818897,0.1519299,-1.297582,0.5846126,0.1519289,1.0
2443397.74049,99265.88,-2.284671,0.7818845999999999,0.1519293,-1.297582,0.5846150999999999,0.1519283,1.0
2443397.74596,97903.9,-2.284688,0.7818231,0.1519221,-1.297582,0.5846455,0.1519211,1.0
2443397.74642,97454.07,-2.2846900000000003,0.781818,0.1519215,-1.297582,0.5846481,0.1519205,1.0
2443397.75189,95235.75,-2.284707,0.7817565,0.15191429999999995,-1.297581,0.5846785,0.15191329999999995,1.0
2443397.7528,92982.24,-2.284709,0.7817463000000001,0.1519131,-1.297581,0.5846836,0.15191210000000002,1.0
2443397.75873,88307.99,-2.284728,0.7816797,0.1519053,-1.297581,0.5847165,0.1519043,1.0
2443397.7596400003,89618.98,-2.28473,0.7816695,0.1519041,-1.297581,0.5847216,0.1519031,1.0
2443397.7601,87256.94,-2.284732,0.7816643,0.1519035,-1.297581,0.5847241,0.1519025,1.0
2443397.76735,81507.96,-2.284754,0.7815828,0.1518939,-1.29758,0.5847645,0.1518929,1.0
2443397.76781,83023.3,-2.284756,0.7815776999999999,0.1518933,-1.29758,0.584767,0.15189229999999998,1.0
2443397.76826,84255.84,-2.284757,0.7815726,0.15189270000000002,-1.29758,0.5847694999999999,0.15189170000000002,1.0
2443397.77602,79946.6,-2.284781,0.7814854999999999,0.1518825,-1.297579,0.5848127,0.1518815,1.0
2443397.77647,80463.7,-2.284782,0.7814804,0.1518819,-1.297579,0.5848151999999999,0.1518809,1.0
2443397.78103,80094.0,-2.284796,0.7814291999999999,0.1518759,-1.297579,0.5848405,0.1518749,1.0
2443397.78195,78849.69,-2.284799,0.7814189,0.1518747,-1.297579,0.5848456,0.1518737,1.0
2443397.79015,80020.27,-2.284824,0.7813266999999999,0.1518639,-1.297578,0.5848913,0.1518629,1.0
2443397.79152,81808.8,-2.284828,0.7813113,0.1518621,-1.297578,0.5848989,0.1518611,1.0
2443397.79882,80389.62,-2.284851,0.7812294,0.1518525,-1.297577,0.5849394,0.1518515,1.0
2443397.7992700003,83329.73,-2.284852,0.7812241999999999,0.1518519,-1.297577,0.584942,0.1518509,1.0
2443397.81109,87417.83,-2.284889,0.7810915,0.15183629999999998,-1.297576,0.5850076999999999,0.15183529999999998,1.0
2443397.812,90115.6,-2.284891,0.7810813,0.1518351,-1.297576,0.5850126999999999,0.1518341,1.0
2443397.82112,93669.89,-2.284919,0.7809788000000001,0.1518231,-1.297575,0.5850634,0.1518221,1.0
2443397.82158,94362.62,-2.284921,0.7809736999999999,0.1518225,-1.297575,0.585066,0.1518215,1.0
2443397.83207,98537.15,-2.284953,0.7808559,0.15180870000000002,-1.297574,0.5851243,0.15180770000000002,1.0
2443397.83252,94710.91,-2.284955,0.7808508000000001,0.1518081,-1.297574,0.5851268000000001,0.1518071,1.0
2443397.83982,95587.26,-2.284977,0.7807688,0.1517985,-1.297574,0.5851674,0.1517975,1.0
2443397.84073,96294.17,-2.28498,0.7807585,0.1517973,-1.297574,0.5851725,0.1517963,1.0
2443397.84119,97543.87,-2.284981,0.7807534,0.1517967,-1.297574,0.585175,0.1517957,1.0
2443397.8489,95587.26,-2.285005,0.7806668000000001,0.1517865,-1.297573,0.5852179,0.1517855,1.0
2443397.84936,96294.17,-2.285006,0.7806616999999999,0.1517859,-1.297573,0.5852204000000001,0.1517849,1.0
2443397.85757,93325.43,-2.285032,0.7805694999999999,0.1517751,-1.297572,0.5852661,0.1517741,1.0
2443397.85802,90115.6,-2.2850330000000003,0.7805643,0.15177449999999998,-1.297572,0.5852685999999999,0.15177349999999998,1.0
2443397.85848,91790.98,-2.285034,0.7805592,0.15177390000000002,-1.297572,0.5852710999999999,0.15177290000000002,1.0
2443397.86669,84722.74,-2.28506,0.780467,0.1517631,-1.2975709999999998,0.5853168000000001,0.1517621,1.0
2445270.44699,67.17381,-1.89633,-1.436559,-0.1329933,-1.076828,-0.8747038,-0.1329803,1.0
2445270.45591,67.6083,-1.89627,-1.436646,-0.1330055,-1.076858,-0.8746646,-0.1329925,1.0
2445270.46533,67.79536,-1.896207,-1.4367370000000002,-0.1330183,-1.076889,-0.8746231,-0.1330053,1.0
2445270.47553,65.82638,-1.896138,-1.436836,-0.13303220000000002,-1.076923,-0.8745780999999999,-0.1330192,1.0
2445270.4812,65.46361999999999,-1.8961,-1.436891,-0.13304000000000002,-1.076942,-0.8745531999999999,-0.133027,1.0
2445270.50433,64.98304,-1.895945,-1.437115,-0.13307149999999998,-1.077018,-0.8744513,-0.1330585,1.0
2445270.5122,64.56541999999999,-1.895892,-1.437192,-0.1330822,-1.077045,-0.8744166999999999,-0.1330692,1.0
2445270.5249900003,64.86344,-1.895806,-1.437316,-0.13309970000000002,-1.077087,-0.8743603000000001,-0.13308670000000006,1.0
2445270.5334900003,65.88704,-1.895748,-1.437398,-0.1331113,-1.077115,-0.8743228999999999,-0.1330983,1.0
2445270.54787,67.98295,-1.895652,-1.437538,-0.1331309,-1.077163,-0.8742595999999999,-0.13311789999999998,1.0
2445270.55574,67.73295,-1.8955990000000005,-1.437614,-0.13314160000000005,-1.077189,-0.8742249,-0.1331286,1.0
2445270.56178,68.86523000000001,-1.895558,-1.4376719999999998,-0.13314990000000002,-1.077209,-0.8741983,-0.1331369,1.0
2445270.56899,68.86523000000001,-1.89551,-1.437742,-0.13315970000000002,-1.077233,-0.8741665999999999,-0.1331467,1.0
2445270.5758700003,67.6083,-1.895463,-1.437809,-0.1331691,-1.077256,-0.8741363000000001,-0.13315610000000005,1.0
2445270.58558,66.68068000000001,-1.895398,-1.4379030000000002,-0.13318229999999998,-1.077288,-0.8740935,-0.1331693,1.0
2445270.58978,65.52394,-1.89537,-1.437944,-0.1331881,-1.077302,-0.874075,-0.1331751,1.0
2445270.59687,64.74407,-1.895322,-1.438013,-0.1331977,-1.077326,-0.8740438,-0.13318470000000002,1.0
2445270.60591,64.62491999999999,-1.895261,-1.4381,-0.1332101,-1.077356,-0.8740040000000001,-0.1331971,1.0
2445270.61403,64.03243,-1.895207,-1.438179,-0.1332211,-1.077383,-0.8739681999999999,-0.13320810000000002,1.0
2445270.62253,64.92321,-1.895149,-1.4382620000000002,-0.1332327,-1.077411,-0.8739308000000001,-0.13321970000000002,1.0
2445270.63112,66.49669,-1.895092,-1.438345,-0.1332444,-1.077439,-0.873893,-0.13323139999999994,1.0
2445270.64766,66.55796,-1.89498,-1.438505,-0.133267,-1.077494,-0.8738200999999999,-0.13325399999999998,1.0
2445270.62287,64.92321,-1.895147,-1.438265,-0.13323320000000002,-1.077412,-0.8739293,-0.1332202,1.0
2445270.65608,66.61929,-1.894924,-1.438587,-0.13327850000000002,-1.077522,-0.873783,-0.1332655,1.0
2445284.32701,61.1505,-1.799131,-1.568103,-0.1516385,-1.140989,-0.8283906999999999,-0.1516235,1.0
2445284.32693,61.77319,-1.799132,-1.568102,-0.1516384,-1.140989,-0.8283908999999999,-0.1516234,1.0
2445284.32868,62.230030000000006,-1.799119,-1.568119,-0.15164070000000002,-1.140999,-0.8283872,-0.1516257,1.0
2445284.3311,62.1155,-1.799102,-1.568141,-0.1516439,-1.1410129999999998,-0.8283822,-0.1516289,1.0
2445284.33101,61.60274,-1.799102,-1.56814,-0.1516438,-1.1410129999999998,-0.8283823,-0.15162879999999998,1.0
2445284.33385,61.60274,-1.799082,-1.568166,-0.1516475,-1.14103,-0.8283764000000001,-0.1516325,1.0
2445284.33451,61.77319,-1.799077,-1.568173,-0.1516484,-1.141033,-0.828375,-0.15163339999999995,1.0
2445284.34606,60.86954,-1.798993,-1.568279,-0.1516636,-1.141101,-0.8283509,-0.15164860000000002,1.0
2445284.3481400004,61.0942,-1.798977,-1.568299,-0.1516664,-1.141114,-0.8283465,-0.1516514,1.0
2445284.3516,61.0942,-1.798952,-1.56833,-0.151671,-1.141134,-0.8283393,-0.151656,1.0
2445284.3448900003,61.54602,-1.799001,-1.568268,-0.15166210000000002,-1.141094,-0.8283533000000002,-0.1516471,1.0
2445284.3516,61.54602,-1.798952,-1.56833,-0.151671,-1.141134,-0.8283393,-0.151656,1.0
2445284.34976,61.94411,-1.798966,-1.568314,-0.15166849999999998,-1.141123,-0.8283431,-0.1516535,1.0
2445284.35285,62.05832,-1.798943,-1.568342,-0.15167260000000002,-1.141141,-0.8283367,-0.1516576,1.0
2445284.35814,62.230030000000006,-1.798905,-1.568391,-0.1516796,-1.141172,-0.8283256,-0.15166459999999998,1.0
2445284.36426,62.230030000000006,-1.79886,-1.568448,-0.1516877,-1.141208,-0.8283128000000001,-0.15167270000000002,1.0
2445284.36193,62.34477,-1.798877,-1.568426,-0.1516846,-1.1411950000000002,-0.8283176999999999,-0.15166960000000002,1.0
2445284.35993,62.45972,-1.798892,-1.568407,-0.15168199999999998,-1.141183,-0.8283219,-0.151667,1.0
2445284.35343,62.69025,-1.7989389999999998,-1.568347,-0.1516734,-1.141145,-0.8283355,-0.15165839999999994,1.0
2445284.35726,62.86371,-1.798911,-1.568383,-0.1516784,-1.141167,-0.8283275,-0.1516634,1.0
2445284.36297,62.69025,-1.7988689999999998,-1.5684360000000002,-0.151686,-1.141201,-0.8283155000000001,-0.151671,1.0
2445284.36356,62.97961,-1.7988650000000002,-1.568441,-0.15168679999999998,-1.141204,-0.8283143,-0.1516718,1.0
2445284.37272,62.92164,-1.798798,-1.568526,-0.1516989,-1.141258,-0.8282951,-0.15168389999999998,1.0
2445284.37476,62.74802,-1.7987830000000002,-1.568545,-0.15170160000000002,-1.14127,-0.8282908999999999,-0.1516866,1.0
2445284.37726,63.32862,-1.7987650000000002,-1.568568,-0.1517049,-1.141285,-0.8282856,-0.1516899,1.0
2445284.37989,63.32862,-1.798746,-1.568592,-0.1517083,-1.1413,-0.8282802,-0.1516933,1.0
2445284.37851,63.62093,-1.798756,-1.5685790000000002,-0.1517065,-1.141292,-0.828283,-0.1516915,1.0
2445284.38168,63.67955,-1.798733,-1.568609,-0.15171070000000006,-1.141311,-0.8282764000000001,-0.15169570000000002,1.0
2445284.38268,63.56236,-1.7987259999999998,-1.568618,-0.151712,-1.141317,-0.8282743,-0.151697,1.0
2445284.38585,63.03765,-1.798703,-1.568647,-0.1517162,-1.141335,-0.8282676999999999,-0.1517012,1.0
2445284.38643,63.15387,-1.798698,-1.568652,-0.15171700000000002,-1.141339,-0.8282665000000001,-0.151702,1.0
2445284.38351,64.15049,-1.79872,-1.568625,-0.15171310000000002,-1.141322,-0.8282726,-0.1516981,1.0
2445284.38418,63.97348,-1.798715,-1.568632,-0.15171400000000002,-1.141326,-0.8282712,-0.151699,1.0
2445284.38831,64.03243,-1.798685,-1.56867,-0.1517195,-1.14135,-0.8282626000000001,-0.15170450000000002,1.0
2445284.39572,64.26876999999999,-1.798631,-1.568738,-0.15172929999999998,-1.141394,-0.828247,-0.1517142,1.0
2445284.39272,63.73823,-1.7986529999999998,-1.568711,-0.15172529999999998,-1.141376,-0.8282533000000001,-0.1517103,1.0
2445284.39535,63.21207,-1.798633,-1.568735,-0.15172879999999994,-1.141391,-0.8282478000000001,-0.15171379999999998,1.0
2445284.39801,63.09573,-1.798614,-1.568759,-0.1517323,-1.141407,-0.8282423000000001,-0.15171729999999994,1.0
2445284.40151,63.15387,-1.798589,-1.568792,-0.15173689999999998,-1.141428,-0.8282349,-0.1517219,1.0
2445284.40518,63.32862,-1.798562,-1.568826,-0.1517417,-1.141449,-0.8282273000000001,-0.1517267,1.0
2445284.39872,63.56236,-1.798609,-1.568766,-0.1517332,-1.141411,-0.8282408000000001,-0.1517182,1.0
2445284.40126,63.67955,-1.79859,-1.568789,-0.1517366,-1.141426,-0.8282354999999999,-0.1517216,1.0
2445284.40018,63.85575,-1.798598,-1.568779,-0.1517351,-1.14142,-0.8282377000000001,-0.1517201,1.0
2445284.40131,62.69025,-1.79859,-1.56879,-0.1517366,-1.141426,-0.8282354,-0.1517216,1.0
2445284.4056,62.57488000000001,-1.798559,-1.56883,-0.15174229999999994,-1.141452,-0.8282264000000001,-0.15172729999999998,1.0
2445284.40585,62.34477,-1.798557,-1.568832,-0.1517426,-1.141453,-0.8282259,-0.15172760000000002,1.0
2445284.40668,61.71632,-1.7985509999999998,-1.56884,-0.1517437,-1.141458,-0.8282241,-0.1517287,1.0
2445284.40872,61.60274,-1.798536,-1.568858,-0.1517464,-1.14147,-0.8282199,-0.1517314,1.0
2445284.40906,61.1505,-1.798534,-1.568861,-0.15174690000000002,-1.141472,-0.8282191999999999,-0.1517319,1.0
2445284.41951,59.53879000000001,-1.798457,-1.568958,-0.15176070000000005,-1.141533,-0.8281973,-0.1517457,1.0
2445284.4319700003,58.99293,-1.7983669999999998,-1.569073,-0.1517771,-1.141607,-0.8281712,-0.1517621,1.0
2445284.43806,59.31984,-1.7983220000000002,-1.56913,-0.1517852,-1.141643,-0.8281584999999999,-0.15177020000000002,1.0
2445284.43585,59.21066999999999,-1.798338,-1.569109,-0.15178229999999998,-1.14163,-0.8281630999999999,-0.15176729999999994,1.0
2445284.43256,59.26523,-1.7983619999999998,-1.569079,-0.1517779,-1.14161,-0.8281700000000001,-0.15176289999999998,1.0
2445284.43481,59.92389,-1.798346,-1.569099,-0.1517809,-1.141623,-0.8281653,-0.15176589999999998,1.0
2445284.43093,60.14507,-1.798374,-1.569064,-0.1517758,-1.141601,-0.8281734000000001,-0.1517608,1.0
2445284.4273900003,60.14507,-1.7984,-1.5690309999999998,-0.1517711,-1.1415799999999998,-0.8281808,-0.1517561,1.0
2445284.4401,60.47836,-1.798307,-1.569148,-0.1517879,-1.141655,-0.8281543,-0.15177290000000002,1.0
2445284.44301,61.26325,-1.798286,-1.569175,-0.1517917,-1.141672,-0.8281482,-0.1517767,1.0
2445284.44147,61.3197,-1.798297,-1.569161,-0.15178970000000006,-1.141663,-0.8281514000000001,-0.1517747,1.0
2445284.44822,62.05832,-1.7982479999999998,-1.569223,-0.1517986,-1.141702,-0.8281373,-0.1517836,1.0
2445284.45093,61.3197,-1.798229,-1.569249,-0.15180220000000005,-1.141718,-0.8281315999999999,-0.1517872,1.0
2445284.46039,61.1505,-1.7981599999999998,-1.569336,-0.15181470000000002,-1.141774,-0.8281118000000001,-0.1517997,1.0
2445284.46235,60.92563000000001,-1.798145,-1.569354,-0.1518173,-1.141785,-0.8281076999999999,-0.1518023,1.0
2445284.46501,60.86954,-1.798126,-1.569379,-0.15182079999999998,-1.141801,-0.8281021999999999,-0.1518058,1.0
2445284.46518,61.26325,-1.798125,-1.56938,-0.151821,-1.141802,-0.8281018,-0.151806,1.0
2445284.46893,62.51727,-1.798097,-1.569415,-0.151826,-1.141824,-0.828094,-0.151811,1.0
2445284.47476,62.80584,-1.798055,-1.569469,-0.15183370000000002,-1.141859,-0.8280818000000001,-0.1518187,1.0
2445284.48264,62.69025,-1.797997,-1.569542,-0.1518441,-1.141905,-0.8280653,-0.15182910000000002,1.0
2445284.48443,62.57488000000001,-1.797984,-1.569558,-0.1518464,-1.141915,-0.8280616,-0.15183139999999998,1.0
2445284.4771,61.83011,-1.798038,-1.56949,-0.15183670000000002,-1.141872,-0.8280769,-0.1518217,1.0
2445284.48231,61.60274,-1.798,-1.569538,-0.15184360000000002,-1.141903,-0.828066,-0.1518286,1.0
2445284.47893,61.26325,-1.798025,-1.569507,-0.1518392,-1.141883,-0.8280731,-0.15182420000000002,1.0
2445284.47964,60.86954,-1.7980189999999998,-1.569514,-0.1518401,-1.141887,-0.8280716,-0.1518251,1.0
2445284.4859700003,60.92563000000001,-1.797973,-1.569572,-0.1518485,-1.141924,-0.8280583,-0.1518335,1.0
2445284.46072,61.1505,-1.798157,-1.569339,-0.1518151,-1.141776,-0.8281110999999999,-0.1518001,1.0
2445284.46526,61.3197,-1.798124,-1.569381,-0.1518211,-1.141803,-0.8281016,-0.15180610000000005,1.0
2445284.46214,60.92563000000001,-1.7981470000000002,-1.569352,-0.151817,-1.141784,-0.8281082000000001,-0.151802,1.0
2445284.46497,60.86954,-1.798126,-1.5693780000000002,-0.1518207,-1.141801,-0.8281021999999999,-0.1518057,1.0
2445284.49056,61.0942,-1.79794,-1.569615,-0.1518545,-1.141951,-0.8280487,-0.1518395,1.0
2445284.49131,61.26325,-1.797934,-1.569622,-0.1518555,-1.141956,-0.8280472,-0.1518405,1.0
2445284.49381,61.20685,-1.797916,-1.5696450000000002,-0.1518588,-1.1419709999999998,-0.8280420000000001,-0.1518438,1.0
2445284.4946,61.0942,-1.79791,-1.569652,-0.1518599,-1.141975,-0.8280403000000001,-0.15184489999999998,1.0
2445284.4887200003,60.14507,-1.797953,-1.569598,-0.1518521,-1.141941,-0.8280526,-0.1518371,1.0
2445284.4891,59.64856,-1.79795,-1.569601,-0.1518526,-1.141943,-0.8280518,-0.1518376,1.0
2445284.48672,59.59365,-1.797968,-1.569579,-0.1518495,-1.1419290000000002,-0.8280568000000001,-0.1518345,1.0
2445284.49726,59.48398,-1.797891,-1.569677,-0.1518634,-1.141991,-0.8280347,-0.1518484,1.0
2445284.49801,59.21066999999999,-1.797885,-1.569684,-0.1518644,-1.141995,-0.8280332,-0.1518494,1.0
2445284.50014,59.1017,-1.79787,-1.569703,-0.1518672,-1.142008,-0.8280287000000001,-0.15185220000000002,1.0
2445284.51781,60.0897,-1.797741,-1.569867,-0.15189049999999998,-1.142112,-0.8279918,-0.15187550000000002,1.0
2445284.51556,60.86954,-1.7977580000000002,-1.569846,-0.1518876,-1.142099,-0.8279965,-0.1518725,1.0
2445284.5186,61.1505,-1.797735,-1.569874,-0.15189160000000002,-1.142116,-0.8279901,-0.1518766,1.0
2445284.52306,61.43276,-1.7977029999999998,-1.569915,-0.1518975,-1.142143,-0.8279808000000001,-0.1518825,1.0
2445284.52451,61.60274,-1.7976919999999998,-1.569929,-0.1518994,-1.142151,-0.8279777,-0.1518844,1.0
2445284.5306,61.43276,-1.797648,-1.569985,-0.1519074,-1.142187,-0.827965,-0.1518924,1.0
2445284.52956,61.88708000000001,-1.797656,-1.569975,-0.151906,-1.142181,-0.8279671999999999,-0.151891,1.0
2445284.5286,61.94411,-1.797663,-1.569966,-0.15190479999999998,-1.142175,-0.8279692,-0.1518898,1.0
2445284.52672,62.05832,-1.7976759999999998,-1.569949,-0.1519023,-1.142164,-0.8279731,-0.15188729999999998,1.0
2445284.52156,62.00119,-1.797714,-1.569901,-0.1518955,-1.142134,-0.8279839,-0.1518805,1.0
2445284.53031,62.34477,-1.79765,-1.569982,-0.151907,-1.142185,-0.8279655999999999,-0.151892,1.0
2445284.53101,60.42268000000001,-1.7976450000000002,-1.569989,-0.151908,-1.142189,-0.8279641,-0.151893,1.0
2445284.53597,60.42268000000001,-1.797609,-1.570034,-0.1519145,-1.142219,-0.8279538000000001,-0.1518995,1.0
2445284.54401,60.70158000000001,-1.79755,-1.570109,-0.1519251,-1.142266,-0.827937,-0.15191010000000002,1.0
2448514.3560200003,4.38127,-2.343636,-0.3122775,0.01691369,-1.348495,-0.45846,0.01691369,1.0
2448514.35983,4.3052660000000005,-2.34363,-0.3123223,0.01690797,-1.34848,-0.4584401,0.01690797,1.0
2448514.36261,4.369181,-2.343625,-0.31235490000000005,0.01690381,-1.348469,-0.4584255999999999,0.01690381,1.0
2448514.36504,4.389348,-2.343621,-0.31238340000000003,0.01690017,-1.34846,-0.4584129,0.01690017,1.0
2448514.36852,4.3052660000000005,-2.343615,-0.31242420000000004,0.01689496,-1.3484459999999998,-0.4583947,0.01689496,1.0
2448514.37095,4.495728,-2.34361,-0.3124528,0.01689132,-1.348437,-0.4583821,0.01689132,1.0
2448514.37893,4.014208999999999,-2.343597,-0.3125465,0.01687936,-1.348405,-0.4583403,0.01687936,1.0
2448514.38414,3.948208,-2.343588,-0.31260770000000004,0.01687156,-1.348385,-0.4583130999999999,0.01687156,1.0
2448514.3949,3.729065,-2.343569,-0.3127341,0.01685543,-1.348343,-0.4582569,0.01685543,1.0
2448514.44768,4.246196,-2.343478,-0.3133537,0.01677637,-1.348137,-0.4579813,0.01677637,1.0
2448514.45115,4.138091,-2.343472,-0.3133945,0.01677117,-1.348123,-0.4579631,0.01677117,1.0
2448514.45428,4.2579449999999985,-2.343466,-0.3134312,0.01676649,-1.348111,-0.4579468,0.01676649,1.0
2448514.46227,4.3411019999999985,-2.343452,-0.313525,0.01675453,-1.34808,-0.4579051,0.01675453,1.0
2448514.4657400004,4.345102,-2.343446,-0.3135657,0.01674933,-1.348066,-0.457887,0.01674933,1.0
2448514.46852,4.269726,-2.343441,-0.3135983,0.01674516,-1.348055,-0.4578724,0.01674516,1.0
2448514.47164,4.242287,-2.343436,-0.313635,0.01674048,-1.348043,-0.4578561,0.01674048,1.0
2448514.47442,4.187936,-2.3434310000000003,-0.3136676,0.01673632,-1.348032,-0.4578416,0.01673632,1.0
2448514.47685,4.14954,-2.343427,-0.3136962,0.01673268,-1.348023,-0.4578289000000001,0.01673268,1.0
2448514.47962,4.242287,-2.3434220000000003,-0.3137288,0.01672852,-1.348012,-0.4578144,0.01672852,1.0
2448514.4824,4.17638,-2.343417,-0.3137614,0.01672436,-1.348001,-0.4577999,0.01672436,1.0
2448514.49768,4.043896,-2.343391,-0.3139408,0.01670147,-1.347941,-0.4577201,0.01670147,1.0
2448514.50046,4.014208999999999,-2.343386,-0.3139734,0.01669731,-1.34793,-0.4577055999999999,0.01669731,1.0
2448514.50324,3.992087,-2.343381,-0.314006,0.01669315,-1.347919,-0.4576911,0.01669315,1.0
2448514.51018,3.922835,-2.343369,-0.3140876,0.01668275,-1.347892,-0.4576548,0.01668275,1.0
2448514.51296,3.854784,-2.3433650000000004,-0.3141201,0.01667859,-1.347881,-0.4576403,0.01667859,1.0
2448514.51504,3.822962,-2.343361,-0.3141446,0.01667547,-1.347873,-0.4576294,0.01667547,1.0
2448514.51852,3.812414,-2.343355,-0.3141854,0.01667026,-1.34786,-0.4576113000000001,0.01667026,1.0
2448514.52477,3.858336,-2.343344,-0.31425879999999995,0.0166609,-1.347835,-0.4575786,0.0166609,1.0
2448514.52754,3.897625,-2.343339,-0.3142914,0.01665674,-1.347824,-0.4575642,0.01665674,1.0
2448514.53067,4.003133,-2.343334,-0.3143281,0.01665206,-1.347812,-0.4575478,0.01665206,1.0
2448514.53379,4.066305000000002,-2.343329,-0.3143647,0.01664738,-1.3478,-0.4575315,0.01664738,1.0
2448514.5358700003,4.138091,-2.343325,-0.31438920000000004,0.01664426,-1.347792,-0.4575206,0.01664426,1.0
2448514.53865,4.203393,-2.3433200000000003,-0.3144218,0.016640099999999998,-1.347781,-0.4575061,0.016640099999999998,1.0
2448514.54178,4.203393,-2.343315,-0.31445850000000003,0.01663542,-1.347769,-0.4574898,0.01663542,1.0
2448514.54421,4.164856,-2.34331,-0.314487,0.01663178,-1.347759,-0.4574771,0.01663178,1.0
2448514.54768,4.234479,-2.3433040000000003,-0.3145278,0.01662657,-1.347746,-0.457459,0.01662657,1.0
2448514.55046,4.301303,-2.3433,-0.3145604,0.01662241,-1.347735,-0.4574445,0.01662241,1.0
2448514.5532400003,4.138091,-2.343295,-0.3145931,0.01661825,-1.347724,-0.4574299,0.01661825,1.0
2448514.55602,4.254025,-2.34329,-0.3146257,0.01661409,-1.347713,-0.4574154,0.01661409,1.0
2448514.55879,4.126672,-2.343285,-0.3146583,0.01660993,-1.347702,-0.4574009,0.01660993,1.0
2448535.21956,6.982324,-2.296307,-0.5553259,-0.01437241,-1.318499,-0.34598470000000003,-0.01437241,1.0
2448535.22348,6.861199000000001,-2.296296,-0.5553712,-0.014378299999999997,-1.318504,-0.3459642000000001,-0.014378299999999997,1.0
2448535.2275,6.735968,-2.296285,-0.5554175,-0.01438432,-1.318508,-0.3459432,-0.01438432,1.0
2448535.2302200003,6.729767,-2.296277,-0.5554489,-0.0143884,-1.318511,-0.3459291,-0.0143884,1.0
2448535.23355,6.905577,-2.296268,-0.5554874,-0.01439339,-1.318515,-0.34591170000000004,-0.01439339,1.0
2448535.23627,7.021017,-2.29626,-0.5555187,-0.01439747,-1.318517,-0.3458975,-0.01439747,1.0
2448535.23907,6.988758,-2.296252,-0.5555511,-0.01440167,-1.3185209999999998,-0.3458829,-0.01440167,1.0
2448535.24207,6.829674000000002,-2.296244,-0.5555856,-0.01440616,-1.318524,-0.3458672,-0.01440616,1.0
2448535.2447200003,6.963058,-2.296237,-0.5556161999999999,-0.01441013,-1.318527,-0.34585340000000003,-0.01441013,1.0
2448535.24796,7.014553,-2.296227,-0.5556536,-0.01441499,-1.31853,-0.3458365,-0.01441499,1.0
2448535.25067,6.9310649999999985,-2.29622,-0.5556849,-0.01441905,-1.318533,-0.34582240000000003,-0.01441905,1.0
2448535.25351,7.099046,-2.296212,-0.5557177,-0.01442332,-1.3185360000000002,-0.3458075,-0.01442332,1.0
2448535.25629,7.204436,-2.296204,-0.5557498000000001,-0.01442748,-1.318539,-0.345793,-0.01442748,1.0
2448535.25912,7.158137,-2.296196,-0.5557823000000001,-0.01443172,-1.318542,-0.3457783,-0.01443172,1.0
2448535.2617900004,7.184557000000001,-2.296189,-0.5558132,-0.01443572,-1.318545,-0.3457643,-0.01443572,1.0
2448535.26439,7.297935000000002,-2.296181,-0.5558432,-0.01443963,-1.318548,-0.3457508,-0.01443963,1.0
2448535.27047,7.318128,-2.296164,-0.5559133,-0.01444874,-1.318555,-0.345719,-0.01444874,1.0
2448535.27333,7.433613999999999,-2.2961560000000003,-0.5559463000000001,-0.01445302,-1.318558,-0.3457041,-0.01445302,1.0
2448535.2760900003,7.331621000000001,-2.296148,-0.5559781,-0.01445715,-1.318561,-0.3456898,-0.01445715,1.0
2448535.27924,7.30466,-2.296139,-0.5560145000000001,-0.01446189,-1.3185639999999998,-0.3456733,-0.01446189,1.0
2448535.2821,7.264403999999999,-2.296131,-0.5560475,-0.01446617,-1.318567,-0.34565840000000003,-0.01446617,1.0
2448535.28479,7.284503999999999,-2.2961240000000003,-0.5560785,-0.0144702,-1.31857,-0.3456444,-0.0144702,1.0
2448535.28781,7.224369999999999,-2.2961150000000004,-0.5561134,-0.01447473,-1.318574,-0.34562859999999995,-0.01447473,1.0
2448535.2905900003,7.251035000000001,-2.296107,-0.5561454,-0.01447889,-1.318577,-0.3456141,-0.01447889,1.0
2448535.29338,7.211075,-2.2961,-0.5561775999999999,-0.01448307,-1.31858,-0.34559959999999995,-0.01448307,1.0
2448535.2989,6.963058,-2.296084,-0.5562413,-0.01449135,-1.318586,-0.3455708,-0.01449135,1.0
2448535.30149,7.284503999999999,-2.296077,-0.5562712,-0.01449523,-1.318589,-0.3455572,-0.01449523,1.0
2448535.30414,7.0599240000000005,-2.296069,-0.5563018,-0.014499200000000004,-1.318592,-0.3455434,-0.014499200000000004,1.0
2448535.31198,7.021017,-2.296047,-0.5563922,-0.01451095,-1.3186,-0.3455025,-0.01451095,1.0
2448535.3147,7.158137,-2.29604,-0.5564236,-0.01451503,-1.318603,-0.3454883,-0.01451503,1.0
2448535.31745,6.7235710000000015,-2.296032,-0.5564553000000001,-0.01451916,-1.318606,-0.345474,-0.01451916,1.0
2448535.32518,6.8171050000000015,-2.29601,-0.5565445,-0.01453075,-1.318614,-0.34543359999999995,-0.01453075,1.0
2448535.32795,6.773295,-2.296002,-0.5565764,-0.01453489,-1.318617,-0.3454192,-0.01453489,1.0
2448535.33056,6.89922,-2.295995,-0.5566066,-0.01453882,-1.31862,-0.3454055,-0.01453882,1.0
2448535.33353,6.873849000000001,-2.295987,-0.5566408,-0.01454326,-1.318624,-0.3453901,-0.01454326,1.0
2448535.33663,6.848572,-2.295978,-0.5566766,-0.01454791,-1.318627,-0.3453739,-0.01454791,1.0
2448535.3396,6.873849000000001,-2.29597,-0.5567109,-0.01455236,-1.31863,-0.3453584,-0.01455236,1.0
2448535.34235,6.773295,-2.295962,-0.5567426,-0.01455648,-1.318633,-0.3453441,-0.01455648,1.0
2448535.3448,6.8801830000000015,-2.295955,-0.5567709,-0.01456016,-1.318636,-0.3453313,-0.01456016,1.0
2448535.34897,6.89922,-2.295943,-0.5568189,-0.014566399999999997,-1.31864,-0.3453095,-0.014566399999999997,1.0
2448535.38077,7.537025999999999,-2.2958540000000003,-0.5571859,-0.01461408,-1.318675,-0.3451436,-0.01461408,1.0
2448535.38351,7.379042,-2.295846,-0.5572174,-0.01461818,-1.318678,-0.3451293,-0.01461818,1.0
2448535.38609,7.406277999999999,-2.295839,-0.5572471999999999,-0.01462204,-1.318681,-0.34511590000000003,-0.01462204,1.0
2448535.40096,7.413102,-2.2957970000000003,-0.5574187,-0.01464433,-1.318697,-0.3450383,-0.01464433,1.0
2448535.40368,7.257716999999999,-2.295789,-0.5574501000000001,-0.01464841,-1.3187,-0.3450241,-0.01464841,1.0
2448535.4064,7.099046,-2.295782,-0.5574815,-0.01465249,-1.318703,-0.34500990000000004,-0.01465249,1.0
2448535.40935,7.204436,-2.295773,-0.5575154999999999,-0.01465691,-1.318706,-0.34499450000000004,-0.01465691,1.0
2448535.41228,7.138386,-2.2957650000000003,-0.5575493,-0.0146613,-1.318709,-0.3449793,-0.0146613,1.0
2448535.41482,6.988758,-2.295758,-0.5575787,-0.01466512,-1.318712,-0.344966,-0.01466512,1.0
2448535.41773,6.810828999999999,-2.29575,-0.5576121999999999,-0.01466947,-1.318715,-0.3449508,-0.01466947,1.0
2448535.42036,7.0016440000000015,-2.295742,-0.5576425,-0.01467341,-1.318718,-0.34493709999999994,-0.01467341,1.0
2448535.42349,6.956648,-2.295733,-0.5576787,-0.01467812,-1.318722,-0.3449207,-0.01467812,1.0
2448535.42616,7.079458,-2.295726,-0.5577095999999999,-0.01468212,-1.318725,-0.3449068,-0.01468212,1.0
2448535.42891,6.943845,-2.295718,-0.5577411999999999,-0.01468624,-1.318728,-0.3448925,-0.01468624,1.0
2448535.43162,7.0016440000000015,-2.2957110000000003,-0.5577725,-0.0146903,-1.318731,-0.3448783,-0.0146903,1.0
2448535.43451,7.027486,-2.295702,-0.5578058000000001,-0.01469463,-1.318734,-0.3448633,-0.01469463,1.0
2448535.43752,7.158137,-2.295694,-0.5578406,-0.01469914,-1.318737,-0.3448476,-0.01469914,1.0
2448535.4399900003,7.033962,-2.295687,-0.557869,-0.01470284,-1.31874,-0.3448347,-0.01470284,1.0
2448535.44326,7.1449630000000015,-2.295678,-0.5579068,-0.01470775,-1.318743,-0.3448176,-0.01470775,1.0
2448535.44698,7.1911770000000015,-2.295667,-0.5579497,-0.01471332,-1.318747,-0.3447982,-0.01471332,1.0
2448535.45,7.2177190000000016,-2.295659,-0.5579845,-0.01471785,-1.318751,-0.3447825,-0.01471785,1.0
2448537.2093,8.053784,-2.2906150000000003,-0.5782599,-0.01735313,-1.321102,-0.33570120000000003,-0.01735313,1.0
2448537.2126700003,7.928664,-2.290605,-0.5782986999999999,-0.01735818,-1.321107,-0.33568400000000004,-0.01735818,1.0
2448537.2154900003,7.87771,-2.290597,-0.5783312,-0.01736241,-1.321112,-0.3356696,-0.01736241,1.0
2448537.21808,7.7624710000000015,-2.290589,-0.5783609000000001,-0.01736628,-1.321116,-0.3356564,-0.01736628,1.0
2448537.22342,7.928664,-2.290573,-0.5784224,-0.01737429,-1.321124,-0.3356291,-0.01737429,1.0
2448537.22665,7.884969,-2.290564,-0.5784596,-0.01737912,-1.321129,-0.3356126,-0.01737912,1.0
2448537.2291200003,7.726806,-2.290557,-0.578488,-0.01738282,-1.321133,-0.3356,-0.01738282,1.0
2448537.23171,7.748185,-2.290549,-0.5785178000000001,-0.0173867,-1.321137,-0.3355868,-0.0173867,1.0
2448537.23434,7.776783,-2.290542,-0.5785481,-0.01739064,-1.321141,-0.3355733,-0.01739064,1.0
2448537.23695,7.855973,-2.290534,-0.5785781999999999,-0.01739455,-1.321145,-0.33556,-0.01739455,1.0
2448537.23956,7.935969999999998,-2.290526,-0.5786081999999999,-0.01739845,-1.321149,-0.33554670000000003,-0.01739845,1.0
2448537.2426400003,7.87771,-2.290517,-0.5786435999999999,-0.01740307,-1.3211540000000002,-0.335531,-0.01740307,1.0
2448537.24519,8.016781,-2.29051,-0.5786730999999999,-0.017406900000000003,-1.321158,-0.33551790000000004,-0.017406900000000003,1.0
2448537.2478,7.979947,-2.290502,-0.578703,-0.0174108,-1.3211620000000002,-0.3355046,-0.0174108,1.0
2448537.25033,7.8415149999999985,-2.290495,-0.5787321999999999,-0.0174146,-1.321166,-0.3354917,-0.0174146,1.0
2448537.25296,7.899507000000002,-2.290487,-0.5787625,-0.01741853,-1.3211700000000002,-0.3354782,-0.01741853,1.0
2448537.25428,7.99466,-2.290483,-0.5787777,-0.01742051,-1.321172,-0.33547150000000003,-0.01742051,1.0
2448537.25583,8.113346,-2.290479,-0.5787955,-0.01742283,-1.321175,-0.3354636,-0.01742283,1.0
2448537.2598900003,8.038962,-2.290467,-0.5788423,-0.01742892,-1.321181,-0.3354428,-0.01742892,1.0
2448537.26244,8.128305000000001,-2.29046,-0.5788715999999999,-0.01743273,-1.321185,-0.3354298,-0.01743273,1.0
2448537.26497,8.18088,-2.290452,-0.5789008000000001,-0.01743653,-1.321189,-0.3354169,-0.01743653,1.0
2448537.26765,8.143292,-2.290444,-0.5789316,-0.01744054,-1.321193,-0.3354032,-0.01744054,1.0
2448537.2701,8.18088,-2.290437,-0.5789598000000001,-0.01744421,-1.321197,-0.33539070000000004,-0.01744421,1.0
2448537.27536,8.120822,-2.290422,-0.5790203,-0.01745208,-1.321205,-0.3353639,-0.01745208,1.0
2448537.27804,8.128305000000001,-2.290414,-0.5790512,-0.0174561,-1.32121,-0.3353502,-0.0174561,1.0
2448537.28189,8.248975,-2.290403,-0.5790956,-0.01746188,-1.321216,-0.3353305,-0.01746188,1.0
2448537.28427,8.195963,-2.290396,-0.5791229,-0.01746543,-1.321219,-0.3353183,-0.01746543,1.0
2448537.28677,8.264184,-2.290389,-0.5791516999999999,-0.01746918,-1.321223,-0.3353056,-0.01746918,1.0
2448537.28921,8.188417999999999,-2.290381,-0.5791798,-0.01747284,-1.3212270000000002,-0.3352931,-0.01747284,1.0
2448537.29186,8.105877,-2.2903740000000004,-0.5792103,-0.01747681,-1.321231,-0.3352796,-0.01747681,1.0
2448537.29465,8.016781,-2.290366,-0.5792424,-0.01748099,-1.321236,-0.3352653,-0.01748099,1.0
2448537.29713,8.04637,-2.2903580000000003,-0.5792709,-0.017484700000000002,-1.321239,-0.3352527,-0.017484700000000002,1.0
2448537.30008,8.061206,-2.29035,-0.5793049,-0.01748912,-1.321244,-0.3352376,-0.01748912,1.0
2448537.30286,7.965261,-2.290342,-0.5793369,-0.01749328,-1.321248,-0.3352234000000001,-0.01749328,1.0
2448537.30536,8.016781,-2.290334,-0.5793656999999999,-0.01749702,-1.321252,-0.3352106,-0.01749702,1.0
2448537.30811,8.08351,-2.290326,-0.5793974000000001,-0.01750115,-1.321257,-0.3351966,-0.01750115,1.0
2448537.31105,8.024168,-2.290318,-0.5794312,-0.01750556,-1.321261,-0.3351816,-0.01750556,1.0
2448537.31523,7.884969,-2.290306,-0.5794793,-0.01751181,-1.321268,-0.3351602,-0.01751181,1.0
2448537.31863,7.921365,-2.290296,-0.5795185,-0.01751691,-1.321273,-0.3351429,-0.01751691,1.0
2448537.32141,7.819878,-2.2902880000000003,-0.5795505,-0.01752107,-1.3212780000000002,-0.3351287,-0.01752107,1.0
2448537.32419,7.748185,-2.290279,-0.5795824,-0.01752523,-1.321282,-0.3351145,-0.01752523,1.0
2448537.32695,7.698392,-2.290271,-0.5796143,-0.01752937,-1.321286,-0.3351004,-0.01752937,1.0
2448537.33077,7.585775999999999,-2.29026,-0.5796583000000001,-0.0175351,-1.321292,-0.3350808,-0.0175351,1.0
2448537.33331,7.599761999999999,-2.290253,-0.5796874,-0.01753889,-1.3212959999999998,-0.33506790000000003,-0.01753889,1.0
2448537.33594,7.599761999999999,-2.290245,-0.5797177,-0.01754283,-1.3213,-0.33505450000000003,-0.01754283,1.0
2448537.3382,7.592766,-2.290239,-0.5797438,-0.01754623,-1.321304,-0.33504290000000003,-0.01754623,1.0
2448537.3403,7.627812,-2.290232,-0.5797679,-0.01754937,-1.321307,-0.3350322,-0.01754937,1.0
2448537.34435,7.564844,-2.290221,-0.5798145,-0.01755543,-1.321313,-0.3350115,-0.01755543,1.0
2448537.34699,7.691304,-2.290213,-0.5798449000000001,-0.01755939,-1.321318,-0.334998,-0.01755939,1.0
2448537.34965,7.698392,-2.290205,-0.5798755999999999,-0.01756338,-1.321322,-0.3349844,-0.01756338,1.0
2448537.35209,7.755325,-2.290198,-0.5799036999999999,-0.01756704,-1.321326,-0.334972,-0.01756704,1.0
2448537.35506,7.914072,-2.290189,-0.5799378000000001,-0.01757147,-1.32133,-0.3349568,-0.01757147,1.0
2448537.36073,8.024168,-2.290173,-0.5800031,-0.01757997,-1.321339,-0.3349279000000001,-0.01757997,1.0
2448537.36353,8.113346,-2.290165,-0.5800353,-0.01758416,-1.321343,-0.3349136,-0.01758416,1.0
2448537.36606,8.195963,-2.290157,-0.5800645000000001,-0.01758796,-1.3213469999999998,-0.3349006,-0.01758796,1.0
2448537.36913,8.165824,-2.290148,-0.5800998,-0.01759256,-1.321352,-0.33488490000000004,-0.01759256,1.0
2448537.37191,8.264184,-2.29014,-0.5801318,-0.01759672,-1.321357,-0.3348708,-0.01759672,1.0
2448537.37436,8.371437,-2.290133,-0.58016,-0.01760039,-1.32136,-0.33485820000000005,-0.01760039,1.0
2448537.37716,8.417827,-2.290125,-0.5801923000000001,-0.01760459,-1.321365,-0.3348439,-0.01760459,1.0
2448537.38334,8.3946,-2.290107,-0.5802635,-0.01761385,-1.321374,-0.3348124,-0.01761385,1.0
2448537.38598,8.371437,-2.290099,-0.5802938,-0.0176178,-1.321379,-0.3347989,-0.0176178,1.0
2448537.38851,8.386872,-2.290092,-0.5803229,-0.01762158,-1.321383,-0.33478600000000003,-0.01762158,1.0
2448537.39095,8.340652,-2.290085,-0.5803510000000001,-0.01762524,-1.321386,-0.3347735,-0.01762524,1.0
2448537.39336,8.294687,-2.290078,-0.5803788000000001,-0.01762886,-1.32139,-0.3347612,-0.01762886,1.0
2448537.39583,8.325302,-2.29007,-0.5804071999999999,-0.01763255,-1.321394,-0.3347486,-0.01763255,1.0
2449030.53119,37.76104,2.064681,-2.040999,-0.30233390000000004,1.272008,-1.45259,-0.30233590000000005,1.0
2449030.54166,45.34318,2.064763,-2.040937,-0.3023281,1.2719790000000002,-1.452673,-0.3023301,1.0
2449030.54616,45.42511,2.064798,-2.04091,-0.30232570000000003,1.271967,-1.452709,-0.3023277,1.0
2449030.55018,47.39538,2.064829,-2.040886,-0.3023234,1.271956,-1.452741,-0.3023254,1.0
2449030.56018,46.88997,2.064906,-2.040827,-0.30231790000000003,1.2719280000000002,-1.452821,-0.30231990000000003,1.0
2449030.56423,45.21598,2.064938,-2.040803,-0.3023157,1.271917,-1.4528530000000002,-0.3023177,1.0
2449030.56958,46.35195,2.064979,-2.040771,-0.3023128,1.271902,-1.452896,-0.3023148,1.0
2449030.57888,42.42833,2.065051,-2.040716,-0.30230759999999995,1.271876,-1.45297,-0.3023096,1.0
2449030.58295,43.31596,2.065083,-2.040692,-0.3023054,1.271865,-1.453002,-0.3023074,1.0
2449030.58729,41.82462,2.065116,-2.040666,-0.30230300000000004,1.271853,-1.453037,-0.30230500000000005,1.0
2449030.59001,39.19512,2.065138,-2.04065,-0.3023015,1.2718459999999998,-1.453058,-0.3023035,1.0
2449030.60077,35.2254,2.065221,-2.040586,-0.30229559999999994,1.271816,-1.453144,-0.30229759999999994,1.0
2449030.60479,33.77474,2.065252,-2.040563,-0.30229340000000005,1.271805,-1.453176,-0.3022954,1.0
2449030.60898,35.36389000000001,2.065285,-2.040538,-0.3022911,1.271793,-1.45321,-0.3022931,1.0
2449030.61838,37.98464,2.065357,-2.040482,-0.30228590000000005,1.271767,-1.453284,-0.30228790000000005,1.0
2449030.62246,40.32923,2.065389,-2.040458,-0.3022836,1.271756,-1.453317,-0.3022856,1.0
2449030.62663,42.90224,2.065421,-2.040433,-0.30228130000000003,1.271744,-1.45335,-0.30228330000000003,1.0
2449030.63632,42.11104,2.065497,-2.040376,-0.30227600000000004,1.271718,-1.453427,-0.30227800000000005,1.0
2449030.64048,44.77628,2.065529,-2.040351,-0.30227370000000003,1.271706,-1.45346,-0.3022757,1.0
2449030.64456,47.22674,2.06556,-2.040327,-0.3022714,1.271695,-1.453493,-0.3022734,1.0
2449030.64857,47.95832,2.065592,-2.040303,-0.3022692,1.271684,-1.453525,-0.3022712,1.0
2449030.6578,50.66546,2.065663,-2.040249,-0.30226420000000004,1.271658,-1.453598,-0.30226620000000004,1.0
2449030.66185,50.40342,2.0656950000000003,-2.040225,-0.30226190000000003,1.271647,-1.453631,-0.30226390000000003,1.0
2449030.66588,50.72476,2.065726,-2.040201,-0.3022597,1.271636,-1.453663,-0.3022617,1.0
2449030.67515,46.99417,2.065798,-2.040146,-0.3022546,1.27161,-1.453737,-0.3022566,1.0
2449030.67972,40.76167,2.065833,-2.040119,-0.3022521,1.271598,-1.453773,-0.3022541,1.0
2449030.68407,45.65412,2.065867,-2.040093,-0.3022497,1.271586,-1.453808,-0.3022517,1.0
