2447473.587885,0.9112399,-1.6936378,-1.38715182,-0.06051962,-1.00610941,-0.67391247,-0.0604889,1.0
2447473.591535,0.8758563,-1.6936076,-1.38718637,-0.06052167,-1.00612544,-0.67390368,-0.06049095,1.0
2447473.594212,0.8750496999999999,-1.69358545,-1.38721171,-0.06052318,-1.0061372,-0.67389723,-0.06049245,1.0
2447473.5974560003,0.8341284999999999,-1.69355861,-1.38724241,-0.060525,-1.00615146,-0.67388942,-0.06049428,1.0
2447473.600336,0.8598701999999999,-1.69353478,-1.38726967,-0.06052662,-1.00616411,-0.67388249,-0.06049589,1.0
2447473.602363,0.8249594000000001,-1.69351801,-1.38728886,-0.06052776,-1.00617302,-0.67387761,-0.06049703,1.0
2447473.60508,0.7325424,-1.69349553,-1.38731458,-0.06052929,-1.00618496,-0.67387108,-0.06049856,1.0
2447473.608852,0.7537595,-1.69346432,-1.38735028,-0.06053141,-1.00620154,-0.673862,-0.06050068,1.0
2447473.611164,0.8527714,-1.69344519,-1.38737216,-0.06053271,-1.00621171,-0.67385644,-0.06050198,1.0
2447473.613718,0.8061815999999999,-1.69342406,-1.38739633,-0.06053414,-1.00622294,-0.6738503,-0.06050341,1.0
2447473.615422,0.789283,-1.69340996,-1.38741246,-0.0605351,-1.00623043,-0.6738462,-0.06050437,1.0
2447473.620653,0.7885564,-1.69336668,-1.38746197,-0.06053804,-1.00625343,-0.67383363,-0.06050731,1.0
2447473.651595,0.8387505999999999,-1.69311061,-1.38775481,-0.06055544,-1.0063896,-0.67375935,-0.06052469,1.0
2447473.659138,0.8847752000000001,-1.69304818,-1.38782619,-0.06055968,-1.00642281,-0.67374127,-0.06052893,1.0
2447473.694866,1.057871,-1.69275244,-1.38816426,-0.06057976,-1.00658027,-0.67365576,-0.060549,1.0
2447473.704072,1.093535,-1.69267623,-1.38825136,-0.06058494,-1.00662087,-0.67363376,-0.06055417,1.0
2447473.734081,1.052041,-1.69242776,-1.38853527,-0.06060181,-1.00675333,-0.67356217,-0.06057103,1.0
2447473.764983,1.043356,-1.69217187,-1.38882758,-0.06061918,-1.00688988,-0.67348861,-0.06058839,1.0
2447473.783517,0.9524294,-1.69201837,-1.38900288,-0.06062959,-1.00697185,-0.67344458,-0.060598800000000015,1.0
2447473.795317,0.9436976,-1.69192062,-1.3891145,-0.06063622,-1.00702407,-0.67341657,-0.06060542,1.0
2447473.798642,0.9324653,-1.69189308,-1.38914594,-0.06063809,-1.00703879,-0.67340869,-0.06060729,1.0
2447473.804766,0.9445674,-1.69184235,-1.38920386,-0.06064153,-1.0070659,-0.67339417,-0.06061073,1.0
2447473.809876,0.926473,-1.69180003,-1.38925219,-0.06064441,-1.00708853,-0.67338206,-0.0606136,1.0
2447473.817054,0.9376327,-1.69174056,-1.38932007,-0.06064844,-1.00712032,-0.67336505,-0.06061763,1.0
2447473.822529,0.9307494,-1.69169521,-1.38937184,-0.06065152,-1.00714457,-0.67335209,-0.0606207,1.0
2447473.844509,0.9471807,-1.6915131,-1.38957969,-0.06066387,-1.007242,-0.6733001000000001,-0.06063305,1.0
2447473.849497,0.9773108,-1.69147178,-1.38962685,-0.06066667,-1.00726411,-0.67328831,-0.06063585,1.0
2447473.851525,1.001919,-1.69145497,-1.38964603,-0.06066781,-1.00727311,-0.67328352,-0.06063698,1.0
2447473.855459,0.9568257,-1.69142238,-1.38968323,-0.06067002,-1.00729056,-0.67327423,-0.06063919,1.0
2447473.862191,0.9737171999999998,-1.69136659,-1.38974688,-0.060673800000000014,-1.00732042,-0.67325834,-0.06064297,1.0
2447473.869773,0.9982347,-1.69130376,-1.38981857,-0.06067806,-1.00735407,-0.67324045,-0.06064723,1.0
2447473.872491,1.035697,-1.69128124,-1.38984427,-0.06067959,-1.00736614,-0.67323404,-0.06064876,1.0
2447473.875775,1.005618,-1.69125402,-1.38987532,-0.06068143,-1.00738071,-0.67322629,-0.0606506,1.0
2447473.880155,1.015858,-1.69121772,-1.38991673,-0.06068389,-1.00740016,-0.67321597,-0.06065306,1.0
2447473.882913,1.016794,-1.69119487,-1.3899428,-0.06068544,-1.0074124,-0.67320947,-0.06065461,1.0
2447473.884941,1.079525,-1.69117806,-1.38996198,-0.06068658,-1.00742141,-0.67320469,-0.06065575,1.0
2447473.886928,1.069628,-1.69116159,-1.38998076,-0.0606877,-1.00743023,-0.67320001,-0.06065686,1.0
2447473.8937810003,1.036651,-1.6911048,-1.39004555,-0.06069155,-1.00746067,-0.67318387,-0.06066071,1.0
2447473.897431,1.074565,-1.69107455,-1.39008006,-0.0606936,-1.00747688,-0.67317528,-0.06066276,1.0
2447473.898932,1.064714,-1.69106211,-1.39009425,-0.06069444,-1.00748355,-0.67317174,-0.0606636,1.0
2447473.900027,1.054953,-1.69105303,-1.3901046,-0.06069506,-1.00748841,-0.67316917,-0.06066422,1.0
2447473.902379,1.076547,-1.69103354,-1.39012683,-0.06069638,-1.00749886,-0.67316363,-0.06066554,1.0
2447473.90465,1.105688,-1.69101472,-1.3901483,-0.06069765,-1.00750896,-0.67315829,-0.06066681,1.0
2447473.914464,1.073576,-1.69093337,-1.39024107,-0.06070317,-1.00755257,-0.67313521,-0.06067232,1.0
2447473.917708,1.139811,-1.69090648,-1.39027174,-0.06070499,-1.00756699,-0.67312758,-0.06067414,1.0
2447473.920872,1.10977,-1.69088026,-1.39030165,-0.06070677,-1.00758106,-0.67312015,-0.06067592,1.0
2447473.923264,1.141913,-1.69086043,-1.39032426,-0.06070811,-1.0075917,-0.67311453,-0.06067726,1.0
2447473.926225,1.154603,-1.69083589,-1.39035225,-0.06070977,-1.00760487,-0.67310757,-0.06067892,1.0
2447473.928009,1.152478,-1.6908211,-1.39036911,-0.06071078,-1.0076128,-0.67310338,-0.06067992,1.0
2447473.930361,1.142965,-1.6908016,-1.39039134,-0.0607121,-1.00762326,-0.67309786,-0.06068124,1.0
2447473.932713,1.15354,-1.6907821,-1.39041357,-0.06071342,-1.00763372,-0.67309234,-0.06068256,1.0
2447473.9368490004,1.151417,-1.69074781,-1.39045268,-0.06071574,-1.00765212,-0.67308263,-0.06068489,1.0
2447473.938755,1.152478,-1.69073201,-1.39047069,-0.06071681,-1.0076606,-0.67307816,-0.06068596,1.0
2447473.941594,1.084508,-1.69070847,-1.39049753,-0.06071841,-1.00767324,-0.6730715,-0.06068755,1.0
2447473.9430130003,1.127282,-1.69069671,-1.39051094,-0.0607192,-1.00767955,-0.67306817,-0.06068835,1.0
2447473.945528,1.10467,-1.69067586,-1.39053471,-0.06072062,-1.00769074,-0.67306227,-0.06068976,1.0
2447473.948691,1.116948,-1.69064964,-1.39056461,-0.06072239,-1.00770482,-0.67305485,-0.06069153,1.0
2447473.951327,1.038563,-1.69062778,-1.39058952,-0.06072387,-1.00771655,-0.67304867,-0.06069301,1.0
2447473.95445,1.08351,-1.69060189,-1.39061904,-0.06072563,-1.00773045,-0.67304135,-0.06069477,1.0
2447473.95668,1.017731,-1.6905834,-1.39064011,-0.06072688,-1.00774038,-0.67303612,-0.06069602,1.0
2447473.958748,1.044318,-1.69056626,-1.39065966,-0.06072804,-1.00774959,-0.67303128,-0.06069718,1.0
2447473.960249,1.13353,-1.69055381,-1.39067385,-0.06072889,-1.00775627,-0.67302776,-0.06069802,1.0
2447473.961628,1.102638,-1.69054238,-1.39068688,-0.06072966,-1.00776241,-0.67302453,-0.0606988,1.0
2447473.963331,1.156732,-1.69052826,-1.39070297,-0.06073062,-1.00776999,-0.67302054,-0.06069975,1.0
2447473.965724,1.0706129999999998,-1.69050842,-1.39072559,-0.06073196,-1.00778065,-0.67301494,-0.06070109,1.0
2447473.967427,1.038563,-1.6904943,-1.39074169,-0.06073292,-1.00778824,-0.67301095,-0.06070205,1.0
2447473.96836,0.9791127,-1.69048656,-1.3907505,-0.06073344,-1.00779239,-0.67300877,-0.06070257,1.0
2447473.968887,0.9710304,-1.6904822,-1.39075548,-0.06073374,-1.00779474,-0.67300753,-0.06070287,1.0
2447473.970712,1.001919,-1.69046706,-1.39077273,-0.06073476,-1.00780287,-0.67300326,-0.06070389,1.0
2447473.972374,1.045281,-1.69045328,-1.39078844,-0.0607357,-1.00781027,-0.67299937,-0.06070483,1.0
2447473.973307,0.9480536,-1.69044555,-1.39079726,-0.06073622,-1.00781443,-0.67299719,-0.06070535,1.0
2447473.974321,0.9367692,-1.69043714,-1.39080684,-0.06073679,-1.00781894,-0.67299482,-0.06070592,1.0
2447473.97574,1.016794,-1.69042537,-1.39082025,-0.06073759,-1.00782526,-0.6729915,-0.06070672,1.0
2447473.976714,0.8921392,-1.6904172999999998,-1.39082945,-0.06073813,-1.0078296,-0.67298922,-0.06070726,1.0
2447473.97862,0.9419604,-1.69040149,-1.39084747,-0.060739199999999986,-1.0078380999999998,-0.67298476,-0.06070833,1.0
2447473.980769,0.9419604,-1.69038367,-1.39086778,-0.06074041,-1.00784767,-0.67297973,-0.06070954,1.0
2447473.982837,0.9179788,-1.69036653,-1.39088732,-0.06074157,-1.00785689,-0.67297489,-0.0607107,1.0
2447473.983932,0.9782113,-1.69035745,-1.39089767,-0.06074219,-1.00786177,-0.67297233,-0.06071131,1.0
2447473.98738,0.9728205,-1.69032886,-1.39093025,-0.06074412,-1.00787713,-0.67296427,-0.06071325,1.0
2447473.989934,0.9179788,-1.69030768,-1.39095439,-0.06074556,-1.00788852,-0.6729583,-0.06071468,1.0
2449389.496293,1.085445,2.02148551,-1.58833652,-0.09897546,1.29976112,-0.91637053,-0.09895697,1.0
2449389.500448,1.086445,2.02151912,-1.58830639,-0.09897412,1.29974486,-0.91639298,-0.09895564,1.0
2449389.508759,1.1230719999999998,2.02158635,-1.58824612,-0.09897144,1.29971236,-0.91643789,-0.09895296,1.0
2449389.514161,1.104606,2.02163005,-1.58820695,-0.0989697,1.29969124,-0.91646709,-0.09895122,1.0
2449389.518316,0.9736607,2.02166366,-1.58817681,-0.09896836,1.299675,-0.91648955,-0.09894988,1.0
2449389.5220560003,0.9718689,2.02169391,-1.58814969,-0.09896715,1.29966038,-0.91650978,-0.09894867,1.0
2449389.527458,1.012996,2.02173761,-1.58811051,-0.09896541,1.29963928,-0.91653899,-0.09894693,1.0
2449389.534522,0.8709789000000001,2.02179475,-1.58805928,-0.09896313,1.29961169,-0.9165772,-0.09894465,1.0
2449389.559453,0.9162365,2.02199639,-1.58787846,-0.09895508,1.29951438,-0.91671212,-0.09893662,1.0
2449389.562778,1.000939,2.02202328,-1.58785434,-0.09895401,1.29950142,-0.91673013,-0.09893555,1.0
2449389.636742,0.9036653,2.02262136,-1.58731778,-0.09893014,1.29921347,-0.91713111,-0.0989117,1.0
2449389.640897,0.8896264000000002,2.02265495,-1.58728763,-0.0989288,1.29919733,-0.91715366,-0.09891036,1.0
2449389.667491,0.9332708,2.02286994,-1.58709467,-0.09892021,1.29909407,-0.9172981,-0.09890178,1.0
2449389.675801,1.005559,2.02293712,-1.58703437,-0.09891753,1.29906183,-0.91734326,-0.0988991,1.0
2449389.698656,1.095488,2.02312186,-1.58686852,-0.09891015,1.29897323,-0.91746752,-0.09889173,1.0
2449389.721925,1.026142,2.02330992,-1.58669964,-0.09890263,1.29888313,-0.91759413,-0.09888422,1.0
2449393.454197,0.9557785,2.05322925,-1.55942041,-0.09768524,1.28578023,-0.93912262,-0.09766821,1.0
2449393.472064,0.9557785,2.05337131,-1.5592889,-0.09767935,1.28572409,-0.93923136,-0.09766234,1.0
2449393.48453,0.9870911,2.05347042,-1.55919714,-0.09767525,1.28568497,-0.93930725,-0.09765823,1.0
2449393.496995,1.05089,2.05356952,-1.55910537,-0.09767114,1.28564587,-0.93938318,-0.09765413,1.0
2449393.524835,1.089324,2.05379083,-1.55890042,-0.09766197,1.28555866,-0.93955282,-0.09764497,1.0
2449393.536055,1.077351,2.05388001,-1.55881782,-0.09765827,1.28552356,-0.93962123,-0.09764128,1.0
2449393.558909,1.020369,2.05406165,-1.55864955,-0.09765074,1.28545214,-0.93976063,-0.09763376,1.0
2449393.588411,0.9726515,2.0542961,-1.55843231,-0.09764102,1.2853601,-0.93994071,-0.09762404,1.0
2449393.635782,0.9035607,2.05467249,-1.55808345,-0.0976254,1.28521268,-0.94023016,-0.09760845,1.0
2449393.650325,0.9548986,2.05478802,-1.55797634,-0.09762061,1.28516752,-0.9403191,-0.09760366,1.0
2449393.668192,1.019429,2.05492997,-1.55784473,-0.09761472,1.28511208,-0.94042841,-0.09759777,1.0
2449393.67858,1.0128780000000002,2.05501248,-1.55776821,-0.09761129,1.28507988,-0.94049199,-0.09759435,1.0
2449401.423111,1.009573,2.11546422,-1.49992869,-0.09500761,1.26736898,-0.99246975,-0.09499377,1.0
2449401.435576,1.059102,2.1155598,-1.49983435,-0.09500334,1.26735097,-0.99256026,-0.0949895,1.0
2449401.443471,1.04457,2.11562033,-1.49977459,-0.09500063,1.26733958,-0.99261758,-0.0949868,1.0
2449401.526576,0.9266969,2.11625734,-1.49914549,-0.09497215,1.26722053,-0.99322154,-0.09495836,1.0
2449401.543196,0.9249915,2.11638471,-1.49901965,-0.09496645,1.26719691,-0.99334243,-0.09495267,1.0
2449401.570621,0.9064372,2.11659485,-1.49881199,-0.09495705,1.26715807,-0.99354199,-0.09494328,1.0
2449401.576439,0.8981268,2.11663943,-1.49876794,-0.09495506,1.26714985,-0.99358434,-0.09494129,1.0
2449401.591397,0.9632469,2.11675404,-1.49865466,-0.09494993,1.26712875,-0.99369324,-0.09493616,1.0
2449401.597214,0.9712648000000002,2.1167986,-1.49861061,-0.09494793,1.26712056,-0.9937356,-0.09493417,1.0
2449401.615913,0.9703707,2.11694185,-1.498469,-0.09494152,1.26709429,-0.99387179,-0.09492777,1.0
2449401.622146,0.9938885,2.1169896,-1.4984218,-0.09493938,1.26708555,-0.99391719,-0.09492563,1.0
2449401.628379,0.9730557,2.11703734,-1.49837459,-0.09493725,1.26707681,-0.9939626,-0.0949235,1.0
2449401.63295,1.030238,2.11707236,-1.49833997,-0.09493568,1.26707041,-0.99399591,-0.09492193,1.0
2449401.637935,1.019853,2.11711055,-1.49830221,-0.09493397,1.26706344,-0.99403224,-0.09492022,1.0
2449401.642921,1.072847,2.11714874,-1.49826445,-0.09493226,1.26705647,-0.99406857,-0.09491852,1.0
2449401.647076,1.040729,2.11718056,-1.49823298,-0.09493083,1.26705067,-0.99409885,-0.09491709,1.0
2449401.660789,1.065952,2.11728559,-1.49812911,-0.09492613,1.26703155,-0.99419881,-0.0949124,1.0
2449401.676579,1.0610540000000002,2.11740652,-1.49800951,-0.09492072,1.26700958,-0.99431394,-0.09490699,1.0
2449401.684474,1.00586,2.11746698,-1.49794971,-0.09491801,1.26699862,-0.99437151,-0.09490428,1.0
2449401.689875,1.034994,2.11750834,-1.49790879,-0.09491616,1.26699112,-0.99441091,-0.09490243,1.0
2449401.696939,0.9748496,2.11756244,-1.49785528,-0.09491373,1.26698134,-0.99446244,-0.09490001,1.0
2449401.702341,1.018915,2.1176037999999995,-1.49781435,-0.09491188,1.26697386,-0.99450184,-0.09489816,1.0
2449401.707743,1.008644,2.11764517,-1.49777343,-0.09491003,1.26696639,-0.99454125,-0.09489631,1.0
2449401.713976,1.015167,2.11769289,-1.49772621,-0.09490789,1.26695777,-0.99458673,-0.09489417,1.0
2449401.720209,1.009573,2.11774062,-1.49767899,-0.09490575,1.26694917,-0.99463222,-0.09489204,1.0
2449402.660116,0.9990189,2.12492144,-1.49054707,-0.09458258,1.26575212,-1.00154778,-0.09456926,1.0
2449402.6692580003,1.025118,2.12499113,-1.49047759,-0.09457943,1.26574146,-1.00161559,-0.09456612,1.0
2449402.678814,1.044176,2.12506397,-1.49040496,-0.09457613,1.26573034,-1.00168649,-0.09456283,1.0
2449402.687956,1.006407,2.12513366,-1.49033548,-0.09457298,1.26571972,-1.00175432,-0.09455968,1.0
2449402.696266,1.0157200000000002,2.12519699,-1.49027232,-0.09457012,1.26571008,-1.00181598,-0.09455682,1.0
2449402.704577,1.0157200000000002,2.12526033,-1.49020915,-0.09456726,1.26570045,-1.00187767,-0.09455396,1.0
2449402.71081,0.971793,2.12530784,-1.49016177,-0.09456511,1.26569325,-1.00192393,-0.09455181,1.0
2449402.719119,0.9871287,2.12537117,-1.49009861,-0.09456224,1.26568365,-1.00198562,-0.09454895,1.0
2449402.72743,0.9349185,2.1254345000000003,-1.49003543,-0.09455938,1.26567407,-1.00204733,-0.09454609,1.0
2449417.411743,0.9111477,2.233438,-1.37580074,-0.08933244,1.27441344,-1.1220216,-0.08932573,1.0
2449417.416314,0.918732,2.23347039,-1.3757643999999998,-0.08933076,1.27442445,-1.12206157,-0.08932406,1.0
2449417.4213,0.9170413,2.23350573,-1.37572476,-0.08932893,1.27443646,-1.12210516,-0.08932223,1.0
2449417.432934,0.9280873,2.23358818,-1.37563225,-0.08932466,1.27446451,-1.1222069,-0.08931797,1.0
2449417.444985,1.098472,2.23367358,-1.37553644,-0.08932024,1.2744936000000002,-1.12231229,-0.08931355,1.0
2449417.455373,1.164096,2.23374718,-1.37545385,-0.08931643,1.2745187,-1.12240314,-0.08930974,1.0
2449417.487782,1.300136,2.23397681,-1.37519614,-0.08930453,1.2745972,-1.12268663,-0.08929786,1.0
2449417.497339,1.246204,2.23404452,-1.37512014,-0.08930102,1.2746204,-1.12277024,-0.08929436,1.0
2449417.507726,1.2416200000000002,2.2341181,-1.37503753,-0.08929721,1.27464565,-1.12286112,-0.08929055,1.0
2449417.548031,1.040373,2.2344036,-1.37471699,-0.08928241,1.27474385,-1.1232138,-0.08927577,1.0
2449417.557172,0.9908066,2.23446833,-1.37464429,-0.08927905,1.27476618,-1.12329379,-0.08927242,1.0
2449417.56673,0.9153534,2.23453602,-1.37456827,-0.08927555,1.27478955,-1.12337744,-0.08926891,1.0
2449417.577948,0.9384017,2.23461546,-1.37447904,-0.08927143,1.27481701,-1.12347563,-0.0892648,1.0
2449417.582519,0.9853462,2.23464783,-1.37444268,-0.08926975,1.27482821,-1.12351564,-0.08926312,1.0
2449417.59166,0.896167,2.23471256,-1.37436997,-0.08926639,1.27485062,-1.12359565,-0.08925977,1.0
2449417.595815,0.9280873,2.23474198,-1.37433692,-0.08926486,1.27486081,-1.12363203,-0.08925824,1.0
2449417.605372,0.8749611999999999,2.23480965,-1.3742609,-0.08926135,1.27488427,-1.12371569,-0.08925474,1.0
2449417.609527,0.9036264,2.23483907,-1.37422785,-0.08925983,1.27489448,-1.12375206,-0.08925322,1.0
2449417.626147,0.9263796,2.23495674,-1.37409563,-0.08925372,1.27493536,-1.12389758,-0.08924712,1.0
2449417.631134,0.8749611999999999,2.23499204,-1.37405596,-0.08925189,1.27494764,-1.12394124,-0.08924529,1.0
2454186.30210194,0.97799,2.546029,-0.936796,-0.067505,1.553238,-1.035335,-0.067491,1.0
2454186.30530176,0.93401,2.546046,-0.936768,-0.067503,1.553259,-1.035362,-0.06749,1.0
2454186.30833158,0.91531,2.546061,-0.936741,-0.06750199999999999,1.5532780000000002,-1.035387,-0.067488,1.0
2454186.31188138,1.02798,2.546079,-0.936709,-0.067501,1.553301,-1.035417,-0.067486,1.0
2454186.31491121,1.02424,2.546095,-0.936682,-0.067499,1.553321,-1.035442,-0.067485,1.0
2454186.31761105,1.01301,2.546109,-0.936658,-0.067498,1.553338,-1.035465,-0.067484,1.0
2454186.32031089,0.96212,2.546123,-0.936634,-0.067497,1.5533549999999998,-1.035488,-0.067482,1.0
2454186.32300074,1.02151,2.546137,-0.93661,-0.067496,1.553373,-1.03551,-0.067481,1.0
2454186.32571058,1.01591,2.546151,-0.936586,-0.067495,1.55339,-1.035533,-0.06748,1.0
2454186.32841042,0.98917,2.546165,-0.936562,-0.067493,1.553408,-1.035556,-0.067478,1.0
2454186.33144025,0.95606,2.54618,-0.936535,-0.067492,1.553427,-1.035581,-0.067477,1.0
2454186.33516003,0.95523,2.5462,-0.936502,-0.067491,1.553451,-1.035612,-0.067475,1.0
2454186.33835985,1.02547,2.546216,-0.936474,-0.067489,1.553472,-1.035639,-0.067474,1.0
2454186.34122968,1.05133,2.546231,-0.936448,-0.067488,1.553491,-1.035663,-0.067472,1.0
2454186.34460949,1.08182,2.546249,-0.936418,-0.067486,1.553513,-1.035692,-0.067471,1.0
2454186.34797929,1.04562,2.546266,-0.936388,-0.067485,1.553534,-1.03572,-0.067469,1.0
2454186.35101912,1.03894,2.546282,-0.936361,-0.067484,1.553554,-1.0357459999999998,-0.067467,1.0
2454186.35405894,1.02095,2.546298,-0.936334,-0.067482,1.553574,-1.035771,-0.067466,1.0
2454186.35776872,1.03902,2.546317,-0.936301,-0.067481,1.553598,-1.035802,-0.067464,1.0
2454186.36148851,0.98411,2.546336,-0.936268,-0.067479,1.5536219999999998,-1.035834,-0.067462,1.0
2454186.36435834,1.08407,2.546351,-0.936242,-0.067478,1.553641,-1.035858,-0.06746100000000001,1.0
2454186.36756816,1.00525,2.546367,-0.936213,-0.067476,1.553662,-1.035885,-0.067459,1.0
2454186.370268,1.03536,2.546381,-0.936189,-0.067475,1.553679,-1.035908,-0.067458,1.0
2454186.37297784,1.0016200000000002,2.546395,-0.936165,-0.067474,1.553697,-1.035931,-0.067457,1.0
2454186.37567768,1.045,2.546409,-0.936141,-0.067473,1.553714,-1.035953,-0.067455,1.0
2454186.37837753,0.99892,2.546423,-0.936117,-0.067472,1.553732,-1.035976,-0.067454,1.0
2454186.38108737,0.97622,2.546437,-0.936093,-0.067471,1.55375,-1.035999,-0.067453,1.0
2454186.38378721,0.97805,2.546451,-0.936069,-0.067469,1.553767,-1.036022,-0.067451,1.0
2454186.38648706,1.00827,2.546465,-0.936045,-0.067468,1.553785,-1.036044,-0.06745,1.0
2454186.3891969,0.98716,2.546479,-0.936021,-0.067467,1.553803,-1.036067,-0.067449,1.0
2454186.39189674,0.92471,2.546493,-0.935997,-0.067466,1.55382,-1.03609,-0.06744700000000001,1.0
2454186.39459658,0.9836,2.546507,-0.935973,-0.067465,1.5538379999999998,-1.0361129999999998,-0.067446,1.0
2454186.39730642,1.00376,2.546521,-0.935949,-0.067464,1.553856,-1.0361360000000002,-0.067444,1.0
2454186.40068623,1.01216,2.546538,-0.935919,-0.067462,1.553878,-1.036164,-0.06744299999999999,1.0
2454186.40339607,0.97648,2.546552,-0.935894,-0.06746100000000001,1.553896,-1.036187,-0.067441,1.0
2454186.40609591,0.9965,2.546566,-0.93587,-0.06746,1.553913,-1.03621,-0.06744,1.0
2454186.40880575,0.95256,2.54658,-0.935846,-0.067459,1.553931,-1.036233,-0.067439,1.0
2454186.41150559,0.9712,2.546594,-0.935822,-0.067457,1.553949,-1.036255,-0.067437,1.0
2454186.41421544,0.97931,2.546608,-0.935798,-0.06745599999999999,1.553967,-1.036278,-0.067436,1.0
2455058.41224254,0.91349,-1.981804,1.641922,0.100553,-1.182472,1.0199,0.100605,1.0
2455058.41389255,0.90845,-1.981813,1.641907,0.100552,-1.182464,1.019907,0.100604,1.0
2455058.41554256,0.92278,-1.981822,1.641891,0.100551,-1.182456,1.019914,0.100603,1.0
2455058.41719257,0.92704,-1.981831,1.641876,0.100551,-1.182447,1.019921,0.100603,1.0
2455058.41884258,0.91854,-1.98184,1.64186,0.10055,-1.182439,1.0199280000000002,0.100602,1.0
2455058.42049259,0.94166,-1.981849,1.641845,0.100549,-1.182431,1.019935,0.100601,1.0
2455058.4221426,0.94426,-1.981858,1.641829,0.100548,-1.182422,1.019942,0.1006,1.0
2455058.42379261,0.90926,-1.981867,1.641814,0.100548,-1.182414,1.019949,0.100599,1.0
2455058.42544262,0.9143,-1.981876,1.641798,0.100547,-1.1824059999999998,1.019956,0.100599,1.0
2455058.42725263,0.92275,-1.981886,1.6417810000000002,0.100546,-1.182397,1.019963,0.100598,1.0
2455058.42890264,0.9219,-1.981895,1.641766,0.100545,-1.182388,1.01997,0.100597,1.0
2455058.43055265,0.92274,-1.981904,1.64175,0.100544,-1.18238,1.019977,0.100596,1.0
2455058.43220266,0.92104,-1.981913,1.641735,0.100544,-1.182372,1.019984,0.100595,1.0
2455058.43385267,0.91596,-1.981922,1.641719,0.100543,-1.1823629999999998,1.019991,0.100594,1.0
2455058.43550268,0.9168,-1.98193,1.641704,0.100542,-1.1823549999999998,1.019998,0.100594,1.0
2455058.43715269,0.92103,-1.981939,1.641688,0.100541,-1.182347,1.0200049999999998,0.100593,1.0
2455058.4388027,0.91764,-1.981948,1.641673,0.100541,-1.182339,1.020012,0.100592,1.0
2455058.44045271,0.94421,-1.981957,1.641657,0.10054,-1.18233,1.020019,0.100591,1.0
2455058.44210272,0.9416,-1.981966,1.6416419999999998,0.100539,-1.182322,1.020026,0.10059,1.0
2455058.44375274,0.94073,-1.981975,1.6416259999999998,0.100538,-1.182314,1.020033,0.100589,1.0
2455058.44540275,0.95294,-1.981984,1.6416110000000002,0.100538,-1.182305,1.02004,0.100589,1.0
2455058.44705276,0.95293,-1.981993,1.641595,0.100537,-1.182297,1.020046,0.100588,1.0
2455058.44870277,0.96886,-1.982002,1.6415799999999998,0.100536,-1.182289,1.020053,0.100587,1.0
2455058.45035278,0.94854,-1.982011,1.641564,0.100535,-1.182281,1.02006,0.100586,1.0
2455058.45200279,0.97601,-1.98202,1.641549,0.100535,-1.182272,1.020067,0.100585,1.0
2455058.4536528,0.95379,-1.982029,1.641533,0.100534,-1.182264,1.020074,0.100584,1.0
2455058.45549281,0.95291,-1.982039,1.641516,0.100533,-1.1822549999999998,1.020082,0.100584,1.0
2455058.45714282,0.9573,-1.982048,1.6415,0.100532,-1.1822469999999998,1.020089,0.100583,1.0
2455058.45879283,0.95202,-1.982057,1.641485,0.100531,-1.182238,1.020096,0.100582,1.0
2455058.46044284,0.94503,-1.982066,1.6414689999999998,0.100531,-1.18223,1.020103,0.100581,1.0
2455058.46209285,0.95994,-1.982075,1.6414540000000002,0.10053,-1.182222,1.02011,0.10058,1.0
2455058.46374286,0.96792,-1.982084,1.6414380000000002,0.100529,-1.182214,1.020117,0.100579,1.0
2455058.46539287,0.97598,-1.982092,1.641423,0.100528,-1.182206,1.020124,0.100579,1.0
2455058.46704288,0.952,-1.982101,1.641407,0.100528,-1.182197,1.020131,0.100578,1.0
2455058.46869289,0.97867,-1.98211,1.6413919999999995,0.100527,-1.182189,1.020138,0.100577,1.0
2455058.4703429,0.97596,-1.982119,1.641376,0.100526,-1.182181,1.020145,0.100576,1.0
2455058.47199291,0.97147,-1.982128,1.641361,0.100525,-1.182173,1.020152,0.100575,1.0
2455058.47364292,0.97147,-1.982137,1.641345,0.100525,-1.182164,1.020159,0.100574,1.0
2455058.47529293,0.97685,-1.982146,1.64133,0.100524,-1.182156,1.020166,0.100573,1.0
2455058.47723294,0.98316,-1.982157,1.641311,0.100523,-1.182146,1.020174,0.100572,1.0
2455058.47888295,0.96788,-1.982166,1.641296,0.100522,-1.182138,1.020181,0.100572,1.0
2455058.48053296,0.9886,-1.982175,1.64128,0.100522,-1.18213,1.020188,0.100571,1.0
2455058.48218297,0.96077,-1.982184,1.6412650000000002,0.100521,-1.182122,1.020195,0.10057,1.0
2455058.48383298,0.99316,-1.982193,1.6412490000000002,0.10052,-1.182114,1.020202,0.100569,1.0
2455058.48548299,1.00789,-1.982201,1.641234,0.100519,-1.182105,1.020209,0.100568,1.0
2455058.487133,0.98313,-1.98221,1.641218,0.100518,-1.182097,1.020216,0.100567,1.0
2455058.48895301,1.0051,-1.98222,1.641201,0.100518,-1.182088,1.020224,0.100566,1.0
2455058.49060302,1.02379,-1.982229,1.641186,0.100517,-1.18208,1.020231,0.100566,1.0
2455058.49225303,0.98948,-1.982238,1.64117,0.100516,-1.182072,1.020238,0.100565,1.0
2455058.49390304,1.02566,-1.982247,1.641154,0.100515,-1.182064,1.020245,0.100564,1.0
2455058.49555305,1.00601,-1.982256,1.641139,0.100515,-1.182055,1.020252,0.100563,1.0
2455058.49720306,1.0143799999999998,-1.982265,1.641123,0.100514,-1.1820469999999998,1.020259,0.100562,1.0
2455058.49885307,1.02188,-1.982274,1.6411080000000002,0.100513,-1.1820389999999998,1.020266,0.100561,1.0
2455058.50050307,1.04087,-1.982283,1.6410919999999998,0.100512,-1.182031,1.020273,0.10056,1.0
2455058.50215308,1.038,-1.982292,1.641077,0.100512,-1.182023,1.02028,0.10056,1.0
2455058.50380309,1.03513,-1.982301,1.641061,0.100511,-1.182015,1.0202870000000002,0.100559,1.0
2455058.5054531004,1.04759,-1.98231,1.641046,0.10051,-1.182006,1.020294,0.100558,1.0
2455058.50710311,1.05825,-1.982319,1.64103,0.100509,-1.181998,1.020301,0.100557,1.0
2455058.50896312,1.07396,-1.982329,1.641013,0.100508,-1.181989,1.020309,0.100556,1.0
2455058.51061313,1.07792,-1.982338,1.640997,0.100508,-1.181981,1.020316,0.100555,1.0
2455058.51226314,1.0446799999999998,-1.982347,1.640982,0.100507,-1.181973,1.020323,0.100554,1.0
2455058.51391315,1.07296,-1.982355,1.640966,0.100506,-1.181965,1.02033,0.100553,1.0
2455058.51556316,1.06901,-1.982364,1.6409509999999998,0.100505,-1.181956,1.020337,0.100553,1.0
2455058.51721317,1.0939,-1.982373,1.6409349999999998,0.100505,-1.181948,1.020344,0.100552,1.0
2455058.51886318,1.0631,-1.982382,1.6409200000000002,0.100504,-1.18194,1.020351,0.100551,1.0
2455058.52051319,1.103,-1.982391,1.640904,0.100503,-1.181932,1.020358,0.10055,1.0
2455058.5221632,1.08087,-1.9824,1.640889,0.100502,-1.181924,1.020365,0.100549,1.0
2455058.52381321,1.06603,-1.982409,1.640873,0.100502,-1.181916,1.020373,0.100548,1.0
2455058.52546322,1.10197,-1.982418,1.640858,0.100501,-1.181908,1.0203799999999998,0.100547,1.0
2455058.52711323,1.08285,-1.982427,1.640842,0.1005,-1.181899,1.0203870000000002,0.100547,1.0
2455058.52876324,1.08085,-1.982436,1.640827,0.100499,-1.181891,1.020394,0.100546,1.0
2455058.53041324,1.08084,-1.982445,1.640811,0.100499,-1.181883,1.020401,0.100545,1.0
2455058.53206325,1.0729,-1.982454,1.640795,0.100498,-1.181875,1.020408,0.100544,1.0
2455058.53371326,1.07191,-1.982463,1.64078,0.100497,-1.181867,1.020415,0.100543,1.0
2455058.53536327,1.09284,-1.982472,1.640764,0.100496,-1.181859,1.020422,0.100542,1.0
2455058.53701328,1.07388,-1.982481,1.6407490000000002,0.100496,-1.181851,1.020429,0.100541,1.0
2455058.53866329,1.06894,-1.98249,1.6407330000000002,0.100495,-1.181843,1.020436,0.10054,1.0
2455058.5403133,1.09283,-1.982499,1.640718,0.100494,-1.181835,1.020443,0.10054,1.0
2455058.54196331,1.06795,-1.982507,1.640702,0.100493,-1.181827,1.02045,0.100539,1.0
2455058.54361332,1.07584,-1.982516,1.640687,0.100493,-1.181818,1.020457,0.100538,1.0
2455058.54812334,1.04266,-1.982541,1.6406439999999998,0.100491,-1.1817959999999998,1.020477,0.100535,1.0
2455058.54981335,1.04554,-1.98255,1.640628,0.10049,-1.1817879999999998,1.020484,0.100535,1.0
2455058.55146336,1.03119,-1.982559,1.640613,0.100489,-1.1817799999999998,1.020491,0.100534,1.0
2455058.55311337,1.03499,-1.982568,1.640597,0.100488,-1.181772,1.020498,0.100533,1.0
2455058.55476338,1.04649,-1.982577,1.640582,0.100487,-1.181764,1.020505,0.100532,1.0
2455058.55641338,1.0436,-1.982586,1.640566,0.100487,-1.181756,1.020512,0.100531,1.0
2455058.55806339,1.02549,-1.982595,1.640551,0.100486,-1.181748,1.020519,0.10053,1.0
2455058.5597134,1.01421,-1.982604,1.640535,0.100485,-1.18174,1.020526,0.100529,1.0
2455058.56159341,1.01141,-1.982614,1.640518,0.100484,-1.181731,1.020534,0.100528,1.0
2455058.56324342,1.00954,-1.982623,1.640502,0.100484,-1.181723,1.020542,0.100527,1.0
2455058.56489343,0.99477,-1.982632,1.6404869999999998,0.100483,-1.181714,1.020549,0.100527,1.0
2455058.56654344,1.00212,-1.982641,1.640471,0.100482,-1.181706,1.020556,0.100526,1.0
2455058.56819345,1.01326,-1.98265,1.640456,0.100481,-1.181698,1.020563,0.100525,1.0
2455058.56984346,1.00581,-1.982659,1.64044,0.100481,-1.18169,1.02057,0.100524,1.0
2455058.57149346,1.01605,-1.982667,1.640424,0.10048,-1.181682,1.020577,0.100523,1.0
2455097.30401432,1.12127,-2.165099,1.255778,0.081461,-1.16149,1.252248,0.081504,1.0
2455097.30591423,1.10082,-2.165106,1.255758,0.08146,-1.161498,1.252261,0.08150299999999999,1.0
2455097.30774415,1.10185,-2.165114,1.255739,0.081459,-1.161505,1.252273,0.081502,1.0
2455097.30939408,1.07283,-2.16512,1.255722,0.081458,-1.161512,1.252284,0.081501,1.0
2455097.311044,1.08376,-2.165127,1.2557049999999998,0.081457,-1.161518,1.2522950000000002,0.0815,1.0
2455097.31269393,1.09885,-2.165133,1.255688,0.081456,-1.161525,1.252307,0.081499,1.0
2455097.31434386,1.04844,-2.16514,1.255671,0.081455,-1.161532,1.252318,0.081499,1.0
2455097.31599379,1.05039,-2.165146,1.255653,0.081454,-1.161538,1.252329,0.081498,1.0
2455097.31764371,1.00128,-2.165153,1.255636,0.081453,-1.161545,1.25234,0.081497,1.0
2455097.31929364,1.0552700000000002,-2.165159,1.255619,0.081453,-1.161552,1.252352,0.081496,1.0
2455097.32094356,1.02841,-2.165166,1.255602,0.081452,-1.161558,1.252363,0.081495,1.0
2455097.32259349,1.0078,-2.165173,1.255585,0.081451,-1.161565,1.252374,0.08149400000000001,1.0
2455097.32424342,1.00318,-2.165179,1.255567,0.08145,-1.1615719999999998,1.252385,0.081493,1.0
2455097.32589334,0.99034,-2.165185,1.25555,0.08144900000000001,-1.161578,1.252397,0.081492,1.0
2455097.32754327,0.98489,-2.165192,1.255533,0.081448,-1.161585,1.252408,0.081491,1.0
2455097.3291932005,0.99219,-2.1651990000000003,1.255516,0.081447,-1.161592,1.252419,0.08148999999999999,1.0
2455097.33084312,1.00138,-2.165205,1.255499,0.081447,-1.161598,1.25243,0.08148899999999999,1.0
2455097.33249305,0.97142,-2.165212,1.2554809999999998,0.081446,-1.161605,1.252442,0.081488,1.0
2455097.33414298,0.97951,-2.165218,1.255464,0.081445,-1.161612,1.252453,0.081487,1.0
2455097.3357929,0.97503,-2.165225,1.255447,0.081444,-1.161618,1.252464,0.081487,1.0
2455097.33744283,0.98134,-2.1652310000000003,1.2554299999999998,0.081443,-1.161625,1.252475,0.081486,1.0
2455097.33909276,0.96611,-2.165238,1.255413,0.081442,-1.161632,1.252487,0.081485,1.0
2455097.34074268,1.01539,-2.165244,1.255395,0.081441,-1.161638,1.252498,0.081484,1.0
2455097.34322257,0.96348,-2.165254,1.25537,0.08144,-1.161648,1.252515,0.081482,1.0
2455097.34507249,0.9805,-2.165262,1.25535,0.081439,-1.161656,1.252527,0.081481,1.0
2455097.34672242,0.93552,-2.165268,1.255333,0.081438,-1.161663,1.2525389999999998,0.08148,1.0
2455097.34837234,0.94767,-2.165275,1.255316,0.081437,-1.161669,1.25255,0.081479,1.0
2455097.35002227,0.99417,-2.165281,1.255299,0.081437,-1.161676,1.252561,0.081478,1.0
2455097.35167219,0.95911,-2.1652880000000003,1.255281,0.081436,-1.161683,1.252573,0.081477,1.0
2455097.35332212,1.0071,-2.165294,1.255264,0.08143500000000001,-1.161689,1.252584,0.081477,1.0
2455097.35497205,0.97517,-2.165301,1.255247,0.081434,-1.1616959999999998,1.252595,0.08147599999999999,1.0
2455097.35662197,0.98875,-2.165307,1.2552299999999998,0.081433,-1.1617030000000002,1.252606,0.081475,1.0
2455097.3582719,0.96714,-2.165314,1.255213,0.081432,-1.161709,1.252618,0.081474,1.0
2455097.35992183,0.997,-2.16532,1.255195,0.08143099999999999,-1.161716,1.252629,0.081473,1.0
2455097.36157175,0.96984,-2.165327,1.255178,0.08143,-1.161723,1.25264,0.081472,1.0
2455097.36322168,0.97883,-2.1653330000000004,1.255161,0.08143,-1.16173,1.252652,0.081471,1.0
2455097.3648716,0.97884,-2.16534,1.255144,0.081429,-1.161736,1.252663,0.08147,1.0
2455097.36652153,0.97167,-2.165346,1.255127,0.081428,-1.161743,1.252674,0.081469,1.0
2455097.36836145,0.969,-2.165354,1.255108,0.081427,-1.161751,1.252687,0.081468,1.0
2455097.37001137,0.98521,-2.16536,1.25509,0.081426,-1.161757,1.252698,0.081467,1.0
2455097.3716613,0.96368,-2.165367,1.255073,0.081425,-1.161764,1.252709,0.081466,1.0
2455097.37331123,0.98887,-2.165373,1.255056,0.081424,-1.161771,1.252721,0.081465,1.0
2455097.37496115,0.99071,-2.16538,1.255039,0.081423,-1.161777,1.252732,0.081464,1.0
2455097.37661108,0.98617,-2.1653860000000003,1.255022,0.081423,-1.161784,1.252743,0.081463,1.0
2455097.378261,0.99165,-2.165393,1.255004,0.08142200000000001,-1.161791,1.2527549999999998,0.081462,1.0
2455097.38019092,0.95932,-2.165401,1.254984,0.08142100000000001,-1.161799,1.252768,0.081461,1.0
2455540.53934515,1.0562,0.5974229999999999,-2.251901,-0.123054,0.8070189999999999,-1.28957,-0.123066,1.0
2455540.5428253,1.06105,0.597464,-2.251895,-0.123054,0.807,-1.289552,-0.123066,1.0
2455540.54630544,1.05614,0.5975050000000001,-2.25189,-0.123054,0.8069810000000001,-1.289534,-0.123066,1.0
2455540.54989559,1.04451,0.597548,-2.251884,-0.123054,0.8069609999999999,-1.289516,-0.123065,1.0
2455540.55370575,1.03394,0.597593,-2.251878,-0.123054,0.806941,-1.289496,-0.123065,1.0
2455540.55757592,1.02821,0.597638,-2.251872,-0.123054,0.8069189999999999,-1.289476,-0.123065,1.0
2455540.56118607,1.00849,0.597681,-2.251866,-0.123054,0.8069,-1.289457,-0.123065,1.0
2455540.56466621,1.0066,0.597722,-2.25186,-0.123054,0.8068810000000001,-1.28944,-0.123065,1.0
2455540.56813636,0.99918,0.597763,-2.251855,-0.123054,0.806862,-1.2894219999999998,-0.123065,1.0
2455540.57190651,0.98999,0.597807,-2.251849,-0.123054,0.806841,-1.289402,-0.123065,1.0
2455540.57547666,0.9836,0.59785,-2.251843,-0.123054,0.806822,-1.289384,-0.123065,1.0
2455540.57895681,0.97097,0.597891,-2.251837,-0.123054,0.806802,-1.289366,-0.123065,1.0
2455540.58243695,0.95939,0.597932,-2.251832,-0.123054,0.806783,-1.289348,-0.123065,1.0
2455540.5859171003,0.94185,0.597973,-2.251827,-0.123054,0.806764,-1.28933,-0.123065,1.0
2455540.58992727,0.92719,0.59802,-2.25182,-0.123054,0.806742,-1.28931,-0.123065,1.0
2455540.59366742,0.91444,0.598064,-2.251814,-0.123054,0.806722,-1.289291,-0.123064,1.0
2455540.59781759,0.91105,0.598113,-2.251807,-0.123054,0.8066989999999999,-1.28927,-0.123064,1.0
2455540.60142774,0.9127,0.598156,-2.251801,-0.123054,0.8066800000000001,-1.289251,-0.123064,1.0
2455540.6050579,0.91857,0.5981989999999999,-2.251796,-0.123054,0.80666,-1.289233,-0.123064,1.0
2455540.60899806,0.93476,0.598245,-2.251789,-0.123054,0.806638,-1.289213,-0.123064,1.0
2455540.6124782003,0.94948,0.598286,-2.251784,-0.123054,0.806619,-1.289195,-0.123064,1.0
2455540.61648837,0.96533,0.598334,-2.251777,-0.123054,0.8065979999999999,-1.289175,-0.123064,1.0
2455540.61996851,0.97783,0.598375,-2.2517720000000003,-0.123054,0.806579,-1.289157,-0.123063,1.0
2455540.62344866,0.9914,0.598416,-2.251766,-0.123054,0.80656,-1.289139,-0.123063,1.0
2455540.6269288,1.00795,0.598457,-2.251761,-0.123054,0.806541,-1.289122,-0.123063,1.0
2455540.63060895,1.01537,0.5985,-2.251755,-0.123054,0.806521,-1.289103,-0.123063,1.0
2455540.63427911,1.0144,0.598543,-2.251749,-0.123054,0.806501,-1.289084,-0.123063,1.0
2455540.63799926,1.03609,0.598587,-2.251743,-0.123054,0.80648,-1.289066,-0.123063,1.0
2455540.64171941,1.04565,0.598631,-2.251737,-0.123054,0.8064600000000001,-1.2890469999999998,-0.123062,1.0
2455540.64519956,1.0621200000000002,0.598672,-2.251731,-0.123054,0.806441,-1.289029,-0.123062,1.0
2455540.6486797,1.07984,0.598713,-2.251726,-0.123054,0.806422,-1.289012,-0.123062,1.0
2455540.65214984,1.09383,0.598754,-2.25172,-0.123054,0.806404,-1.288994,-0.123062,1.0
2455540.65562999,1.10188,0.598795,-2.251714,-0.123054,0.806385,-1.288977,-0.123062,1.0
2455541.49438432,1.11173,0.608687,-2.2503490000000004,-0.123051,0.801937,-1.284722,-0.123063,1.0
2455541.49786446,1.11992,0.6087279999999999,-2.250343,-0.123051,0.801918,-1.284705,-0.123063,1.0
2455541.50133461,1.12195,0.608769,-2.250337,-0.123051,0.801899,-1.2846879999999998,-0.123063,1.0
2455541.50481475,1.12606,0.6088100000000001,-2.250332,-0.123051,0.80188,-1.28467,-0.123063,1.0
2455541.50829489,1.12603,0.608851,-2.250326,-0.123051,0.80186,-1.284653,-0.123063,1.0
2455541.51189504,1.11876,0.6088939999999999,-2.25032,-0.123051,0.80184,-1.284635,-0.123063,1.0
2455541.5157352,1.11256,0.608939,-2.250314,-0.123051,0.801819,-1.284616,-0.123063,1.0
2455541.51921534,1.10538,0.60898,-2.250308,-0.123051,0.8018,-1.284599,-0.123063,1.0
2455541.52285549,1.09622,0.609023,-2.250302,-0.123051,0.80178,-1.284581,-0.123063,1.0
2455541.52682566,1.08214,0.60907,-2.250295,-0.123051,0.801758,-1.284561,-0.123063,1.0
2455541.5303058,1.07318,0.609111,-2.250289,-0.123051,0.8017380000000001,-1.284544,-0.123063,1.0
2455541.53377594,1.0555,0.609152,-2.250284,-0.123051,0.801719,-1.284527,-0.123063,1.0
2455541.5376761,1.0390700000000002,0.6091979999999999,-2.250277,-0.123051,0.801697,-1.284508,-0.123063,1.0
2455541.54156626,1.02479,0.609244,-2.250271,-0.123051,0.801676,-1.284489,-0.123063,1.0
2455541.5450364,1.00791,0.609284,-2.250265,-0.123051,0.801656,-1.2844719999999998,-0.123063,1.0
2455541.54851655,0.98494,0.609325,-2.250259,-0.123051,0.801637,-1.284454,-0.123063,1.0
2455541.5521867,0.96072,0.6093689999999999,-2.250253,-0.123051,0.801617,-1.284436,-0.123063,1.0
2455541.55585685,0.94315,0.609412,-2.2502470000000003,-0.123051,0.801596,-1.284418,-0.123063,1.0
2455541.55933699,0.9362,0.609453,-2.250242,-0.123051,0.8015770000000001,-1.284401,-0.123063,1.0
2455541.56281713,0.92589,0.609494,-2.250236,-0.123051,0.801558,-1.284384,-0.123063,1.0
2455541.56662729,0.91148,0.609539,-2.250229,-0.123051,0.8015369999999999,-1.284366,-0.123062,1.0
2455541.57021743,0.8972899999999999,0.609581,-2.250223,-0.123051,0.801517,-1.284348,-0.123062,1.0
2455541.57369757,0.89561,0.609622,-2.250218,-0.123051,0.801497,-1.284331,-0.123062,1.0
2455541.57717772,0.8914700000000001,0.6096630000000001,-2.250212,-0.123051,0.801478,-1.284314,-0.123062,1.0
2455541.58077786,0.89474,0.6097060000000001,-2.250206,-0.123051,0.801458,-1.284297,-0.123062,1.0
2455541.58461802,0.89389,0.609751,-2.2502,-0.123051,0.801437,-1.284278,-0.123062,1.0
2455541.58809816,0.90546,0.609792,-2.250194,-0.123051,0.8014180000000001,-1.284261,-0.123062,1.0
2455541.5915783,0.91973,0.609833,-2.250188,-0.123051,0.8013979999999999,-1.284244,-0.123062,1.0
2455541.59564847,0.92394,0.609881,-2.250181,-0.123051,0.801376,-1.284224,-0.123062,1.0
2455541.59932862,0.93936,0.609924,-2.250175,-0.123051,0.801355,-1.284206,-0.123061,1.0
2455541.60309877,0.94453,0.609969,-2.250169,-0.123051,0.801335,-1.284188,-0.123061,1.0
2455541.60703893,0.95325,0.610015,-2.250163,-0.123051,0.801313,-1.284169,-0.123061,1.0
2455541.61051907,0.97183,0.610056,-2.250157,-0.123051,0.801294,-1.284152,-0.123061,1.0
2455541.61311918,0.98533,0.6100869999999999,-2.250153,-0.123051,0.801279,-1.28414,-0.123061,1.0
2455590.46276766,0.96498,1.164468,-2.109723,-0.119526,0.550848,-1.339306,-0.119545,1.0
2455590.46485759,0.97843,1.16449,-2.109714,-0.119525,0.550842,-1.33932,-0.119544,1.0
2455590.46693753,0.96058,1.164513,-2.109706,-0.119525,0.5508350000000001,-1.339334,-0.119544,1.0
2455590.46901747,0.95707,1.164535,-2.109698,-0.119525,0.550829,-1.339348,-0.119544,1.0
2455590.47110741,0.95973,1.164558,-2.109689,-0.119524,0.550823,-1.339363,-0.119544,1.0
2455590.47318735,0.9527,1.16458,-2.109681,-0.119524,0.550817,-1.339377,-0.119543,1.0
2455590.47614726,0.94661,1.164613,-2.109669,-0.119524,0.550809,-1.339397,-0.119543,1.0
2455590.47872719,0.93968,1.164641,-2.109658,-0.119523,0.550801,-1.339414,-0.119543,1.0
2455590.48047713,0.93193,1.16466,-2.109651,-0.119523,0.550796,-1.339426,-0.119542,1.0
2455590.48225708,0.91747,1.164679,-2.109644,-0.119523,0.550791,-1.339438,-0.119542,1.0
2455590.48400703,0.92257,1.164698,-2.109637,-0.119523,0.550786,-1.33945,-0.119542,1.0
2455590.48576698,0.92173,1.164717,-2.10963,-0.119522,0.5507810000000001,-1.3394620000000002,-0.119542,1.0
2455590.48752693,0.91835,1.164736,-2.109623,-0.119522,0.550775,-1.339473,-0.119541,1.0
2455590.48928687,0.93717,1.164755,-2.109616,-0.119522,0.55077,-1.339485,-0.119541,1.0
2455590.49104682,0.92859,1.164774,-2.109609,-0.119522,0.550765,-1.339497,-0.119541,1.0
2455590.49280677,0.93633,1.164793,-2.109602,-0.119521,0.55076,-1.339509,-0.119541,1.0
2455590.49456672,0.93807,1.1648120000000002,-2.109595,-0.119521,0.550755,-1.339521,-0.11954,1.0
2455590.49632667,0.93895,1.164831,-2.109587,-0.119521,0.55075,-1.339533,-0.11954,1.0
2455590.49808661,0.94591,1.16485,-2.10958,-0.119521,0.5507449999999999,-1.339545,-0.11954,1.0
2455590.49984656,0.95556,1.1648690000000002,-2.109573,-0.11952,0.55074,-1.339557,-0.11954,1.0
2455590.50160651,0.95118,1.164888,-2.109566,-0.11952,0.5507340000000001,-1.339569,-0.119539,1.0
2455590.50336646,0.95823,1.164907,-2.109559,-0.11952,0.550729,-1.339581,-0.119539,1.0
2455590.50512641,0.97336,1.164926,-2.109552,-0.11952,0.550724,-1.339592,-0.119539,1.0
2455590.50687635,0.97428,1.164945,-2.109545,-0.119519,0.550719,-1.339604,-0.119539,1.0
2455590.5086363,0.9725,1.164964,-2.109538,-0.119519,0.550714,-1.339616,-0.119538,1.0
2455590.51678606,0.99522,1.165053,-2.109505,-0.119518,0.55069,-1.3396709999999998,-0.119537,1.0
2455590.52096594,1.00817,1.165098,-2.1094880000000003,-0.119518,0.550678,-1.3397,-0.119537,1.0
2455590.52304588,1.02221,1.1651200000000002,-2.10948,-0.119517,0.550672,-1.3397139999999998,-0.119536,1.0
2455590.52513581,1.02695,1.165143,-2.109471,-0.119517,0.550666,-1.339728,-0.119536,1.0
2455590.52721575,1.04029,1.165165,-2.1094630000000003,-0.119517,0.55066,-1.339742,-0.119536,1.0
2455590.52929569,1.0336299999999998,1.165188,-2.109455,-0.119516,0.550654,-1.339756,-0.119536,1.0
2455590.53138563,1.03842,1.165211,-2.109446,-0.119516,0.5506479999999999,-1.33977,-0.119535,1.0
2455590.53346557,1.0558,1.165233,-2.109438,-0.119516,0.550642,-1.339784,-0.119535,1.0
2455590.5355555,1.05679,1.1652559999999998,-2.109429,-0.119516,0.550636,-1.339798,-0.119535,1.0
2455590.53764544,1.06953,1.165278,-2.109421,-0.119515,0.5506300000000001,-1.339812,-0.119534,1.0
2455590.53972538,1.06955,1.165301,-2.109412,-0.119515,0.550624,-1.339826,-0.119534,1.0
2455590.54181532,1.08345,1.165323,-2.109404,-0.119515,0.550618,-1.339841,-0.119534,1.0
2455590.54389526,1.08447,1.165346,-2.109396,-0.119514,0.550611,-1.339855,-0.119534,1.0
2455590.5459752004,1.09352,1.165369,-2.109387,-0.119514,0.550605,-1.339869,-0.119533,1.0
2455590.54806513,1.09152,1.165391,-2.109379,-0.119514,0.550599,-1.339883,-0.119533,1.0
2455590.55014507,1.10877,1.165414,-2.10937,-0.119514,0.550593,-1.339897,-0.119533,1.0
2455590.55222501,1.10065,1.165436,-2.109362,-0.119513,0.5505869999999999,-1.339911,-0.119532,1.0
2455590.55431495,1.12527,1.165459,-2.109354,-0.119513,0.550581,-1.339925,-0.119532,1.0
2455590.55639489,1.12322,1.165481,-2.109345,-0.119513,0.550575,-1.339939,-0.119532,1.0
2455590.55769485,1.09061,1.1654950000000002,-2.10934,-0.119513,0.550571,-1.339948,-0.119532,1.0
2455599.45239356,0.96245,1.260788,-2.071731,-0.118196,0.531771,-1.40746,-0.118197,1.0
2455599.45587341,0.96782,1.260825,-2.071716,-0.118195,0.531766,-1.40749,-0.118196,1.0
2455599.45934326,0.97772,1.260861,-2.071701,-0.118194,0.5317609999999999,-1.407519,-0.118196,1.0
2455599.46282311,0.99501,1.260898,-2.071685,-0.118194,0.531756,-1.407549,-0.118195,1.0
2455599.46629297,0.99414,1.260935,-2.07167,-0.118193,0.531751,-1.407578,-0.118194,1.0
2455599.46977282,1.0229700000000002,1.260972,-2.071655,-0.118193,0.531746,-1.407607,-0.118193,1.0
2455599.47360266,1.0286799999999998,1.261013,-2.071638,-0.118192,0.531741,-1.40764,-0.118193,1.0
2455599.4771925,1.04016,1.261051,-2.071622,-0.118192,0.531736,-1.40767,-0.118192,1.0
2455599.48067235,1.04886,1.261088,-2.071606,-0.118191,0.5317310000000001,-1.4077,-0.118191,1.0
2455599.4841422,1.05083,1.261124,-2.071591,-0.118191,0.531726,-1.407729,-0.11819,1.0
2455599.48762206,1.05475,1.261161,-2.071576,-0.11819,0.531721,-1.407759,-0.11819,1.0
2455599.49109191,1.06357,1.261198,-2.07156,-0.11818900000000003,0.531717,-1.4077879999999998,-0.11818900000000003,1.0
2455599.49457176,1.06264,1.261235,-2.071545,-0.11818900000000003,0.531712,-1.407818,-0.11818800000000003,1.0
2455599.49804161,1.06072,1.261272,-2.07153,-0.11818800000000003,0.5317069999999999,-1.4078469999999998,-0.11818800000000003,1.0
2455599.50152146,1.06076,1.261308,-2.071514,-0.11818800000000003,0.531702,-1.407877,-0.118187,1.0
2455599.50499131,1.06767,1.2613450000000002,-2.071499,-0.118187,0.531697,-1.407907,-0.118186,1.0
2455599.50847116,1.05889,1.261382,-2.071483,-0.118187,0.5316930000000001,-1.407936,-0.11818499999999997,1.0
2455599.51194101,1.0648,1.261419,-2.071468,-0.118186,0.531688,-1.407966,-0.11818499999999997,1.0
2455599.51542086,1.06093,1.261456,-2.071453,-0.118186,0.531683,-1.407995,-0.118184,1.0
2455599.51889071,1.05318,1.261492,-2.071437,-0.11818499999999997,0.531678,-1.408025,-0.118183,1.0
2455599.52237056,1.04838,1.261529,-2.071422,-0.118184,0.531674,-1.4080549999999998,-0.118182,1.0
2455599.5262304,1.03405,1.26157,-2.071405,-0.118184,0.531669,-1.408087,-0.118181,1.0
2455599.52971025,1.03123,1.261607,-2.071389,-0.118183,0.531664,-1.408117,-0.118181,1.0
2455599.5331801004,1.02088,1.261644,-2.071374,-0.118183,0.531659,-1.408147,-0.11818,1.0
2455599.53665995,1.0097,1.261681,-2.071359,-0.118182,0.531655,-1.408176,-0.118179,1.0
2455599.54021979,0.99131,1.261719,-2.071343,-0.118182,0.53165,-1.408207,-0.118178,1.0
2455599.54395963,0.98861,1.261758,-2.071326,-0.118181,0.531645,-1.408239,-0.118177,1.0
2455599.54743948,0.9724,1.261795,-2.071311,-0.11818,0.53164,-1.408268,-0.118177,1.0
2455599.55090933,0.95118,1.261832,-2.071296,-0.11818,0.531636,-1.408298,-0.118176,1.0
2455599.55453918,0.94684,1.26187,-2.07128,-0.118179,0.5316310000000001,-1.4083290000000002,-0.118175,1.0
2455599.558489,0.92023,1.261912,-2.071262,-0.118179,0.531626,-1.4083629999999998,-0.118174,1.0
2455599.56195885,0.90681,1.261949,-2.071247,-0.118178,0.531621,-1.408392,-0.118173,1.0
2455599.5654387,0.89276,1.261986,-2.071231,-0.118178,0.531617,-1.4084219999999998,-0.118172,1.0
2455599.56909854,0.87892,1.262025,-2.071215,-0.118177,0.531612,-1.408453,-0.118172,1.0
2455599.57275839,0.86451,1.262063,-2.071199,-0.118176,0.5316069999999999,-1.408485,-0.118171,1.0
2455599.57493829,0.8456299999999999,1.2620870000000002,-2.071189,-0.118176,0.531604,-1.408503,-0.11817,1.0
2455602.33910558,1.1061,1.291277,-2.058791,-0.117726,0.528972,-1.4322700000000002,-0.117728,1.0
2455602.34268542,1.11125,1.291315,-2.058775,-0.117726,0.5289689999999999,-1.432302,-0.117727,1.0
2455602.34615526,1.1082299999999998,1.291351,-2.058759,-0.117725,0.5289659999999999,-1.432332,-0.117727,1.0
2455602.3496351,1.10217,1.291388,-2.058743,-0.117725,0.528963,-1.4323629999999998,-0.117726,1.0
2455602.35310494,1.09917,1.291424,-2.058728,-0.117724,0.52896,-1.432394,-0.117726,1.0
2455602.35703476,1.0951799999999998,1.291466,-2.05871,-0.117723,0.528957,-1.432428,-0.117725,1.0
2455602.36065459,1.09019,1.291504,-2.058693,-0.117723,0.528954,-1.43246,-0.117724,1.0
2455602.36413444,1.07825,1.29154,-2.058677,-0.117722,0.5289510000000001,-1.432491,-0.117724,1.0
2455602.36760428,1.0713700000000002,1.291577,-2.058661,-0.117722,0.528948,-1.432522,-0.117723,1.0
2455602.37108412,1.06061,1.291613,-2.058646,-0.117721,0.528945,-1.432552,-0.117723,1.0
2455602.37490394,1.04515,1.291654,-2.058628,-0.11772,0.528942,-1.432586,-0.117722,1.0
2455602.37837378,1.0318,1.29169,-2.058613,-0.11772,0.528939,-1.432617,-0.117721,1.0
2455602.38185362,1.02426,1.291727,-2.058597,-0.117719,0.528936,-1.432648,-0.117721,1.0
2455602.38532346,1.00469,1.291763,-2.058581,-0.117719,0.528933,-1.432678,-0.11772,1.0
2455602.3888032995,0.99094,1.2918,-2.058565,-0.117718,0.52893,-1.432709,-0.117719,1.0
2455602.3930831,0.96487,1.291845,-2.058546,-0.117717,0.528926,-1.432747,-0.117719,1.0
2455602.3973729,0.94818,1.29189,-2.058526,-0.117717,0.5289229999999999,-1.432785,-0.117718,1.0
2455602.40084274,0.93006,1.291927,-2.058511,-0.11771600000000003,0.52892,-1.432816,-0.117717,1.0
2455602.40432258,0.91733,1.291963,-2.058495,-0.117715,0.528917,-1.432847,-0.117717,1.0
2455602.40861238,0.90563,1.292008,-2.058475,-0.117715,0.528913,-1.432885,-0.11771600000000003,1.0
2455602.41223222,0.8916,1.292047,-2.058459,-0.117714,0.52891,-1.432917,-0.117715,1.0
2455602.41570206,0.8842700000000001,1.292083,-2.058443,-0.117714,0.528907,-1.432948,-0.117714,1.0
2455602.4191819,0.8762,1.2921200000000002,-2.058427,-0.117713,0.528904,-1.432979,-0.117714,1.0
2455602.42277173,0.8754299999999999,1.292157,-2.058411,-0.11771199999999997,0.5289010000000001,-1.433011,-0.117713,1.0
2455602.42656155,0.8754700000000001,1.292197,-2.058393,-0.11771199999999997,0.528898,-1.433045,-0.11771199999999997,1.0
2455602.43004139,0.87874,1.292234,-2.058378,-0.117711,0.528895,-1.433076,-0.11771199999999997,1.0
2455602.43352123,0.8877299999999999,1.292271,-2.058362,-0.117711,0.5288930000000001,-1.433107,-0.117711,1.0
2455602.43699107,0.89515,1.292307,-2.058346,-0.11771,0.52889,-1.433138,-0.11771,1.0
2455602.44047091,0.90264,1.2923440000000002,-2.05833,-0.117709,0.528887,-1.433169,-0.117709,1.0
2455602.44394075,0.91608,1.29238,-2.0583150000000003,-0.117709,0.528884,-1.4332,-0.117709,1.0
2455602.44742058,0.92545,1.292417,-2.0582990000000003,-0.117708,0.528881,-1.433231,-0.117708,1.0
2455602.45089042,0.93491,1.292453,-2.0582830000000003,-0.117708,0.528879,-1.433262,-0.117707,1.0
2455602.45472024,0.94447,1.292493,-2.058265,-0.117707,0.528875,-1.433296,-0.117706,1.0
2455602.45831008,0.95237,1.292531,-2.058249,-0.117706,0.5288729999999999,-1.4333280000000002,-0.117706,1.0
2455602.46177991,0.96034,1.292568,-2.058233,-0.117706,0.52887,-1.433359,-0.117705,1.0
2455602.46525975,0.96927,1.292604,-2.058218,-0.117705,0.528867,-1.43339,-0.117704,1.0
2455602.46872959,0.97199,1.292641,-2.058202,-0.117705,0.528864,-1.4334209999999998,-0.117703,1.0
2455602.47220943,0.98646,1.292678,-2.058186,-0.117704,0.5288619999999999,-1.433452,-0.117703,1.0
2455602.47567927,0.98559,1.292714,-2.05817,-0.117704,0.528859,-1.433483,-0.117702,1.0
2455602.4791591,0.98201,1.292751,-2.058154,-0.117703,0.528856,-1.433515,-0.117701,1.0
2455602.48307892,0.99206,1.292792,-2.058136,-0.117702,0.528853,-1.43355,-0.1177,1.0
2455602.48668875,0.99393,1.29283,-2.05812,-0.117702,0.52885,-1.433582,-0.1177,1.0
2455602.49016859,1.0004,1.292866,-2.058104,-0.117701,0.528848,-1.433613,-0.117699,1.0
2455602.49363843,1.00413,1.292903,-2.058088,-0.117701,0.528845,-1.433645,-0.117698,1.0
2455602.49711826,1.01253,1.29294,-2.058073,-0.1177,0.528842,-1.433676,-0.117697,1.0
2455602.50142806,1.01726,1.292985,-2.058053,-0.117699,0.5288390000000001,-1.433714,-0.117696,1.0
2455602.50582785,1.02578,1.293031,-2.058033,-0.117699,0.528836,-1.4337540000000002,-0.117695,1.0
2455602.50929769,1.0258200000000002,1.293068,-2.058017,-0.117698,0.528833,-1.433785,-0.117694,1.0
2455602.5133075,1.03728,1.29311,-2.057999,-0.117697,0.52883,-1.433821,-0.117694,1.0
2455602.51678734,1.04499,1.293146,-2.057983,-0.117697,0.528828,-1.433852,-0.117693,1.0
2455602.52025718,1.04889,1.293183,-2.057967,-0.117696,0.528825,-1.433884,-0.117692,1.0
2455602.52373701,1.05864,1.29322,-2.057951,-0.117696,0.5288229999999999,-1.433915,-0.117691,1.0
2455602.52721685,1.0675,1.293256,-2.057935,-0.117695,0.52882,-1.433946,-0.11769,1.0
2455602.53068669,1.0804,1.293293,-2.05792,-0.117694,0.528818,-1.433977,-0.11769,1.0
2455602.5346465,1.07648,1.293334,-2.057902,-0.117694,0.5288149999999999,-1.434013,-0.11768900000000003,1.0
2455602.53811634,1.08449,1.2933709999999998,-2.057886,-0.117693,0.528812,-1.434044,-0.117688,1.0
2455602.54200615,1.08854,1.293412,-2.057868,-0.117693,0.52881,-1.434079,-0.117687,1.0
2455602.54670593,1.0836,1.293461,-2.057847,-0.117692,0.528806,-1.434122,-0.117686,1.0
2455602.55067574,1.0757,1.293503,-2.057829,-0.117691,0.528804,-1.434157,-0.11768499999999997,1.0
2455626.29963475,1.1011,1.535476,-1.938194,-0.113073,0.578567,-1.6767599999999998,-0.113066,1.0
2455626.30310451,1.09106,1.53551,-1.938175,-0.113072,0.578584,-1.6767990000000002,-0.113065,1.0
2455626.30667426,1.07714,1.5355450000000002,-1.938155,-0.113071,0.578601,-1.676839,-0.113064,1.0
2455626.31042399,1.07126,1.535582,-1.938134,-0.113071,0.578619,-1.676881,-0.113063,1.0
2455626.31390375,1.0479,1.535616,-1.9381150000000005,-0.11307,0.5786359999999999,-1.67692,-0.113062,1.0
2455626.31737351,1.03262,1.53565,-1.938096,-0.113069,0.578653,-1.676959,-0.113061,1.0
2455626.32084326,1.00824,1.535685,-1.938077,-0.113068,0.57867,-1.676998,-0.113061,1.0
2455626.32448301,0.99355,1.53572,-1.938057,-0.113068,0.578688,-1.677039,-0.11306,1.0
2455626.32812276,0.96741,1.535756,-1.938037,-0.113067,0.578705,-1.677079,-0.113059,1.0
2455626.33159251,0.94631,1.53579,-1.938018,-0.113066,0.5787220000000001,-1.677118,-0.113058,1.0
2455626.33523226,0.94028,1.535826,-1.937998,-0.113065,0.5787399999999999,-1.677159,-0.113057,1.0
2455626.338872,0.91978,1.535862,-1.937978,-0.113064,0.578758,-1.6772,-0.113056,1.0
2455626.34235176,0.90721,1.535896,-1.937959,-0.113064,0.578774,-1.677239,-0.113055,1.0
2455626.34582151,0.88987,1.535931,-1.93794,-0.113063,0.5787909999999999,-1.6772779999999998,-0.113055,1.0
2455626.34929127,0.8825700000000001,1.535965,-1.93792,-0.113062,0.578808,-1.6773169999999995,-0.113054,1.0
2455626.35277102,0.88018,1.535999,-1.937901,-0.113061,0.578825,-1.677356,-0.113053,1.0
2455626.35687074,0.8892,1.536039,-1.937879,-0.11306,0.5788449999999999,-1.677402,-0.113052,1.0
2455626.36035049,0.90245,1.536073,-1.93786,-0.11306,0.578862,-1.677441,-0.113051,1.0
2455626.36382025,0.8942200000000001,1.536108,-1.93784,-0.113059,0.578879,-1.67748,-0.11305,1.0
2455626.36729,0.90421,1.536142,-1.937821,-0.113058,0.578896,-1.6775189999999998,-0.113049,1.0
2455626.37076976,0.91095,1.536176,-1.937802,-0.113057,0.578913,-1.677558,-0.113048,1.0
2455626.37423951,0.92367,1.53621,-1.9377830000000005,-0.113056,0.5789300000000001,-1.677598,-0.113047,1.0
2455626.37809924,0.9531,1.536248,-1.937762,-0.113056,0.5789489999999999,-1.677641,-0.113046,1.0
2455626.381579,0.95579,1.536282,-1.937743,-0.113055,0.578966,-1.6776799999999998,-0.113045,1.0
2455626.38504875,0.95937,1.536317,-1.937724,-0.113054,0.578983,-1.677719,-0.113044,1.0
2455626.38852851,0.97008,1.536351,-1.937704,-0.113053,0.579,-1.677758,-0.113044,1.0
2455626.39225824,0.98273,1.536388,-1.937684,-0.113053,0.579018,-1.6778,-0.113043,1.0
2455626.39598798,0.99096,1.536424,-1.937663,-0.113052,0.579037,-1.6778419999999998,-0.113042,1.0
2455626.39946773,0.98556,1.536458,-1.937644,-0.113051,0.579054,-1.677882,-0.113041,1.0
2455626.40293749,1.00857,1.536493,-1.937625,-0.11305,0.579071,-1.677921,-0.11304000000000003,1.0
2455626.40973701,1.01519,1.53656,-1.937587,-0.113049,0.579104,-1.677998,-0.113038,1.0
2455626.41681651,1.01905,1.536629,-1.937549,-0.113047,0.5791390000000001,-1.678078,-0.11303599999999997,1.0
2455626.42029626,1.0191,1.536664,-1.937529,-0.113046,0.5791569999999999,-1.678117,-0.113035,1.0
2455626.42377602,1.02198,1.536698,-1.93751,-0.113046,0.579174,-1.6781560000000002,-0.113034,1.0
2455626.42724577,1.03149,1.536732,-1.937491,-0.113045,0.579191,-1.678195,-0.113033,1.0
2455626.43071553,1.0344,1.536766,-1.937472,-0.113044,0.579208,-1.678235,-0.113032,1.0
2455626.43447526,1.0316,1.536803,-1.937451,-0.113043,0.579227,-1.678277,-0.113031,1.0
2455626.43803501,1.02976,1.536838,-1.937432,-0.113042,0.579244,-1.6783169999999998,-0.11303,1.0
2455626.44162475,1.04607,1.536873,-1.937412,-0.113042,0.5792619999999999,-1.6783580000000002,-0.113029,1.0
2455626.44618443,1.04133,1.536918,-1.937387,-0.113041,0.579285,-1.67841,-0.113028,1.0
2455626.45073411,1.05395,1.536963,-1.937362,-0.11304000000000003,0.579307,-1.678461,-0.113026,1.0
2455626.45420386,1.05692,1.536997,-1.937343,-0.113039,0.579325,-1.6785,-0.113025,1.0
2455626.4578836,1.07267,1.537033,-1.937322,-0.113038,0.579343,-1.6785419999999998,-0.113024,1.0
2455626.46155334,1.07471,1.5370700000000002,-1.937302,-0.11303699999999997,0.579361,-1.678584,-0.113023,1.0
2455626.46503309,1.0718,1.537104,-1.937283,-0.11303599999999997,0.579379,-1.678623,-0.113022,1.0
2455626.46850285,1.07879,1.537138,-1.937264,-0.11303599999999997,0.579396,-1.678662,-0.113021,1.0
2455626.4719826,1.07984,1.537172,-1.937245,-0.113035,0.579413,-1.678702,-0.11302,1.0
2455626.47545235,1.08589,1.537206,-1.937225,-0.113034,0.579431,-1.678741,-0.113019,1.0
2455626.47959206,1.07105,1.537247,-1.937203,-0.113033,0.5794520000000001,-1.6787880000000002,-0.113018,1.0
2455626.48307181,1.07705,1.537281,-1.937183,-0.113032,0.579469,-1.678827,-0.113017,1.0
2455659.29880629,1.01338,1.84337,-1.737094,-0.104617,0.888445,-2.037841,-0.104592,1.0
2455659.30310593,1.01906,1.843408,-1.737065,-0.104616,0.888503,-2.037884,-0.10459,1.0
2455659.30597569,1.00883,1.843433,-1.737046,-0.104615,0.888542,-2.037912,-0.10458900000000003,1.0
2455659.30852547,1.01914,1.843456,-1.7370290000000002,-0.104614,0.888576,-2.037938,-0.104588,1.0
2455659.31171521,1.0052,1.843484,-1.737008,-0.104614,0.8886200000000001,-2.037969,-0.104587,1.0
2455659.314265,1.03721,1.843506,-1.736991,-0.104613,0.888654,-2.037995,-0.10458599999999997,1.0
2455659.31682478,1.03344,1.843529,-1.7369740000000002,-0.10461199999999997,0.888689,-2.03802,-0.10458599999999997,1.0
2455659.31937457,1.01836,1.843551,-1.736957,-0.104611,0.8887229999999999,-2.038045,-0.104585,1.0
2455659.32192435,1.04789,1.8435740000000005,-1.7369400000000002,-0.104611,0.888758,-2.038071,-0.104584,1.0
2455659.32447414,1.02597,1.843596,-1.736923,-0.10461,0.888793,-2.038096,-0.104583,1.0
2455659.32702393,1.03932,1.843618,-1.736906,-0.104609,0.888827,-2.038121,-0.104582,1.0
2455659.33036364,1.01946,1.843648,-1.736884,-0.104608,0.8888729999999999,-2.038155,-0.104581,1.0
2455659.33318341,1.02138,1.843673,-1.736865,-0.104607,0.888911,-2.038183,-0.10458,1.0
2455659.33573319,1.0186,1.843695,-1.736848,-0.104607,0.8889459999999999,-2.038208,-0.104579,1.0
2455659.33828298,1.01957,1.843717,-1.7368310000000002,-0.104606,0.8889799999999999,-2.038234,-0.104578,1.0
2455659.34090276,1.01586,1.84374,-1.736814,-0.104605,0.889016,-2.03826,-0.104577,1.0
2455659.34368253,1.01124,1.843765,-1.736796,-0.104604,0.8890540000000001,-2.038287,-0.104576,1.0
2455659.34623231,1.00478,1.843787,-1.736779,-0.104604,0.8890879999999999,-2.038313,-0.104575,1.0
2455659.3487821,1.00852,1.84381,-1.736762,-0.104603,0.889123,-2.038338,-0.104574,1.0
2455659.35133188,1.02071,1.843832,-1.736745,-0.104602,0.889158,-2.038364,-0.104574,1.0
2455659.35388167,0.99843,1.843855,-1.7367279999999998,-0.104601,0.889192,-2.038389,-0.104573,1.0
2455659.35643146,1.01049,1.843877,-1.736711,-0.104601,0.889227,-2.038414,-0.104572,1.0
2455659.35931122,1.00497,1.843902,-1.736692,-0.1046,0.889266,-2.038443,-0.104571,1.0
2455659.36346087,0.99033,1.843939,-1.736664,-0.104599,0.889323,-2.038485,-0.104569,1.0
2455659.36601065,0.99127,1.843961,-1.736647,-0.104598,0.889357,-2.03851,-0.104568,1.0
2455659.37035029,1.00698,1.843999,-1.736618,-0.104597,0.889416,-2.038553,-0.104567,1.0
2455659.37345003,0.99413,1.844027,-1.736598,-0.104596,0.889459,-2.038584,-0.104566,1.0
2455659.37647977,0.99508,1.844053,-1.736577,-0.104595,0.8895,-2.038614,-0.104565,1.0
2455659.37902956,0.986,1.844076,-1.73656,-0.104594,0.8895350000000001,-2.03864,-0.104564,1.0
2455659.38157934,0.98241,1.844098,-1.736543,-0.104593,0.8895700000000001,-2.038665,-0.10456300000000003,1.0
2455659.38412913,0.98154,1.844121,-1.7365259999999998,-0.104593,0.8896040000000001,-2.038691,-0.104562,1.0
2455659.38667892,0.97527,1.844143,-1.7365099999999998,-0.104592,0.889639,-2.038716,-0.104561,1.0
2455659.3892287,0.97441,1.844165,-1.736493,-0.104591,0.889674,-2.038742,-0.10456,1.0
2455659.39212846,0.97804,1.844191,-1.736473,-0.10459,0.8897139999999999,-2.03877,-0.104559,1.0
2455659.39606812,0.9532,1.844226,-1.736447,-0.10458900000000003,0.889767,-2.03881,-0.104558,1.0
2455659.39861791,0.9367,1.844248,-1.73643,-0.104588,0.8898020000000001,-2.038835,-0.104557,1.0
2455659.40116769,0.94453,1.84427,-1.7364130000000002,-0.104588,0.8898370000000001,-2.0388610000000003,-0.104556,1.0
2455659.40371748,0.94892,1.844293,-1.7363959999999998,-0.104587,0.8898719999999999,-2.038886,-0.104555,1.0
2455659.40594729,0.93939,1.844312,-1.7363810000000002,-0.10458599999999997,0.8899020000000001,-2.038908,-0.104554,1.0
