2443380.8404860003,1.14018,-3.102948,0.0144976,-0.05170094,-2.207846,-0.4548321,-0.05172698,1.0
2443380.846611,1.147555,-3.102939,0.0144405,-0.05169226,-2.20779,-0.4547963,-0.05171829,1.0
2443380.852446,1.12661,-3.10293,0.0143861,-0.05168399,-2.207736,-0.4547622,-0.05171002,1.0
2443380.856571,1.060165,-3.102924,0.01434765,-0.05167815,-2.207698,-0.4547380999999999,-0.05170417,1.0
2443380.8627790003,1.06899,-3.102914,0.01428977,-0.05166935,-2.207641,-0.4547017,-0.05169536,1.0
2443380.867738,1.0514139999999998,-3.102907,0.01424354,-0.05166232,-2.207595,-0.4546727,-0.05168833,1.0
2443380.874363,1.02276,-3.102897,0.01418178,-0.05165293,-2.207534,-0.454634,-0.05167894,1.0
2443380.879655,0.9722402,-3.102889,0.01413244,-0.05164543,-2.207485,-0.454603,-0.05167143,1.0
2443380.886989,1.001322,-3.102878,0.01406407,-0.05163504,-2.207418,-0.4545601,-0.05166103,1.0
2443380.893156,0.9903155,-3.102868,0.01400658,-0.0516263,-2.207361,-0.454524,-0.05165229,1.0
2443380.896364,0.9553744,-3.102863,0.01397667,-0.05162176,-2.207331,-0.4545052,-0.05164774,1.0
2443380.89949,0.9921414,-3.102859,0.01394753,-0.05161733,-2.207302,-0.4544869000000001,-0.05164331,1.0
2443380.904699,0.9633267,-3.102851,0.01389897,-0.05160995,-2.2072540000000003,-0.4544564,-0.05163592,1.0
2443380.90999,0.9353488,-3.102843,0.01384964,-0.05160245,-2.207206,-0.4544254,-0.05162842,1.0
2443380.915491,0.9115356,-3.102834,0.01379836,-0.05159465,-2.207155,-0.4543932,-0.05162062,1.0
2443380.9202,0.9233653,-3.102827,0.01375446,-0.05158798,-2.207112,-0.4543656,-0.05161394,1.0
2443380.926491,0.9483608,-3.102818,0.01369581,-0.05157907,-2.2070540000000003,-0.4543288,-0.05160502,1.0
2443380.931533,0.9597841,-3.10281,0.0136488,-0.05157192,-2.207007,-0.4542992,-0.05159787,1.0
2443380.937326,0.9624398,-3.102801,0.013594799999999995,-0.05156371,-2.206954,-0.4542653,-0.05158965,1.0
2443380.996037,1.056267,-3.102712,0.01304745,-0.05148051,-2.206414,-0.453921,-0.05150639,1.0
2443381.003371,1.063099,-3.102701,0.01297909,-0.05147012,-2.206347,-0.4538779000000001,-0.05149599,1.0
2443381.007121,0.9994788,-3.102695,0.01294412,-0.05146481,-2.206313,-0.4538559,-0.05149067,1.0
2443381.011371,0.9379368,-3.102689,0.0129045,-0.05145878,-2.206274,-0.453831,-0.05148465,1.0
2443381.017831,0.9677732,-3.102679,0.01284428,-0.05144963,-2.206214,-0.4537931,-0.05147549,1.0
2443381.0216220003,0.9182767,-3.102673,0.01280894,-0.05144426,-2.206179,-0.4537708,-0.05147011,1.0
2443381.027247,0.9242163,-3.102665,0.01275649,-0.05143629,-2.206128,-0.4537378,-0.05146213,1.0
2443381.0310810003,0.8649154,-3.102659,0.01272075,-0.05143085,-2.206093,-0.4537153,-0.0514567,1.0
2443381.038248,0.9199698,-3.102648,0.01265394,-0.0514207,-2.206027,-0.4536732,-0.05144653,1.0
2443381.044248,0.9518611,-3.102639,0.012598,-0.05141219,-2.205972,-0.4536379,-0.05143802,1.0
2443381.051541,1.004092,-3.102628,0.01253001,-0.05140186,-2.205905,-0.4535951,-0.05142768,1.0
2443381.057374,1.024645,-3.102619,0.01247563,-0.05139359,-2.205851,-0.4535608,-0.05141941,1.0
2443381.064291,1.089867,-3.102608,0.01241114,-0.05138379,-2.205788,-0.4535202,-0.0514096,1.0
2443381.06925,1.104011,-3.102601,0.01236492,-0.05137676,-2.205742,-0.453491,-0.05140257,1.0
2443380.84132,1.139126,-3.102947,0.01448982,-0.05169976,-2.207838,-0.4548272,-0.0517258,1.0
2443380.849946,1.111147,-3.102934,0.01440941,-0.05168753,-2.207759,-0.4547768,-0.05171356,1.0
2443380.856571,1.072931,-3.102924,0.01434765,-0.05167815,-2.207698,-0.4547380999999999,-0.05170417,1.0
2443380.860654,1.05821,-3.102918,0.01430958,-0.05167236,-2.20766,-0.4547142,-0.05169838,1.0
2443380.868155,1.015247,-3.102906,0.01423966,-0.05166173,-2.207591,-0.4546703,-0.05168774,1.0
2443380.8776970003,1.011513,-3.102892,0.01415069,-0.05164821,-2.207503,-0.4546145,-0.05167421,1.0
2443380.882573,1.000395,-3.102884,0.01410524,-0.0516413,-2.2074580000000004,-0.4545859,-0.0516673,1.0
2443380.892031,1.001317,-3.10287,0.01401706,-0.0516279,-2.207371,-0.4545305,-0.05165388,1.0
2443380.8995740004,0.9731318,-3.102859,0.01394675,-0.05161721,-2.207302,-0.4544864000000001,-0.05164319,1.0
2443380.906574,0.972236,-3.102848,0.01388149,-0.05160729,-2.207237,-0.4544454000000001,-0.05163326,1.0
2443380.910074,0.9370693,-3.102843,0.01384886,-0.05160233,-2.207205,-0.4544249,-0.0516283,1.0
2443380.9176580003,0.9758243,-3.102831,0.01377816,-0.05159158,-2.207135,-0.4543805,-0.05161754,1.0
2443380.923741,0.9839469,-3.102822,0.01372144,-0.05158296,-2.207079,-0.4543449000000001,-0.05160892,1.0
2443380.9302,0.9875786,-3.102812,0.01366123,-0.05157381,-2.20702,-0.454307,-0.05159976,1.0
2443380.935992,0.9967166,-3.102803,0.01360724,-0.0515656,-2.206966,-0.4542731,-0.05159154,1.0
2443380.941617,0.9903112,-3.102795,0.01355479,-0.05155763,-2.206915,-0.4542401,-0.05158357,1.0
2443380.948743,0.9776235,-3.102784,0.01348837,-0.05154753,-2.206849,-0.4541983,-0.05157346,1.0
2443380.956202,1.030319,-3.102773,0.01341882,-0.05153696,-2.2067810000000003,-0.4541546,-0.05156288,1.0
2443380.962535,1.034122,-3.102763,0.01335978,-0.05152799,-2.206722,-0.4541175,-0.0515539,1.0
2443380.968244,1.028423,-3.102754,0.01330656,-0.051519900000000014,-2.20667,-0.454084,-0.05154581,1.0
2443380.973619,1.016182,-3.102746,0.01325645,-0.05151228,-2.20662,-0.4540525,-0.05153818,1.0
2443380.979828,1.047543,-3.102737,0.01319856,-0.05150348,-2.206563,-0.4540161,-0.05152938,1.0
2443380.984787,1.032219,-3.102729,0.01315234,-0.05149646,-2.206518,-0.453987,-0.05152235,1.0
2443380.9897040003,1.021814,-3.102722,0.0131065,-0.05148949,-2.206473,-0.4539581,-0.05151537,1.0
2443380.9961200003,1.0180559999999998,-3.102712,0.01304668,-0.0514804,-2.206414,-0.4539205,-0.05150628,1.0
2443381.00008,1.014312,-3.102706,0.01300977,-0.05147478,-2.2063770000000003,-0.4538973,-0.05150066,1.0
2443381.003871,0.9767236,-3.1027,0.01297442,-0.05146941,-2.206342,-0.453875,-0.05149528,1.0
2443381.009246,0.9362065,-3.102692,0.01292431,-0.05146179,-2.206293,-0.4538435000000001,-0.05148766,1.0
2443381.012705,0.8965440999999998,-3.102687,0.01289206,-0.05145689,-2.206261,-0.4538232,-0.05148276,1.0
2443381.026372,0.8633197,-3.102666,0.01276465,-0.05143753,-2.206136,-0.4537429,-0.05146337,1.0
2443381.031831,0.8713079,-3.1026580000000004,0.01271376,-0.05142979,-2.206086,-0.4537109,-0.05145563,1.0
2443381.050916,1.006866,-3.1026290000000003,0.01253584,-0.05140274,-2.205911,-0.4535988,-0.05142857,1.0
2443381.0598330004,1.05821,-3.102615,0.01245271,-0.05139011,-2.205829,-0.4535464,-0.05141592,1.0
2443381.069959,1.068985,-3.1026,0.01235831,-0.05137576,-2.205736,-0.4534868,-0.05140156,1.0
2443411.940731,1.088452,-3.040828,-0.2750955,-0.00744208,-2.039114,-0.2302701,-0.00743425,1.0
2443411.946773,1.087449,-3.040813,-0.27515159999999994,-0.00743345,-2.039105,-0.23022270000000006,-0.00742563,1.0
2443411.950731,1.074507,-3.040803,-0.2751884,-0.00742781,-2.039099,-0.2301917,-0.00741998,1.0
2443411.958316,1.061717,-3.040784,-0.2752588,-0.00741699,-2.039088,-0.2301322,-0.00740915,1.0
2443411.963899,1.014867,-3.040771,-0.2753106,-0.00740902,-2.03908,-0.2300884,-0.00740118,1.0
2443411.9670240004,1.013,-3.040763,-0.2753396,-0.00740456,-2.039076,-0.2300639,-0.00739671,1.0
2443411.970524,1.011135,-3.040754,-0.27537209999999995,-0.00739957,-2.039071,-0.2300365,-0.00739172,1.0
2443411.977982,1.007416,-3.040736,-0.2754413,-0.00738893,-2.03906,-0.229978,-0.00738107,1.0
2443411.9826490004,0.9926795,-3.040724,-0.2754847,-0.00738227,-2.039054,-0.2299414,-0.0073744,1.0
2443411.9892740003,0.9981801,-3.040707,-0.2755462,-0.00737282,-2.039044,-0.2298895,-0.00736494,1.0
2443411.995566,0.9772578000000002,-3.040692,-0.2756046,-0.00736384,-2.039035,-0.2298402,-0.00735596,1.0
2443412.002607,0.9532547,-3.040674,-0.2756699,-0.0073538,-2.039025,-0.229785,-0.00734591,1.0
2443412.007524,0.9375812,-3.040662,-0.2757156,-0.00734678,-2.039018,-0.2297464,-0.00733889,1.0
2443412.010566,0.9445159,-3.040655,-0.2757438,-0.00734244,-2.039014,-0.2297226,-0.00733454,1.0
2443412.0136490003,0.9462569,-3.0406470000000003,-0.2757725,-0.00733804,-2.03901,-0.2296984,-0.00733014,1.0
2443412.022024,0.9763584,-3.040626,-0.2758502,-0.00732609,-2.038998,-0.2296327,-0.00731818,1.0
2443412.027566,0.9981801,-3.040612,-0.2759016,-0.00731819,-2.03899,-0.2295893,-0.00731027,1.0
2443412.0329,1.005562,-3.0405990000000003,-0.2759512,-0.00731058,-2.038982,-0.2295475,-0.00730265,1.0
2443412.041275,1.015802,-3.040578,-0.2760289,-0.00729863,-2.038971,-0.2294818,-0.0072907,1.0
2443412.0469830004,1.030882,-3.040564,-0.27608190000000005,-0.00729048,-2.038962,-0.2294371,-0.00728255,1.0
2443412.053192,1.044261,-3.040548,-0.2761395,-0.00728162,-2.038954,-0.2293884,-0.00727368,1.0
2443412.113068,0.9264226,-3.0403990000000003,-0.27669540000000004,-0.0071962000000000016,-2.03887,-0.2289191,-0.00718819,1.0
2443412.116151,0.930699,-3.040392,-0.276724,-0.007191800000000002,-2.038866,-0.2288949,-0.00718378,1.0
2443412.124526,0.9045012,-3.040371,-0.2768018,-0.00717985,-2.038854,-0.2288292,-0.00717183,1.0
2443412.128943,0.9053348,-3.04036,-0.2768428,-0.00717355,-2.038848,-0.2287946,-0.00716552,1.0
2443412.132776,0.9111903,-3.04035,-0.2768783,-0.00716808,-2.038843,-0.2287646,-0.00716005,1.0
2443412.137443,0.9230153,-3.040339,-0.2769217,-0.00716142,-2.038836,-0.228728,-0.00715338,1.0
2443412.140818,0.9358562,-3.04033,-0.276953,-0.00715661,-2.038832,-0.2287015,-0.00714856,1.0
2443412.143818,0.9315565999999998,-3.040323,-0.2769808,-0.00715233,-2.038827,-0.228678,-0.00714428,1.0
2443412.151026,1.001865,-3.040305,-0.2770477,-0.00714204,-2.038817,-0.2286215,-0.00713399,1.0
2443412.155859,1.019552,-3.040293,-0.2770926,-0.00713515,-2.038811,-0.22858360000000005,-0.00712709,1.0
2443412.162151,1.047151,-3.040277,-0.27715100000000004,-0.00712617,-2.038802,-0.2285343,-0.0071181,1.0
2443412.171401,1.076488,-3.040254,-0.2772369,-0.00711297,-2.038789,-0.2284618,-0.007104899999999998,1.0
2443411.9421900003,1.094975,-3.040824,-0.2751091,-0.00743999,-2.039111,-0.23025860000000006,-0.00743217,1.0
2443411.950065,1.068081,-3.040805,-0.2751822,-0.00742876,-2.0391,-0.2301969,-0.00742093,1.0
2443411.955148,1.05829,-3.040792,-0.27522929999999995,-0.00742151,-2.039093,-0.23015700000000006,-0.00741367,1.0
2443411.969441,1.031346,-3.040757,-0.275362,-0.00740111,-2.039072,-0.230045,-0.00739326,1.0
2443411.973149,1.01159,-3.040748,-0.2753965,-0.00739582,-2.039067,-0.2300159,-0.00738797,1.0
2443411.978107,1.01159,-3.040735,-0.27544250000000003,-0.00738875,-2.03906,-0.229977,-0.00738089,1.0
2443411.991482,0.9696268,-3.040702,-0.2755667,-0.00736967,-2.039041,-0.22987220000000005,-0.00736179,1.0
2443411.994732,0.9660611,-3.040694,-0.2755968,-0.00736503,-2.039036,-0.2298467,-0.00735715,1.0
2443411.9980240003,0.9767976,-3.040686,-0.2756274,-0.00736033,-2.039032,-0.2298209,-0.00735245,1.0
2443412.0010240003,0.9536836,-3.040678,-0.2756552,-0.00735605,-2.039027,-0.2297974,-0.00734817,1.0
2443412.005274,0.9545626,-3.040668,-0.2756947,-0.00734999,-2.039021,-0.229764,-0.007342100000000002,1.0
2443412.012232,0.9268397,-3.04065,-0.2757593,-0.00734006,-2.039012,-0.2297095,-0.00733216,1.0
2443412.018941,0.9475552,-3.040634,-0.2758216,-0.00733049,-2.039002,-0.2296569,-0.00732258,1.0
2443412.023816,0.9651713,-3.040622,-0.2758668,-0.00732354,-2.038995,-0.2296187,-0.00731562,1.0
2443412.037692,1.003239,-3.040587,-0.27599559999999995,-0.00730374,-2.038976,-0.2295099,-0.00729581,1.0
2443412.041317,1.003239,-3.040578,-0.2760293,-0.00729857,-2.03897,-0.2294815,-0.00729064,1.0
2443412.0456080004,1.001392,-3.040567,-0.2760691,-0.00729245,-2.038964,-0.2294479,-0.00728451,1.0
2443412.054858,1.041848,-3.040544,-0.27615500000000004,-0.00727925,-2.038951,-0.2293753,-0.0072713,1.0
2443412.058983,1.038017,-3.040534,-0.2761933,-0.00727336,-2.038946,-0.229343,-0.00726541,1.0
2443412.065067,1.052457,-3.040519,-0.2762498,-0.00726468,-2.038937,-0.2292953,-0.00725672,1.0
2443412.0684,1.062195,-3.040511,-0.27628070000000005,-0.00725993,-2.038932,-0.2292692,-0.00725196,1.0
2443412.0769,1.05052,-3.040489,-0.2763595999999999,-0.007247800000000001,-2.03892,-0.2292026,-0.00723983,1.0
2443412.081358,1.059265,-3.040478,-0.276401,-0.00724144,-2.038914,-0.2291676,-0.00723346,1.0
2443412.084608,1.053427,-3.04047,-0.2764312,-0.0072368,-2.03891,-0.2291421,-0.00722882,1.0
2443412.0876080003,1.045694,-3.040463,-0.276459,-0.00723252,-2.038905,-0.2291186,-0.00722454,1.0
2443412.0908580003,1.041848,-3.040455,-0.27648920000000005,-0.00722788,-2.038901,-0.2290931,-0.0072199,1.0
2443412.0954830004,1.045694,-3.040443,-0.2765321,-0.00722129,-2.038894,-0.2290569,-0.00721329,1.0
2443412.098733,1.017195,-3.040435,-0.2765623,-0.00721665,-2.0388900000000003,-0.2290314,-0.00720865,1.0
2443412.103525,0.9903857,-3.040423,-0.2766068,-0.00720981,-2.038883,-0.2289938,-0.00720181,1.0
2443412.110151,0.966951,-3.040407,-0.2766683,-0.00720036,-2.0388740000000003,-0.2289419,-0.00719235,1.0
2443412.114193,0.9423329,-3.040397,-0.2767058,-0.00719459,-2.038868,-0.22891020000000006,-0.00718658,1.0
2443412.119318,0.9217313,-3.040384,-0.27675340000000004,-0.00718728,-2.0388610000000003,-0.2288701,-0.00717926,1.0
2443412.122318,0.9024113,-3.040376,-0.2767812,-0.007183,-2.038857,-0.2288465,-0.00717498,1.0
2443412.125318,0.8916702,-3.040369,-0.2768091,-0.00717872,-2.038853,-0.228823,-0.0071707,1.0
2443412.132109,0.8941377,-3.040352,-0.27687209999999995,-0.00716903,-2.038844,-0.2287698,-0.007161,1.0
2443412.136484,0.9007501,-3.040341,-0.2769128,-0.00716279,-2.038838,-0.2287355,-0.00715475,1.0
2443412.140484,0.9536836,-3.040331,-0.2769499,-0.00715708,-2.038832,-0.2287041,-0.00714904,1.0
2443412.144193,0.9580856,-3.040322,-0.2769843,-0.00715179,-2.038827,-0.2286751,-0.00714374,1.0
2443412.148026,0.9831149,-3.040312,-0.2770199,-0.00714632,-2.038822,-0.228645,-0.00713827,1.0
2443412.155234,1.017195,-3.040294,-0.2770868,-0.00713604,-2.038812,-0.22858850000000006,-0.00712798,1.0
2443412.159609,1.039931,-3.040283,-0.2771274,-0.0071298,-2.038806,-0.2285542,-0.00712173,1.0
2443412.163818,1.077964,-3.040273,-0.2771665,-0.00712379,-2.0388,-0.2285213,-0.00711572,1.0
2443412.166984,1.08294,-3.040265,-0.27719590000000005,-0.00711927,-2.038795,-0.2284964,-0.0071112,1.0
2443412.171193,1.098005,-3.040255,-0.277235,-0.00711327,-2.03879,-0.2284635,-0.00710519,1.0
2443412.175234,1.10409,-3.040245,-0.2772725,-0.0071075,-2.038784,-0.2284318,-0.00709942,1.0
2443411.947273,1.087429,-3.040812,-0.2751562,-0.00743274,-2.039104,-0.2302188,-0.00742491,1.0
2443411.955773,1.062676,-3.040791,-0.2752352,-0.00742061,-2.039092,-0.23015210000000005,-0.00741278,1.0
2443411.965607,1.034668,-3.040766,-0.2753264,-0.00740658,-2.039078,-0.230075,-0.00739874,1.0
2443411.969316,1.028966,-3.040757,-0.2753609,-0.00740129,-2.039073,-0.230046,-0.00739344,1.0
2443411.975607,1.00647,-3.040741,-0.2754193,-0.00739232,-2.039064,-0.2299966,-0.00738446,1.0
2443411.981316,1.000002,-3.040727,-0.2754723,-0.00738417,-2.039055,-0.2299519,-0.00737631,1.0
2443411.988191,0.9790416,-3.04071,-0.2755361,-0.00737436,-2.039046,-0.229898,-0.00736649,1.0
2443411.991316,0.9745434,-3.040702,-0.2755651,-0.007369899999999999,-2.039041,-0.2298735,-0.00736203,1.0
2443411.997066,0.9673887,-3.0406880000000003,-0.2756185,-0.0073617,-2.0390330000000003,-0.2298284,-0.00735382,1.0
2443412.0070240004,0.9264052,-3.040663,-0.27571100000000004,-0.00734749,-2.039019,-0.2297503,-0.0073396,1.0
2443412.0111490004,0.9323973,-3.040653,-0.2757492,-0.00734161,-2.039013,-0.229718,-0.00733371,1.0
2443412.020149,0.9341165,-3.0406310000000003,-0.2758328,-0.00732877,-2.039,-0.22964740000000006,-0.00732086,1.0
2443412.0248990003,0.9514828000000002,-3.040619,-0.27587690000000004,-0.00732199,-2.038994,-0.22961020000000004,-0.00731408,1.0
2443412.029316,0.957637,-3.040608,-0.2759179,-0.00731569,-2.038987,-0.2295756,-0.00730777,1.0
2443412.0334,0.9790416,-3.040598,-0.2759558,-0.00730986,-2.038982,-0.2295436,-0.00730194,1.0
2443412.039192,0.9763403,-3.0405830000000003,-0.2760096,-0.0073016,-2.038973,-0.2294982,-0.00729367,1.0
2443412.042817,0.9790416,-3.0405740000000003,-0.27604320000000004,-0.00729643,-2.038968,-0.2294697,-0.00728849,1.0
2443412.053692,1.007398,-3.040547,-0.2761442,-0.00728091,-2.038953,-0.2293845,-0.00727297,1.0
2443412.059525,1.01298,-3.0405330000000004,-0.27619829999999995,-0.00727259,-2.038945,-0.2293388,-0.00726464,1.0
2443412.062525,1.015784,-3.040525,-0.27622620000000003,-0.00726831,-2.038941,-0.2293152,-0.00726035,1.0
2443412.0699,1.01298,-3.040507,-0.2762946,-0.00725779,-2.03893,-0.2292574,-0.00724982,1.0
2443412.163401,1.061699,-3.040274,-0.2771626,-0.00712439,-2.0388,-0.2285245,-0.00711632,1.0
2443412.166401,1.078453,-3.040267,-0.2771905,-0.007120100000000002,-2.038796,-0.228501,-0.00711203,1.0
2443412.171484,1.089434,-3.040254,-0.2772377,-0.00711285,-2.038789,-0.2284612,-0.00710478,1.0
2443412.175276,1.10459,-3.040244,-0.27727290000000004,-0.00710744,-2.038784,-0.2284315,-0.00709936,1.0
2443412.883043,1.082524,-3.038473,-0.2838423,-0.00609763,-2.037877,-0.2228873,-0.00608877,1.0
2443412.887877,1.085519,-3.03846,-0.2838872,-0.00609073,-2.037871,-0.2228495,-0.00608186,1.0
2443412.892752,1.057883,-3.038448,-0.28393240000000003,-0.00608377,-2.037865,-0.2228113,-0.006074899999999999,1.0
2443413.015545,1.088523,-3.038139,-0.285072,-0.00590858,-2.037722,-0.2218502,-0.00589957,1.0
2443413.020837,1.067672,-3.038126,-0.2851211,-0.00590102,-2.037716,-0.2218087,-0.00589201,1.0
2443413.025254,1.046256,-3.0381150000000003,-0.2851621,-0.00589472,-2.0377110000000003,-0.22177420000000006,-0.0058857,1.0
2443413.029962,1.026214,-3.038103,-0.2852058,-0.005888,-2.037705,-0.2217373,-0.00587898,1.0
2443413.033462,1.023382,-3.038094,-0.2852383,-0.00588301,-2.037701,-0.2217099,-0.00587398,1.0
2443413.037504,0.997327,-3.038084,-0.2852758,-0.00587724,-2.037697,-0.2216783,-0.00586821,1.0
2443413.040587,0.9737278,-3.038076,-0.2853044,-0.00587284,-2.037693,-0.2216542,-0.00586381,1.0
2443413.044379,0.9445778,-3.038066,-0.2853396,-0.00586743,-2.037689,-0.2216245,-0.0058584,1.0
2443413.0486290003,0.9350563,-3.038056,-0.2853791,-0.00586137,-2.037684,-0.2215912,-0.00585233,1.0
2443413.053045,0.9137714,-3.038045,-0.28542,-0.00585507,-2.037679,-0.2215567,-0.00584602,1.0
2443413.060587,0.9247783000000002,-3.038026,-0.28549,-0.00584431,-2.03767,-0.2214976,-0.00583525,1.0
2443413.064087,0.9037278,-3.038017,-0.2855225,-0.00583931,-2.037666,-0.2214703,-0.00583025,1.0
2443413.067504,0.8995754000000001,-3.038008,-0.2855542,-0.00583444,-2.037662,-0.2214435,-0.00582537,1.0
2443413.077462,0.934195,-3.037983,-0.28564670000000003,-0.00582023,-2.037651,-0.2213656,-0.00581116,1.0
2443413.088962,0.9692545,-3.037954,-0.2857534,-0.00580382,-2.0376380000000003,-0.2212756,-0.00579473,1.0
2443413.096796,1.002854,-3.037934,-0.2858261,-0.00579265,-2.037629,-0.2212143,-0.00578355,1.0
2443413.101796,1.024325,-3.037922,-0.2858725,-0.00578551,-2.037623,-0.2211752,-0.00577641,1.0
2443413.110713,1.098595,-3.0378990000000003,-0.2859552,-0.00577279,-2.037613,-0.2211054,-0.00576368,1.0
2443413.11638,1.096574,-3.037885,-0.2860078,-0.0057647,-2.037607,-0.2210611,-0.00575559,1.0
2443412.883252,1.098776,-3.038472,-0.2838443,-0.00609733,-2.037877,-0.2228857,-0.00608847,1.0
2443412.888502,1.114061,-3.038459,-0.283893,-0.00608984,-2.0378700000000003,-0.2228446,-0.00608097,1.0
2443412.89546,1.058057,-3.038441,-0.2839576,-0.00607991,-2.037862,-0.2227901,-0.00607104,1.0
2443412.918503,1.0151,-3.038383,-0.2841714,-0.00604703,-2.037835,-0.2226097,-0.00603813,1.0
2443412.923419,1.007648,-3.038371,-0.284217,-0.00604002,-2.037829,-0.2225712,-0.00603111,1.0
2443412.936628,0.9667379,-3.038338,-0.2843396,-0.00602117,-2.037814,-0.2224678,-0.00601225,1.0
2443412.939753,0.957875,-3.03833,-0.2843686,-0.00601671,-2.03781,-0.2224434,-0.00600779,1.0
2443412.943253,0.9343481,-3.038321,-0.2844011,-0.00601172,-2.037806,-0.222416,-0.00600279,1.0
2443412.946711,0.9517193000000002,-3.038312,-0.28443320000000005,-0.00600679,-2.037802,-0.2223889,-0.00599786,1.0
2443412.962794,0.9525965,-3.038272,-0.2845825,-0.00598384,-2.037783,-0.222263,-0.00597489,1.0
2443412.967544,0.9765822,-3.03826,-0.2846265,-0.00597706,-2.037777,-0.2222259,-0.00596811,1.0
2443412.973919,1.011368,-3.038244,-0.2846857,-0.00596797,-2.03777,-0.222176,-0.005959000000000001,1.0
2443412.978044,0.9631828,-3.038233,-0.284724,-0.00596208,-2.0377650000000003,-0.2221437,-0.00595311,1.0
2443412.981378,1.021666,-3.038225,-0.28475490000000003,-0.00595732,-2.037761,-0.2221176,-0.00594835,1.0
2443412.987753,1.032069,-3.038209,-0.2848141,-0.00594823,-2.037754,-0.2220677,-0.00593925,1.0
2443412.993211,1.0020950000000002,-3.038195,-0.2848648,-0.00594044,-2.037748,-0.2220249,-0.00593146,1.0
2443413.000294,1.073765,-3.038177,-0.2849305,-0.00593033,-2.037739,-0.2219695,-0.00592134,1.0
2443413.004004,1.072776,-3.038168,-0.2849649,-0.00592504,-2.037735,-0.2219405,-0.00591605,1.0
2443413.015837,1.079715,-3.038138,-0.2850747,-0.00590816,-2.037721,-0.2218479,-0.00589915,1.0
2443413.02117,1.061962,-3.038125,-0.2851242,-0.00590055,-2.037715,-0.2218061,-0.00589154,1.0
2443413.024462,1.071788,-3.038117,-0.2851548,-0.00589585,-2.0377110000000003,-0.2217804,-0.00588683,1.0
2443413.030754,1.058057,-3.038101,-0.2852132,-0.00588687,-2.037704,-0.2217311,-0.00587785,1.0
2443413.042962,1.0160360000000002,-3.0380700000000003,-0.2853265,-0.00586946,-2.03769,-0.2216356,-0.00586042,1.0
2443413.04742,0.9838044,-3.038059,-0.2853678,-0.0058631,-2.037685,-0.2216007,-0.00585405,1.0
2443413.051462,0.957875,-3.038049,-0.28540540000000003,-0.00585733,-2.037681,-0.2215691,-0.00584828,1.0
2443413.05517,0.936934,-3.038039,-0.2854398,-0.00585204,-2.037676,-0.22154,-0.00584299,1.0
2443413.058712,0.918986,-3.03803,-0.2854726,-0.00584698,-2.037672,-0.2215123,-0.00583793,1.0
2443413.062087,0.9198331,-3.038022,-0.285504,-0.00584217,-2.037668,-0.2214859,-0.00583311,1.0
2443413.065295,0.9088853,-3.038014,-0.2855337,-0.00583759,-2.037665,-0.2214608,-0.00582853,1.0
2443413.069545,0.9063768,-3.038003,-0.2855732,-0.00583153,-2.03766,-0.2214276,-0.00582246,1.0
2443413.075379,0.9343481,-3.037988,-0.2856273,-0.0058232,-2.037653,-0.2213819,-0.00581413,1.0
2443413.081545,0.9543526,-3.037973,-0.28568449999999995,-0.00581441,-2.037646,-0.2213336,-0.00580533,1.0
2443413.085295,0.9658479,-3.037963,-0.28571929999999995,-0.00580905,-2.037642,-0.22130429999999995,-0.00579997,1.0
2443413.089795,0.9828988,-3.037952,-0.2857611,-0.00580263,-2.037637,-0.2212691,-0.00579354,1.0
2443413.093963,1.001172,-3.037941,-0.2857998,-0.00579669,-2.037632,-0.2212365,-0.00578759,1.0
2443413.098838,1.036833,-3.037929,-0.285845,-0.00578973,-2.037627,-0.2211983,-0.00578063,1.0
2443413.113713,1.103848,-3.037892,-0.2859831,-0.00576851,-2.03761,-0.2210819,-0.00575939,1.0
2443412.885418,1.081803,-3.038467,-0.2838644,-0.00609424,-2.037874,-0.2228687,-0.00608537,1.0
2443412.893835,1.0591270000000002,-3.0384450000000003,-0.28394250000000004,-0.00608223,-2.037864,-0.2228028,-0.00607336,1.0
2443412.9086680003,1.014257,-3.038408,-0.2840801,-0.00606107,-2.037847,-0.2226867,-0.00605218,1.0
2443412.912668,1.018938,-3.038398,-0.2841173,-0.00605536,-2.037842,-0.2226554,-0.00604646,1.0
2443412.919128,1.013323,-3.038382,-0.2841772,-0.00604614,-2.037834,-0.2226048,-0.00603724,1.0
2443412.922586,1.018001,-3.038373,-0.2842093,-0.00604121,-2.03783,-0.2225778,-0.0060323,1.0
2443412.925961,0.9939123,-3.038365,-0.2842406,-0.00603639,-2.037826,-0.2225513,-0.00602748,1.0
2443412.937003,0.9820828,-3.038337,-0.2843431,-0.00602064,-2.0378130000000003,-0.2224649,-0.00601172,1.0
2443412.946669,0.9553184,-3.038312,-0.2844328,-0.00600685,-2.037802,-0.22238920000000004,-0.00599791,1.0
2443412.951003,0.9641572,-3.038302,-0.284473,-0.00600066,-2.0377970000000003,-0.2223553,-0.00599173,1.0
2443412.959294,0.9588444,-3.038281,-0.28455,-0.00598883,-2.037787,-0.2222904,-0.00597989,1.0
2443412.962544,1.010527,-3.038272,-0.2845801,-0.0059842,-2.037783,-0.222265,-0.00597525,1.0
2443412.968878,0.9902568000000002,-3.038257,-0.28463890000000003,-0.00597516,-2.037776,-0.2222154,-0.0059662,1.0
2443412.973336,0.9775704,-3.038245,-0.2846803,-0.005968800000000001,-2.037771,-0.2221805,-0.00595984,1.0
2443412.980044,1.009597,-3.038228,-0.2847426,-0.00595923,-2.037763,-0.222128,-0.00595026,1.0
2443412.984044,1.034065,-3.038218,-0.2847797,-0.00595352,-2.037758,-0.2220967,-0.00594455,1.0
2443412.993294,1.035018,-3.038195,-0.2848655,-0.00594032,-2.037748,-0.2220243,-0.00593134,1.0
2443412.997669,1.031212,-3.038184,-0.2849061,-0.00593408,-2.037742,-0.2219901,-0.00592509,1.0
2443413.008212,1.0369270000000002,-3.038157,-0.285004,-0.00591904,-2.03773,-0.2219076,-0.00591004,1.0
2443413.015462,1.033113,-3.038139,-0.2850713,-0.00590869,-2.037722,-0.2218508,-0.00589969,1.0
2443413.019295,1.023642,-3.03813,-0.2851068,-0.00590322,-2.037717,-0.2218208,-0.00589421,1.0
2443413.031045,1.041712,-3.0381,-0.2852159,-0.00588646,-2.037704,-0.2217289,-0.00587743,1.0
2443413.034254,1.0407540000000002,-3.038092,-0.28524570000000005,-0.00588188,-2.0377,-0.22170370000000006,-0.00587285,1.0
2443413.043087,1.008667,-3.0380700000000003,-0.2853276,-0.00586928,-2.03769,-0.2216346,-0.00586024,1.0
2443413.053587,0.9579614,-3.038043,-0.2854251,-0.0058543,-2.037678,-0.2215524,-0.00584525,1.0
2443413.068045,0.9224608,-3.038007,-0.2855593,-0.00583367,-2.037662,-0.2214393,-0.0058246,1.0
2443413.078087,0.9241618,-3.0379810000000003,-0.28565250000000003,-0.00581934,-2.03765,-0.2213607,-0.00581026,1.0
2443413.085129,0.9712881,-3.037964,-0.2857178,-0.00580929,-2.037642,-0.2213056,-0.00580021,1.0
2443413.095588,1.018001,-3.037937,-0.28581490000000004,-0.00579437,-2.03763,-0.2212238,-0.00578527,1.0
2443413.1003380003,1.034065,-3.037925,-0.2858589,-0.00578759,-2.037625,-0.2211866,-0.00577849,1.0
2443412.88871,1.102487,-3.0384580000000003,-0.2838949,-0.00608954,-2.0378700000000003,-0.2228429,-0.00608067,1.0
2443412.894043,1.095402,-3.0384450000000003,-0.28394440000000004,-0.00608193,-2.037864,-0.2228012,-0.00607306,1.0
2443412.9006270003,1.065549,-3.038428,-0.2840055,-0.00607254,-2.037856,-0.2227496,-0.00606366,1.0
2443412.911668,1.037465,-3.038401,-0.284108,-0.00605678,-2.037843,-0.2226632,-0.00604789,1.0
2443412.923503,1.021347,-3.038371,-0.2842178,-0.006039899999999999,-2.037829,-0.2225706,-0.00603099,1.0
2443412.930378,0.9935129,-3.038353,-0.2842816,-0.00603009,-2.037821,-0.2225168,-0.00602118,1.0
2443412.935253,0.9619965,-3.038341,-0.28432690000000005,-0.00602313,-2.037815,-0.2224786,-0.00601422,1.0
2443412.958753,0.9531769,-3.038282,-0.284545,-0.00598961,-2.037788,-0.2222947,-0.00598066,1.0
2443412.966628,0.9531769,-3.038262,-0.2846181,-0.00597837,-2.037779,-0.222233,-0.00596942,1.0
2443412.976503,0.9898593,-3.038237,-0.2847097,-0.00596428,-2.037767,-0.2221557,-0.00595531,1.0
2443412.981128,0.9880376,-3.038226,-0.2847526,-0.00595768,-2.037762,-0.22211950000000005,-0.00594871,1.0
2443412.989586,1.00363,-3.038204,-0.28483109999999995,-0.00594561,-2.037752,-0.2220533,-0.00593663,1.0
2443412.993669,1.027007,-3.038194,-0.284869,-0.00593979,-2.037747,-0.2220214,-0.0059308,1.0
2443412.999753,1.029849,-3.038179,-0.2849255,-0.00593111,-2.0377400000000003,-0.2219737,-0.00592212,1.0
2443413.009129,1.026062,-3.038155,-0.2850125,-0.00591773,-2.037729,-0.2219004,-0.00590873,1.0
2443413.038837,1.034602,-3.03808,-0.2852882,-0.00587534,-2.0376950000000003,-0.2216679,-0.00586631,1.0
2443413.043504,0.9744813,-3.038069,-0.2853315,-0.00586868,-2.03769,-0.2216313,-0.00585964,1.0
2443413.047712,0.962883,-3.0380580000000004,-0.2853706,-0.00586268,-2.037685,-0.2215984,-0.00585364,1.0
2443413.051504,0.9349179,-3.038048,-0.2854058,-0.00585727,-2.03768,-0.2215687,-0.00584822,1.0
2443413.056087,0.9212415,-3.038037,-0.2854483,-0.00585073,-2.037675,-0.2215329,-0.00584168,1.0
2443413.061087,0.8765434999999999,-3.038024,-0.2854947,-0.005843600000000001,-2.037669,-0.2214937,-0.00583454,1.0
2443413.067212,0.8701087,-3.038009,-0.2855515,-0.00583486,-2.037663,-0.2214458,-0.00582579,1.0
2443413.100213,0.9789793,-3.037926,-0.2858578,-0.00578777,-2.037625,-0.2211876,-0.00577867,1.0
2443413.103338,1.056753,-3.037918,-0.2858868,-0.00578331,-2.037621,-0.2211631,-0.00577421,1.0
2443413.115755,1.061631,-3.037886,-0.286002,-0.005765600000000001,-2.037607,-0.221066,-0.00575648,1.0
2443412.889835,1.063134,-3.038455,-0.28390540000000003,-0.00608794,-2.037869,-0.2228341,-0.00607907,1.0
2443412.89521,1.0553290000000002,-3.038442,-0.2839552,-0.00608027,-2.037863,-0.222792,-0.00607139,1.0
2443412.908377,1.011552,-3.038409,-0.28407740000000004,-0.00606148,-2.037847,-0.222689,-0.00605259,1.0
2443412.926753,0.9921745,-3.038363,-0.284248,-0.00603526,-2.037825,-0.2225451,-0.00602635,1.0
2443412.944044,0.9396975,-3.038319,-0.2844085,-0.00601059,-2.037805,-0.2224098,-0.00600166,1.0
2443412.947669,0.9388324,-3.03831,-0.2844421,-0.00600542,-2.037801,-0.2223814,-0.00599649,1.0
2443412.952836,0.9285132,-3.038297,-0.28449,-0.00599805,-2.037795,-0.222341,-0.00598911,1.0
2443412.957919,0.9319402,-3.038284,-0.28453720000000005,-0.00599079,-2.037789,-0.2223012,-0.00598185,1.0
2443412.969878,0.9660243,-3.038254,-0.2846482,-0.00597373,-2.037775,-0.2222076,-0.00596477,1.0
2443412.974878,0.9903485,-3.038241,-0.2846946,-0.005966600000000001,-2.037769,-0.2221684,-0.00595764,1.0
2443412.978128,1.026569,-3.038233,-0.2847248,-0.00596196,-2.0377650000000003,-0.222143,-0.00595299,1.0
2443412.981669,0.9949198,-3.038224,-0.28475759999999994,-0.00595691,-2.037761,-0.2221153,-0.00594794,1.0
2443412.985169,1.017157,-3.038216,-0.2847901,-0.00595191,-2.037757,-0.2220879,-0.00594294,1.0
2443412.988503,1.030358,-3.038207,-0.2848211,-0.00594716,-2.037753,-0.2220618,-0.00593818,1.0
2443412.992044,1.015285,-3.038198,-0.28485390000000005,-0.00594211,-2.0377490000000003,-0.2220341,-0.00593312,1.0
2443412.997961,1.037022,-3.038183,-0.2849088,-0.00593366,-2.037742,-0.2219878,-0.00592467,1.0
2443413.001919,1.036068,-3.038173,-0.2849456,-0.00592802,-2.037738,-0.2219568,-0.00591902,1.0
2443413.00917,1.0553290000000002,-3.038155,-0.2850129,-0.00591767,-2.037729,-0.2219,-0.00590867,1.0
2443413.013879,1.046618,-3.038143,-0.2850566,-0.00591095,-2.0377240000000003,-0.2218632,-0.00590195,1.0
2443413.026712,1.033209,-3.038111,-0.28517570000000003,-0.00589264,-2.037709,-0.2217628,-0.00588362,1.0
2443413.031462,1.036068,-3.0380990000000003,-0.2852197,-0.00588586,-2.037703,-0.2217256,-0.00587684,1.0
2443413.043462,0.9940039,-3.038069,-0.28533109999999995,-0.00586874,-2.03769,-0.2216317,-0.0058597,1.0
2443413.050587,0.9483924,-3.038051,-0.2853972,-0.00585858,-2.037682,-0.2215759,-0.00584953,1.0
2443413.060045,0.9107267,-3.038027,-0.285485,-0.00584508,-2.037671,-0.2215019,-0.00583603,1.0
2443413.06442,0.8974040999999999,-3.038016,-0.2855256,-0.00583884,-2.037666,-0.2214677,-0.00582978,1.0
2443413.072295,0.9048739,-3.037996,-0.2855987,-0.0058276000000000005,-2.037657,-0.221406,-0.00581853,1.0
2443413.080629,0.924247,-3.037975,-0.28567600000000004,-0.00581571,-2.037647,-0.2213408,-0.00580663,1.0
2443413.083712,0.946647,-3.037967,-0.2857047,-0.00581131,-2.037644,-0.2213167,-0.00580223,1.0
2443413.10138,1.047582,-3.037923,-0.2858686,-0.00578611,-2.037624,-0.2211784,-0.005777,1.0
2443413.10563,1.065094,-3.037912,-0.28590809999999994,-0.00578004,-2.037619,-0.2211452,-0.00577094,1.0
2443413.110463,1.085896,-3.0379,-0.2859529000000001,-0.00577315,-2.037613,-0.2211074,-0.00576403,1.0
2443412.90271,1.07371,-3.038423,-0.2840248,-0.00606957,-2.0378540000000003,-0.2227333,-0.00606068,1.0
2443412.90996,1.044449,-3.038405,-0.2840921,-0.00605922,-2.037845,-0.2226766,-0.00605033,1.0
2443412.919378,1.025385,-3.038381,-0.28417950000000003,-0.00604579,-2.037834,-0.2226029,-0.00603688,1.0
2443412.924836,1.005743,-3.038367,-0.2842302,-0.006038,-2.037828,-0.22256020000000004,-0.00602909,1.0
2443412.928086,0.9801377,-3.038359,-0.2842603,-0.00603336,-2.037824,-0.22253470000000006,-0.00602445,1.0
2443412.931503,0.9801377,-3.038351,-0.2842921,-0.00602849,-2.03782,-0.222508,-0.00601957,1.0
2443412.935128,0.9828502,-3.038341,-0.2843257,-0.00602331,-2.037815,-0.22247960000000006,-0.00601439,1.0
2443412.941128,0.9622487,-3.038326,-0.2843814,-0.00601475,-2.037808,-0.2224326,-0.00600583,1.0
2443412.977044,1.017858,-3.038236,-0.2847147,-0.00596351,-2.037766,-0.2221515,-0.00595454,1.0
2443412.992503,1.030118,-3.0381970000000003,-0.2848582,-0.00594145,-2.037748,-0.2220305,-0.00593247,1.0
2443413.0088790003,1.045411,-3.0381560000000003,-0.28501020000000005,-0.00591809,-2.037729,-0.2219023,-0.00590909,1.0
2443413.042045,1.019734,-3.038072,-0.285318,-0.00587076,-2.037691,-0.2216428,-0.00586173,1.0
2443413.046837,0.9992799,-3.03806,-0.2853624,-0.00586393,-2.037686,-0.2216053,-0.00585489,1.0
2443413.050254,0.9738388,-3.038052,-0.2853942,-0.00585905,-2.037682,-0.2215785,-0.00585001,1.0
2443413.05992,0.9248836,-3.038027,-0.28548379999999995,-0.00584526,-2.037671,-0.2215029,-0.0058362,1.0
2443413.0727540003,0.9223316,-3.037995,-0.285603,-0.00582695,-2.037656,-0.2214024,-0.00581788,1.0
2443413.078962,0.9317233,-3.037979,-0.2856606,-0.00581809,-2.037649,-0.2213539,-0.00580901,1.0
2443413.084545,0.960477,-3.037965,-0.28571240000000003,-0.00581013,-2.037643,-0.22131020000000004,-0.00580104,1.0
2443413.088754,0.9819446,-3.037955,-0.2857514,-0.00580412,-2.0376380000000003,-0.2212772,-0.00579503,1.0
2443413.10063,1.044449,-3.037925,-0.2858617,-0.00578718,-2.037625,-0.2211843,-0.00577807,1.0
2443413.107796,1.0727209999999998,-3.037907,-0.2859281,-0.00577695,-2.037616,-0.2211282,-0.00576784,1.0
2443413.113338,1.092665,-3.037893,-0.2859796,-0.00576904,-2.03761,-0.22108490000000006,-0.00575993,1.0
2443437.858018,1.0556709999999998,-2.965742,-0.5144294,0.02951516,-2.088161,-0.04479165,0.02954982,1.0
2443437.872518,1.0411860000000002,-2.965694,-0.5145624,0.0295358,-2.088235,-0.04470566,0.02957048,1.0
2443437.875685,1.022182,-2.9656830000000003,-0.5145915,0.02954031,-2.088251,-0.04468688,0.02957499,1.0
2443437.87906,1.0344950000000002,-2.965672,-0.5146225,0.02954511,-2.088268,-0.04466688,0.0295798,1.0
2443437.884477,1.024067,-2.965654,-0.5146721,0.02955282,-2.088296,-0.04463477,0.02958751,1.0
2443437.895142,1.003526,-2.965619,-0.51477,0.02956801,-2.08835,-0.04457155,0.02960271,1.0
2443437.905142,0.9797796,-2.965586,-0.5148617,0.02958224,-2.088401,-0.044512300000000005,0.02961695,1.0
2443437.953391,0.9824906,-2.965426,-0.5153044,0.02965093,-2.088647,-0.04422659,0.02968568,1.0
2443437.958725,0.9961584,-2.965408,-0.5153532999999999,0.02965852,-2.088674,-0.04419503,0.02969328,1.0
2443437.9627650003,1.010016,-2.965395,-0.5153904,0.02966428,-2.088695,-0.04417112,0.02969904,1.0
2443437.967224,1.018423,-2.96538,-0.5154313,0.02967062,-2.088718,-0.04414474,0.02970539,1.0
2443437.971349,1.033542,-2.965366,-0.5154691,0.0296765,-2.088739,-0.04412033,0.02971127,1.0
2443437.981057,1.0411860000000002,-2.965334,-0.5155582000000001,0.02969032,-2.088789,-0.04406291,0.0297251,1.0
2443437.987724,1.046956,-2.965312,-0.5156193,0.02969981,-2.088823,-0.04402348,0.02973459,1.0
2443437.9919740004,1.056644,-2.965298,-0.5156583,0.02970586,-2.088844,-0.04399835,0.02974065,1.0
2443437.995015,1.046956,-2.965288,-0.5156862,0.02971018,-2.08886,-0.04398037,0.02974498,1.0
2443438.014056,1.026901,-2.965225,-0.5158609000000001,0.02973729,-2.088957,-0.04386781,0.0297721,1.0
2443438.017223,1.002602,-2.965214,-0.51589,0.0297418,-2.0889740000000003,-0.0438491,0.02977661,1.0
2443438.024348,0.9565957,-2.965191,-0.5159553,0.02975194,-2.08901,-0.043807,0.02978676,1.0
2443438.028473,0.9365444,-2.965177,-0.5159931999999999,0.02975781,-2.0890310000000003,-0.04378263,0.02979264,1.0
2443438.03243,0.9253977,-2.965164,-0.5160295,0.02976345,-2.089052,-0.04375924,0.02979828,1.0
2443438.035513,0.9085073,-2.965154,-0.5160577000000001,0.02976784,-2.089067,-0.04374103,0.02980267,1.0
2443438.068221,0.9452102,-2.965045,-0.5163578,0.0298144,-2.089235,-0.043547900000000014,0.02984926,1.0
2443438.075054,0.9734831,-2.9650220000000003,-0.5164205,0.02982413,-2.08927,-0.04350757,0.02985899,1.0
2443438.081304,1.018423,-2.965002,-0.5164778,0.02983302,-2.089302,-0.04347069,0.029867900000000006,1.0
2443437.86231,1.09364,-2.965728,-0.5144688000000001,0.02952127,-2.0881830000000003,-0.04476619,0.02955594,1.0
2443437.870852,1.082615,-2.9656990000000003,-0.5145472,0.02953343,-2.088226,-0.04471554,0.02956811,1.0
2443437.878435,1.03389,-2.9656740000000004,-0.5146167,0.02954422,-2.0882650000000003,-0.04467058,0.02957891,1.0
2443437.884518,1.007568,-2.965654,-0.5146725000000001,0.02955288,-2.088296,-0.04463452,0.02958757,1.0
2443437.895809,1.014085,-2.965617,-0.5147761,0.02956896,-2.088353,-0.0445676,0.02960366,1.0
2443437.904434,1.015019,-2.965588,-0.5148552,0.02958124,-2.088397,-0.04451649,0.02961594,1.0
2443437.907767,1.007568,-2.965577,-0.5148858000000001,0.02958598,-2.088414,-0.04449675,0.02962069,1.0
2443437.912642,0.9774043,-2.965561,-0.5149305000000001,0.02959292,-2.088439,-0.04446787,0.02962764,1.0
2443437.917309,0.9729135,-2.965546,-0.5149734,0.02959956,-2.088463,-0.04444022,0.02963428,1.0
2443437.921309,0.9657711,-2.965532,-0.5150100000000001,0.02960526,-2.088483,-0.04441653,0.02963998,1.0
2443437.938808,0.9437875,-2.965474,-0.5151706,0.02963017,-2.088573,-0.04431291,0.02966491,1.0
2443437.946516,0.9675518,-2.965449,-0.5152412999999999,0.02964114,-2.088612,-0.04426728,0.02967589,1.0
2443437.953391,0.9756055,-2.965426,-0.5153044,0.02965093,-2.088647,-0.04422659,0.02968568,1.0
2443437.9595580003,0.9792064,-2.965406,-0.515361,0.02965971,-2.088679,-0.0441901,0.02969447,1.0
2443437.9668900003,0.9992501,-2.9653810000000003,-0.5154282,0.02967015,-2.088716,-0.04414671,0.02970491,1.0
2443437.971807,1.009425,-2.9653650000000003,-0.5154733,0.02967715,-2.088741,-0.04411762,0.02971192,1.0
2443437.986765,1.034842,-2.9653150000000004,-0.5156105,0.02969844,-2.088818,-0.04402915,0.02973323,1.0
2443437.997181,1.047308,-2.965281,-0.5157061,0.02971327,-2.088871,-0.04396756,0.02974806,1.0
2443438.0034310003,1.03675,-2.96526,-0.5157634,0.02972217,-2.088903,-0.04393061,0.02975697,1.0
2443438.007889,1.029139,-2.965245,-0.5158043,0.02972851,-2.088926,-0.04390426,0.02976332,1.0
2443438.0135560003,1.03389,-2.965226,-0.5158563,0.02973658,-2.088955,-0.04387077,0.02977139,1.0
2443438.021889,0.996493,-2.965199,-0.5159328,0.02974844,-2.088998,-0.04382153,0.02978326,1.0
2443438.025556,0.9891775,-2.965187,-0.5159664,0.02975366,-2.089016,-0.04379986,0.02978848,1.0
2443438.028889,0.9783049,-2.965176,-0.515997,0.02975841,-2.089033,-0.04378017,0.02979323,1.0
2443438.0378880003,0.9577986,-2.965146,-0.5160795,0.02977122,-2.08908,-0.043727,0.02980605,1.0
2443438.043972,0.8783634,-2.965126,-0.5161353,0.02977988,-2.089111,-0.04369107,0.02981472,1.0
2443438.055097,0.8864908000000001,-2.965089,-0.5162374,0.02979572,-2.089168,-0.04362538,0.02983056,1.0
2443438.068762,0.9437875,-2.965043,-0.5163627000000001,0.02981517,-2.089238,-0.043544699999999985,0.02985003,1.0
2443438.094012,1.131551,-2.96496,-0.5165943000000001,0.02985111,-2.089368,-0.04339571,0.029886000000000006,1.0
2443437.87506,1.049489,-2.9656860000000003,-0.5145858,0.02953942,-2.088248,-0.04469059,0.0295741,1.0
2443437.878435,1.040825,-2.9656740000000004,-0.5146167,0.02954422,-2.0882650000000003,-0.04467058,0.02957891,1.0
2443437.894601,1.007808,-2.965621,-0.5147649999999999,0.02956724,-2.088347,-0.04457476,0.02960194,1.0
2443437.897851,1.01246,-2.96561,-0.5147949,0.02957186,-2.088364,-0.0445555,0.02960657,1.0
2443437.901309,1.002254,-2.965599,-0.5148265999999999,0.02957679,-2.088381,-0.04453501,0.02961149,1.0
2443437.905851,1.003178,-2.965584,-0.5148683,0.02958325,-2.088405,-0.0445081,0.02961796,1.0
2443437.914559,0.9776376,-2.965555,-0.5149481,0.02959565,-2.088449,-0.04445651,0.02963037,1.0
2443437.920559,0.9651123,-2.965535,-0.5150032,0.02960419,-2.08848,-0.04442098,0.02963891,1.0
2443437.9281,0.9233745,-2.96551,-0.5150724,0.02961493,-2.088518,-0.04437631,0.02964966,1.0
2443437.9513080004,0.9985685,-2.965433,-0.5152853000000001,0.02964797,-2.088636,-0.04423892,0.02968272,1.0
2443437.957391,0.9830551,-2.9654130000000003,-0.5153411,0.02965662,-2.088668,-0.04420292,0.02969138,1.0
2443437.964765,1.016197,-2.965388,-0.5154087,0.02966712,-2.088705,-0.04415929,0.02970189,1.0
2443437.9696400003,1.00688,-2.965372,-0.5154534000000001,0.02967406,-2.08873,-0.04413044,0.02970883,1.0
2443437.9866400003,1.039867,-2.965316,-0.5156094,0.02969826,-2.088817,-0.04402989,0.02973305,1.0
2443437.991182,1.035089,-2.965301,-0.5156510999999999,0.02970473,-2.0888400000000003,-0.04400304,0.02973952,1.0
2443437.995931,1.0456299999999998,-2.965285,-0.5156946,0.02971149,-2.088865,-0.04397495,0.02974628,1.0
2443438.000181,1.052393,-2.965271,-0.5157335999999999,0.02971754,-2.088886,-0.04394983,0.02975234,1.0
2443438.005139,1.048523,-2.9652540000000003,-0.5157791,0.0297246,-2.088912,-0.04392052,0.0297594,1.0
2443438.013389,1.0256,-2.965227,-0.5158548,0.02973634,-2.088954,-0.04387176,0.02977115,1.0
2443438.016598,1.024656,-2.965216,-0.5158842,0.02974091,-2.08897,-0.04385279,0.02977572,1.0
2443438.025514,0.9875926,-2.965187,-0.515966,0.0297536,-2.089016,-0.04380011,0.02978842,1.0
2443438.030722,0.9414079,-2.96517,-0.5160138,0.02976102,-2.089043,-0.04376933,0.02979584,1.0
2443438.0342220003,0.935358,-2.965158,-0.5160459,0.029766,-2.089061,-0.04374866,0.02980083,1.0
2443438.040097,0.9431437,-2.965138,-0.5160998,0.02977436,-2.089091,-0.04371396,0.0298092,1.0
2443438.045638,0.8858860000000001,-2.96512,-0.5161505999999999,0.02978225,-2.089119,-0.04368123,0.02981709,1.0
2443438.0493880003,0.8875194,-2.9651080000000003,-0.516185,0.02978759,-2.089139,-0.04365909,0.02982243,1.0
2443438.0542220003,0.9216752,-2.965092,-0.5162294,0.02979447,-2.089163,-0.04363054,0.02982932,1.0
2443438.057722,0.894083,-2.96508,-0.5162614999999999,0.02979945,-2.089181,-0.04360988,0.0298343,1.0
2443438.064637,0.9580273,-2.965057,-0.5163249,0.0298093,-2.089217,-0.04356905,0.02984416,1.0
2443438.070512,1.013393,-2.9650380000000003,-0.5163787999999999,0.02981766,-2.0892470000000003,-0.04353437,0.02985252,1.0
2443438.074471,1.01246,-2.965024,-0.5164151,0.0298233,-2.089267,-0.04351101,0.02985816,1.0
2443438.081887,1.092894,-2.965,-0.5164831,0.02983385,-2.089305,-0.04346725,0.02986873,1.0
2443438.088262,1.099962,-2.964979,-0.5165416,0.02984293,-2.089338,-0.04342963,0.02987781,1.0
2445704.357585,1.042523,0.4603048,-2.406827,0.3670826,0.2239087,-1.452418,0.3671309,1.0
2445704.361335,1.050232,0.460348,-2.406817,0.3670818,0.2238883,-1.452424,0.3671302,1.0
2445704.364669,1.019731,0.4603865,-2.406809,0.3670811,0.2238701,-1.45243,0.3671295,1.0
2445704.369876,0.9901153,0.4604465,-2.406796,0.3670801,0.2238417,-1.452438,0.3671285,1.0
2445704.372876,1.002965,0.4604811,-2.406788,0.3670795,0.2238254,-1.452443,0.3671279000000001,1.0
2445704.376668,1.002041,0.4605248,-2.406778,0.3670788,0.2238047,-1.45245,0.3671271,1.0
2445704.381334,0.9855659,0.4605786,-2.406767,0.3670778,0.2237793,-1.452457,0.3671262,1.0
2445704.384793,0.9837515,0.4606185,-2.406758,0.3670772,0.2237605,-1.4524629999999998,0.3671255,1.0
2445704.388084,0.9702543,0.4606565,-2.406749,0.3670765,0.2237425,-1.452469,0.3671248,1.0
2445704.393543,0.9560606,0.4607194000000001,-2.406735,0.3670754000000001,0.2237128,-1.4524780000000002,0.3671238,1.0
2445704.397001,0.9534231,0.4607593,-2.406727,0.3670747,0.2236939,-1.452483,0.3671231,1.0
2445704.400418,0.9587066,0.4607987,-2.406718,0.367074,0.2236753,-1.452489,0.3671224,1.0
2445704.403876,0.9464239,0.4608385999999999,-2.406709,0.3670734000000001,0.2236565,-1.452495,0.3671217,1.0
2445704.407918,0.9516679,0.4608852,-2.406699,0.3670725,0.2236345,-1.452502,0.3671209,1.0
2445704.411959,0.9525455,0.4609317,-2.406688,0.3670717,0.2236125,-1.452508,0.3671201,1.0
2445704.415209,0.9438127,0.4609692,-2.40668,0.3670711,0.2235948,-1.452514,0.3671194,1.0
2445704.419501,0.9412081,0.4610187,-2.406669,0.3670702,0.2235714,-1.452521,0.3671186,1.0
2445704.423626,0.9386109,0.4610662999999999,-2.406659,0.3670694000000001,0.2235489,-1.452528,0.3671178,1.0
2445704.427751,0.9446819,0.4611138,-2.406648,0.3670686,0.2235264,-1.452535,0.3671169,1.0
2445704.431168,0.9507922,0.4611532,-2.4066400000000003,0.3670679,0.2235078,-1.45254,0.3671163,1.0
2445704.435209,0.9543017,0.4611998,-2.406629,0.3670671,0.2234858,-1.452547,0.3671155,1.0
2445704.440126,0.9481688,0.4612565,-2.406617,0.3670661,0.223459,-1.4525549999999998,0.3671145,1.0
2445704.443876,0.9622452,0.4612998,-2.406607,0.3670654,0.2234386,-1.452562,0.3671137,1.0
2445704.448793,0.9640191,0.4613565,-2.4065950000000003,0.3670644,0.2234119,-1.45257,0.3671127,1.0
2445704.453959,0.9649071,0.461416,-2.406581,0.3670634,0.2233837,-1.452579,0.3671117,1.0
2445704.457376,0.9747324,0.4614554,-2.406573,0.3670627,0.2233651,-1.452584,0.367111,1.0
2445704.482834,1.020671,0.461749,-2.406508,0.3670576,0.2232266,-1.452627,0.367106,1.0
2445704.486459,1.026327,0.4617908,-2.406499,0.3670569,0.2232068,-1.452633,0.3671052,1.0
2445704.491876,1.030115,0.4618532,-2.406485,0.3670558,0.2231773,-1.452643,0.3671042,1.0
2445704.497001,1.026327,0.4619123,-2.406472,0.3670548,0.2231495,-1.452651,0.3671031,1.0
2445704.501084,1.010382,0.4619594,-2.406461,0.367054,0.2231272,-1.452658,0.3671023,1.0
2445704.505793,1.012245,0.4620137,-2.4064490000000003,0.367053,0.2231016,-1.452666,0.3671014,1.0
2445704.509834,1.014111,0.4620603,-2.406439,0.3670522,0.2230796,-1.452673,0.3671006,1.0
2445704.513668,1.014111,0.4621045,-2.406429,0.3670515,0.2230588,-1.452679,0.3670998,1.0
2445704.517251,1.010382,0.4621458,-2.40642,0.3670508,0.2230393,-1.452685,0.3670991,1.0
2445704.521793,1.002041,0.4621981,-2.4064080000000003,0.3670499,0.2230146,-1.452693,0.3670982,1.0
2445704.526168,1.004814,0.4622486,-2.406397,0.367049,0.2229908,-1.452701,0.3670973,1.0
2445704.529584,1.015046,0.462288,-2.406388,0.3670483,0.2229722,-1.452706,0.3670966,1.0
2445704.5336680003,1.002965,0.4623351,-2.406378,0.3670475,0.22295,-1.452713,0.3670958,1.0
2445704.539501,1.012245,0.4624023,-2.4063630000000003,0.3670463,0.2229183,-1.452723,0.3670946,1.0
2445704.542751,1.032014,0.4624398,-2.406355,0.3670457,0.2229006,-1.4527290000000002,0.367094,1.0
2445704.546001,1.038689,0.4624773,-2.406347,0.367045,0.2228829,-1.452734,0.3670933,1.0
2445704.549126,1.022553,0.4625133,-2.406339,0.3670444000000001,0.2228659,-1.45274,0.3670927,1.0
2445704.552376,1.037733,0.4625508,-2.40633,0.3670438,0.2228482,-1.4527450000000002,0.3670921,1.0
2445704.556001,1.0396459999999998,0.4625925,-2.406321,0.367043,0.2228285,-1.452751,0.3670913,1.0
2445704.559251,1.043484,0.46263,-2.406313,0.3670424000000001,0.2228109,-1.452757,0.3670907,1.0
2445704.562251,1.038689,0.4626646,-2.406305,0.3670418,0.2227945,-1.452762,0.3670901,1.0
2445704.567834,1.038689,0.462729,-2.406291,0.3670407,0.2227642,-1.452772,0.367089,1.0
2445704.572918,1.050232,0.4627876,-2.406278,0.3670396,0.2227365,-1.45278,0.3670879,1.0
2445704.576376,1.050232,0.4628274000000001,-2.406269,0.3670389,0.2227177,-1.452786,0.3670872,1.0
2445704.584418,1.044445,0.4629202,-2.406248,0.3670373,0.222674,-1.4528,0.3670856,1.0
2445704.587584,1.031064,0.4629567,-2.40624,0.3670367,0.2226568,-1.452805,0.367085,1.0
2445704.596167,1.026327,0.4630556,-2.406218,0.367035,0.22261020000000006,-1.45282,0.3670833,1.0
2445704.599792,1.018792,0.4630974,-2.406209,0.3670343,0.2225905,-1.452826,0.3670826,1.0
2448012.293041,1.022359,2.634431,1.280656,-0.150337,1.866137,0.6289875,-0.15036329999999998,1.0
2448012.299167,1.008331,2.634414,1.280714,-0.150346,1.866186,0.6289655,-0.1503724,1.0
2448012.303408,1.0558530000000002,2.634402,1.280755,-0.1503523,1.866219,0.6289503000000001,-0.1503787,1.0
2448012.310006,1.062682,2.634383,1.280818,-0.1503621,1.866272,0.6289266,-0.1503884,1.0
2448012.314247,1.026132,2.63437,1.280859,-0.1503683,1.866306,0.6289113000000001,-0.15039470000000002,1.0
2448012.317311,1.0242440000000002,2.634362,1.280888,-0.1503729,1.86633,0.6289004,-0.1503992,1.0
2448012.322495,1.041366,2.634347,1.280938,-0.1503805,1.866372,0.6288818,-0.15040689999999998,1.0
2448012.326736,1.008331,2.634335,1.280979,-0.1503868,1.866406,0.6288666,-0.15041310000000002,1.0
2448012.333333,0.9799488,2.634316,1.281042,-0.1503965,1.866458,0.6288429,-0.1504229,1.0
2448012.337339,0.9745483,2.634304,1.281081,-0.1504024,1.86649,0.6288286,-0.15042879999999995,1.0
2448012.343466,0.9754462,2.634286,1.281139,-0.1504115,1.866539,0.6288066,-0.1504379,1.0
2448012.3477080003,0.9647246,2.634274,1.28118,-0.1504178,1.866573,0.6287914000000001,-0.1504441,1.0
2448012.355247,0.95588,2.634253,1.281252,-0.1504289,1.866633,0.6287644,-0.1504553,1.0
2448012.359489,0.955,2.63424,1.281293,-0.15043520000000002,1.866667,0.6287491999999999,-0.1504615,1.0
2448012.367736,0.9691776,2.634217,1.281372,-0.15044739999999998,1.866733,0.6287196999999999,-0.15047370000000002,1.0
2448012.371978,0.9673939,2.634205,1.281413,-0.1504536,1.866767,0.6287045,-0.15048,1.0
2448012.378576,0.9488626,2.634186,1.281476,-0.1504634,1.86682,0.6286809,-0.15048979999999998,1.0
2448012.383052,0.9410297,2.634173,1.281519,-0.15047,1.866856,0.6286649000000001,-0.1504964,1.0
2448012.389885,0.9410297,2.634153,1.281585,-0.1504801,1.86691,0.6286404999999999,-0.15050650000000002,1.0
2448012.393891,0.9638364,2.634142,1.281623,-0.15048599999999998,1.866942,0.6286262,-0.1505124,1.0
2448012.400018,0.9754462,2.6341240000000004,1.281682,-0.1504951,1.866991,0.6286043,-0.1505215,1.0
2448012.404495,0.9917526,2.634111,1.281725,-0.15050170000000002,1.867027,0.6285883000000001,-0.1505281,1.0
2448012.411092,0.9935812,2.634092,1.281788,-0.1505114,1.86708,0.6285647,-0.1505378,1.0
2448012.414156,1.011122,2.6340830000000004,1.281818,-0.150516,1.867104,0.6285538,-0.1505423,1.0
2448012.42146,1.050034,2.634062,1.281888,-0.1505267,1.867163,0.6285276999999999,-0.1505531,1.0
2448012.4280580003,1.040407,2.634043,1.281951,-0.1505365,1.867216,0.6285042,-0.1505629,1.0
2448012.432536,1.028024,2.634031,1.281994,-0.1505431,1.867251,0.6284881999999999,-0.1505695,1.0
2448012.438897,1.036581,2.634012,1.282055,-0.1505525,1.867302,0.6284655,-0.1505789,1.0
2448012.442903,1.0656219999999998,2.634001,1.282093,-0.15055839999999998,1.867334,0.6284512,-0.1505848,1.0
2448012.445966,1.044247,2.633992,1.282123,-0.1505629,1.867359,0.6284403000000001,-0.1505894,1.0
2448012.452093,1.085434,2.6339740000000003,1.282181,-0.150572,1.867408,0.6284185,-0.1505984,1.0
2448012.4551560003,1.08944,2.6339650000000003,1.282211,-0.1505765,1.867433,0.6284076,-0.1506029,1.0
2448012.460105,1.073503,2.633951,1.282258,-0.1505838,1.867472,0.6283899000000001,-0.15061029999999995,1.0
2448012.472357,1.026132,2.633916,1.282376,-0.1506019,1.86757,0.6283463,-0.1506284,1.0
2448012.484139,0.9981673,2.633882,1.282489,-0.1506193,1.867665,0.6283044,-0.1506458,1.0
2448012.49592,0.9410297,2.633848,1.282602,-0.1506367,1.867759,0.6282625,-0.1506632,1.0
2448012.500162,0.9567608,2.633836,1.282642,-0.150643,1.867793,0.6282474,-0.15066949999999998,1.0
2448012.504168,0.9349822,2.633824,1.282681,-0.1506489,1.867825,0.6282331999999999,-0.1506754,1.0
2448012.511473,0.9817555,2.633803,1.282751,-0.1506597,1.867884,0.6282072,-0.15068620000000002,1.0
2448012.515713,0.959408,2.633791,1.282792,-0.150666,1.867918,0.6281920999999999,-0.1506924,1.0
2448012.52184,0.9611769,2.6337740000000003,1.28285,-0.150675,1.867967,0.6281704,-0.15070150000000002,1.0
2448012.525139,0.9835656,2.633764,1.282882,-0.1506799,1.867994,0.6281587,-0.1507064,1.0
2448888.586609,0.9842647,-3.057052,1.132815,-0.2165067,-2.053747,1.139888,-0.2165066,1.0
2448888.593934,0.9671896,-3.057066,1.132751,-0.2164974,-2.053764,1.13995,-0.2164973,1.0
2448888.59833,0.9270685,-3.057075,1.1327120000000002,-0.2164918,-2.053775,1.139987,-0.2164917,1.0
2448888.61105,0.9126654,-3.057101,1.132601,-0.2164756,-2.053806,1.140094,-0.2164755,1.0
2448888.615392,0.9068007,-3.057109,1.132563,-0.2164701,-2.053816,1.14013,-0.21647,1.0
2448888.620796,0.9177234,-3.0571200000000003,1.132516,-0.2164632,-2.053829,1.140176,-0.2164631,1.0
2448888.6376360003,1.024972,-3.057154,1.132369,-0.2164417,-2.05387,1.140317,-0.2164416,1.0
2448888.640703,1.044989,-3.05716,1.132342,-0.2164378,-2.053877,1.140343,-0.2164377,1.0
2448888.646199,1.060503,-3.057171,1.132294,-0.2164308,-2.053891,1.140389,-0.21643070000000006,1.0
2448888.654591,1.086205,-3.057188,1.132221,-0.2164201,-2.0539110000000003,1.14046,-0.21642,1.0
2448888.6678560004,1.095246,-3.057214,1.132105,-0.2164032,-2.053943,1.140571,-0.2164031,1.0
2448888.67614,1.064417,-3.0572310000000003,1.132033,-0.2163927,-2.053963,1.140641,-0.2163926,1.0
2448888.67914,1.064417,-3.057237,1.132007,-0.2163889,-2.05397,1.140666,-0.2163887,1.0
2448888.683723,1.045952,-3.057246,1.131967,-0.216383,-2.0539810000000003,1.140705,-0.2163829,1.0
2448888.697818,1.034455,-3.057274,1.131844,-0.2163651,-2.054016,1.140823,-0.216365,1.0
2448888.701293,1.026861,-3.057281,1.131813,-0.2163607,-2.054024,1.140852,-0.2163605,1.0
2448888.70606,1.002563,-3.057291,1.131772,-0.21635460000000006,-2.054036,1.140892,-0.2163545,1.0
2448888.709139,0.968973,-3.057297,1.131745,-0.2163507,-2.054043,1.140918,-0.2163505,1.0
2448888.714151,0.9434346,-3.057307,1.131701,-0.2163443,-2.054056,1.140961,-0.21634410000000004,1.0
2448888.729346,0.9001437,-3.057337,1.131568,-0.2163249,-2.054093,1.141088,-0.2163248,1.0
2448888.734821,0.8976598,-3.057348,1.13152,-0.216318,-2.054106,1.141134,-0.2163178,1.0
2448888.738109,0.9109861,-3.057355,1.131492,-0.2163138,-2.054114,1.141162,-0.2163136,1.0
2448888.750237,0.955678,-3.057379,1.131386,-0.2162983,-2.054144,1.1412639999999998,-0.2162982,1.0
2448888.759091,1.004412,-3.057397,1.131308,-0.216287,-2.054165,1.141338,-0.2162869,1.0
2448888.774507,1.0507799999999998,-3.057427,1.131174,-0.2162674,-2.054203,1.141468,-0.2162672,1.0
2448888.781506,1.060503,-3.057441,1.1311129999999998,-0.2162585,-2.05422,1.141527,-0.2162583,1.0
2448888.797086,1.022144,-3.057472,1.130977,-0.2162387,-2.054259,1.141658,-0.21623850000000006,1.0
2448888.800431,1.015574,-3.0574790000000003,1.130947,-0.2162344,-2.054267,1.141686,-0.2162342,1.0
2448890.500544,0.918727,-3.060835,1.116085,-0.2140661,-2.058837,1.155951,-0.2140649,1.0
2448890.515194,0.9990483,-3.060864,1.115957,-0.2140473,-2.05888,1.156074,-0.2140462,1.0
2448890.533726,1.07544,-3.0609,1.115794,-0.2140237,-2.058934,1.1562290000000002,-0.2140225,1.0
2448890.539742,1.102519,-3.060911,1.115742,-0.214016,-2.058952,1.15628,-0.2140148,1.0
2448890.572066,1.058733,-3.060975,1.115459,-0.2139747,-2.059046,1.15655,-0.2139735,1.0
2448890.577033,1.061662,-3.060984,1.115415,-0.2139684,-2.0590610000000003,1.156592,-0.2139672,1.0
2448890.581812,1.040367,-3.060994,1.115374,-0.2139623,-2.059075,1.156632,-0.2139611,1.0
2448890.588236,1.024203,-3.0610060000000003,1.115317,-0.2139541,-2.059094,1.156686,-0.2139529,1.0
2448890.594428,0.9990483,-3.061018,1.115263,-0.2139462,-2.059112,1.156737,-0.213945,1.0
2448890.60054,0.9664655,-3.06103,1.11521,-0.2139384,-2.05913,1.1567889999999998,-0.2139372,1.0
2448890.607286,0.9375325,-3.061043,1.115151,-0.2139297,-2.05915,1.156845,-0.2139285,1.0
2448890.612123,0.9128226,-3.061053,1.115108,-0.2139236,-2.059164,1.156886,-0.2139224,1.0
2448890.620585,0.924669,-3.061069,1.115034,-0.2139128,-2.059189,1.156956,-0.2139116,1.0
2448890.626952,0.9119825,-3.061081,1.1149790000000002,-0.21390460000000006,-2.0592080000000004,1.15701,-0.2139034,1.0
2448890.63071,0.9289371,-3.061089,1.114946,-0.2138998,-2.059219,1.157041,-0.2138986,1.0
2448890.639843,0.9673561,-3.061107,1.114866,-0.2138882,-2.059246,1.157118,-0.2138869,1.0
2448890.645955,0.9999686,-3.061119,1.114812,-0.2138803,-2.059264,1.157169,-0.2138791,1.0
2448890.652993,1.014814,-3.061132,1.114751,-0.2138714,-2.059285,1.157228,-0.2138701,1.0
2448890.659347,1.034633,-3.061145,1.114695,-0.2138633,-2.059304,1.157281,-0.213862,1.0
2448890.666125,1.017622,-3.0611580000000003,1.114636,-0.21385460000000006,-2.059324,1.157338,-0.2138534,1.0
2448890.672667,1.054839,-3.061171,1.114578,-0.2138462,-2.059343,1.157393,-0.213845,1.0
2448890.678671,1.019498,-3.061182,1.114526,-0.2138386,-2.059361,1.157443,-0.2138373,1.0
2448890.68505,0.9709266,-3.061195,1.11447,-0.2138304,-2.05938,1.157496,-0.2138292,1.0
2448890.689921,1.012014,-3.061204,1.114427,-0.2138242,-2.059394,1.157537,-0.213823,1.0
2448890.694345,1.002736,-3.061213,1.114389,-0.2138185,-2.059407,1.157574,-0.2138173,1.0
2448890.703336,1.003659,-3.06123,1.11431,-0.2138071,-2.059434,1.157649,-0.2138058,1.0
2448890.711162,0.9817173,-3.061246,1.114242,-0.2137971,-2.059457,1.157715,-0.2137958,1.0
2448890.718486,0.9435962,-3.06126,1.114177,-0.2137877,-2.059479,1.157776,-0.2137864,1.0
2448890.726298,0.9323658,-3.061275,1.114109,-0.2137777,-2.059502,1.157841,-0.2137765,1.0
2448890.734098,0.9204209,-3.06129,1.114041,-0.2137678,-2.059525,1.157907,-0.2137665,1.0
2448890.737502,0.9280817,-3.061297,1.114011,-0.2137634,-2.059536,1.157935,-0.21376220000000004,1.0
2448890.745855,0.9646867,-3.061313,1.113938,-0.2137527,-2.05956,1.158005,-0.2137515,1.0
2448890.749168,0.9808131,-3.061319,1.113909,-0.2137485,-2.05957,1.158033,-0.21374720000000005,1.0
2448890.754168,0.9990483,-3.061329,1.113865,-0.2137421,-2.059585,1.158075,-0.2137409,1.0
2448890.757514,1.025148,-3.0613360000000003,1.113836,-0.2137379,-2.0595950000000003,1.158103,-0.2137366,1.0
2448890.762801,1.052898,-3.061346,1.11379,-0.2137311,-2.059611,1.158147,-0.2137298,1.0
2448890.770925,1.099477,-3.061362,1.113718,-0.21372070000000004,-2.059635,1.158215,-0.2137194,1.0
2448890.7789330003,1.101505,-3.061377,1.113648,-0.2137105,-2.059659,1.158282,-0.2137092,1.0
2448890.787579,1.100491,-3.061394,1.113573,-0.2136995,-2.059685,1.158354,-0.2136982,1.0
2448890.796596,1.035586,-3.061412,1.113494,-0.2136879,-2.059712,1.1584299999999998,-0.2136866,1.0
