2444785.72513,1.014558,-0.36420767,1.98171232,-0.18157683,-0.21216664,0.97646766,-0.18163469,1.0
2444785.75831,0.9751622,-0.36461784,1.98161249,-0.181587,-0.2120217,0.97645124,-0.18164484,1.0
2444785.80888,1.03819,-0.36524296,1.98146018,-0.18160248,-0.21180086,0.97642668,-0.18166032,1.0
2444785.82918,1.0506950000000002,-0.36549389,1.98139899,-0.18160869,-0.21171223,0.97641697,-0.18166652,1.0
2444785.85846,1.042982,-0.36585581,1.98131068,-0.18161764,-0.21158441,0.97640312,-0.18167547,1.0
2444785.89272,0.9751622,-0.36627928,1.98120728,-0.18162811,-0.21143489,0.97638715,-0.18168593,1.0
2444785.91925,0.9547218,-0.36660718,1.98112714,-0.18163621,-0.21131913,0.97637495,-0.18169402,1.0
2444785.94089,0.9742644,-0.36687464,1.98106174,-0.18164281,-0.21122473,0.97636511,-0.18170062,1.0
2444785.95853,0.9742644,-0.36709266,1.98100841,-0.18164819,-0.21114778,0.97635717,-0.181706,1.0
2444786.73957,0.996647,-0.37674164,1.9786248,-0.18188443,-0.20775081,0.9760714,-0.18194206,1.0
2444786.76982,0.9811636,-0.37711518,1.97853161,-0.1818935,-0.20761965,0.97606293,-0.18195112,1.0
2444786.82031,1.03405,-0.37773863,1.97837593,-0.18190862,-0.20740079,0.97604923,-0.18196623,1.0
2444786.85711,1.020801,-0.37819302,1.97826235,-0.18191963,-0.20724134,0.97603958,-0.18197724,1.0
2444786.8763,1.025513,-0.37842995,1.97820308,-0.18192537,-0.20715820000000004,0.97603466,-0.18198297,1.0
2444786.89395,1.003093,-0.37864788,1.97814855,-0.18193065,-0.20708175,0.9760302,-0.18198824,1.0
2444786.93557,0.9387315,-0.37916173,1.97801986,-0.18194309,-0.20690152,0.97601996,-0.18200067,1.0
2444789.72302,0.9791839,-0.41352163,1.9691224,-0.18275018,-0.19498371,0.97616428,-0.18280705,1.0
2444789.7729700003,0.9946366,-0.41413632,1.96895795,-0.18276418,-0.19477318,0.97618173,-0.18282103,1.0
2444789.79333,0.9746849,-0.41438686,1.96889087,-0.18276988,-0.1946874,0.97618899,-0.18282673,1.0
2444789.83198,0.9827984,-0.41486246,1.96876344,-0.18278069,-0.19452462,0.97620302,-0.18283753,1.0
2444789.85102,1.002916,-0.41509675,1.96870063,-0.18278602,-0.19444446,0.97621004,-0.18284285,1.0
2444789.87146,1.007545,-0.41534825,1.96863317,-0.18279173,-0.19435842,0.97621766,-0.18284856,1.0
2444789.89194,1.031013,-0.41560024,1.96856555,-0.18279745,-0.19427223,0.97622539,-0.18285428,1.0
2444789.91701,1.027222,-0.4159087,1.96848274,-0.18280445,-0.19416675,0.97623497,-0.18286127,1.0
2444793.71344,0.9552229,-0.46250695,1.95542995,-0.18381682,-0.1785769,0.97919007,-0.18387245,1.0
2444793.73807,0.953465,-0.46280851,1.95534195,-0.18382308,-0.1784785,0.97921893,-0.1838787,1.0
2444793.75558,0.9614015,-0.46302289,1.95527936,-0.18382752,-0.17840856,0.97923953,-0.18388314,1.0
2444793.78415,1.001163,-0.46337266,1.9551772,-0.18383477,-0.17829449,0.97927327,-0.18389038,1.0
2444793.8344900003,0.9974814,-0.46398893,1.95499704,-0.18384753,-0.17809363,0.97933312,-0.18390312,1.0
2444793.86226,0.9883362,-0.46432888,1.95489758,-0.18385457,-0.17798289,0.97936636,-0.18391015,1.0
2444793.88184,0.9974814,-0.46456856,1.95482742,-0.18385952,-0.17790484,0.97938989,-0.1839151,1.0
2444793.90677,1.036823,-0.46487372,1.95473805,-0.18386583,-0.1778055,0.97941996,-0.18392139,1.0
2444793.93296,1.0435299999999998,-0.46519429,1.95464412,-0.18387245,-0.17770119,0.97945169,-0.183928,1.0
2444793.94513,1.037779,-0.46534325,1.95460045,-0.18387552,-0.17765273,0.97946649,-0.18393107,1.0
2444793.95177,1.027317,-0.46542453,1.95457663,-0.1838772,-0.17762629,0.97947457,-0.18393275,1.0
2444808.68254,0.9880068,-0.64365082,1.8941135,-0.18687078,-0.12810313,1.01874976,-0.18691962,1.0
2444808.74514,1.068464,-0.64439842,1.89382431,-0.18688037,-0.12794053,1.01900366,-0.18692918,1.0
2444808.81685,1.032666,-0.6452547,1.8934927,-0.18689133,-0.12775486,1.01929537,-0.1869401,1.0
2444808.83722,1.022256,-0.64549791,1.89339844,-0.18689443,-0.12770223,1.0193784,-0.18694319,1.0
2444808.87459,0.9708667,-0.64594408,1.89322543,-0.18690012,-0.12760582,1.01953091,-0.18694886,1.0
2444808.89759,0.9584289,-0.64621866,1.89311891,-0.18690362,-0.12754656,1.0196249,-0.18695234,1.0
2444808.91769,0.9593119,-0.64645862,1.89302578,-0.18690667,-0.12749483,1.01970712,-0.18695539,1.0
2444809.67387,1.032658,-0.65547889,1.88950208,-0.18701954,-0.12558503,1.0228521000000002,-0.18706783,1.0
2444809.67387,1.030757,-0.65547889,1.88950208,-0.18701954,-0.12558503,1.0228521000000002,-0.18706783,1.0
2444809.70775,0.9971408000000002,-0.65588272,1.88934328,-0.18702451,-0.12550113,1.02299537,-0.18707277,1.0
2444809.7269900003,0.985273,-0.65611203,1.88925306,-0.18702733,-0.12545355,1.02307682,-0.18707558,1.0
2444809.75782,1.01849,-0.65647947,1.88910845,-0.18703183,-0.12537741,1.02320746,-0.18708007,1.0
2444809.79449,1.084318,-0.65691647,1.88893635,-0.18703719,-0.12528699999999998,1.02336308,-0.1870854,1.0
2444809.8243,1.0508879999999998,-0.6572717,1.88879639,-0.18704153,-0.12521362,1.02348975,-0.18708973,1.0
2444809.84245,0.9753412,-0.65748798,1.88871114,-0.18704418,-0.125169,1.02356696,-0.18709236,1.0
2444809.86098,0.9753412,-0.65770877,1.88862408,-0.18704687,-0.12512349,1.02364584,-0.18709504,1.0
2444809.87625,0.9540181,-0.65789072,1.88855232,-0.18704909,-0.12508602,1.02371089,-0.18709726,1.0
2444809.89128,0.947887,-0.65806979,1.88848167,-0.18705127,-0.12504917,1.02377495,-0.18709943,1.0
2444809.90614,0.947887,-0.65824684,1.8884118000000003,-0.18705343,-0.12501276,1.02383833,-0.18710158,1.0
2444810.66931,1.00094,-0.66733236,1.88480329,-0.18716217,-0.12318078,1.02714517,-0.18720988,1.0
2444810.73428,0.9488732,-0.66810517,1.88449424,-0.18717125,-0.12302827,1.02743136,-0.18721891,1.0
2444810.75858,0.9727649,-0.66839419,1.88437858,-0.18717463,-0.12297137,1.02753859,-0.18722228,1.0
2444810.78575,1.00556,-0.66871733,1.8842492,-0.18717841,-0.12290784,1.02765861,-0.18722605,1.0
2444810.79943,1.026143,-0.66888002,1.88418404,-0.18718032,-0.12287589,1.02771909,-0.18722794,1.0
2444810.81674,1.028982,-0.66908588,1.88410157,-0.18718272,-0.1228355,1.02779565,-0.18723034,1.0
2444810.82897,1.016736,-0.66923132,1.88404329,-0.18718442,-0.12280698,1.02784978,-0.18723203,1.0
2444814.74024,0.9967078,-0.71555167,1.86487817,-0.18767481,-0.11471935,1.04646334,-0.18772002,1.0
2444814.76223,0.9704379,-0.71581098,1.86476746,-0.18767727,-0.1146799,1.04657518,-0.18772246,1.0
2444814.79816,0.9812232,-0.71623465,1.86458649,-0.18768128,-0.11461558,1.0467581,-0.18772645,1.0
2444814.817,0.9857525,-0.71645679,1.86449156,-0.18768338,-0.11458193,1.0468541,-0.18772854,1.0
2444814.8502,1.04272,-0.71684823,1.86432422,-0.18768708,-0.11452276,1.04702341,-0.18773222,1.0
2444814.86873,1.044643,-0.71706669,1.86423079,-0.18768914,-0.11448981,1.04711798,-0.18773426,1.0
2444814.88556,0.9785158000000002,-0.7172651,1.86414591,-0.18769101,-0.11445992,1.04720393,-0.18773612,1.0
2444817.69209,0.9646751,-0.75024559,1.84972144,-0.18797527,-0.1100593,1.06217089,-0.18801844,1.0
2444817.72223,0.9844216,-0.75059861,1.84956363,-0.18797802,-0.11001848,1.06233836,-0.18802118,1.0
2444817.7612,1.027026,-0.75105503,1.84935948,-0.18798158,-0.1099659,1.0625551000000002,-0.1880247,1.0
2444817.78895,0.9637876,-0.75138001,1.84921405,-0.18798411,-0.10992861,1.06270958,-0.18802721,1.0
2444817.81532,0.9620135,-0.75168881,1.84907581,-0.1879865,-0.10989328,1.06285649,-0.18802959,1.0
2444817.82838,0.9762958,-0.75184174,1.84900732,-0.18798769,-0.10987582,1.06292929,-0.18803076,1.0
2444817.83921,1.022307,-0.75196855,1.84895052,-0.18798867,-0.10986136,1.06298968,-0.18803174,1.0
2444817.84957,1.030816,-0.75208985,1.84889618,-0.18798961,-0.10984755,1.06304746,-0.18803267,1.0
2444817.85963,1.014802,-0.75220764,1.8488434,-0.18799052,-0.10983415,1.06310359,-0.18803357,1.0
2444817.86816,1.053856,-0.75230752,1.84879864,-0.18799129,-0.1098228,1.0631512,-0.18803434,1.0
2453086.359125,1.056683,2.31323164,-0.9346162,0.18155063,1.31716401,-0.96094266,0.18155082,1.0
2453086.365915,1.051828,2.31325401,-0.9345501,0.18154611,1.31718757,-0.96099378,0.18154629,1.0
2453086.373164,1.069411,2.3132779,-0.93447952,0.18154128,1.31721274,-0.96104836,0.18154146,1.0
2453086.379954,1.058631,2.31330026,-0.93441342,0.18153675,1.31723633,-0.96109948,0.18153694,1.0
2453086.3867240003,1.043145,2.31332256,-0.93434752,0.18153224,1.31725986,-0.96115044,0.18153243,1.0
2453086.3939630003,1.0222209999999998,2.31334641,-0.93427704,0.18152742,1.31728503,-0.96120495,0.1815276,1.0
2453086.400733,0.9943622,2.31336871,-0.93421113,0.18152291,1.31730858,-0.96125591,0.18152309,1.0
2453086.407513,0.9789139,2.31339103,-0.93414512,0.1815184,1.31733218,-0.96130695,0.18151857,1.0
2453086.4142830004,0.9539917,2.31341332,-0.93407922,0.18151389,1.31735575,-0.96135791,0.18151406,1.0
2453086.421532,0.9374425,2.31343719,-0.93400863,0.18150906,1.31738101,-0.96141248,0.18150923,1.0
2453086.428322,0.9297038,2.31345955,-0.93394253,0.18150453,1.31740468,-0.96146359,0.1815047,1.0
2453086.435112,0.9522363,2.3134819,-0.93387642,0.18150001,1.31742836,-0.96151469,0.18150018,1.0
2453086.449161,0.9861537,2.31352814,-0.93373963,0.18149065,1.3174774,-0.96162044,0.18149081,1.0
2453086.496909,1.083289,2.31368524,-0.93327471,0.18145883,1.31764443,-0.96197979,0.18145898,1.0
2453086.503699,1.05571,2.31370757,-0.9332086,0.1814543,1.31766823,-0.96203089,0.18145445,1.0
2453086.510509,1.0763280000000002,2.31372997,-0.93314229,0.18144976,1.31769211,-0.96208213,0.18144991,1.0
2453086.517738,1.062539,2.31375374,-0.93307189,0.18144494,1.31771747,-0.96213653,0.18144509,1.0
2453086.5245080004,1.053767,2.313776,-0.93300597,0.18144043,1.31774124,-0.96218748,0.18144057,1.0
2453086.531318,1.034533,2.31379839,-0.93293965,0.18143589,1.31776515,-0.96223872,0.18143603,1.0
2453086.538587,1.012849,2.31382229,-0.93286886,0.18143105,1.3177907,-0.96229342,0.18143118,1.0
2453086.545387,0.9888826,2.31384464,-0.93280265,0.18142651,1.3178146000000002,-0.96234458,0.18142665,1.0
2453086.552187,0.9789139,2.31386699,-0.93273643,0.18142198,1.31783852,-0.96239574,0.18142211,1.0
2453086.559437,0.9717282,2.31389081,-0.93266583,0.18141715,1.31786404,-0.96245028,0.18141728,1.0
2453086.5662060003,0.9539917,2.31391306,-0.9325999,0.18141263,1.31788787,-0.96250122,0.18141276,1.0
2453086.5715860003,0.9461165,2.31393074,-0.93254751,0.18140905,1.31790682,-0.96254169,0.18140917,1.0
2453086.576966,0.948734,2.31394842,-0.93249512,0.18140546,1.31792578,-0.96258217,0.18140558,1.0
2453086.581446,0.9348558,2.31396313,-0.93245149,0.18140247,1.31794157,-0.96261587,0.1814026,1.0
2453086.585455,0.9452455,2.31397631,-0.93241244,0.1813998,1.31795571,-0.96264604,0.18139992,1.0
2453086.589485,0.9177928,2.31398955,-0.93237319,0.18139711,1.31796993,-0.96267635,0.18139723,1.0
2453087.298646,0.9467002,2.31630818,-0.92546227,0.18092337,1.32053556,-0.96800431,0.18092328,1.0
2453087.315185,0.9362945,2.316362,-0.92530099,0.1809123,1.32059692,-0.9681284,0.1809122,1.0
2453087.323915,0.9362945,2.3163904,-0.92521586,0.18090646,1.32062934,-0.96819389,0.18090636,1.0
2453087.338854,0.9669688,2.31643899,-0.92507017,0.18089646,1.32068486,-0.96830596,0.18089635,1.0
2453087.347124,0.9858537,2.31646588,-0.92498952,0.18089092,1.32071561,-0.96836799,0.18089082,1.0
2453087.355403,1.004182,2.3164928,-0.92490877,0.18088538,1.32074642,-0.9684301,0.18088527,1.0
2453087.364103,1.020029,2.31652109,-0.92482393,0.18087955,1.32077881,-0.96849536,0.18087944,1.0
2453087.3723830003,1.042828,2.31654801,-0.92474318,0.18087401,1.32080966,-0.96855746,0.1808739,1.0
2453087.380632,1.081963,2.31657482,-0.92466272,0.18086849,1.32084041,-0.96861933,0.18086837,1.0
2453087.389342,1.056361,2.31660313,-0.92457778,0.18086266,1.3208729,-0.96868466,0.18086254,1.0
2453087.397611,1.011609,2.31663001,-0.92449712,0.18085712,1.32090376,-0.96874668,0.180857,1.0
2453087.405891,1.049573,2.31665691,-0.92441637,0.18085158,1.32093468,-0.96880877,0.18085145,1.0
2453087.414621,0.97412,2.31668528,-0.92433123,0.18084573,1.32096729,-0.96887424,0.18084561,1.0
2453087.4229200003,0.9634129,2.31671224,-0.92425028,0.18084017,1.32099832,-0.96893648,0.18084004,1.0
2453087.4311900004,0.933711,2.3167391,-0.92416962,0.18083463,1.32102925,-0.96899849,0.1808345,1.0
2453087.43991,0.9371573,2.31676743,-0.92408457,0.18082879,1.32106189,-0.96906387,0.18082866,1.0
2453087.448179,0.9484457,2.31679428,-0.9240039,0.18082326,1.32109286,-0.96912588,0.18082312,1.0
2453087.4715380003,0.9949757,2.31687013,-0.92377605,0.18080761,1.32118042,-0.96930102,0.18080747,1.0
2453087.479818,1.023794,2.31689701,-0.92369529,0.18080206,1.3212115,-0.9693631,0.18080192,1.0
2453087.4881080003,1.046677,2.31692391,-0.92361443,0.18079651,1.32124262,-0.96942525,0.18079636,1.0
2453087.496837,1.040908,2.31695225,-0.92352927,0.18079066,1.32127542,-0.96949069,0.18079051,1.0
2453087.505117,1.043789,2.31697912,-0.9234485,0.18078511,1.32130655,-0.96955276,0.18078496,1.0
2453087.5133970003,1.055389,2.31700598,-0.92336773,0.18077957,1.32133769,-0.96961483,0.18077941,1.0
2453087.522116,1.045713,2.31703427,-0.92328267,0.18077373,1.32137051,-0.96968019,0.18077357,1.0
2453087.530386,1.038993,2.3170611,-0.923202,0.18076818,1.32140165,-0.96974218,0.18076803,1.0
2453087.538655,1.0275729999999998,2.31708792,-0.92312132,0.18076264,1.32143281,-0.96980416,0.18076248,1.0
2453087.547355,1.006961,2.31711614,-0.92303645,0.18075681,1.3214656,-0.96986937,0.18075665,1.0
2453087.554135,1.007889,2.31713813,-0.92297031,0.18075227,1.32149117,-0.96992018,0.1807521,1.0
2453087.560925,0.9732233,2.31716014,-0.92290407,0.18074772,1.3215168,-0.96997107,0.18074755,1.0
2453087.5667540003,0.9750177,2.31717905,-0.92284719,0.18074381,1.3215388,-0.97001476,0.18074364,1.0
2453087.572124,0.9537015,2.31719646,-0.9227948,0.18074022,1.32155908,-0.970055,0.18074004,1.0
2453087.577504,0.9849462,2.3172139,-0.92274232,0.18073661,1.32157941,-0.97009532,0.18073644,1.0
2453087.581534,0.9849462,2.31722696,-0.922703,0.18073391,1.32159464,-0.97012552,0.18073373,1.0
2453106.30256,0.9728805,2.37012803,-0.73719314,0.16759803,1.43580247,-1.09953754,0.16759243,1.0
2453106.310649,0.9551234,2.37014748,-0.73711182,0.16759211,1.43586998,-1.09958651,0.1675865,1.0
2453106.318739,0.940285,2.37016693,-0.73703049,0.16758618,1.43593751,-1.09963546,0.16758057,1.0
2453106.327248,0.9719848,2.37018738,-0.73694495,0.16757995,1.43600857,-1.09968695,0.16757433,1.0
2453106.335348,0.9927948,2.37020685,-0.73686353,0.16757401,1.43607621,-1.09973595,0.1675684,1.0
2453106.343457,1.040542,2.37022634,-0.73678201,0.16756807,1.43614395,-1.099785,0.16756245,1.0
2453106.3519470003,1.048237,2.37024673,-0.73669667,0.16756185,1.43621488,-1.09983634,0.16755623,1.0
2453106.360046,1.045345,2.37026619,-0.73661525,0.16755592,1.43628257,-1.09988531,0.1675503,1.0
2453106.368156,1.030053,2.37028567,-0.73653372,0.16754998,1.43635035,-1.09993434,0.16754435,1.0
2453106.376645,1.04246,2.37030606,-0.73644838,0.16754376,1.43642133,-1.09998566,0.16753813,1.0
2453106.384735,1.05017,2.37032548,-0.73636706,0.16753783,1.43648898,-1.10003455,0.16753220000000002,1.0
2453106.392825,1.051138,2.3703449,-0.73628573,0.16753189999999998,1.43655664,-1.10008343,0.16752627,1.0
2453106.401334,1.053076,2.37036533,-0.73620018,0.16752567,1.43662784,-1.10013484,0.16752003,1.0
2453106.409704,1.071666,2.37038541,-0.73611604,0.16751953,1.43669788,-1.1001854,0.1675139,1.0
2453106.417803,1.046308,2.37040485,-0.73603461,0.16751359999999998,1.43676567,-1.10023431,0.16750796,1.0
2453106.4263130003,0.9946253,2.37042526,-0.73594906,0.16750736,1.43683691,-1.1002857,0.16750172,1.0
2453106.434412,0.9737769,2.37044469,-0.73586763,0.16750143,1.43690474,-1.1003346,0.16749578,1.0
2453106.442512,0.9900554,2.37046412,-0.7357862,0.16749549,1.43697258,-1.10038349,0.16748984,1.0
2453106.451011,0.9560035,2.3704845000000003,-0.73570075,0.16748926,1.43704379,-1.10043479,0.16748361,1.0
2453106.459101,0.9489852,2.3705039,-0.73561941,0.16748333,1.43711157,-1.10048361,0.16747768,1.0
2453106.47571,0.9454956,2.37054371,-0.73545242,0.16747116,1.4372508,-1.10058381,0.1674655,1.0
2453106.491909,0.951611,2.37058253,-0.73528955,0.16745928,1.43738665,-1.10068151,0.16745362,1.0
2453106.500428,0.9273837,2.37060294,-0.73520389,0.16745304,1.43745812,-1.10073288,0.16744737,1.0
2453567.4126560003,0.9685795,-1.04553877,1.68995635,-0.18808294,-0.64159534,0.75725317,-0.18809684,1.0
2453567.420916,1.001233,-1.04562833,1.68989892,-0.18808214,-0.64155681,0.75725169,-0.18809605,1.0
2453567.429166,1.021728,-1.04571777,1.68984155,-0.18808135,-0.64151833,0.75725023,-0.18809525,1.0
2453567.437876,1.05229,-1.0458122,1.68978098,-0.18808051,-0.64147772,0.7572486999999999,-0.18809441,1.0
2453567.449506,1.033083,-1.04593827,1.68970009,-0.18807938,-0.64142349,0.75724669,-0.18809328,1.0
2453567.457767,1.050353,-1.04602782,1.68964264,-0.18807858,-0.64138498,0.75724527,-0.18809248,1.0
2453567.466057,1.043603,-1.04611768,1.68958498,-0.18807778,-0.64134634,0.75724387,-0.18809168,1.0
2453567.474787,1.025499,-1.04621231,1.68952425,-0.18807693,-0.64130565,0.7572424,-0.18809083,1.0
2453567.483067,1.006782,-1.04630206,1.68946664,-0.18807613,-0.64126707,0.75724102,-0.18809003,1.0
2453567.491347,0.9712595,-1.04639181,1.68940903,-0.18807533,-0.64122849,0.75723966,-0.18808922,1.0
2453567.500087,0.9500255,-1.04648654,1.68934822,-0.18807448,-0.64118777,0.75723824,-0.18808837,1.0
2453567.5083580003,0.9526542,-1.04657618,1.68929067,-0.18807367,-0.64114924,0.75723691,-0.18808757,1.0
2453567.516638,0.962355,-1.04666592,1.68923305,-0.18807287,-0.64111068,0.75723558,-0.18808676,1.0
2453567.525368,0.9667969,-1.04676053,1.68917229,-0.18807202,-0.64107003,0.75723421,-0.18808591,1.0
2453567.533638,0.9829587,-1.04685016,1.68911473,-0.18807122,-0.64103152,0.75723292,-0.18808511,1.0
2453567.541928,1.001233,-1.04694,1.68905703,-0.18807041,-0.64099292,0.75723164,-0.1880843,1.0
2453567.550668,1.009567,-1.04703471,1.68899619,-0.18806956,-0.64095224,0.7572303000000001,-0.18808345,1.0
2453568.389743,0.9242842,-1.05611357,1.68313295,-0.18798532,-0.63707368,0.75717299,-0.18799913,1.0
2453568.397993,0.9440729,-1.0562027,1.68307508,-0.18798447,-0.63703582,0.75717312,-0.18799828,1.0
2453568.406243,0.9319777,-1.05629183,1.6830172,-0.18798361,-0.63699796,0.75717327,-0.18799742,1.0
2453568.423143,0.9687363,-1.0564744,1.68289864,-0.18798186,-0.63692043,0.75717361,-0.18799567,1.0
2453568.4314240003,0.9849303,-1.05656384,1.68284054,-0.18798101,-0.63688245,0.75717379,-0.18799481,1.0
2453568.456684,1.049556,-1.05683669,1.68266328,-0.18797839,-0.63676661,0.75717445,-0.18799219,1.0
2453568.465394,1.041851,-1.05693077,1.68260214,-0.18797748,-0.63672668,0.7571747,-0.18799129,1.0
2453568.473674,1.04859,-1.0570202,1.68254402,-0.18797662,-0.63668873,0.75717496,-0.18799043,1.0
2453568.481934,1.04666,-1.05710941,1.68248604,-0.18797576,-0.63665088,0.75717523,-0.18798957,1.0
2453568.490654,1.017198,-1.05720358,1.68242483,-0.18797486,-0.63661092,0.75717553,-0.18798866,1.0
2453568.515865,0.9362796,-1.05747584,1.68224782,-0.18797223,-0.63649543,0.75717647,-0.18798603,1.0
2453568.532405,0.9732078000000002,-1.05765444,1.68213166,-0.18797051,-0.63641969,0.75717716,-0.18798431,1.0
2453568.541125,0.9449428,-1.0577486,1.68207042,-0.1879696,-0.63637977,0.75717755,-0.18798339,1.0
2453568.549425,0.9714167,-1.05783823,1.68201212,-0.18796873,-0.63634178,0.75717793,-0.18798253,1.0
2453568.557666,0.991301,-1.0579272,1.68195424,-0.18796787,-0.63630406,0.75717832,-0.18798167,1.0
2453568.566376,1.012525,-1.05802124,1.68189305,-0.18796696,-0.6362642,0.75717875,-0.18798075,1.0
2453568.574636,1.030399,-1.05811042,1.68183502,-0.18796609,-0.63622641,0.75717917,-0.18797989,1.0
2453568.5916560004,1.063177,-1.05829417,1.68171544,-0.18796431,-0.63614855,0.75718008,-0.18797811,1.0
2453568.599916,1.039934,-1.05838334,1.68165739,-0.18796345,-0.63611077,0.75718054,-0.18797724,1.0
2453568.608196,1.078961,-1.05847273,1.6815991999999995,-0.18796258,-0.63607291,0.75718102,-0.18797637,1.0
2453588.373026,1.0468879999999998,-1.26362461,1.53079975,-0.18452788,-0.56611532,0.79438504,-0.18453892,1.0
2453588.381226,1.014613,-1.2637061,1.5307323999999998,-0.18452589,-0.56609669,0.79441418,-0.18453694,1.0
2453588.389466,1.009951,-1.26378798,1.53066471,-0.1845239,-0.56607798,0.79444348,-0.18453494,1.0
2453588.398166,0.974317,-1.26387443,1.53059325,-0.18452179,-0.56605824,0.79447442,-0.18453283,1.0
2453588.406396,0.9716286,-1.26395621,1.53052564,-0.18451979,-0.56603958,0.7945036999999999,-0.18453083,1.0
2453588.414616,0.9851452,-1.26403789,1.5304581,-0.1845178,-0.56602095,0.79453295,-0.18452883,1.0
2453588.423316,0.9979305,-1.26412433,1.53038662,-0.18451569,-0.56600124,0.79456393,-0.18452672,1.0
2453588.4486060003,1.030624,-1.26437559,1.53017882,-0.18450955,-0.56594402,0.79465403,-0.18452058,1.0
2453588.456865,1.033476,-1.26445764,1.53011094,-0.18450754,-0.56592535,0.79468348,-0.18451857,1.0
2453588.4651450003,1.048818,-1.26453989,1.53004289,-0.18450553,-0.56590665,0.79471301,-0.18451656,1.0
2453588.473875,1.065369,-1.26462661,1.52997114,-0.18450341,-0.56588694,0.79474416,-0.18451443,1.0
2453588.482145,1.078202,-1.26470876,1.52990316,-0.1845014,-0.56586828,0.79477368,-0.18451242,1.0
2453588.490395,1.065369,-1.2647906999999998,1.52983535,-0.18449939,-0.56584967,0.79480313,-0.18451041,1.0
2453588.499145,1.076218,-1.26487761,1.52976342,-0.18449726,-0.56582995,0.79483439,-0.18450829,1.0
2453588.507395,1.056575,-1.26495955,1.5296956,-0.18449526,-0.56581137,0.79486387,-0.18450628,1.0
2453588.515655,1.042078,-1.26504158,1.52962769,-0.18449325,-0.56579277,0.79489339,-0.18450427,1.0
2453588.524395,1.022116,-1.26512838,1.52955584,-0.18449112,-0.56577311,0.79492464,-0.18450214,1.0
2453588.5326150004,0.9806189,-1.26521001,1.52948825,-0.18448912,-0.56575462,0.79495404,-0.18450014,1.0
2453588.540845,0.9716286,-1.26529173,1.52942058,-0.18448712,-0.56573613,0.79498349,-0.18449813,1.0
2453588.549515,0.9556531,-1.26537782,1.52934928,-0.184485,-0.56571665,0.79501452,-0.18449602,1.0
2453588.557755,0.927898,-1.26545964,1.52928152,-0.184483,-0.56569816,0.79504403,-0.18449401,1.0
2453588.5659740004,0.9270439,-1.26554126,1.52921392,-0.18448099,-0.56567971,0.79507347,-0.18449201,1.0
2453588.574644,0.921935,-1.26562734,1.52914261,-0.18447888,-0.56566027,0.79510454,-0.18448989,1.0
2453588.582874,0.9434096,-1.26570905,1.52907492,-0.18447687,-0.56564183,0.79513404,-0.18448788,1.0
2453588.591104,0.9364838,-1.26579075,1.52900722,-0.18447487,-0.56562339,0.79516355,-0.18448588,1.0
2453588.599784,0.91601,-1.26587692,1.52893582,-0.18447275,-0.56560396,0.79519468,-0.18448376,1.0
2453590.349977,0.9993494,-1.28317893,1.51445089,-0.18403532,-0.56192166,0.80170231,-0.18404604,1.0
2453590.358176,1.0085959999999998,-1.28325965,1.51438262,-0.18403322,-0.56190553,0.80173386,-0.18404394,1.0
2453590.366856,1.0512780000000002,-1.28334509,1.51431034,-0.184031,-0.56188846,0.80176727,-0.18404172,1.0
2453590.375056,1.041639,-1.2834258,1.51424206,-0.1840289,-0.56187235,0.80179885,-0.18403962,1.0
2453590.383276,1.047412,-1.28350671,1.51417361,-0.1840268,-0.5618562,0.8018305,-0.18403751,1.0
2453590.391936,1.019806,-1.28359194,1.51410149,-0.18402458,-0.56183921,0.80186387,-0.18403529,1.0
2453590.400146,1.004887,-1.28367274,1.51403312,-0.18402247,-0.56182311,0.80189551,-0.18403318,1.0
2453590.408386,0.988365,-1.28375383,1.51396449,-0.18402036,-0.56180696,0.80192728,-0.18403107,1.0
2453590.417066,0.9623152,-1.28383925,1.51389219,-0.18401813,-0.56178996,0.80196075,-0.18402884,1.0
2453590.425296,0.9649779,-1.28392024,1.51382363,-0.18401602,-0.56177385,0.8019925,-0.18402673,1.0
2453590.4335060003,0.9667571,-1.28400103,1.51375524,-0.18401392,-0.5617578000000001,0.80202418,-0.18402462,1.0
2453590.442185,0.9874551,-1.28408643,1.51368293,-0.18401169,-0.56174083,0.80205768,-0.18402239,1.0
2453590.450385,0.9901873,-1.28416712,1.51361461,-0.18400959,-0.56172482,0.80208935,-0.18402029,1.0
2453590.4586150004,0.9965919,-1.28424809,1.51354604,-0.18400748,-0.56170875,0.80212113,-0.18401818,1.0
2453590.467295,1.010456,-1.28433349,1.51347372,-0.18400525,-0.56169182,0.80215467,-0.18401595,1.0
2453590.475495,0.9956744,-1.28441416,1.51340539,-0.18400314,-0.56167584,0.80218636,-0.18401384,1.0
2453590.483715,1.014185,-1.28449503,1.51333689,-0.18400103,-0.56165982,0.80221814,-0.18401173,1.0
2453590.492375,1.009526,-1.28458022,1.51326473,-0.18399881,-0.56164297,0.80225163,-0.1840095,1.0
2453590.500595,1.038765,-1.28466108,1.51319622,-0.18399669,-0.56162698,0.80228343,-0.18400739,1.0
2453590.508825,1.05031,-1.28474203,1.51312763,-0.18399458,-0.56161098,0.80231528,-0.18400527,1.0
2453590.517475,1.041639,-1.28482712,1.51305553,-0.18399235,-0.56159417,0.80234876,-0.18400304,1.0
2453590.525695,1.042599,-1.28490797,1.51298701,-0.18399024,-0.56157822,0.80238059,-0.18400093,1.0
2453590.533904,1.033041,-1.28498871,1.51291857,-0.18398813,-0.56156229,0.80241239,-0.18399882,1.0
2453590.542574,1.020745,-1.28507398,1.5128463,-0.1839859,-0.56154548,0.80244599,-0.18399658,1.0
2453590.550784,0.9956744,-1.28515472,1.51277785,-0.18398379,-0.56152957,0.80247781,-0.18399447,1.0
2453590.558994,0.9658671,-1.28523546,1.5127094,-0.18398167,-0.56151368,0.80250964,-0.18399236,1.0
2453590.5676740003,0.963202,-1.28532082,1.51263703,-0.18397944,-0.56149688,0.8025433000000001,-0.18399012,1.0
2453590.575884,0.9421442,-1.28540155,1.51256857,-0.18397732,-0.56148101,0.80257515,-0.18398801,1.0
2453590.584134,0.9309307,-1.28548267,1.51249977,-0.1839752,-0.56146507,0.80260717,-0.18398588,1.0
2453590.592784,0.9156244,-1.28556772,1.51242764,-0.18397297,-0.56144837,0.80264075,-0.18398365,1.0
2454121.245996,1.004671,0.82270384,-2.36543677,0.2346015,0.32776859,-1.51494854,0.23461189,1.0
2454121.249216,0.9899747,0.82273544,-2.36542746,0.23460213,0.32775141,-1.5149673,0.23461253,1.0
2454121.252416,0.9710111,0.82276684,-2.36541821,0.23460276,0.32773434,-1.51498595,0.23461316,1.0
2454121.255605,0.9603381,0.82279814,-2.36540899,0.23460339,0.32771732,-1.51500454,0.23461379,1.0
2454121.2588150003,1.000977,0.82282964,-2.36539971,0.23460402,0.3277002,-1.51502325,0.23461442,1.0
2454121.262015,0.9890633,0.82286104,-2.36539045,0.23460465,0.32768313,-1.5150419,0.23461505,1.0
2454121.265215,0.9585704,0.82289244,-2.3653812000000003,0.23460529,0.32766606,-1.51506056,0.23461568,1.0
2454121.2684150003,0.9763918,0.82292385,-2.36537194,0.23460592,0.327649,-1.51507922,0.23461631,1.0
2454121.271605,1.000056,0.82295515,-2.36536272,0.23460654,0.32763199,-1.51509782,0.23461694,1.0
2454121.274795,1.002823,0.82298645,-2.36535349,0.23460717,0.32761498,-1.51511642,0.23461757,1.0
2454121.277995,0.9927141,0.82301785,-2.36534424,0.2346078,0.32759791,-1.51513509,0.23461820000000005,1.0
2454121.281165,0.9674404,0.82304896,-2.36533507,0.23460843,0.32758101,-1.51515358,0.23461882,1.0
2454121.284405,0.9863338,0.82308075,-2.36532569,0.23460907,0.32756374,-1.51517249,0.23461946,1.0
2454121.287625,0.9647704,0.82311235,-2.36531638,0.23460970000000006,0.32754658,-1.51519128,0.23462009,1.0
2454121.290845,0.9872429,0.82314394,-2.36530706,0.23461033,0.32752941,-1.51521007,0.23462073,1.0
2454121.294064,1.019586,0.82317554,-2.36529775,0.23461097,0.32751225,-1.51522886,0.23462136,1.0
2454121.297254,0.9701171,0.82320684,-2.36528852,0.2346116,0.32749525,-1.51524748,0.23462199,1.0
2454121.300484,0.9890633,0.82323854,-2.36527917,0.23461223,0.32747804,-1.51526634,0.23462262,1.0
2454121.303984,0.9515338,0.82327288,-2.36526904,0.23461292,0.32745939,-1.51528677,0.23462331,1.0
2454121.307194,0.9982147,0.82330438,-2.36525976,0.23461355,0.32744229,-1.51530552,0.23462394,1.0
2454121.310394,0.9890633,0.82333577,-2.36525049,0.23461418,0.32742524,-1.5153242,0.23462457,1.0
2454121.313584,0.9982147,0.82336708,-2.36524126,0.23461481,0.32740825,-1.51534284,0.2346252,1.0
2454121.316764,1.004671,0.82339828,-2.36523206,0.23461544,0.32739131,-1.51536141,0.23462583,1.0
2454121.319954,0.9863338,0.82342958,-2.36522283,0.23461606,0.32737432,-1.51538005,0.23462645,1.0
2454121.323134,0.9656599,0.82346078,-2.36521362,0.23461669,0.32735739,-1.51539863,0.23462708,1.0
2454121.326474,0.9701171,0.82349355,-2.36520395,0.23461735,0.32733959999999995,-1.51541815,0.23462774,1.0
2454121.329744,1.000977,0.82352564,-2.36519449,0.23461799,0.32732219,-1.51543726,0.23462838,1.0
2454121.333023,0.9963776,0.82355782,-2.36518499,0.23461864,0.32730473,-1.51545643,0.23462902,1.0
2454121.336353,0.9963776,0.82359049,-2.36517535,0.23461929,0.327287,-1.5154758999999998,0.23462968,1.0
2454121.339563,0.9917997,0.82362199,-2.36516606,0.23461992,0.32726991,-1.51549466,0.23463031,1.0
2454121.342793,1.029969,0.82365368,-2.36515671,0.23462056,0.32725272,-1.51551355,0.23463095,1.0
2454121.346053,1.035676,0.82368567,-2.36514727,0.2346212,0.32723537,-1.51553261,0.23463159,1.0
2454121.349303,1.0083799999999998,0.82371756,-2.36513786,0.23462184,0.32721807,-1.51555162,0.23463223,1.0
2454121.352523,1.018648,0.82374915,-2.36512853,0.23462247,0.32720094,-1.51557046,0.23463286,1.0
2454121.355743,1.049117,0.82378074,-2.36511921,0.23462310000000006,0.3271838,-1.51558929,0.23463349,1.0
2454121.359043,1.000977,0.82381312,-2.36510965,0.23462375,0.32716625,-1.5156086000000002,0.23463414,1.0
2454121.362333,1.001899,0.8238454,-2.36510012,0.2346244,0.32714874,-1.51562785,0.23463479,1.0
2454121.365593,1.037586,0.82387738,-2.36509068,0.23462504,0.3271314,-1.51564693,0.23463543,1.0
2454121.368902,1.056876,0.82390986,-2.36508109,0.23462569,0.32711379,-1.5156663,0.23463608,1.0
2454121.372202,1.000056,0.82394224,-2.36507154,0.23462634,0.32709624,-1.51568562,0.23463673,1.0
2454121.375542,0.9982147,0.82397501,-2.36506186,0.234627,0.32707848,-1.51570517,0.23463738,1.0
2454121.378832,0.9754925,0.82400728,-2.36505233,0.23462764,0.32706098,-1.51572444,0.23463803,1.0
2454121.382112,0.9532878,0.82403946,-2.36504283,0.23462829,0.32704354,-1.51574365,0.23463867,1.0
2454121.385442,0.954166,0.82407214,-2.36503318,0.23462894,0.32702584,-1.51576315,0.23463933,1.0
2454121.388722,0.9719059,0.82410432,-2.36502368,0.23462959,0.32700840000000003,-1.51578236,0.23463997,1.0
2454121.392032,0.9603381,0.82413679,-2.36501409,0.23463024,0.3269908,-1.51580175,0.23464062,1.0
2454121.395352,0.949782,0.82416936,-2.36500447,0.23463089,0.32697316,-1.5158212,0.23464127,1.0
2454121.398672,0.9480347,0.82420193,-2.36499485,0.23463154,0.32695551,-1.51584065,0.23464192,1.0
2454121.401972,0.9594539,0.82423431,-2.36498528,0.23463219,0.32693797,-1.51585999,0.23464257,1.0
2454121.405282,0.9754925,0.82426678,-2.36497569,0.23463284,0.32692038,-1.51587939,0.23464322,1.0
2454121.408681,1.007451,0.82430014,-2.36496584,0.23463351,0.32690232,-1.51589932,0.23464389,1.0
2454121.412001,0.9881527,0.82433271,-2.36495621,0.23463416,0.32688468,-1.51591879,0.23464454,1.0
2454121.415331,1.007451,0.82436538,-2.36494656,0.23463481,0.32686699,-1.51593831,0.23464520000000005,1.0
2454121.418671,1.012102,0.82439815,-2.36493688,0.23463547,0.32684924,-1.51595789,0.23464585,1.0
2454121.422011,1.0328190000000002,0.82443091,-2.3649272,0.23463612,0.3268315,-1.51597748,0.23464651,1.0
2454121.425391,0.9854262,0.82446407,-2.3649174,0.23463679,0.32681355,-1.51599731,0.23464717,1.0
2454121.428741,1.039499,0.82449694,-2.36490769,0.23463745,0.32679576,-1.51601696,0.23464783,1.0
2454121.432091,1.020526,0.8245298000000001,-2.36489798,0.2346381,0.32677797,-1.51603661,0.23464848,1.0
2454121.4354310003,1.051052,0.82456257,-2.36488829,0.23463876,0.32676023,-1.51605621,0.23464914,1.0
2454121.438781,1.031868,0.82459543,-2.36487858,0.23463942,0.32674245,-1.51607587,0.2346498,1.0
2454121.442441,1.089492,0.82463134,-2.36486797,0.23464013,0.32672301,-1.51609735,0.23465051,1.0
2454121.44577,1.052989,0.82466401,-2.36485831,0.23464079,0.32670534,-1.5161169,0.23465117,1.0
2454121.44908,1.093513,0.82469648,-2.36484871,0.23464144,0.32668777,-1.51613633,0.23465182,1.0
2454121.45236,1.066655,0.82472866,-2.3648392000000005,0.23464208,0.32667036,-1.51615558,0.23465246,1.0
2455622.408959,1.00141,2.413834,-0.493605,0.14906152,1.47804289,-0.16780364,0.14906409,1.0
2455622.412755,1.0134729999999998,2.41383892,-0.49356575,0.14905846,1.47802527,-0.16782632,0.14906103,1.0
2455622.4163430003,1.038991,2.41384356,-0.49352866,0.14905556,1.47800862,-0.16784776,0.14905813,1.0
2455622.419155,1.036124,2.41384721,-0.49349958,0.14905329,1.47799558,-0.16786457,0.14905586,1.0
2455622.421956,1.043787,2.41385084,-0.49347062,0.14905103,1.47798259,-0.16788131,0.1490536,1.0
2455622.424769,1.057333,2.41385448,-0.49344154,0.14904876,1.47796954,-0.16789812,0.14905133,1.0
2455622.4275700003,1.0700690000000002,2.41385811,-0.49341258,0.1490465,1.47795655,-0.16791486,0.14904907,1.0
2455622.430371,1.067116,2.41386173,-0.49338362,0.14904424,1.47794357,-0.1679316,0.14904681,1.0
2455622.433183,1.069084,2.41386537,-0.49335455,0.14904197,1.47793053,-0.16794841,0.14904454,1.0
2455622.435984,1.074019,2.413869,-0.49332559,0.14903971,1.47791755,-0.16796516,0.14904228,1.0
2455622.438798,1.077983,2.41387264,-0.49329651,0.14903744,1.47790451,-0.16798197,0.14904001,1.0
2455622.441598,1.082959,2.41387627,-0.49326756,0.14903518,1.47789154,-0.16799871,0.14903774,1.0
2455622.444399,1.093987,2.41387989,-0.4932386,0.14903291,1.47787856,-0.16801546,0.14903548,1.0
2455622.447212,1.083957,2.41388353,-0.49320951,0.14903064,1.47786553,-0.16803227,0.14903321,1.0
2455622.450013,1.072043,2.41388716,-0.49318055,0.14902838,1.47785256,-0.16804902,0.14903095,1.0
2455622.452825,1.075009,2.41389079,-0.49315148,0.14902611,1.47783953,-0.16806584,0.14902868,1.0
2455622.455626,1.076991,2.41389442,-0.49312252,0.14902385,1.47782657,-0.16808258,0.14902642,1.0
2455622.458427,1.059283,2.41389804,-0.49309356,0.14902159,1.4778136,-0.16809933,0.14902416,1.0
2455622.46124,1.052475,2.41390168,-0.49306447,0.14901932,1.47780058,-0.16811615,0.14902189,1.0
2455622.464041,1.040907,2.4139053,-0.49303551,0.14901706,1.47778761,-0.1681329,0.14901963,1.0
2455622.466842,1.043787,2.41390892,-0.49300655,0.14901479,1.47777465,-0.16814966,0.14901736,1.0
2455622.469654,1.029466,2.41391256,-0.49297748,0.14901252,1.47776164,-0.16816647,0.14901509,1.0
2455622.473265,1.02285,2.41391723,-0.49294014,0.14900961,1.47774493,-0.16818807,0.14901218,1.0
2455622.476066,1.004181,2.41392085,-0.49291118,0.14900735,1.47773198,-0.16820482,0.14900992,1.0
2455622.478867,0.9876698,2.41392447,-0.49288222,0.14900508,1.47771902,-0.16822158,0.14900766,1.0
2455622.48168,0.9678583,2.4139281,-0.49285315,0.14900281,1.47770602,-0.1682384,0.14900538,1.0
2455622.4844810003,0.9642991,2.41393172,-0.49282419,0.14900055,1.47769307,-0.16825515,0.14900312,1.0
2455622.487282,0.947571,2.41393534,-0.49279523,0.14899829,1.47768012,-0.16827191,0.14900086,1.0
2455622.490095,0.9458272,2.41393898,-0.49276614,0.14899602,1.47766712,-0.16828874,0.14899859,1.0
2455622.492896,0.9388836,2.4139426,-0.49273718,0.14899376,1.47765417,-0.1683055,0.14899633,1.0
2455622.4957080004,0.9225969,2.41394623,-0.49270811,0.14899149,1.47764118,-0.16832232,0.14899406,1.0
2455622.498509,0.9141382,2.41394985,-0.49267914,0.14898923,1.47762824,-0.16833908,0.14899179999999998,1.0
2455622.50131,0.9099379,2.41395347,-0.49265018,0.14898696,1.4776153,-0.16835584,0.14898953,1.0
2455622.504123,0.8999368000000001,2.4139571,-0.4926210999999999,0.14898469,1.47760231,-0.16837267,0.14898726,1.0
2455622.506924,0.881073,2.41396071,-0.49259214,0.14898243,1.47758937,-0.16838943,0.14898499999999998,1.0
2455622.509725,0.8900448000000001,2.41396433,-0.49256317,0.14898017,1.47757644,-0.16840619,0.14898274,1.0
2455622.512537,0.8900448000000001,2.41396796,-0.4925340999999999,0.1489779,1.47756346,-0.16842302,0.14898047,1.0
2455622.515338,0.8851399999999999,2.41397158,-0.49250514,0.14897564,1.47755053,-0.16843979,0.14897821,1.0
2455622.518139,0.8859558000000001,2.41397519,-0.49247618,0.14897337,1.4775376,-0.16845655,0.14897594,1.0
2455622.520951,0.8925075000000001,2.41397882,-0.4924471,0.1489711,1.47752462,-0.16847338,0.14897367,1.0
2455622.523753,0.8949771000000001,2.41398244,-0.49241814,0.14896884,1.4775117,-0.16849015,0.14897141,1.0
2455622.526566,0.9024261999999998,2.41398607,-0.49238905,0.14896657,1.47749872,-0.16850698,0.14896914,1.0
2455622.535975,0.9388836,2.4139982000000004,-0.49229176,0.14895897,1.47745532,-0.16856331,0.14896154,1.0
2455622.538776,0.9510691,2.41400182,-0.4922628,0.14895671,1.47744241,-0.16858008,0.14895928,1.0
2455622.541577,0.9545794,2.41400543,-0.49223384,0.14895445,1.4774295,-0.16859685,0.14895702,1.0
2455622.54439,0.952822,2.41400906,-0.49220475,0.14895217,1.47741653,-0.16861369,0.14895475,1.0
2455622.547191,0.9741187,2.41401267,-0.49217579,0.14894991,1.47740362,-0.16863046,0.14895248,1.0
2455622.549992,0.9831324,2.41401628,-0.49214683,0.14894765,1.47739072,-0.16864723,0.14895022,1.0
2455622.552804,0.9922292,2.4140199,-0.49211775,0.14894538,1.47737776,-0.16866407,0.14894795,1.0
2455622.555605,0.9977273,2.41402351,-0.49208879,0.14894312,1.47736486,-0.16868084,0.14894569,1.0
2455622.558418,1.004181,2.41402714,-0.4920597,0.14894085,1.4773519,-0.16869769,0.14894342,1.0
2455622.561218,1.00141,2.41403075,-0.49203075,0.14893858,1.477339,-0.16871446,0.14894116,1.0
2455622.56402,0.9977273,2.41403436,-0.49200177,0.14893632,1.4773261,-0.16873124,0.14893889,1.0
2455622.566832,0.9922292,2.41403798,-0.4919727,0.14893405,1.47731316,-0.16874808,0.14893662,1.0
2455622.569634,1.026625,2.41404159,-0.49194373,0.14893179,1.47730026,-0.16876486,0.14893436,1.0
2455622.572435,1.030414,2.4140452000000003,-0.49191477,0.14892952,1.47728737,-0.16878164,0.1489321,1.0
2455622.575247,1.038035,2.41404882,-0.49188569,0.14892725,1.47727443,-0.16879848,0.14892983,1.0
2455622.578048,1.050538,2.41405243,-0.49185673,0.14892499,1.47726154,-0.16881526,0.14892756,1.0
2455622.580861,1.071055,2.41405605,-0.49182764,0.14892272,1.4772486,-0.16883211,0.14892529,1.0
2455622.583662,1.066134,2.41405966,-0.49179868,0.14892046,1.47723572,-0.16884889,0.14892303,1.0
2455622.586463,1.081962,2.41406326,-0.49176972,0.14891819,1.47722283,-0.16886567,0.14892077,1.0
2455622.589275,1.086956,2.41406688,-0.49174064,0.14891592,1.4772099,-0.16888252,0.14891849,1.0
2455671.299842,1.045142,2.41911245,0.01956486,0.10635588,1.54261122,-0.47088407,0.10635848,1.0
2455671.305629,1.075413,2.41910607,0.01962604,0.10635047,1.54265182,-0.47091015,0.10635308,1.0
2455671.30843,1.088366,2.41910297,0.01965565,0.10634786,1.54267148,-0.47092276,0.10635046,1.0
2455671.311243,1.097426,2.41909987,0.01968538,0.10634523,1.54269122,-0.47093543,0.10634784,1.0
2455671.314043,1.092384,2.41909677,0.01971499,0.10634261,1.54271088,-0.47094805,0.10634522,1.0
2455671.316844,1.102491,2.41909368,0.0197446,0.10634,1.54273054,-0.47096067,0.1063426,1.0
2455671.319656,1.103507,2.41909058,0.01977433,0.10633737,1.54275028,-0.47097333,0.10633998,1.0
2455671.322457,1.096415,2.41908748,0.01980394,0.10633475,1.54276995,-0.47098594,0.10633736,1.0
2455671.3252580003,1.098437,2.41908439,0.01983355,0.10633214,1.54278962,-0.47099855,0.10633475,1.0
2455671.3280700003,1.094398,2.41908128,0.01986327,0.10632951,1.54280936,-0.47101121,0.10633212,1.0
2455671.330871,1.094398,2.41907818,0.01989288,0.1063269,1.54282903,-0.47102382,0.1063295,1.0
2455671.333684,1.084364,2.41907507,0.01992262,0.10632427,1.54284879,-0.47103648,0.10632688,1.0
2455671.336484,1.081372,2.41907198,0.01995223,0.10632165,1.54286846,-0.47104909,0.10632426,1.0
2455671.3414950003,1.060657,2.41906644,0.0200052,0.10631697,1.54290366,-0.47107164,0.10631958,1.0
2455671.344296,1.055784,2.41906334,0.02003481,0.10631436,1.54292333,-0.47108424,0.10631696,1.0
2455671.347109,1.049966,2.41906023,0.02006454,0.10631173,1.5429431,-0.4710969,0.10631434,1.0
2455671.34991,1.03556,2.41905713,0.02009415,0.10630911,1.54296278,-0.4711095,0.10631172,1.0
2455671.352711,1.026066,2.41905403,0.02012376,0.1063065,1.54298246,-0.4711220999999999,0.10630910000000003,1.0
2455671.355523,1.004558,2.41905092,0.02015349,0.10630387,1.54300222,-0.47113475,0.10630648,1.0
2455671.358323,0.9871318,2.41904782,0.0201831,0.10630125,1.54302191,-0.47114735,0.10630386,1.0
2455671.361136,0.9735878,2.41904471,0.02021284,0.10629863,1.54304168,-0.47116,0.10630123,1.0
2455671.363936,0.9637739,2.41904161,0.02024243,0.10629601,1.54306136,-0.47117259,0.10629862,1.0
2455671.366737,0.9575801,2.41903851,0.02027204,0.10629339,1.54308105,-0.47118519,0.106296,1.0
2455671.36955,0.9531805,2.41903539,0.02030178,0.10629077,1.54310082,-0.47119783,0.10629337,1.0
2455671.372351,0.946183,2.41903229,0.02033139,0.10628815,1.54312052,-0.47121043,0.10629076,1.0
2455671.375163,0.9375084,2.41902918,0.02036111,0.10628552,1.54314029,-0.47122307,0.10628813,1.0
2455671.377964,0.9375084,2.41902608,0.02039072,0.10628291,1.54315999,-0.47123566,0.10628551,1.0
2455671.380764,0.9289132,2.41902297,0.02042033,0.10628029,1.54317968,-0.47124825,0.1062829,1.0
2455671.383577,0.9229435,2.41901986,0.02045007,0.10627766,1.54319947,-0.47126089,0.10628027,1.0
2455671.386378,0.9086051,2.41901675,0.02047968,0.10627505,1.54321917,-0.47127348,0.10627765,1.0
2455671.389178,0.9044304,2.41901365,0.02050928,0.10627243,1.54323887,-0.47128606,0.10627504,1.0
2455671.391991,0.9035978,2.41901053,0.02053901,0.1062698,1.54325865,-0.47129869,0.10627241,1.0
2455671.394792,0.8961385000000001,2.41900743,0.02056862,0.10626719,1.54327836,-0.47131128,0.10626979,1.0
2455671.399063,0.8879226,2.4190027,0.02061377,0.1062632,1.54330841,-0.47133046,0.1062658,1.0
2455671.401863,0.8969642,2.41899959,0.02064338,0.10626058,1.54332812,-0.47134304,0.10626319,1.0
2455671.404675,0.8871053,2.41899647,0.02067311,0.10625795,1.54334791,-0.47135567,0.10626056,1.0
2455671.407476,0.9027659,2.41899337,0.02070272,0.10625534,1.54336762,-0.47136825,0.10625794,1.0
2455671.410277,0.9077686,2.41899026,0.02073233,0.10625272,1.54338734,-0.47138083,0.10625533,1.0
2455671.41309,0.923794,2.41898714,0.02076206,0.10625009,1.54340714,-0.47139346,0.1062527,1.0
2455671.415891,0.9246453,2.41898403,0.02079167,0.10624748,1.54342686,-0.47140603,0.10625008,1.0
2455671.418703,0.9418357,2.41898091,0.020821400000000004,0.10624485,1.54344666,-0.47141866,0.10624746,1.0
2455671.421504,0.9593457,2.4189778,0.02085101,0.10624223,1.54346638,-0.47143123,0.10624484,1.0
2455671.424304,0.9620001,2.41897469,0.02088062,0.10623962,1.5434861,-0.4714438,0.10624222,1.0
2455671.427116,0.9825963,2.41897157,0.02091034,0.10623699,1.5435059,-0.47145642,0.1062396,1.0
2455671.429917,0.9862231,2.41896846,0.02093995,0.10623437,1.54352563,-0.47146899,0.10623698,1.0
2455671.43273,0.9971837,2.41896534,0.02096969,0.10623175,1.54354544,-0.47148161,0.10623435,1.0
2455671.435531,1.004558,2.41896223,0.0209993,0.10622913,1.54356517,-0.47149418,0.10623174,1.0
2455671.438332,1.008266,2.41895912,0.02102891,0.10622651,1.5435849,-0.47150675,0.10622912,1.0
2455671.441144,1.014788,2.418956,0.02105863,0.10622388,1.54360471,-0.47151936,0.10622649,1.0
2455671.443944,1.01292,2.41895288,0.02108824,0.10622127,1.54362445,-0.47153192,0.10622387,1.0
2455671.446756,1.010125,2.41894976,0.02111797,0.10621864,1.54364426,-0.47154454,0.10622125,1.0
2455671.449558,1.023234,2.41894665,0.02114759,0.10621602,1.54366401,-0.4715571,0.10621863,1.0
2455671.452358,1.030802,2.41894353,0.02117719,0.10621341,1.54368374,-0.47156966,0.10621601,1.0
2455671.461757,1.063592,2.41893309,0.02127654,0.10620463,1.54374999,-0.4716118,0.10620723,1.0
2455671.464558,1.075413,2.41892997,0.02130615,0.10620201,1.54376973,-0.47162435,0.10620462,1.0
2455671.467357,1.088366,2.41892686,0.02133575,0.10619939,1.54378947,-0.4716369000000001,0.106202,1.0
2455691.324028,0.9904645,2.38685335,0.23087004,0.08723361,1.72039237,-0.5274232,0.08723588,1.0
2455691.328228,0.9932053,2.38684444,0.23091423,0.08722952,1.72043658,-0.5274270000000001,0.08723179,1.0
2455691.331029,0.9904645,2.3868385,0.23094369,0.08722679,1.72046605,-0.52742953,0.08722906,1.0
2455691.333842,0.9895526,2.38683253,0.23097327,0.08722404,1.72049565,-0.52743207,0.08722631,1.0
2455691.336643,0.9895526,2.38682659,0.23100273,0.08722131,1.72052512,-0.5274346,0.08722358,1.0
2455691.339455,0.9977895,2.38682063,0.23103231,0.08721857,1.72055471,-0.52743713,0.08722084,1.0
2455691.342255,0.9932053,2.38681469,0.23106177,0.08721584,1.72058419,-0.52743966,0.08721811,1.0
2455691.345056,1.009808,2.38680874,0.23109123,0.08721311,1.72061367,-0.52744218,0.08721538,1.0
2455691.347869,1.021031,2.38680278,0.23112081,0.08721037,1.72064327,-0.52744471,0.08721264,1.0
2455691.350669,1.021972,2.38679683,0.23115026,0.08720764,1.72067274,-0.52744723,0.08720991,1.0
2455691.35347,1.017276,2.38679089,0.23117972,0.08720491,1.72070222,-0.52744974,0.08720718,1.0
2455691.356283,1.040013,2.38678492,0.23120931,0.08720216,1.72073183,-0.52745227,0.08720444,1.0
2455691.359083,1.037144,2.38677898,0.23123877,0.08719943,1.72076131,-0.52745478,0.0872017,1.0
2455691.361895,1.049636,2.38677301,0.23126834,0.08719669,1.72079091,-0.5274573,0.08719896,1.0
2455691.364696,1.050604,2.38676706,0.2312978,0.08719396,1.7208203999999998,-0.52745981,0.08719623,1.0
2455691.367497,1.045777,2.38676112,0.23132726,0.08719123,1.72084989,-0.52746232,0.0871935,1.0
2455691.37031,1.056426,2.38675515,0.23135685,0.08718849,1.7208795,-0.52746484,0.08719076,1.0
2455691.37311,1.055453,2.3867492,0.2313863,0.08718576,1.72090898,-0.52746734,0.08718803,1.0
2455691.375922,1.071122,2.38674323,0.23141588,0.08718302,1.72093859,-0.52746986,0.08718529,1.0
2455691.378723,1.04867,2.38673728,0.23144534,0.08718029,1.72096809,-0.52747236,0.08718256,1.0
2455691.3815240003,1.036189,2.38673133,0.2314748,0.08717755,1.72099758,-0.52747486,0.08717982,1.0
2455691.384961,1.023856,2.38672404,0.23151095,0.0871742,1.72103377,-0.52747793,0.08717647,1.0
2455691.387762,1.040972,2.38671809,0.23154041,0.08717147,1.72106326,-0.52748042,0.08717374,1.0
2455691.390575,1.0323790000000002,2.38671211,0.23156999,0.08716873,1.72109288,-0.52748293,0.087171,1.0
2455691.393375,1.013535,2.38670616,0.23159945,0.087166,1.72112238,-0.52748542,0.08716827,1.0
2455691.396187,1.005169,2.38670019,0.23162903,0.08716326,1.72115199,-0.52748792,0.08716553,1.0
2455691.398988,0.9859137,2.38669424,0.23165849,0.08716053,1.72118149,-0.52749041,0.0871628,1.0
2455691.401789,0.998709,2.38668829,0.23168795,0.0871578,1.72121099,-0.5274929,0.08716007,1.0
2455691.404602,0.9804804,2.38668231,0.23171753,0.08715505,1.72124062,-0.52749539,0.08715732,1.0
2455691.407403,1.007022,2.38667636,0.23174699,0.08715232,1.72127012,-0.52749788,0.08715459,1.0
2455691.410214,0.9877317,2.38667039,0.23177657,0.08714958,1.72129974,-0.52750037,0.08715185,1.0
2455691.413015,0.9786759,2.38666443,0.23180602,0.08714685,1.72132925,-0.52750285,0.08714912,1.0
2455691.415816,0.9822883,2.38665848,0.23183548,0.08714412,1.72135875,-0.52750533,0.08714639,1.0
2455691.419404,0.9813839,2.38665086,0.23187322,0.08714062,1.72139655,-0.52750851,0.08714289,1.0
2455691.422205,0.9616985999999998,2.3866449,0.23190268,0.08713789,1.72142606,-0.52751098,0.08714016,1.0
2455691.425017,0.9732826,2.38663893,0.23193225,0.08713515,1.72145568,-0.52751347,0.08713742,1.0
2455691.427817,0.959045,2.38663297,0.23196171,0.08713242,1.72148519,-0.52751594,0.08713469,1.0
2455691.430618,0.9450157,2.38662702,0.23199117,0.08712969,1.7215147000000002,-0.52751841,0.08713195,1.0
2455691.433431,0.9511279,2.38662104,0.23202075,0.08712694,1.72154434,-0.52752089,0.08712921,1.0
2455691.436232,0.9520045,2.38661508,0.23205021,0.08712421,1.72157386,-0.52752336,0.08712648,1.0
2455691.439044,0.9303341,2.3866091,0.23207979,0.08712147,1.72160349,-0.52752583,0.08712374,1.0
2455691.4418450003,0.9458863,2.38660314,0.23210925,0.08711874,1.7216330000000002,-0.52752829,0.08712101,1.0
2455691.444645,0.9235044,2.38659719,0.2321387,0.08711601,1.72166252,-0.52753076,0.08711828,1.0
2455691.447457,0.9346283,2.38659121,0.23216828,0.08711327,1.72169215,-0.52753323,0.08711553,1.0
