2444900.59775,1.029853,-3.03925096,-1.09671619,-0.01076004,-2.17646346,-0.60146134,-0.01072264,1.0
2444900.6521900003,0.9646623,-3.03898896,-1.09718107,-0.01074043,-2.17668341,-0.60111755,-0.01070298,1.0
2444900.6804,0.976282,-3.03885317,-1.09742195,-0.01073027,-2.17679765,-0.60093956,-0.01069279,1.0
2444900.71168,0.9798854,-3.03870257,-1.09768904,-0.010719,-2.17692455,-0.60074234,-0.01068149,1.0
2444900.73401,1.027011,-3.03859504,-1.0978796999999998,-0.01071096,-2.17701527,-0.60060162,-0.01067342,1.0
2444900.75869,1.048034,-3.03847619,-1.09809042,-0.01070207,-2.17711568,-0.60044619,-0.01066451,1.0
2444900.79991,1.023235,-3.03827764,-1.09844235,-0.01068722,-2.1772837000000003,-0.60018677,-0.01064962,1.0
2444900.81811,0.9926023000000002,-3.03818997,-1.09859773,-0.01068066,-2.17735801,-0.6000723000000001,-0.01064304,1.0
2444900.84334,0.9709018,-3.03806841,-1.09881313,-0.01067157,-2.17746115,-0.59991369,-0.01063393,1.0
2444900.85915,0.9744853,-3.03799222,-1.0989481,-0.01066588,-2.17752585,-0.59981435,-0.01062822,1.0
2444900.87457,0.9871321,-3.03791791,-1.09907974,-0.01066032,-2.17758902,-0.5997175,-0.01062265,1.0
2444900.89,0.9628869,-3.03784355,-1.09921146,-0.01065476,-2.17765228,-0.59962061,-0.01061707,1.0
2444900.90816,0.9871321,-3.03775602,-1.09936649,-0.01064822,-2.17772681,-0.59950662,-0.01061051,1.0
2444900.93413,1.036514,-3.03763083,-1.09958818,-0.01063886,-2.17783352,-0.5993437,-0.01060113,1.0
2444900.95235,1.039382,-3.03754299,-1.09974371,-0.0106323,-2.17790848,-0.59922945,-0.01059455,1.0
2445760.656924,0.973589,3.21341785,0.80154845,0.02333576,2.27652822,1.12442979,0.02335335,1.0
2445760.663966,0.9926032,3.21341297,0.80161566,0.02333344,2.27648188,1.124382,0.02335103,1.0
2445760.668341,0.988953,3.21340993,0.80165741,0.023332,2.27645311,1.1243523000000002,0.02334958,1.0
2445760.675049,1.007339,3.21340528,0.80172143,0.02332979,2.27640899,1.12430677,0.02334736,1.0
2445760.686841,1.030803,3.2133971000000003,0.80183397,0.0233259,2.27633147,1.12422672,0.02334346,1.0
2445760.691091,1.043219,3.21339415,0.80187454,0.0233245,2.27630354,1.12419786,0.02334206,1.0
2445760.698091,1.048035,3.21338929,0.80194134,0.02332219,2.27625754,1.12415033,0.02333974,1.0
2445760.702174,1.0490000000000002,3.21338645,0.80198031,0.02332085,2.27623072,1.1241226,0.02333839,1.0
2445760.7065080004,1.060659,3.21338344,0.80202167,0.02331942,2.27620225,1.12409317,0.02333696,1.0
2445760.710591,1.062614,3.2133806000000003,0.80206064,0.02331807,2.27617544,1.12406544,0.02333561,1.0
2445760.721091,1.063593,3.21337331,0.80216085,0.02331461,2.27610651,1.12399412,0.02333214,1.0
2445760.725174,1.065554,3.21337047,0.80219981,0.02331326,2.27607971,1.12396638,0.02333079,1.0
2445760.729341,1.062614,3.21336757,0.80223958,0.02331189,2.27605237,1.12393807,0.02332941,1.0
2445760.736049,1.064574,3.21336291,0.8023036,0.02330968,2.27600836,1.1238925,0.02332719,1.0
2445760.740299,1.056758,3.21335995,0.80234416,0.02330828,2.27598048,1.12386362,0.02332579,1.0
2445760.744466,1.050935,3.21335705,0.80238393,0.0233069,2.27595315,1.1238353,0.02332441,1.0
2445760.751799,1.036515,3.21335195,0.80245391,0.02330449,2.27590507,1.12378547,0.02332198,1.0
2445760.758549,1.023236,3.21334725,0.80251833,0.02330226,2.27586083,1.12373959,0.02331975,1.0
2445760.762716,1.012921,3.21334435,0.80255809,0.02330089,2.27583352,1.12371127,0.02331837,1.0
2445760.773258,0.9916894,3.21333701,0.8026587,0.02329741,2.27576445,1.12363961,0.02331489,1.0
2445760.7775080004,0.9825975,3.21333405,0.80269926,0.02329601,2.27573661,1.12361071,0.02331348,1.0
2445760.781966,0.9709026,3.21333095,0.8027418000000001,0.02329454,2.27570742,1.1235803999999998,0.02331201,1.0
2445760.786091,0.9682236,3.21332808,0.80278117,0.02329318,2.27568041,1.12355235,0.02331064,1.0
2445760.790341,0.9664417,3.21332511,0.80282172,0.02329178,2.27565259,1.12352345,0.02330924,1.0
2445760.794633,0.9505515,3.21332212,0.80286268,0.02329037,2.2756245,1.12349427,0.02330782,1.0
2445760.801716,0.9514274,3.21331719,0.80293028,0.02328803,2.27557815,1.12344609,0.02330548,1.0
2445760.8060080004,0.9549391,3.21331419,0.80297124,0.02328662,2.27555007,1.1234169,0.02330406,1.0
2445760.810466,0.9496764,3.21331108,0.80301378,0.02328515,2.27552091,1.12338658,0.02330258,1.0
2445760.821841,0.9496764,3.21330315,0.80312233,0.0232814,2.27544653,1.12330919,0.02329882,1.0
2445760.839216,0.9357841,3.21329102,0.80328814,0.02327567,2.27533297,1.12319097,0.02329308,1.0
2445760.8434240003,0.939238,3.21328809,0.80332829,0.02327428,2.27530549,1.12316233,0.02329168,1.0
2445760.850216,0.9418368,3.21328334,0.80339311,0.02327205,2.27526113,1.1231161,0.02328944,1.0
2445760.863924,0.9620013,3.21327377,0.80352392,0.02326753,2.27517163,1.12302279,0.02328491,1.0
2445760.870341,0.9444428,3.21326928,0.80358515,0.02326541,2.27512976,1.1229791,0.02328278,1.0
2445760.874841,0.947056,3.21326614,0.8036281,0.02326393,2.2751004,1.12294846,0.0232813,1.0
2445763.65224,1.022511,3.21122384,0.83010647,0.02234762,2.25798583,1.1036561000000005,0.02236209,1.0
2445763.658073,1.01407,3.21121934,0.83016203,0.0223457,2.25795201,1.10361481,0.02236016,1.0
2445763.679032,0.9900748,3.21120316,0.83036164,0.02233878,2.25783057,1.10346645,0.02235322,1.0
2445763.705782,0.929968,3.21118249,0.83061641,0.02232995,2.25767574,1.10327704,0.02234436,1.0
2445763.720157,0.9222911,3.21117138,0.83075331,0.0223252,2.25759262,1.10317523,0.02233959,1.0
2445763.738782,0.924843,3.21115697,0.83093069,0.02231905,2.257485,1.10304328,0.02233342,1.0
2445763.74624,0.929968,3.2111512,0.83100172,0.02231659,2.25744194,1.10299044,0.02233095,1.0
2445763.760323,0.9256952,3.21114029,0.83113584,0.02231194,2.25736065,1.10289065,0.02232629,1.0
2445763.764823,0.9403034,3.21113681,0.8311787,0.02231045,2.25733469,1.10285875,0.0223248,1.0
2445763.780115,0.9773902,3.21112496,0.83132433,0.0223054,2.2572465,1.10275036,0.02231973,1.0
2445763.807157,1.017813,3.211104,0.83158186,0.02229647,2.25709071,1.10255864,0.02231078,1.0
2445763.839573,1.072675,3.21107884,0.83189056,0.02228577,2.25690421,1.10232873,0.02230004,1.0
2445763.845073,1.079613,3.21107457,0.83194293,0.02228395,2.25687259,1.10228971,0.02229822,1.0
2445763.858032,1.081603,3.21106451,0.83206634,0.02227967,2.25679813,1.10219777,0.02229392,1.0
2445763.86374,1.074652,3.21106007,0.8321207,0.02227779,2.25676535,1.10215726,0.02229203,1.0
2445763.869282,1.052127,3.21105576,0.83217347,0.02227596,2.25673353,1.10211794,0.022290200000000003,1.0
2445763.874907,1.044403,3.21105139,0.83222704,0.0222741,2.25670124,1.10207802,0.02228833,1.0
2445764.63112,0.9736814,3.21045609,0.83942631,0.02202434,2.25243617,1.09668613,0.02203778,1.0
2445764.637412,0.9926974,3.21045108,0.8394862,0.02202226,2.25240131,1.09664106,0.02203569,1.0
2445764.64062,0.9972795,3.21044852,0.83951673,0.0220212,2.25238355,1.09661808,0.02203463,1.0
2445764.643704,1.010222,3.21044606,0.83954608,0.02202019,2.25236647,1.09659599,0.02203361,1.0
2445764.646912,1.013017,3.2104435,0.83957662,0.02201913,2.25234871,1.09657301,0.02203254,1.0
2445764.650204,1.033753,3.21044088,0.83960795,0.02201804,2.25233049,1.09654943,0.02203145,1.0
2445764.662787,1.039482,3.21043084,0.8397277,0.02201388,2.25226086,1.09645927,0.02202728,1.0
2445764.666579,1.057832,3.21042781,0.83976379,0.02201263,2.25223989,1.0964321,0.02202602,1.0
2445764.669245,1.0491,3.21042569,0.83978917,0.02201175,2.25222514,1.096413,0.02202514,1.0
2445764.672204,1.060759,3.21042332,0.83981733,0.02201077,2.25220878,1.09639179,0.02202416,1.0
2445764.675287,1.060759,3.21042086,0.83984667,0.02200975,2.25219173,1.0963697,0.02202314,1.0
2445764.686995,1.072548,3.21041152,0.8399581,0.02200588,2.25212702,1.09628579,0.02201926,1.0
2445764.689912,1.066638,3.21040919,0.83998586,0.02200492,2.25211091,1.09626488,0.02201829,1.0
2445764.69287,1.065656,3.21040683,0.84001401,0.02200394,2.25209457,1.09624368,0.02201731,1.0
2445764.695662,1.0462049999999998,3.2104046000000004,0.84004059,0.02200302,2.25207915,1.09622367,0.02201639,1.0
2445764.6985790003,1.0617370000000002,3.21040227,0.84006835,0.02200206,2.25206304,1.09620276,0.02201542,1.0
2445764.701495,1.048134,3.21039994,0.8400960999999999,0.02200109,2.25204693,1.09618185,0.02201445,1.0
2445764.704245,1.04428,3.21039774,0.84012227,0.02200019,2.25203175,1.09616214,0.02201354,1.0
2445764.706704,1.04044,3.21039577,0.84014567,0.02199937,2.25201818,1.09614451,0.02201273,1.0
2445764.725412,0.9872267,3.21038082,0.84032372,0.02199319,2.25191495,1.09601038,0.02200653,1.0
2445764.728537,0.9926974,3.21037832,0.84035346,0.02199216,2.25189772,1.09598797,0.02200549,1.0
2445764.731412,0.9718895,3.21037602,0.84038082,0.02199121,2.25188186,1.09596735,0.02200454,1.0
2445764.734204,0.9683155,3.21037379,0.84040739,0.02199029,2.25186647,1.09594733,0.02200361,1.0
2445764.752787,0.9427942,3.21035893,0.84058424,0.02198415,2.25176407,1.09581405,0.02199745,1.0
2445764.75812,0.9272928,3.21035466,0.84063499,0.02198239,2.2517347,1.09577579,0.02199569,1.0
2445764.761454,0.9427942,3.21035199,0.84066672,0.02198129,2.25171634,1.09575188,0.02199458,1.0
2445764.76437,0.9358729,3.21034965,0.84069447,0.02198032,2.25170029,1.09573096,0.02199362,1.0
2445764.767287,0.9341506,3.21034732,0.84072223,0.02197936,2.25168423,1.09571003,0.02199265,1.0
2445764.770787,0.9384624,3.21034452,0.84075554,0.0219782,2.25166497,1.09568492,0.02199149,1.0
2445764.789245,0.9341506,3.21032973,0.8409312,0.0219721,2.25156344,1.09555248,0.02198537,1.0
2445764.794537,0.9272928,3.21032549,0.84098156,0.02197036,2.25153434,1.09551451,0.02198362,1.0
2445764.797662,0.9401927,3.21032299,0.8410113000000001,0.02196932,2.25151717,1.09549208,0.02198258,1.0
2445764.8008290003,0.9419262,3.21032045,0.84104144,0.02196828,2.25149976,1.09546935,0.02198153,1.0
2445764.816912,0.9515177,3.21030756,0.84119449,0.02196296,2.25141141,1.09535391,0.0219762,1.0
2445764.82237,0.960322,3.21030318,0.84124643,0.02196116,2.25138145,1.09531473,0.02197439,1.0
2445764.825454,0.9845026,3.21030071,0.84127577,0.02196014,2.25136452,1.09529259,0.02197337,1.0
2445764.834954,0.9872267,3.21029309,0.84136618,0.021957,2.25131239,1.09522438,0.02197022,1.0
2445764.837912,0.9963614,3.21029071,0.84139432,0.02195603,2.25129616,1.09520314,0.02196924,1.0
2445764.849745,1.013017,3.21028122,0.84150692,0.02195212,2.25123127,1.09511816,0.02196532,1.0
2445764.85537,1.016756,3.2102767000000005,0.84156045,0.02195026,2.25120044,1.09507776,0.02196346,1.0
2445764.866912,1.013951,3.21026743,0.84167028,0.02194645,2.25113719,1.09499486,0.02195963,1.0
2445764.869829,1.026164,3.21026509,0.84169804,0.02194548,2.25112121,1.09497391,0.02195866,1.0
2445764.875037,1.030901,3.21026091,0.8417476,0.02194376,2.25109269,1.0949365,0.02195694,1.0
2449657.561981,0.9987664,-1.91377277,-2.31881123,0.04825563,-1.13668865,-1.70131179,0.04827936,1.0
2449657.564343,0.9859705,-1.91375197,-2.31882471,0.048256400000000005,-1.13669379,-1.7012936,0.04828013,1.0
2449657.566702,0.997847,-1.9137312,-2.31883817,0.04825717,-1.13669894,-1.70127544,0.0482809,1.0
2449657.56906,0.9923479,-1.91371044,-2.31885163,0.04825795,-1.13670408,-1.70125729,0.04828168,1.0
2449657.571423,0.9932623,-1.91368963,-2.31886511,0.04825872,-1.13670923,-1.7012391,0.04828245,1.0
2449657.573781,0.9733386,-1.91366887,-2.31887856,0.04825949,-1.13671438,-1.70122094,0.04828323,1.0
2449657.576143,0.9787323,-1.91364807,-2.31889204,0.04826027,-1.13671953,-1.70120276,0.048284,1.0
2449657.581064,0.9278205,-1.91360474,-2.31892012,0.04826188,-1.13673028,-1.70116488,0.04828562,1.0
2449657.583427,0.9218578000000002,-1.91358394,-2.3189336,0.04826265,-1.13673544,-1.7011467,0.04828639,1.0
2449657.585785,0.931245,-1.91356318,-2.31894706,0.04826342,-1.13674059,-1.70112855,0.04828717,1.0
2449657.588143,0.9679746,-1.91354241,-2.31896051,0.0482642,-1.13674574,-1.7011104,0.04828794,1.0
2449657.590506,0.9538145,-1.91352161,-2.31897399,0.04826497,-1.13675091,-1.70109222,0.04828871,1.0
2449657.592864,0.8876953000000002,-1.91350084,-2.31898745,0.04826574,-1.13675606,-1.70107407,0.04828949,1.0
2449657.595223,0.9184678,-1.91348007,-2.3190009,0.04826652,-1.13676122,-1.70105592,0.04829026,1.0
2449657.597585,0.9433306,-1.91345927,-2.31901438,0.04826729,-1.13676638,-1.70103775,0.04829104,1.0
2449657.599948,0.9244085,-1.91343846,-2.31902786,0.04826807,-1.13677155,-1.70101957,0.04829181,1.0
2449657.602306,0.9286754,-1.9134177,-2.31904132,0.04826884,-1.13677671,-1.70100142,0.04829259,1.0
2449657.604664,0.8959091,-1.91339694,-2.31905477,0.04826961,-1.13678187,-1.70098328,0.04829336,1.0
2449657.607023,0.898388,-1.91337617,-2.31906823,0.04827038,-1.13678704,-1.70096514,0.04829413,1.0
2449657.609385,0.9227073,-1.91335537,-2.3190817000000004,0.04827116,-1.13679221,-1.70094697,0.04829491,1.0
2449657.611748,0.9041988,-1.91333456,-2.31909518,0.04827193,-1.13679738,-1.70092879,0.04829568,1.0
2449657.614106,0.9008738000000002,-1.91331379,-2.31910863,0.0482727,-1.13680255,-1.70091065,0.04829646,1.0
2449657.616464,0.9025348,-1.91329303,-2.31912209,0.04827348,-1.13680771,-1.70089252,0.04829723,1.0
2449657.618823,0.9355434,-1.91327226,-2.31913554,0.04827425,-1.13681288,-1.70087437,0.04829801,1.0
2449657.621185,0.9278205,-1.91325146,-2.31914902,0.04827502,-1.13681806,-1.70085621,0.04829878,1.0
2449657.623543,0.9167775,-1.91323069,-2.31916247,0.0482758,-1.13682323,-1.70083808,0.04829955,1.0
2449657.625902,0.905032,-1.91320992,-2.31917593,0.04827657,-1.1368284,-1.70081994,0.04830033,1.0
2449657.628264,0.9067007,-1.91318912,-2.3191894,0.04827734,-1.13683359,-1.70080177,0.0483011,1.0
2449657.630623,0.9733386,-1.91316835,-2.31920286,0.04827811,-1.13683876,-1.70078364,0.04830188,1.0
2449657.632981,0.9355434,-1.91314758,-2.31921631,0.04827889,-1.13684394,-1.70076551,0.04830265,1.0
2449657.635339,0.9364055,-1.91312682,-2.31922976,0.04827966,-1.13684911,-1.70074738,0.04830342,1.0
2449657.637698,0.9364055,-1.91310604,-2.31924322,0.04828043,-1.13685429,-1.70072924,0.0483042,1.0
2449657.64006,0.9485581,-1.91308524,-2.31925669,0.04828121,-1.13685948,-1.70071108,0.04830497,1.0
2449657.642418,0.9868791,-1.91306448,-2.31927014,0.04828198,-1.13686466,-1.70069296,0.04830575,1.0
2449657.645564,0.9923479,-1.91303677,-2.31928809,0.04828301,-1.13687157,-1.70066878,0.04830678,1.0
2449657.647923,0.9751332,-1.913016,-2.31930154,0.04828378,-1.13687675,-1.70065064,0.04830755,1.0
2449657.650285,0.9886987,-1.91299519,-2.31931501,0.04828456,-1.13688195,-1.70063249,0.04830833,1.0
2449657.652643,1.015463,-1.91297443,-2.31932846,0.04828533,-1.13688713,-1.70061437,0.0483091,1.0
2449657.6550020003,1.008937,-1.91295365,-2.31934192,0.0482861,-1.13689232,-1.70059624,0.04830987,1.0
2449657.657364,1.015463,-1.91293285,-2.31935539,0.04828688,-1.13689752,-1.70057809,0.04831065,1.0
2449657.659727,1.014528,-1.91291204,-2.31936887,0.04828765,-1.13690271,-1.70055993,0.04831142,1.0
2449657.662085,1.035295,-1.91289128,-2.31938232,0.04828842,-1.1369079,-1.70054181,0.048312199999999986,1.0
2449657.664444,1.048731,-1.9128705,-2.31939577,0.04828919,-1.1369131,-1.70052369,0.04831297,1.0
2449657.6668020003,1.033389,-1.91284973,-2.31940922,0.04828997,-1.13691829,-1.70050557,0.04831375,1.0
2449657.669164,1.0182719999999998,-1.91282893,-2.31942269,0.04829074,-1.13692349,-1.70048742,0.04831452,1.0
2449657.671527,1.06528,-1.91280812,-2.31943617,0.04829151,-1.1369287,-1.70046927,0.048315300000000005,1.0
2449657.673885,1.05941,-1.91278735,-2.31944962,0.04829229,-1.13693389,-1.70045115,0.04831607,1.0
2449657.676244,1.070198,-1.91276658,-2.31946307,0.04829306,-1.13693909,-1.70043303,0.04831684,1.0
2449657.678602,1.0801,-1.91274581,-2.31947652,0.04829383,-1.13694429,-1.70041492,0.04831762,1.0
2449657.68096,1.069212,-1.91272504,-2.31948997,0.0482946,-1.13694949,-1.70039681,0.04831839,1.0
2449657.683323,1.073159,-1.91270423,-2.31950345,0.04829538,-1.1369546999999998,-1.70037866,0.04831917,1.0
2449657.6856810004,1.054542,-1.91268346,-2.3195169,0.04829615,-1.1369599,-1.70036055,0.04831994,1.0
2449657.688039,1.0643,-1.9126627,-2.31953034,0.04829692,-1.1369651,-1.70034244,0.04832071,1.0
2449657.691448,1.101194,-1.91263267,-2.31954979,0.04829804,-1.13697262,-1.70031626,0.04832183,1.0
2449657.694331,1.117542,-1.91260728,-2.31956623,0.04829898,-1.13697899,-1.70029413,0.04832278,1.0
2449657.696689,1.105259,-1.91258651,-2.31957967,0.04829976,-1.1369842,-1.70027602,0.04832355,1.0
2449657.699048,1.132046,-1.91256574,-2.31959313,0.04830053,-1.13698941,-1.70025791,0.04832432,1.0
2449657.701406,1.126844,-1.91254497,-2.31960657,0.048301300000000005,-1.13699462,-1.70023981,0.0483251,1.0
2449657.703769,1.131003,-1.91252415,-2.31962005,0.04830208,-1.13699984,-1.70022166,0.04832587,1.0
2449657.706127,1.15097,-1.91250339,-2.3196335,0.04830285,-1.13700505,-1.70020356,0.04832665,1.0
2449657.716352,1.171289,-1.91241333,-2.3196918,0.0483062,-1.13702766,-1.70012508,0.04833,1.0
2449657.718714,1.169133,-1.91239252,-2.31970527,0.04830697,-1.13703289,-1.70010695,0.04833077,1.0
2449657.721073,1.153092,-1.91237174,-2.31971872,0.04830774,-1.13703811,-1.70008885,0.04833155,1.0
2449670.2696970003,0.9080296,-1.80022837,-2.38925456,0.05237566,-1.18055713,-1.61786742,0.05240485,1.0
2449670.275438,0.9164314,-1.80017634,-2.38928544,0.0523775,-1.18058372,-1.61783681,0.05240669,1.0
2449670.280155,0.905524,-1.80013358,-2.38931081,0.05237901,-1.18060556,-1.61781167,0.05240821,1.0
2449670.284872,0.9164314,-1.80009083,-2.38933618,0.05238053,-1.18062741,-1.61778652,0.05240972,1.0
2449670.289588,0.9021941,-1.80004808,-2.38936154,0.05238204,-1.18064926,-1.61776139,0.05241123,1.0
2449670.294301,0.8857271999999999,-1.80000536,-2.38938688,0.05238355,-1.1806711,-1.61773628,0.05241275,1.0
2449670.2990180003,0.8930998,-1.7999626,-2.38941225,0.05238506,-1.18069296,-1.61771116,0.05241426,1.0
2449670.303734,0.8906354999999999,-1.79991985,-2.38943761,0.05238657,-1.18071482,-1.61768604,0.05241577,1.0
2449670.308451,0.9071936,-1.79987709,-2.38946298,0.05238809,-1.18073668,-1.61766092,0.05241729,1.0
2449670.313167,0.9240596,-1.79983435,-2.38948834,0.0523896,-1.18075855,-1.61763581,0.0524188,1.0
2449670.317884,0.938642,-1.79979159,-2.3895137,0.05239111,-1.18078043,-1.6176107,0.05242032,1.0
2449670.32353,0.9596215,-1.79974041,-2.38954406,0.05239292,-1.18080661,-1.61758066,0.05242213,1.0
2449670.328247,0.9605058,-1.79969765,-2.38956942,0.05239443,-1.1808285,-1.61755556,0.05242364,1.0
2449670.332963,0.9756633,-1.79965489,-2.38959478,0.05239595,-1.18085038,-1.61753047,0.05242515,1.0
2449670.337684,0.9956346,-1.7996120999999998,-2.38962016,0.05239746,-1.18087229,-1.61750536,0.05242667,1.0
2449670.342401,1.005773,-1.79956934,-2.38964552,0.05239897,-1.18089419,-1.61748027,0.05242818,1.0
2449670.347122,1.009485,-1.79952654,-2.3896709,0.05240049,-1.1809161,-1.61745517,0.0524297,1.0
2449670.351838,1.011347,-1.79948379,-2.38969626,0.052402,-1.1809379999999998,-1.6174301000000002,0.05243121,1.0
2449670.356551,1.023529,-1.79944106,-2.3897216,0.05240351,-1.18095989,-1.61740505,0.05243272,1.0
2449670.361268,1.0310979999999998,-1.7993983,-2.38974696,0.05240502,-1.1809818,-1.61737999,0.05243424,1.0
2449670.365984,1.032999,-1.79935554,-2.38977231,0.05240653,-1.18100371,-1.61735493,0.05243575,1.0
2449670.370701,1.046405,-1.79931278,-2.38979767,0.05240804,-1.18102562,-1.61732988,0.05243727,1.0
2449670.375417,1.055115,-1.79927002,-2.38982302,0.05240956,-1.18104754,-1.61730483,0.05243878,1.0
2449670.380134,1.05901,-1.79922726,-2.38984837,0.05241107,-1.18106947,-1.61727978,0.05244029,1.0
2449670.384855,1.087677,-1.79918446,-2.38987375,0.05241258,-1.18109141,-1.61725472,0.05244181,1.0
2449670.389572,1.086676,-1.79914169,-2.38989911,0.05241409,-1.18111335,-1.61722968,0.05244332,1.0
2449670.394292,1.092698,-1.7990988999999995,-2.38992448,0.05241561,-1.1811353,-1.61720463,0.05244484,1.0
2449670.399009,1.092698,-1.79905613,-2.38994983,0.05241712,-1.18115724,-1.6171796,0.05244635,1.0
2449670.403726,1.096731,-1.79901336,-2.38997518,0.05241863,-1.18117918,-1.61715458,0.05244786,1.0
2449670.408447,1.073742,-1.79897056,-2.39000056,0.05242014,-1.18120115,-1.61712954,0.05244938,1.0
2449670.4131630003,1.053174,-1.7989278000000002,-2.3900259,0.05242166,-1.18122309,-1.61710453,0.05245089,1.0
2449670.41788,1.051235,-1.79888503,-2.39005126,0.05242317,-1.18124505,-1.61707952,0.05245241,1.0
2449670.422597,1.050268,-1.79884226,-2.39007661,0.05242468,-1.18126701,-1.61705451,0.05245392,1.0
2449670.427318,1.04448,-1.79879946,-2.39010198,0.05242619,-1.18128899,-1.61702949,0.05245543,1.0
2449670.432034,1.009485,-1.7987567,-2.39012732,0.05242771,-1.18131095,-1.6170045,0.05245695,1.0
2449670.436755,1.026361,-1.79871389,-2.39015269,0.05242922,-1.18133294,-1.61697949,0.05245846,1.0
2449670.441472,1.015079,-1.79867112,-2.39017804,0.05243073,-1.18135491,-1.6169545,0.05245998,1.0
2449670.445926,0.9892362,-1.79863074,-2.39020198,0.05243216,-1.18137567,-1.61693091,0.052461400000000005,1.0
2452334.3508,0.9889231,1.91743924,-2.19624285,0.10323515,0.98614543,-1.85818977,0.10324236,1.0
2452334.35628,0.9916593,1.9174866,-2.19620752,0.10323469,0.9861591,-1.85824341,0.10324189999999997,1.0
2452334.3599900003,0.9871031,1.91751867,-2.1961836,0.10323438,0.98616836,-1.85827973,0.10324159,1.0
2452334.36368,0.9907464,1.91755057,-2.1961598,0.10323407,0.98617757,-1.85831586,0.10324128,1.0
2452334.3673900003,0.9871031,1.91758264,-2.19613588,0.10323376,0.98618683,-1.85835218,0.10324097,1.0
2452334.37108,0.9852864,1.91761453,-2.19611209,0.10323345,0.98619605,-1.85838831,0.10324066,1.0
2452334.37478,0.9925731,1.91764651,-2.19608823,0.10323314,0.9862053,-1.85842454,0.10324035,1.0
2452334.37849,0.9934877,1.91767858,-2.19606431,0.10323283,0.98621458,-1.85846086,0.10324004,1.0
2452334.38218,0.9898343,1.91771048,-2.19604052,0.10323252,0.98622381,-1.85849699,0.10323973,1.0
2452334.38588,0.9807595,1.91774246,-2.19601666,0.10323221,0.98623306,-1.85853322,0.10323942,1.0
2452334.38958,0.9861943,1.91777444,-2.1959928,0.10323191,0.98624233,-1.85856945,0.1032391,1.0
2452334.39328,0.9898343,1.91780642,-2.19596894,0.1032316,0.98625159,-1.85860569,0.10323879,1.0
2452334.39697,0.9953195,1.91783831,-2.19594514,0.10323129,0.98626084,-1.85864182,0.10323848,1.0
2452334.40085,0.9999137,1.91787184,-2.19592012,0.10323096,0.98627056,-1.85867982,0.10323816,1.0
2452334.40455,1.011958,1.91790382,-2.19589626,0.10323065,0.98627984,-1.85871605,0.10323785,1.0
2452334.40825,1.005455,1.9179358,-2.1958724,0.10323034,0.98628912,-1.85875229,0.10323754,1.0
2452334.41195,0.9834731,1.91796778,-2.19584854,0.10323003,0.9862984,-1.85878853,0.10323722,1.0
2452334.4156400003,1.000835,1.91799967,-2.19582474,0.10322972,0.98630766,-1.85882467,0.10323691,1.0
2452334.41934,0.9889231,1.91803165,-2.19580088,0.10322941,0.98631695,-1.8588609,0.1032366,1.0
2452334.4486700003,1.001757,1.91828512,-2.19561172,0.10322696,0.98639073,-1.85914821,0.10323414,1.0
2452334.45238,0.9999137,1.91831718,-2.19558779,0.10322665,0.98640007,-1.85918456,0.10323383,1.0
2452334.4560700003,1.026981,1.91834907,-2.19556398,0.10322634,0.98640937,-1.85922071,0.10323352,1.0
2452334.45977,1.017566,1.91838105,-2.19554012,0.10322603,0.9864187,-1.85925696,0.10323319999999997,1.0
2452334.46348,0.9953195,1.91841311,-2.19551619,0.10322572,0.98642806,-1.85929331,0.10323289,1.0
2452334.46717,0.9925731,1.91844499,-2.19549239,0.10322541,0.98643737,-1.85932947,0.10323258,1.0
2452334.47088,0.9971546,1.91847705,-2.19546846,0.1032251,0.98644674,-1.85936582,0.10323227,1.0
2452334.47457,0.9989931,1.91850894,-2.19544465,0.10322479,0.98645606,-1.85940197,0.10323196,1.0
2452334.47828,0.9980735,1.918541,-2.19542072,0.10322448,0.98646543,-1.85943833,0.10323165,1.0
2452334.48197,0.9898343,1.91857288,-2.19539692,0.10322417,0.98647476,-1.85947449,0.10323134,1.0
2452334.49015,1.023205,1.91864357,-2.19534415,0.10322348,0.98649544,-1.85955465,0.10323065,1.0
2452334.49386,0.9962366,1.91867562,-2.19532021,0.10322317,0.98650483,-1.85959101,0.10323034,1.0
2452334.49755,1.012891,1.91870751,-2.19529641,0.10322286,0.98651417,-1.85962717,0.10323003,1.0
2452334.50125,1.025091,1.91873948,-2.19527254,0.10322255,0.98652354,-1.85966343,0.10322971,1.0
2452334.50496,1.010096,1.91877154,-2.19524861,0.10322224,0.98653294,-1.85969979,0.1032294,1.0
2452334.50865,1.030772,1.91880342,-2.1952248,0.10322193,0.98654229,-1.85973596,0.10322909,1.0
2452334.51235,0.9971546,1.91883539,-2.19520093,0.10322162,0.98655167,-1.85977223,0.10322878,1.0
2452334.51604,1.0185030000000002,1.91886727,-2.19517712,0.10322131,0.98656103,-1.85980839,0.10322847,1.0
2452334.51975,1.0185030000000002,1.91889933,-2.19515319,0.103221,0.98657044,-1.85984476,0.10322816,1.0
2452344.2671060003,1.009204,2.00201697,-2.13103961,0.10234558,1.02390215,-1.95822042,0.10234926,1.0
2452344.270806,0.9999512,2.0020481,-2.13101481,0.10234522,1.02392118,-1.95825854,0.1023489,1.0
2452344.2745060003,1.007346,2.00207923,-2.13099001,0.10234487,1.0239402,-1.95829667,0.10234854,1.0
2452344.278196,1.011996,2.00211028,-2.13096528,0.10234451,1.02395918,-1.9583347,0.10234819,1.0
2452344.2819060003,1.010134,2.00214149,-2.13094042,0.10234416,1.02397826,-1.95837293,0.10234783,1.0
2452344.285606,1.011996,2.00217262,-2.13091562,0.1023438,1.0239973,-1.95841105,0.10234748,1.0
2452344.289296,1.011064,2.00220367,-2.13089088,0.10234345,1.02401629,-1.95844908,0.10234712,1.0
2452344.293006,1.01948,2.00223488,-2.13086602,0.1023431,1.02403538,-1.95848731,0.10234676,1.0
2452344.296696,1.007346,2.00226592,-2.13084128,0.10234274,1.02405438,-1.95852534,0.10234641,1.0
2452344.300396,0.996274,2.00229705,-2.13081648,0.10234239,1.02407343,-1.95856347,0.10234605,1.0
2452344.304756,0.9981109,2.00233373,-2.13078725,0.10234197,1.02409588,-1.9586084,0.10234563,1.0
2452344.308466,0.9844163,2.00236494,-2.13076238,0.10234161,1.02411499,-1.95864663,0.10234528,1.0
2452344.312166,0.9944405,2.00239607,-2.13073758,0.10234126,1.02413406,-1.95868476,0.10234492,1.0
2452344.315856,0.9953568000000002,2.00242711,-2.13071285,0.10234091,1.02415307,-1.95872279,0.10234457,1.0
2452344.319576,0.9916965,2.00245841,-2.13068791,0.10234055,1.02417224,-1.95876113,0.10234421,1.0
2452344.323266,1.001795,2.00248945,-2.13066317,0.1023402,1.02419127,-1.95879916,0.10234385,1.0
2452344.326966,0.973596,2.00252058,-2.13063837,0.10233984,1.02421034,-1.95883729,0.1023435,1.0
2452344.334896,0.993525,2.00258729,-2.13058521,0.10233908,1.02425125,-1.95891902,0.10234274,1.0
2452344.338606,0.9889601,2.00261849,-2.13056034,0.10233873,1.02427039,-1.95895725,0.10234238,1.0
2452344.342306,0.9916965,2.00264962,-2.13053553,0.10233837,1.02428948,-1.95899539,0.10234202,1.0
2452344.345996,0.9789912,2.00268066,-2.13051079,0.10233802,1.02430852,-1.95903342,0.10234167,1.0
2452344.349706,0.9889601,2.00271187,-2.13048592,0.10233766,1.02432768,-1.95907166,0.10234131,1.0
2452344.353396,0.996274,2.00274291,-2.13046118,0.10233731,1.02434673,-1.95910969,0.10234096,1.0
2452344.357096,1.004567,2.00277403,-2.13043637,0.10233695,1.02436584,-1.95914782,0.1023406,1.0
2452344.361036,0.9862313,2.00280717,-2.13040996,0.10233658,1.02438619,-1.95918843,0.10234022,1.0
2452344.364736,0.9853234,2.00283829,-2.13038515,0.10233622,1.0244053,-1.95922657,0.10233986,1.0
2452344.368436,0.9771895,2.00286942,-2.13036034,0.10233587,1.02442442,-1.9592647,0.10233951,1.0
2452344.372136,0.9871401,2.00290054,-2.13033553,0.10233551,1.02444355,-1.95930284,0.10233915,1.0
2452344.375836,0.9871401,2.00293166,-2.13031073,0.10233516,1.02446267,-1.95934098,0.1023388,1.0
2452344.379526,0.9907835,2.0029627,-2.13028598,0.1023348,1.02448175,-1.95937901,0.10233844,1.0
2452344.383236,0.9916965,2.0029939,-2.13026111,0.10233445,1.02450094,-1.95941725,0.10233808,1.0
2452344.386936,0.9862313,2.00302502,-2.1302363,0.10233409,1.02452008,-1.95945539,0.10233773,1.0
2452344.390626,0.9853234,2.00305606,-2.13021156,0.10233374,1.02453917,-1.95949343,0.10233737,1.0
2452344.394326,0.9871401,2.00308718,-2.13018675,0.10233338,1.02455831,-1.95953157,0.10233702,1.0
2452344.399196,0.9889601,2.00312814,-2.13015409,0.10233292,1.02458352,-1.95958177,0.10233655,1.0
2452344.402896,0.9853234,2.00315926,-2.13012928,0.10233256,1.02460267,-1.95961991,0.10233619,1.0
2452344.406596,0.9862313,2.00319038,-2.13010447,0.10233221,1.02462183,-1.95965805,0.10233583,1.0
2452344.410306,1.002718,2.00322158,-2.13007959,0.10233185,1.02464104,-1.95969629,0.10233548,1.0
2452344.414006,0.9926103,2.0032527,-2.13005478,0.1023315,1.02466021,-1.95973443,0.10233512,1.0
2452344.417696,1.004567,2.00328373,-2.13003003,0.10233114,1.02467932,-1.95977247,0.10233476,1.0
2452344.421406,0.9871401,2.00331493,-2.13000515,0.10233079,1.02469855,-1.95981071,0.10233441,1.0
2452344.425096,0.9999512,2.00334596,-2.12998041,0.10233043,1.02471767,-1.95984875,0.10233405,1.0
2452344.428796,1.011996,2.00337708,-2.12995559,0.10233008,1.02473685,-1.95988689,0.1023337,1.0
2452344.432486,1.005492,2.00340811,-2.12993085,0.10232972,1.02475598,-1.95992493,0.10233334,1.0
2452344.438266,1.0176040000000002,2.00345672,-2.12989208,0.10232917,1.02478596,-1.95998452,0.10233278,1.0
2452344.441956,0.9990306,2.00348775,-2.12986734,0.10232881,1.0248051,-1.96002256,0.10233243,1.0
2452344.445656,1.015731,2.00351887,-2.12984252,0.10232846,1.0248243,-1.9600607,0.10233207,1.0
2452344.449356,1.0147959999999998,2.00354998,-2.12981771,0.1023281,1.0248435,-1.96009885,0.10233171,1.0
2452344.453056,1.018542,2.0035811000000003,-2.12979289,0.10232775,1.0248627,-1.96013699,0.10233136,1.0
2452344.456746,1.024186,2.00361213,-2.12976814,0.10232739,1.02488186,-1.96017503,0.102331,1.0
2452344.460456,1.012928,2.00364333,-2.12974326,0.10232704,1.02490112,-1.96021328,0.10233065,1.0
2452344.464156,1.011996,2.00367444,-2.12971844,0.10232668,1.02492034,-1.96025143,0.10233029,1.0
2452344.467846,1.013862,2.00370547,-2.12969369,0.10232633,1.02493951,-1.96028947,0.10232993,1.0
2452344.471556,1.039391,2.00373667,-2.12966881,0.10232597,1.02495878,-1.96032772,0.10232958,1.0
2452344.478946,1.035568,2.00379881,-2.12961924,0.10232526,1.02499719,-1.96040391,0.10232886,1.0
2453994.316048,0.9979275,-3.38131561,-0.15213711,-0.04676711,-2.38386169,-0.27938949,-0.04676992,1.0
2453994.324478,1.021172,-3.38129925,-0.15221454,-0.04676426,-2.38382935,-0.2793236,-0.04676706,1.0
2453994.328188,1.001611,-3.38129205,-0.15224862,-0.046763,-2.38381512,-0.27929459,-0.0467658,1.0
2453994.331878,1.020232,-3.38128489,-0.15228251,-0.04676175,-2.38380097,-0.27926575,-0.04676455,1.0
2453994.335588,1.020232,-3.38127769,-0.15231659,-0.04676049,-2.38378675,-0.27923675,-0.0467633,1.0
2453994.339288,1.0164799999999998,-3.38127051,-0.15235057,-0.04675924,-2.38377258,-0.27920782,-0.04676204,1.0
2453994.342978,1.005308,-3.38126335,-0.15238447,-0.04675799,-2.38375844,-0.27917898,-0.04676079,1.0
2453994.346688,1.031571,-3.38125615,-0.15241854,-0.04675674,-2.38374423,-0.27914997,-0.04675954,1.0
2453994.3503880003,1.0164799999999998,-3.38124896,-0.15245253,-0.04675548,-2.38373006,-0.27912105,-0.04675828,1.0
2453994.354088,1.020232,-3.38124178,-0.15248651,-0.04675423,-2.3837159,-0.27909212,-0.04675703,1.0
2453994.3577880003,1.019293,-3.3812346,-0.1525205,-0.04675298,-2.38370174,-0.2790632,-0.04675578,1.0
2453994.361488,1.0099479999999998,-3.38122741,-0.15255448,-0.04675173,-2.38368759,-0.27903427,-0.04675452,1.0
2453994.370248,0.998847,-3.38121041,-0.15263495,-0.04674876,-2.38365409,-0.27896578,-0.04675156,1.0
2453994.373958,0.9887784,-3.3812032,-0.15266902,-0.0467475,-2.3836399,-0.27893677,-0.0467503,1.0
2453994.377658,0.9869587,-3.38119602,-0.15270301,-0.04674625,-2.38362576,-0.27890784,-0.04674904,1.0
2453994.381368,0.9779101999999998,-3.38118881,-0.15273709,-0.046745,-2.38361159,-0.27887884,-0.04674779,1.0
2453994.385058,0.972521,-3.38118165,-0.15277098,-0.04674375,-2.38359749,-0.27884998,-0.04674654,1.0
2453994.388758,0.9752119,-3.38117446,-0.15280496,-0.04674249,-2.38358337,-0.27882105,-0.04674528,1.0
2453994.392468,0.9734171,-3.38116725,-0.15283904,-0.04674124,-2.3835692,-0.27879204,-0.04674403,1.0
2453994.396168,0.972521,-3.38116007,-0.15287303,-0.04673998,-2.38355508,-0.27876311,-0.04674277,1.0
2453994.399868,0.9779101999999998,-3.38115288,-0.15290701,-0.04673873,-2.38354096,-0.27873418,-0.04674152,1.0
2453994.403578,0.9734171,-3.38114567,-0.15294109,-0.04673748,-2.38352681,-0.27870517,-0.04674026,1.0
2453994.407268,0.9779101999999998,-3.38113851,-0.15297498,-0.04673623,-2.38351274,-0.27867631,-0.04673901,1.0
2453994.410968,0.9689447,-3.38113132,-0.15300897,-0.04673497,-2.38349863,-0.27864738,-0.04673776,1.0
2453994.416428,0.9698375,-3.38112071,-0.15305912,-0.04673313,-2.38347782,-0.27860468,-0.04673591,1.0
2453994.420118,0.9770099,-3.38111354,-0.15309301,-0.04673188,-2.38346376,-0.27857582,-0.04673466,1.0
2453994.423818,0.9815196,-3.38110635,-0.15312699,-0.04673062,-2.38344966,-0.27854689,-0.04673341,1.0
2453994.427528,0.9851423,-3.38109914,-0.15316107,-0.04672937,-2.38343553,-0.27851787,-0.04673215,1.0
2453994.431218,0.980616,-3.38109197,-0.15319496,-0.04672812,-2.38342148,-0.27848901,-0.046730900000000006,1.0
2453994.434918,0.9860501,-3.38108478,-0.15322895,-0.04672687,-2.3834074,-0.27846008,-0.04672965,1.0
2453994.438628,0.9878681,-3.38107757,-0.15326303,-0.04672561,-2.38339328,-0.27843106,-0.04672839,1.0
2453994.446018,0.982424,-3.38106321,-0.1533309,-0.04672311,-2.38336517,-0.27837326,-0.04672589,1.0
2453994.449728,0.9851423,-3.38105599,-0.15336498,-0.04672185,-2.38335106,-0.27834424,-0.04672463,1.0
2453994.453428,0.9869587,-3.3810488,-0.15339897,-0.0467206,-2.383337,-0.2783153,-0.04672338,1.0
2453994.457128,0.9878681,-3.38104161,-0.15343295,-0.04671935,-2.38332293,-0.27828636,-0.04672212,1.0
2453994.462798,0.9960909,-3.38103059,-0.15348503,-0.04671743,-2.38330139,-0.27824201,-0.0467202,1.0
2453994.466498,0.9924279,-3.38102339,-0.15351901,-0.04671617,-2.38328734,-0.27821307,-0.04671895,1.0
2453994.470188,0.9878681,-3.38101622,-0.15355291,-0.04671492,-2.38327333,-0.27818421,-0.0467177,1.0
2453994.473898,1.001611,-3.38100901,-0.15358698,-0.04671367,-2.38325924,-0.27815519,-0.04671644,1.0
2453994.477598,1.004382,-3.38100181,-0.15362097,-0.04671241,-2.3832452,-0.27812624,-0.04671519,1.0
2453994.481308,1.0099479999999998,-3.3809946,-0.15365504,-0.04671116,-2.38323112,-0.27809722,-0.04671393,1.0
2453994.484998,1.013676,-3.38098742,-0.15368894,-0.04670991,-2.38321713,-0.27806835,-0.04671268,1.0
2453994.488698,1.021172,-3.38098023,-0.15372292,-0.04670866,-2.3832031,-0.27803941,-0.04671143,1.0
2453994.4924080004,1.018354,-3.38097301,-0.153757,-0.0467074,-2.38318903,-0.27801039,-0.04671017,1.0
2453994.496098,1.019293,-3.38096583,-0.15379089,-0.04670615,-2.38317504,-0.27798152,-0.04670892,1.0
2453994.499798,1.033473,-3.38095864,-0.15382488,-0.0467049,-2.38316102,-0.27795257,-0.04670767,1.0
2453994.503508,1.027777,-3.38095142,-0.15385895,-0.04670364,-2.38314697,-0.27792355,-0.04670641,1.0
2453994.508688,1.034425,-3.38094134,-0.15390653,-0.04670189,-2.38312735,-0.27788302,-0.04670465,1.0
2453994.5123880003,1.036332,-3.38093415,-0.15394052,-0.04670063,-2.38311334,-0.27785407,-0.0467034,1.0
2453994.516088,1.035378,-3.38092695,-0.1539745,-0.04669938,-2.38309934,-0.27782512,-0.04670215,1.0
2453994.5197880003,1.032521,-3.38091975,-0.15400848,-0.04669813,-2.38308534,-0.27779617,-0.04670089,1.0
2453999.317814,1.012633,-3.37128728,-0.19806367,-0.04506953,-2.36799036,-0.23991726,-0.04507134,1.0
2453999.325214,1.004273,-3.37127197,-0.19813159,-0.04506701,-2.36797181,-0.23985845,-0.04506882,1.0
2453999.332624,1.020122,-3.37125663,-0.19819961,-0.04506449,-2.36795326,-0.23979957,-0.0450663,1.0
2453999.342854,1.003349,-3.37123545,-0.1982935,-0.04506101,-2.36792768,-0.23971827,-0.04506282,1.0
2453999.350254,0.9923204,-3.37122013,-0.19836142,-0.04505849,-2.36790918,-0.23965947,-0.0450603,1.0
2453999.357664,0.9850356,-3.37120479,-0.19842944,-0.04505597,-2.36789068,-0.23960058,-0.04505778,1.0
2453999.365054,0.9823176,-3.37118948,-0.19849727,-0.04505345,-2.36787224,-0.23954185,-0.04505526,1.0
2453999.372464,0.9814133,-3.37117414,-0.19856528,-0.04505093,-2.36785377,-0.23948296,-0.04505274,1.0
2453999.379864,0.9814133,-3.37115881,-0.1986332,-0.04504842,-2.36783534,-0.23942415,-0.04505022,1.0
2453999.389604,0.9877611,-3.37113863,-0.1987226,-0.0450451,-2.3678111,-0.23934675,-0.0450469,1.0
2453999.397014,0.9760048,-3.37112328,-0.19879061,-0.04504258,-2.36779268,-0.23928785,-0.04504438,1.0
2453999.404414,0.9679478,-3.37110795,-0.19885853,-0.04504006,-2.36777429,-0.23922904,-0.04504186,1.0
2453999.411814,0.9688397,-3.37109262,-0.19892645,-0.04503754,-2.36775592,-0.23917023,-0.04503934,1.0
2453999.419214,0.965277,-3.37107728,-0.19899437,-0.04503503,-2.36773757,-0.23911142,-0.04503682,1.0
2453999.426614,0.9751062,-3.37106195,-0.19906229,-0.04503251,-2.36771923,-0.2390526,-0.0450343,1.0
2453999.435434,0.9877611,-3.37104367,-0.19914325,-0.04502951,-2.36769739,-0.2389825,-0.0450313,1.0
2453999.442834,0.9877611,-3.37102833,-0.19921117,-0.04502699,-2.36767908,-0.23892369,-0.04502878,1.0
2453999.450244,0.9923204,-3.37101297,-0.19927918,-0.04502447,-2.36766076,-0.23886479,-0.04502626,1.0
2453999.457634,0.9996591,-3.37099765,-0.19934701,-0.04502195,-2.3676425,-0.23880605,-0.04502374,1.0
2453999.465034,0.9969008,-3.37098231,-0.19941493,-0.04501944,-2.36762424,-0.23874723,-0.04502122,1.0
2453999.472444,1.0117,-3.37096694,-0.19948294,-0.04501691,-2.36760596,-0.23868834,-0.0450187,1.0
2453999.480664,1.020122,-3.37094989,-0.19955838,-0.04501412,-2.36758571,-0.238623,-0.0450159,1.0
2453999.488064,1.035266,-3.37093455,-0.1996263,-0.0450116,-2.36756749,-0.23856418,-0.04501338,1.0
2453999.495464,1.035266,-3.3709192000000003,-0.19969422,-0.04500908,-2.36754929,-0.23850536,-0.04501086,1.0
2453999.502864,1.025775,-3.37090385,-0.19976214,-0.04500656,-2.3675311000000003,-0.23844654,-0.04500834,1.0
2453999.510274,1.053542,-3.37088847,-0.19983015,-0.04500404,-2.3675129,-0.23838763,-0.04500582,1.0
2453999.517664,1.048702,-3.37087314,-0.19989798,-0.04500153,-2.36749476,-0.23832889,-0.0450033,1.0
2453999.526124,1.040045,-3.37085559,-0.19997563,-0.04499865,-2.36747402,-0.23826164,-0.04500042,1.0
2453999.533524,1.039087,-3.37084023,-0.20004355,-0.04499613,-2.36745589,-0.23820282,-0.044997900000000014,1.0
2453999.540924,1.029561,-3.37082487,-0.20011147,-0.04499361,-2.36743777,-0.23814399,-0.04499538,1.0
2453999.548314,1.032409,-3.37080954,-0.20017929,-0.0449911,-2.3674197,-0.23808525,-0.04499287,1.0
2453999.555724,1.008909,-3.37079415,-0.2002473,-0.04498858,-2.36740159,-0.23802634,-0.04499034,1.0
2453999.563124,0.9950661,-3.37077879,-0.20031522,-0.04498606,-2.36738352,-0.23796751,-0.04498782,1.0
2453999.5723240003,0.995983,-3.37075969,-0.20039966,-0.04498293,-2.36736107,-0.23789437,-0.04498469,1.0
2453999.579734,0.970626,-3.37074431,-0.20046767,-0.0449804,-2.36734301,-0.23783547,-0.04498217,1.0
2453999.587134,0.9733117,-3.37072894,-0.20053559,-0.04497789,-2.36732499,-0.23777664,-0.04497965,1.0
2453999.5945240003,0.9832228,-3.37071359,-0.20060342,-0.04497537,-2.36730701,-0.23771789,-0.04497713,1.0
2453999.601934,0.9751062,-3.3706982000000005,-0.20067143,-0.04497285,-2.36728899,-0.23765898,-0.04497461,1.0
2453999.609334,0.9868518,-3.37068283,-0.20073935,-0.04497033,-2.36727101,-0.23760014,-0.04497209,1.0
2453999.617044,0.9895823,-3.37066682,-0.20081011,-0.04496771,-2.36725229,-0.23753885,-0.04496946,1.0
2454018.239628,1.03979,-3.32747042,-0.37138307,-0.03857115,-2.36835834,-0.09268814,-0.03856914,1.0
2454018.244438,1.0245799999999998,-3.32745809,-0.37142701,-0.03856949,-2.36837045,-0.09265293,-0.03856747,1.0
2454018.2481380003,1.033108,-3.3274486000000003,-0.37146082,-0.0385682,-2.36837978,-0.09262585,-0.03856619,1.0
2454018.251848,1.021753,-3.32743909,-0.37149472,-0.03856692,-2.36838913,-0.0925987,-0.0385649,1.0
2454018.2555380003,1.012385,-3.32742964,-0.37152843,-0.03856564,-2.36839843,-0.09257169,-0.03856362,1.0
2454018.259248,1.013318,-3.32742013,-0.37156233,-0.03856436,-2.36840779,-0.09254454,-0.03856234,1.0
2454018.262948,0.9811735,-3.32741064,-0.37159613,-0.03856307,-2.36841713,-0.09251746,-0.03856106,1.0
2454018.266638,1.004953,-3.32740118,-0.37162984,-0.038561800000000014,-2.36842644,-0.09249046,-0.03855978,1.0
2454018.270348,0.9966572,-3.32739167,-0.37166374,-0.03856051,-2.36843581,-0.09246331,-0.03855849,1.0
2454018.274038,0.9957397,-3.32738221,-0.37169745,-0.03855923,-2.36844514,-0.09243631,-0.03855721,1.0
2454018.2777380003,0.9712831,-3.32737273,-0.37173126,-0.03855795,-2.36845449,-0.09240923,-0.03855593,1.0
2454018.281448,0.9802702,-3.32736321,-0.37176516,-0.03855666,-2.36846387,-0.09238209,-0.03855464,1.0
2454018.285148,0.9857024,-3.32735373,-0.37179896,-0.03855538,-2.36847323,-0.09235502,-0.03855336,1.0
2454018.289838,0.974868,-3.3273417000000003,-0.37184181,-0.03855376,-2.36848509,-0.0923207,-0.03855173,1.0
2454018.293538,0.9857024,-3.32733221,-0.37187562,-0.03855248,-2.36849446,-0.09229364,-0.03855045,1.0
2454018.297238,0.9893406,-3.32732272,-0.37190942,-0.03855119,-2.36850383,-0.09226657,-0.03854917,1.0
2454018.300938,0.9811735,-3.32731324,-0.37194322,-0.03854991,-2.36851321,-0.0922395,-0.03854789,1.0
2454018.304638,0.9811735,-3.32730375,-0.37197703,-0.03854863,-2.36852258,-0.09221244,-0.0385466,1.0
2454018.308338,0.9829826,-3.32729426,-0.37201083,-0.03854735,-2.36853196,-0.09218537,-0.03854532,1.0
2454018.312038,0.9857024,-3.32728477,-0.37204464,-0.03854607,-2.36854135,-0.09215831,-0.03854404,1.0
2454018.315738,0.992078,-3.32727528,-0.37207844,-0.03854478,-2.36855073,-0.09213125,-0.03854276,1.0
2454018.319438,0.9802702,-3.32726579,-0.37211225,-0.0385435,-2.36856013,-0.09210419,-0.03854147,1.0
2454018.323138,0.9929922,-3.3272562999999997,-0.37214605,-0.03854222,-2.36856952,-0.09207713,-0.03854019,1.0
2454018.326848,0.984795,-3.32724678,-0.37217995,-0.03854093,-2.36857894,-0.09204999,-0.0385389,1.0
2454018.330538,0.9811735,-3.32723732,-0.37221366,-0.03853966,-2.36858832,-0.09202301,-0.03853762,1.0
2454018.335748,0.968603,-3.32722395,-0.37226126,-0.03853785,-2.36860157,-0.09198491,-0.03853582,1.0
2454018.339438,0.9721781,-3.32721448,-0.37229497,-0.03853657,-2.36861095,-0.09195793,-0.03853454,1.0
2454018.343138,0.9775654,-3.32720499,-0.37232878,-0.03853529,-2.36862037,-0.09193088,-0.03853326,1.0
2454018.346848,0.9766654,-3.32719547,-0.37236267,-0.03853401,-2.36862981,-0.09190375,-0.03853197,1.0
2454018.350548,0.9730739,-3.32718598,-0.37239648,-0.03853272,-2.36863923,-0.0918767,-0.03853069,1.0
2454018.354238,0.9775654,-3.32717651,-0.37243019,-0.03853144,-2.36864863,-0.09184972,-0.03852941,1.0
2454018.357948,0.9857024,-3.32716699,-0.37246409,-0.03853016,-2.36865808,-0.09182260000000002,-0.03852812,1.0
2454018.361648,0.9866107,-3.3271575,-0.37249789,-0.03852888,-2.36866751,-0.09179555,-0.03852684,1.0
2454018.365338,0.992078,-3.32714803,-0.3725316,-0.0385276,-2.36867692,-0.09176857,-0.03852556,1.0
2454018.369048,1.001258,-3.32713851,-0.3725655,-0.03852631,-2.36868639,-0.09174146,-0.03852427,1.0
2454018.372748,1.007734,-3.32712901,-0.3725993,-0.03852503,-2.36869583,-0.09171441,-0.03852299,1.0
2454018.3764580004,1.012385,-3.32711949,-0.3726332000000001,-0.03852375,-2.3687053,-0.09168729,-0.0385217,1.0
2454018.382928,1.013318,-3.32710289,-0.37269231,-0.0385215,-2.36872183,-0.09164001,-0.03851946,1.0
2454018.386628,0.9994149,-3.32709339,-0.37272611,-0.03852022,-2.36873128,-0.09161296,-0.03851818,1.0
2454018.390318,1.025524,-3.32708392,-0.37275982,-0.03851894,-2.36874072,-0.091586,-0.038516900000000014,1.0
2454018.394028,1.020812,-3.3270744,-0.37279372,-0.03851766,-2.3687502,-0.09155889,-0.03851561,1.0
2454018.397728,1.031207,-3.3270649,-0.37282752,-0.03851638,-2.36875967,-0.09153185,-0.03851433,1.0
2454018.401418,1.023637,-3.32705543,-0.37286124,-0.0385151,-2.36876912,-0.09150488,-0.03851305,1.0
2454018.408828,1.0245799999999998,-3.3270364000000003,-0.37292893,-0.03851253,-2.36878809,-0.09145074,-0.03851048,1.0
2454018.412528,1.026469,-3.3270269,-0.37296274,-0.03851125,-2.36879757,-0.09142371,-0.0385092,1.0
2454018.416228,1.0114530000000002,-3.3270174,-0.37299654,-0.03850997,-2.36880705,-0.09139668,-0.03850792,1.0
2454018.419928,1.020812,-3.3270079,-0.37303034,-0.03850868,-2.36881654,-0.09136965,-0.03850663,1.0
2454018.423628,1.03406,-3.3269983999999995,-0.37306415,-0.0385074,-2.36882603,-0.09134262,-0.03850535,1.0
2454018.429518,1.017995,-3.32698328,-0.37311796,-0.03850536,-2.36884115,-0.09129959,-0.03850331,1.0
2454018.433218,1.021753,-3.32697378,-0.37315176,-0.03850408,-2.36885065,-0.09127256,-0.03850203,1.0
2454018.436908,1.0245799999999998,-3.3269643,-0.37318547,-0.0385028,-2.36886013,-0.09124561,-0.03850075,1.0
2454442.677802,1.005399,-0.08817777,-2.86428854,0.0949222,0.15727516,-1.91028059,0.09492997,1.0
2454442.688652,1.022206,-0.088059,-2.86428916,0.09492404,0.15721009,-1.91023541,0.09493181,1.0
2454442.696482,1.028817,-0.08797329,-2.8642896,0.09492537,0.15716313,-1.91020282,0.09493314,1.0
2454442.705602,1.030714,-0.08787346,-2.86429011,0.09492692,0.15710843,-1.91016489,0.09493469,1.0
2454442.721262,1.053752,-0.08770203,-2.86429098,0.09492958,0.15701448,-1.9100998,0.09493735,1.0
2454442.7285470003,1.059591,-0.08762229,-2.86429138,0.09493081,0.15697077,-1.91006955,0.09493859,1.0
2454442.736307,1.055694,-0.08753735,-2.86429181,0.09493213,0.15692421,-1.91003734,0.0949399,1.0
2454442.745977,1.047944,-0.08743149,-2.86429234,0.09493377,0.15686617,-1.90999721,0.09494155,1.0
2454442.753817,1.036426,-0.08734567,-2.86429276,0.0949351,0.15681912,-1.9099647,0.09494288,1.0
2454442.761077,1.026924,-0.08726619999999999,-2.86429316,0.09493634,0.15677554,-1.90993461,0.09494411,1.0
2454442.769207,1.005399,-0.08717721,-2.86429359,0.09493772,0.15672674,-1.90990093,0.09494549,1.0
2454442.7773470003,0.9788998,-0.0870881,-2.86429403,0.0949391,0.15667787,-1.90986723,0.09494687,1.0
2454442.784597,0.9770983,-0.08700874,-2.86429442,0.09494033,0.15663434,-1.90983722,0.09494811,1.0
2454442.792402,0.9654688,-0.08692330000000001,-2.86429483,0.09494165,0.15658747,-1.90980494,0.09494943,1.0
2454442.799702,0.9699252,-0.08684339,-2.86429521,0.09494289,0.15654363,-1.90977475,0.09495067,1.0
2454442.807552,0.9690323,-0.08675746,-2.86429562,0.09494422,0.15649648,-1.90974231,0.094952,1.0
2454442.814822,0.9735051,-0.08667788,-2.864296,0.09494546,0.15645282,-1.90971228,0.09495324,1.0
2454442.823277,0.9735051,-0.08658533,-2.86429644,0.09494689,0.15640203,-1.90967737,0.09495467,1.0
2454442.831122,0.9753001,-0.08649945,-2.86429685,0.09494822,0.1563549,-1.909645,0.094956,1.0
2454442.838377,0.9699252,-0.08642004,-2.86429722,0.09494945,0.15631131,-1.90961507,0.09495723,1.0
2454442.846207,0.9717135,-0.08633433,-2.86429762,0.09495078,0.15626426,-1.90958279,0.09495856,1.0
2454442.854017,0.9753001,-0.08624883,-2.86429801,0.09495211,0.15621733,-1.90955061,0.09495989,1.0
2454442.864842,0.9807047,-0.08613034,-2.86429856,0.09495394,0.15615227,-1.90950603,0.09496173,1.0
2454442.878762,0.9989373,-0.08597796,-2.86429925,0.0949563,0.15606859,-1.90944875,0.09496409,1.0
2454442.887172,1.003548,-0.08588589999999999,-2.86429967,0.09495773,0.15601804,-1.90941416,0.09496551,1.0
2454442.894412,1.019385,-0.08580664,-2.86430003,0.09495896,0.15597451,-1.90938441,0.09496674,1.0
2454442.902237,1.021265,-0.08572099,-2.86430041,0.09496029,0.15592746,-1.90935226,0.09496807,1.0
2454442.910677,1.019385,-0.0856286,-2.86430082,0.09496172,0.1558767,-1.90931761,0.0949695,1.0
2454442.918212,1.017509,-0.08554611,-2.86430119,0.09496299,0.15583138,-1.90928668,0.09497078,1.0
2454442.925797,1.014701,-0.08546308,-2.86430155,0.09496428,0.15578576,-1.90925557,0.09497207,1.0
2454442.933002,1.023148,-0.08538421,-2.8643019,0.0949655,0.15574242,-1.90922603,0.09497329,1.0
2454442.940767,1.019385,-0.08529921,-2.86430226,0.09496682,0.15569571,-1.9091942,0.09497461,1.0
2454442.948827,1.015636,-0.08521098,-2.86430265,0.09496818,0.15564722,-1.90916119,0.09497597,1.0
2454442.9623020003,1.025034,-0.08506348,-2.86430328,0.09497047,0.15556614,-1.90910603,0.09497826,1.0
2454442.969527,1.007252,-0.08498439,-2.86430361,0.09497169,0.15552266,-1.90907648,0.09497948,1.0
2454442.979807,0.9807047,-0.08487185,-2.86430409,0.09497344,0.15546079,-1.90903445,0.09498123,1.0
2454442.988267,0.9628048,-0.08477925,-2.86430448,0.09497487,0.15540987,-1.90899988,0.09498266,1.0
2454442.997327,0.9566173,-0.08468007,-2.86430489,0.0949764,0.15535533,-1.90896288,0.0949842,1.0
2454443.004587,0.9487204,-0.08460059,-2.86430522,0.09497763,0.15531162,-1.90893325,0.09498543,1.0
2454443.017862,0.9522221,-0.08445528,-2.86430582,0.09497988,0.15523169,-1.90887911,0.09498768,1.0
2454443.036962,0.9619184,-0.08424619,-2.86430666,0.09498312,0.15511666,-1.90880128,0.09499092,1.0
2454445.673322,1.03236,-0.05538479,-2.86429755,0.09542557,0.13899954,-1.898973,0.09543355,1.0
2454445.676417,1.016322,-0.05535091,-2.86429739,0.09542608,0.13898035,-1.89896253,0.09543407,1.0
2454445.679517,1.009791,-0.05531697,-2.86429723,0.0954266,0.13896114,-1.89895205,0.09543458,1.0
2454445.682577,1.000533,-0.05528347,-2.86429708,0.09542711,0.13894217,-1.89894171,0.09543509,1.0
2454445.685632,0.9941029,-0.05525002,-2.86429692,0.09542762,0.13892323,-1.89893138,0.0954356,1.0
2454445.688687,0.982271,-0.05521657,-2.86429676,0.09542812,0.13890429999999998,-1.89892106,0.09543611,1.0
2454445.691737,0.9696864,-0.05518318,-2.86429661,0.09542863,0.13888539,-1.89891076,0.09543661,1.0
2454445.694792,0.9687937,-0.05514973,-2.86429645,0.09542914,0.13886645,-1.89890044,0.09543712,1.0
2454445.6978470003,0.9652311,-0.05511628,-2.86429629,0.09542965,0.13884751,-1.89889013,0.09543763,1.0
2454445.701662,0.9670108,-0.05507451,-2.86429609,0.09543028,0.13882386,-1.89887725,0.09543826,1.0
2454445.705477,0.9634547,-0.05503275,-2.86429589,0.09543092,0.13880021,-1.89886438,0.0954389,1.0
2454445.708527,0.9696864,-0.05499935,-2.86429574,0.09543142,0.1387813,-1.89885409,0.09543941,1.0
2454445.712422,0.9652311,-0.05495671,-2.86429553,0.09543207,0.13875715,-1.89884095,0.09544005,1.0
2454445.715477,0.9741623,-0.05492326,-2.86429537,0.09543258,0.13873821,-1.89883065,0.09544056,1.0
2454445.718527,0.9696864,-0.05488987,-2.86429521,0.09543308,0.1387193,-1.89882037,0.09544107,1.0
2454445.721592,0.9840821,-0.05485631,-2.86429505,0.09543359,0.1387003,-1.89881004,0.09544158,1.0
2454445.724647,0.9687937,-0.05482286,-2.86429489,0.0954341,0.13868135,-1.89879974,0.09544209,1.0
2454445.727697,0.97506,-0.05478947,-2.86429473,0.09543461,0.13866244,-1.89878947,0.09544259,1.0
2454445.7307470003,0.9849889,-0.05475608,-2.86429457,0.09543511,0.13864353,-1.8987792,0.0954431,1.0
2454445.733807,0.9849889,-0.05472257,-2.86429441,0.09543562,0.13862455,-1.8987689,0.09544361,1.0
2454445.744992,0.986805,-0.05460011,-2.86429381,0.09543748,0.13855518,-1.89873126,0.09544547,1.0
2454445.750327,0.9858965,-0.054541699999999985,-2.86429352,0.09543837,0.13852209,-1.89871332,0.09544635,1.0
2454445.755982,0.9849889,-0.05447979,-2.86429322,0.09543931,0.13848702,-1.89869431,0.09544729,1.0
2454445.762232,0.9786588,-0.05441136,-2.86429288,0.09544035,0.13844825,-1.89867331,0.09544833,1.0
2454445.769432,0.9840821,-0.05433253,-2.86429249,0.09544154,0.13840359,-1.89864913,0.09544953,1.0
2454445.774057,0.9904472,-0.0542819,-2.86429224,0.09544231,0.13837489,-1.89863361,0.0954503,1.0
2454445.779907,0.9996117,-0.05421785,-2.86429192,0.09544328,0.1383386,-1.89861398,0.09545127,1.0
2454445.784212,0.9996117,-0.05417071,-2.86429169,0.095444,0.13831189,-1.89859954,0.09545199,1.0
2454445.787297,1.007004,-0.05413694,-2.86429152,0.09544451,0.13829275,-1.8985892,0.0954525,1.0
2454445.790362,1.007004,-0.05410338,-2.86429135,0.09544502,0.13827373,-1.89857892,0.09545301,1.0
2454445.793427,1.010721,-0.05406982,-2.86429118,0.09544553,0.13825471,-1.89856865,0.09545352,1.0
2454445.796487,1.011652,-0.05403632,-2.86429101,0.09544604,0.13823573,-1.8985584,0.09545403,1.0
2454445.799532,1.017258,-0.05400298,-2.86429084,0.09544654,0.13821683,-1.8985482,0.09545453,1.0
2454445.802602,1.019134,-0.05396937,-2.86429067,0.09544705,0.13819778,-1.89853792,0.09545504,1.0
2454445.805667,1.026671,-0.05393581,-2.8642905,0.09544756,0.13817876,-1.89852766,0.09545555,1.0
2454445.808737,1.025726,-0.05390219999999999,-2.86429033,0.09544807,0.13815971,-1.89851738,0.09545606,1.0
2454445.811792,1.024782,-0.05386875,-2.86429016,0.09544858,0.13814075,-1.89850716,0.09545657,1.0
2454445.814842,1.024782,-0.05383536,-2.86428999,0.09544909,0.13812182,-1.89849695,0.09545708,1.0
2454445.818827,1.029512,-0.05379173,-2.86428977,0.09544975,0.13809709,-1.89848363,0.09545774,1.0
2454445.822807,1.027617,-0.05374815,-2.86428954,0.09545041,0.13807239,-1.89847032,0.0954584,1.0
2454445.825867,1.017258,-0.05371465,-2.86428937,0.09545092,0.13805339,-1.89846009,0.09545891,1.0
2454445.828942,1.024782,-0.05368098,-2.8642892000000004,0.09545143,0.13803431,-1.89844981,0.09545942,1.0
2454445.832012,1.017258,-0.05364737,-2.86428902,0.09545194,0.13801525,-1.89843956,0.09545993,1.0
2454445.835092,1.025726,-0.05361365,-2.86428885,0.09545245,0.13799613,-1.89842927,0.09546044,1.0
2454445.838147,1.021954,-0.0535802,-2.86428867,0.09545296,0.13797717,-1.89841907,0.09546095,1.0
2454445.8412220003,1.03141,-0.05354653,-2.8642885,0.09545347,0.13795808,-1.8984088,0.09546146,1.0
2454445.845832,1.025726,-0.05349606,-2.86428824,0.09545423,0.13792946,-1.89839341,0.09546222,1.0
2454445.851202,1.021013,-0.05343727,-2.86428793,0.09545512,0.13789612,-1.8983755,0.09546312,1.0
2454445.855042,1.026671,-0.05339522,-2.86428771,0.09545576,0.13787228,-1.89836269,0.09546375,1.0
2454446.691669,1.019654,-0.04423511,-2.86422708,0.09559425,0.132658,-1.89566516,0.09560229,1.0
2454446.696519,1.022475,-0.044182,-2.86422666,0.09559505,0.13262766,-1.89565006,0.0956031,1.0
2454446.701369,1.011236,-0.0441289,-2.86422623,0.09559585,0.13259732,-1.89563497,0.0956039,1.0
2454446.706209,0.9992005,-0.04407591,-2.86422581,0.09559665,0.13256704,-1.89561991,0.09560469,1.0
2454446.712269,0.9836773,-0.04400955,-2.86422527,0.09559765,0.13252912,-1.89560107,0.0956057,1.0
2454446.717969,0.9827717,-0.04394714,-2.86422477,0.09559859,0.13249346,-1.89558336,0.09560664,1.0
2454446.722819,0.975557,-0.04389404,-2.86422434,0.09559939,0.13246311,-1.89556829,0.09560744,1.0
2454446.728869,0.9595169,-0.0438278,-2.8642237999999995,0.09560038,0.13242525,-1.89554951,0.09560844,1.0
2454446.733704,0.9701807,-0.04377486,-2.86422337,0.09560118,0.13239499,-1.8955345,0.09560923,1.0
2454446.738554,0.9577511,-0.04372176,-2.86422294,0.09560198,0.13236464,-1.89551946,0.09561003,1.0
2454446.743394,0.9515961,-0.04366876,-2.86422251,0.09560278,0.13233435,-1.89550445,0.09561083,1.0
2454446.750644,0.9559884,-0.04358938,-2.86422186,0.09560398,0.13228897,-1.89548198,0.09561203,1.0
2454446.755609,0.9568693,-0.04353502,-2.86422141,0.0956048,0.13225789999999998,-1.8954666,0.09561285,1.0
2454446.761119,0.9559884,-0.04347469,-2.86422092,0.0956057,0.13222341,-1.89544954,0.09561376,1.0
2454446.766659,0.961286,-0.04341403,-2.86422042,0.09560662,0.13218873,-1.89543239,0.09561467,1.0
2454446.773204,0.9639458,-0.04334237,-2.86421983,0.0956077,0.13214776,-1.89541215,0.09561575,1.0
2454446.778099,0.9595169,-0.04328877,-2.86421938,0.0956085,0.13211711,-1.89539702,0.09561656,1.0
2454446.784214,0.9595169,-0.04322182,-2.86421883,0.09560951,0.13207883,-1.89537812,0.09561757,1.0
2454446.7896990003,0.9630584,-0.04316176,-2.86421833,0.09561042,0.13204449,-1.89536118,0.09561847,1.0
2454446.795204,0.966613,-0.04310149,-2.86421783,0.09561133,0.13201002,-1.89534418,0.09561938,1.0
2454446.800509,0.9639458,-0.0430434,-2.86421734,0.0956122,0.13197679999999998,-1.89532781,0.09562026,1.0
2454446.806454,0.9710747,-0.04297831,-2.8642168,0.09561318,0.13193957,-1.89530948,0.09562124,1.0
2454446.811949,0.9791577,-0.04291814,-2.8642163,0.09561409,0.13190516,-1.89529253,0.09562214,1.0
2454446.816844,0.980963,-0.04286454,-2.86421585,0.09561489,0.13187451,-1.89527745,0.09562295,1.0
2454446.8217240004,0.990952,-0.04281111,-2.8642154,0.0956157,0.13184394,-1.89526242,0.09562376,1.0
2454446.826619,0.9973616,-0.04275751,-2.86421494,0.09561651,0.13181328,-1.89524735,0.09562456,1.0
2454446.8340740004,1.010305,-0.04267588,-2.86421425,0.09561773,0.13176659,-1.8952244,0.09562579,1.0
2454446.842759,1.031936,-0.04258078,-2.86421345,0.09561917,0.13171219,-1.8951977,0.09562722,1.0
2454446.847644,1.037654,-0.04252729,-2.86421299,0.09561997,0.13168159,-1.89518268,0.09562803,1.0
2454446.852554,1.041484,-0.04247353,-2.86421254,0.09562078,0.13165083,-1.8951676,0.09562884,1.0
2454446.857439,1.0472549999999998,-0.04242004,-2.86421208,0.09562159,0.13162022,-1.8951526,0.09562965,1.0
2454446.862334,1.051121,-0.04236644,-2.86421162,0.09562239,0.13158956,-1.89513757,0.09563045,1.0
2454446.868094,1.052089,-0.04230337,-2.86421108,0.09562334,0.13155347,-1.8951199,0.0956314,1.0
2454446.872979,1.05987,-0.04224988,-2.86421062,0.09562415,0.13152286,-1.89510492,0.09563221,1.0
2454446.877884,1.066725,-0.04219617,-2.86421016,0.09562496,0.13149212,-1.89508988,0.09563302,1.0
2454446.882779,1.066725,-0.04214257,-2.8642097,0.09562576,0.13146145,-1.89507488,0.09563382,1.0
2454446.887674,1.060847,-0.04208897,-2.86420923,0.09562657,0.13143078,-1.89505989,0.09563463,1.0
2454446.892569,1.066725,-0.04203537,-2.86420877,0.09562738,0.1314001,-1.8950449,0.09563544,1.0
2454446.901054,1.058894,-0.04194246,-2.86420797,0.09562877,0.13134693,-1.89501894,0.09563684,1.0
2454446.907159,1.049186,-0.04187562,-2.86420738,0.09562978,0.13130866,-1.89500027,0.09563784,1.0
2454446.912049,1.045328,-0.04182207,-2.86420692,0.09563059,0.13127801,-1.89498532,0.09563865,1.0
2454446.918134,1.0338379999999998,-0.04175544,-2.86420634,0.09563159,0.13123987,-1.89496673,0.09563965,1.0
2454446.924214,1.0177770000000002,-0.04168887,-2.86420575,0.09563259,0.13120176,-1.89494817,0.09564065,1.0
2454446.930164,1.004738,-0.04162372,-2.86420518,0.09563357,0.13116446,-1.89493001,0.09564163,1.0
2454446.936119,0.9973616,-0.04155851,-2.86420461,0.09563455,0.13112713,-1.89491185,0.09564262,1.0
2454446.940989,0.9900398,-0.04150519,-2.86420414,0.09563535,0.1310966,-1.894897,0.09564342,1.0
2454446.945869,0.9845837,-0.04145175,-2.86420367,0.09563616,0.13106600000000002,-1.89488213,0.09564422,1.0
2454446.953194,0.980963,-0.04137154,-2.86420296,0.09563736,0.13102008,-1.89485982,0.09564543,1.0
2454446.958064,0.9845837,-0.04131822,-2.86420249,0.09563817,0.13098954,-1.89484499,0.09564623,1.0
2454446.965414,0.9836773,-0.04123774,-2.86420177,0.09563938,0.13094345,-1.89482263,0.09564744,1.0
2454446.970304,0.9836773,-0.04118419,-2.86420129,0.09564018,0.13091279,-1.89480776,0.09564825,1.0
2454446.975169,0.986399,-0.04113092,-2.86420082,0.09564098,0.13088228,-1.89479297,0.09564905,1.0
2454446.980064,0.9918652,-0.04107732,-2.86420034,0.09564179,0.13085158,-1.8947781000000004,0.09564986,1.0
2454446.984959,0.9773557,-0.04102372,-2.86419986,0.0956426,0.13082088,-1.89476323,0.09565066,1.0
2454469.189548,0.9724509,0.20198405,-2.85314012,0.09899816,-0.01186187,-1.89341447,0.09900698,1.0
2454469.192768,0.9617622,0.20201923,-2.85313723,0.0989986,-0.01188166,-1.89342383,0.09900742,1.0
2454469.195648,0.9573433,0.2020507,-2.85313464,0.098999,-0.01189936,-1.89343221,0.09900782,1.0
2454469.198448,0.9503152,0.2020813,-2.85313213,0.09899938,-0.01191657,-1.89344036,0.0990082,1.0
2454469.201268,0.9547017,0.20211211,-2.85312959,0.09899977,-0.0119339,-1.89344857,0.09900859,1.0
2454469.204068,0.9503152,0.20214271,-2.85312708,0.09900016,-0.0119511,-1.89345672,0.09900898,1.0
2454469.206868,0.9520674,0.2021733,-2.85312456,0.09900054,-0.01196831,-1.89346488,0.09900936,1.0
2454469.209678,0.9608768,0.20220401,-2.85312203,0.09900093,-0.01198558,-1.89347306,0.09900975,1.0
2454469.212478,0.9520674,0.2022346,-2.85311952,0.09900131,-0.01200278,-1.89348122,0.09901013,1.0
2454469.215298,0.9520674,0.20226542,-2.85311698,0.0990017,-0.01202011,-1.89348944,0.09901052,1.0
2454469.218098,0.9599922,0.20229601,-2.85311446,0.09900208,-0.01203731,-1.8934976000000003,0.0990109,1.0
2454469.220908,0.9503152,0.20232672,-2.85311194,0.09900247,-0.01205458,-1.89350579,0.09901129,1.0
2454469.223708,0.965312,0.20235731,-2.85310942,0.09900285,-0.01207178,-1.89351396,0.09901167,1.0
2454469.226518,0.9635354,0.20238802,-2.85310689,0.09900324,-0.01208905,-1.89352216,0.09901206,1.0
2454469.229318,0.9555814,0.20241861,-2.85310437,0.09900362,-0.01210625,-1.89353033,0.09901245,1.0
2454469.232138,0.9635354,0.20244942,-2.85310184,0.09900401,-0.01212357,-1.89353856,0.09901283,1.0
2454469.2349380003,0.9670918,0.20248002,-2.85309932,0.0990044,-0.01214077,-1.89354673,0.09901322,1.0
2454469.237748,0.9644233,0.20251072,-2.85309679,0.09900478,-0.01215804,-1.89355494,0.0990136,1.0
2454469.240548,0.9706613000000002,0.20254132,-2.85309427,0.09900517,-0.01217524,-1.89356312,0.09901399,1.0
2454469.243358,0.9724509,0.20257202,-2.85309174,0.09900555,-0.0121925,-1.89357133,0.09901437,1.0
2454469.246158,0.9778398,0.20260262,-2.85308922,0.09900594,-0.0122097,-1.89357951,0.09901476,1.0
2454469.248958,0.9751416,0.20263321,-2.8530867000000004,0.09900632,-0.01222689,-1.8935877,0.09901514,1.0
2454469.251778,0.9814489,0.20266403,-2.85308416,0.09900671,-0.01224422,-1.89359594,0.09901553,1.0
2454469.254578,0.9823533,0.20269462,-2.85308164,0.09900709,-0.01226141,-1.89360413,0.09901592,1.0
2454469.257388,0.9823533,0.20272533,-2.85307911,0.09900748,-0.01227867,-1.89361235,0.0990163,1.0
2454469.2601880003,0.9832585,0.20275592,-2.85307659,0.09900787,-0.01229587,-1.89362055,0.09901669,1.0
2454469.262998,0.987797,0.20278662,-2.85307406,0.09900825,-0.01231313,-1.89362877,0.09901707,1.0
2454469.279548,1.009875,0.20296746,-2.85305915,0.09901052,-0.01241476,-1.89367726,0.09901934,1.0
2454469.282368,1.012669,0.20299828,-2.8530566000000004,0.09901091,-0.01243207,-1.89368552,0.09901973,1.0
2454469.285168,1.02204,0.20302887,-2.85305408,0.0990113,-0.01244927,-1.89369374,0.09902012,1.0
2454469.287978,1.020159,0.20305957,-2.85305155,0.09901168,-0.01246652,-1.89370198,0.0990205,1.0
2454469.290778,1.024867,0.20309017,-2.85304902,0.09901207,-0.01248371,-1.8937102,0.09902089,1.0
2454469.293578,1.030547,0.20312076,-2.8530465,0.09901245,-0.0125009,-1.89371841,0.09902127,1.0
2454469.296388,1.029598,0.20315147,-2.85304396,0.09901284,-0.01251815,-1.89372666,0.09902166,1.0
2454469.299198,1.044883,0.20318217,-2.85304143,0.09901322,-0.0125354,-1.89373491,0.09902204,1.0
2454469.302008,1.026757,0.20321288,-2.85303889,0.09901361,-0.01255265,-1.89374317,0.09902243,1.0
2454469.304808,1.042,0.20324347,-2.85303637,0.09901399,-0.01256984,-1.89375139,0.09902281,1.0
2454469.307618,1.059419,0.20327417,-2.85303383,0.09901438,-0.01258709,-1.89375965,0.0990232,1.0
2454469.310418,1.049706,0.20330477,-2.85303131,0.09901476,-0.01260428,-1.89376788,0.09902358,1.0
2454469.313228,1.049706,0.20333547,-2.85302877,0.09901515,-0.01262153,-1.89377614,0.09902397,1.0
2454469.316038,1.06235,0.20336618,-2.85302623,0.09901553,-0.01263878,-1.89378441,0.09902436,1.0
2454469.318848,1.074157,0.20339688,-2.8530237,0.09901592,-0.01265602,-1.89379267,0.09902474,1.0
2454469.321648,1.054551,0.20342747,-2.85302117,0.0990163,-0.01267321,-1.89380091,0.09902513,1.0
2454469.3244580003,1.055523,0.20345818,-2.85301863,0.09901669,-0.01269045,-1.89380918,0.09902551,1.0
2454469.327258,1.061372,0.20348877,-2.8530161,0.09901707,-0.01270764,-1.89381743,0.0990259,1.0
2454469.341928,1.040082,0.20364906,-2.85300285,0.09901909,-0.01279767,-1.89386064,0.09902791,1.0
2454469.344728,1.039125,0.20367966,-2.85300032,0.09901947,-0.01281485,-1.8938689,0.09902829,1.0
2454469.347538,1.050673,0.20371036,-2.85299778,0.09901986,-0.01283209,-1.89387719,0.09902868,1.0
2454469.353148,1.018281,0.20377166,-2.85299271,0.09902063,-0.01286651,-1.89389374,0.09902945,1.0
2454469.355948,1.022981,0.20380225,-2.85299018,0.09902101,-0.01288369,-1.893902,0.09902983,1.0
2454469.358768,1.011737,0.20383307,-2.85298763,0.0990214,-0.01290099,-1.89391033,0.09903022,1.0
2454469.361568,1.016407,0.20386366,-2.8529851,0.09902178,-0.01291817,-1.8939186,0.0990306,1.0
2454469.364378,1.009875,0.20389436,-2.85298256,0.09902217,-0.01293541,-1.8939269,0.09903099,1.0
2454469.367178,0.9996954,0.20392496,-2.85298003,0.09902255,-0.01295259,-1.89393517,0.09903137,1.0
2454469.369978,1.002461,0.20395555,-2.85297749,0.09902294,-0.01296976,-1.89394344,0.09903176,1.0
2454469.372798,0.9914429,0.20398637,-2.85297494,0.09902332,-0.01298706,-1.89395178,0.09903215,1.0
2454477.334704,0.9791841999999998,0.29088937,-2.84463094,0.10007603,-0.05934001,-1.92569291,0.10008478,1.0
2454477.343344,0.9773821,0.29098357,-2.84462064,0.10007713,-0.05938714,-1.92573612,0.10008588,1.0
2454477.350344,0.973788,0.29105988,-2.8446123,0.10007802,-0.05942532,-1.92577115,0.10008677,1.0
2454477.357344,0.9873347,0.29113619,-2.84460396,0.10007891,-0.0594635,-1.92580618,0.10008766,1.0
2454477.364344,1.009403,0.2912125,-2.84459562,0.1000798,-0.05950167,-1.92584123,0.10008855,1.0
2454477.371354,1.012196,0.29128892,-2.84458726,0.10008069,-0.05953989,-1.92587634,0.10008944,1.0
2454477.378344,1.014062,0.29136513,-2.84457892,0.10008158,-0.05957799,-1.92591137,0.10009033,1.0
2454477.389754,1.029116,0.29148952,-2.84456531,0.10008303,-0.05964018,-1.92596856,0.10009178,1.0
2454477.396754,1.028169,0.29156583,-2.84455695,0.10008392,-0.05967833,-1.92600367,0.10009267,1.0
2454477.403744,1.024388,0.29164203,-2.84454861,0.10008481,-0.05971642,-1.92603873,0.10009356,1.0
2454477.410744,1.020621,0.29171834,-2.84454026,0.1000857,-0.05975455,-1.92607386,0.10009445,1.0
2454477.417754,1.032915,0.29179476,-2.84453188,0.10008659,-0.05979274,-1.92610906,0.10009534,1.0
2454477.4247540003,1.0348190000000002,0.29187107,-2.84452352,0.10008748,-0.05983086,-1.92614421,0.10009623,1.0
2454477.4404240004,1.035773,0.2920419,-2.8445048,0.10008947,-0.05991619,-1.92622295,0.10009822,1.0
2454477.447424,1.032915,0.29211821,-2.84449644,0.10009036,-0.0599543,-1.92625815,0.10009911,1.0
2454477.4544240003,1.0234450000000002,0.29219452,-2.84448807,0.10009125,-0.0599924,-1.92629335,0.1001,1.0
2454477.461414,1.011264,0.29227072,-2.84447971,0.10009214,-0.06003045,-1.92632852,0.10010089,1.0
2454477.4684240003,0.9983077,0.29234714,-2.84447133,0.10009303,-0.060068600000000014,-1.9263638,0.10010178,1.0
2454477.475424,0.9827983,0.29242345,-2.84446296,0.10009391,-0.06010668,-1.92639904,0.10010267,1.0
2454477.484724,0.9684215,0.29252483,-2.84445183,0.1000951,-0.06015728,-1.92644589,0.10010385,1.0
2454477.491734,0.9568953,0.29260125,-2.84444344,0.10009599,-0.06019541,-1.92648121,0.10010474,1.0
2454477.498734,0.9613121,0.29267755,-2.84443506,0.10009688,-0.06023348,-1.92651649,0.10010563,1.0
2454477.505734,0.9604271,0.29275386,-2.84442668,0.10009776,-0.06027155,-1.92655179,0.10010652,1.0
2454477.512734,0.9648602,0.29283017,-2.8444183,0.10009865,-0.06030961,-1.9265871,0.1001074,1.0
2454477.519724,0.9719958,0.29290637,-2.84440993,0.10009954,-0.06034761,-1.92662237,0.10010829,1.0
2454477.528144,0.9791841999999998,0.29299816,-2.84439984,0.10010061,-0.06039337,-1.92666487,0.10010936,1.0
2454477.535144,0.9873347,0.29307447,-2.84439145,0.1001015,-0.06043142,-1.92670022,0.10011025,1.0
2454477.542144,0.9773821,0.29315077,-2.84438306,0.10010239,-0.06046946,-1.92673558,0.10011114,1.0
2454477.549154,0.9855176,0.29322719,-2.84437466,0.10010328,-0.06050754,-1.926771,0.10011203,1.0
2454477.556154,1.002916,0.2933035,-2.84436626,0.10010417,-0.06054557,-1.92680638,0.10011292,1.0
2454477.563144,1.00107,0.2933797,-2.84435788,0.10010505,-0.06058354,-1.92684173,0.1001138,1.0
2454477.571194,1.014062,0.29346745,-2.84434823,0.10010607,-0.06062726,-1.92688245,0.10011482,1.0
2454477.578204,1.0225030000000002,0.29354386,-2.84433981,0.10010696,-0.06066533,-1.92691792,0.10011571,1.0
2454477.585194,1.045356,0.29362006,-2.84433143,0.10010785,-0.06070328,-1.92695331,0.1001166,1.0
2454479.18656,0.9506463,0.31107156,-2.84236341,0.10030942,-0.06925732,-1.93537954,0.10031814,1.0
2454479.19448,0.9497712,0.31115785,-2.84235345,0.10031041,-0.06929892,-1.93542279,0.10031912,1.0
2454479.20009,0.9550343,0.31121897,-2.84234639,0.10031111,-0.06932838,-1.93545343,0.10031982,1.0
2454479.20571,0.9585593,0.3112802,-2.84233932,0.10031181,-0.06935788,-1.93548414,0.10032053,1.0
2454479.21132,0.9674287,0.31134132,-2.84233226,0.10031251,-0.06938733,-1.9355148,0.10032123,1.0
2454479.21693,0.9620973,0.31140244,-2.84232519,0.10031321,-0.06941678,-1.93554547,0.10032193,1.0
2454479.22255,0.9647593,0.31146367,-2.84231812,0.10031391,-0.06944628,-1.9355762,0.10032263,1.0
2454479.22816,0.9701055,0.31152478,-2.84231106,0.10031461,-0.06947572,-1.93560688,0.10032333,1.0
2454479.2337700003,0.9754814,0.3115859,-2.84230399,0.10031531,-0.06950515,-1.93563757,0.10032403,1.0
2454479.23938,0.9845074,0.31164702,-2.84229693,0.10031601,-0.06953459,-1.93566827,0.10032473,1.0
2454479.24626,0.999123,0.31172198,-2.84228826,0.10031687,-0.06957068,-1.93570593,0.10032559,1.0
2454479.25188,1.006512,0.31178320000000004,-2.84228118,0.10031757,-0.06960015,-1.9357367,0.10032629,1.0
2454479.25749,1.01489,0.31184432,-2.84227411,0.10031827,-0.06962958,-1.93576743,0.10032699,1.0
2454479.2631,1.020514,0.31190544,-2.84226704,0.10031897,-0.06965899,-1.93579816,0.10032769,1.0
2454479.26872,1.031856,0.31196667,-2.84225995,0.10031967,-0.06968846,-1.93582895,0.10032839,1.0
2454479.27433,1.043323,0.31202779,-2.84225288,0.10032037,-0.06971787,-1.9358597,0.10032909,1.0
2454479.2799400003,1.047174,0.3120889,-2.84224581,0.10032107,-0.06974728,-1.93589046,0.10032979,1.0
2454479.28556,1.052977,0.31215013,-2.84223872,0.10032178,-0.06977673,-1.93592128,0.10033049,1.0
2454479.29117,1.054919,0.31221125,-2.84223164,0.10032248,-0.06980613,-1.93595205,0.10033119,1.0
2454479.29705,1.0578379999999998,0.31227531,-2.84222422,0.10032321,-0.06983694,-1.93598431,0.10033192,1.0
2454479.30266,1.056864,0.31233642,-2.84221715,0.10032391,-0.06986633,-1.93601509,0.10033262,1.0
2454479.30828,1.059788,0.31239765,-2.84221005,0.10032461,-0.06989578,-1.93604594,0.10033332,1.0
2454479.3138900003,1.044285,0.31245877,-2.84220297,0.10032531,-0.06992516,-1.93607674,0.10033402,1.0
2454479.3195,1.036619,0.31251988,-2.84219589,0.10032601,-0.06995454,-1.93610755,0.10033472,1.0
2454479.32512,1.030906,0.31258111,-2.84218879,0.10032671,-0.06998397,-1.93613843,0.10033542,1.0
2454479.33073,1.019575,0.31264223,-2.84218171,0.10032741,-0.07001335,-1.93616925,0.10033612,1.0
2454479.33634,1.010227,0.31270334,-2.84217462,0.10032811,-0.07004272,-1.93620009,0.10033682,1.0
2454479.34196,0.999123,0.31276457,-2.84216753,0.10032881,-0.07007214,-1.93623098,0.10033752,1.0
2454479.34757,0.9917883,0.31282568,-2.84216044,0.10032951,-0.0701015,-1.93626183,0.10033822,1.0
2454479.35318,0.9826955,0.3128868,-2.84215335,0.10033021,-0.07013086,-1.93629269,0.10033892,1.0
2454479.35879,0.9754814,0.31294792,-2.84214626,0.10033091,-0.07016021,-1.93632355,0.10033962,1.0
2454479.36457,0.9674287,0.31301088,-2.84213895,0.10033163,-0.07019046,-1.93635536,0.10034034,1.0
2454479.37019,0.9718942,0.31307211,-2.84213185,0.10033233,-0.07021986,-1.93638629,0.10034104,1.0
2454479.3758,0.9692124,0.31313322,-2.84212475,0.10033303,-0.0702492,-1.93641718,0.10034174,1.0
2454479.38141,0.9718942,0.31319434,-2.84211766,0.10033373,-0.07027854,-1.93644808,0.10034244,1.0
2454479.39015,0.9709994,0.31328955,-2.84210661,0.10033481,-0.07032425,-1.93649622,0.10034352,1.0
2454479.39576,0.9709994,0.31335067,-2.84209951,0.10033551,-0.07035358,-1.93652714,0.10034422,1.0
2454479.40138,0.9736861,0.31341189,-2.8420924,0.10033621,-0.07038296,-1.93655812,0.10034492,1.0
2454479.40699,0.9709994,0.31347301,-2.8420853,0.10033691,-0.07041228,-1.93658905,0.10034562,1.0
2454479.4126,0.9727897,0.31353412,-2.8420782000000004,0.10033761,-0.07044161,-1.93661999,0.10034632,1.0
2454479.41822,0.9736861,0.31359535,-2.84207108,0.10033831,-0.07047097,-1.93665099,0.10034702,1.0
2454479.42383,0.9772799,0.31365646,-2.84206398,0.10033901,-0.07050029,-1.93668194,0.10034772,1.0
2454479.42944,0.9772799,0.31371757,-2.84205688,0.10033971,-0.07052960000000001,-1.9367129,0.10034842,1.0
2454479.43506,0.9872314,0.3137788,-2.84204976,0.10034041,-0.07055896,-1.93674393,0.10034912,1.0
2454479.44067,0.9954489,0.31383991,-2.84204265,0.10034111,-0.07058826,-1.9367749,0.10034982,1.0
2454479.44668,1.0000440000000002,0.31390538,-2.84203504,0.10034186,-0.07061965,-1.9368081,0.10035056,1.0
2454479.45228,1.013022,0.31396639,-2.84202794,0.10034255,-0.07064889,-1.93683904,0.10035126,1.0
2454479.45789,1.015825,0.3140275,-2.84202083,0.10034325,-0.07067818,-1.93687004,0.10035196,1.0
2454479.46351,1.019575,0.31408872,-2.84201371,0.10034395,-0.07070752,-1.9369011000000005,0.10035266,1.0
2454479.46912,1.025225,0.31414984,-2.84200659,0.10034465,-0.07073681,-1.93693212,0.10035336,1.0
2454479.47473,1.028061,0.31421095,-2.84199948,0.10034535,-0.07076609,-1.93696314,0.10035406,1.0
2454479.48035,1.026169,0.31427217,-2.84199235,0.10034605,-0.07079542,-1.93699423,0.10035476,1.0
2454479.48596,1.025225,0.31433329,-2.84198524,0.10034675,-0.07082469,-1.93702527,0.10035545,1.0
2454479.49157,1.028061,0.3143944,-2.84197812,0.10034745,-0.07085396,-1.93705631,0.10035615,1.0
2455311.359334,0.9741962,1.92965241,3.2852005,-0.08091523,1.0998315,2.71676371,-0.08091451,1.0
2455311.366962,0.9841164,1.92960199,3.28523857,-0.08091728,1.09985312,2.71669302,-0.08091656,1.0
2455311.373327,0.9978068,1.92955992,3.28527033,-0.08091899,1.09987117,2.71663404,-0.08091828,1.0
2455311.379682,1.011688,1.92951792,3.28530205,-0.0809207,1.0998892,2.71657516,-0.08091999,1.0
2455311.386036,1.027653,1.92947592,3.28533375,-0.08092242,1.09990724,2.71651629,-0.0809217,1.0
2455311.392401,1.039074,1.92943385,3.28536552,-0.08092413,1.09992532,2.71645733,-0.08092341,1.0
2455311.398756,1.05159,1.92939184,3.28539723,-0.08092584,1.09994337,2.71639847,-0.08092513,1.0
2455311.40511,1.058392,1.92934984,3.28542893,-0.08092755,1.09996144,2.71633962,-0.08092684,1.0
2455311.411476,1.071141,1.92930776,3.2854607,-0.08092926,1.09997955,2.71628067,-0.08092855,1.0
2455311.41783,1.075094,1.92926576,3.2854924,-0.08093097,1.09999763,2.71622183,-0.08093026,1.0
2455311.424195,1.077076,1.92922368,3.28552416,-0.08093269,1.10001576,2.7161629,-0.08093198,1.0
2455311.430561,1.070154,1.9291816,3.28555592,-0.08093439999999999,1.10003389,2.71610397,-0.08093369,1.0
2455311.436915,1.060343,1.9291396,3.28558762,-0.08093611,1.100052,2.71604515,-0.08093539999999999,1.0
2455311.443281,1.05159,1.92909752,3.28561938,-0.08093783,1.10007016,2.71598622,-0.08093712,1.0
2455311.449635,1.030496,1.92905552,3.28565108,-0.08093954,1.10008829,2.71592742,-0.08093883,1.0
2455311.456001,1.0154219999999998,1.92901343,3.28568284,-0.08094125,1.10010646,2.71586851,-0.08094054,1.0
2455311.462367,1.005186,1.92897135,3.2857146,-0.08094296,1.10012465,2.7158096,-0.08094225,1.0
2455311.468732,0.9759924,1.92892927,3.28574635,-0.08094468,1.10014283,2.71575071,-0.08094397,1.0
2455311.475573,0.9617151,1.92888405,3.28578048,-0.08094652,1.1001624,2.71568743,-0.08094581,1.0
2455311.481962,0.9459027,1.92884181,3.28581235,-0.08094824,1.10018067,2.71562833,-0.08094753,1.0
2455311.488327,0.9363678,1.92879974,3.2858441,-0.08094995,1.10019889,2.71556946,-0.08094924,1.0
2455311.494705,0.926929,1.92875757,3.28587591,-0.08095167,1.10021716,2.71551047,-0.08095096,1.0
2455311.501082,0.9150534,1.92871541,3.28590772,-0.08095338,1.10023543,2.7154515,-0.08095268,1.0
2455311.507448,0.9100106,1.92867333,3.28593948,-0.0809551,1.10025368,2.71539264,-0.08095439,1.0
2455311.513813,0.8983518,1.92863125,3.28597122,-0.08095681,1.10027193,2.71533379,-0.08095611,1.0
2455311.520168,0.9000082,1.92858923,3.28600292,-0.08095852,1.10029017,2.71527504,-0.08095782,1.0
2455311.5265220003,0.9091728,1.92854723,3.28603461,-0.08096023,1.10030841,2.71521631,-0.08095953,1.0
2455311.532876,0.9218207,1.92850522,3.2860663,-0.08096194,1.10032666,2.71515758,-0.08096124,1.0
2455311.53923,0.9337841,1.92846321,3.28609799,-0.08096365,1.10034492,2.71509886,-0.08096295,1.0
2455311.545596,0.9476466999999998,1.92842112,3.28612974,-0.08096536,1.10036323,2.71504003,-0.08096466,1.0
2455311.551962,0.9520208,1.92837903,3.28616149,-0.08096708,1.10038154,2.71498121,-0.08096638,1.0
2455311.558316,0.9634883,1.92833702,3.28619318,-0.08096879,1.10039983,2.71492251,-0.08096809,1.0
2455311.56511,0.9706138,1.9282921,3.28622706,-0.08097062,1.1004194,2.71485975,-0.08096992,1.0
2455311.571464,0.9786929,1.92825009,3.28625875,-0.08097233,1.10043771,2.71480106,-0.08097163,1.0
2455311.577818,0.9832104,1.92820808,3.28629043,-0.08097404,1.10045603,2.71474237,-0.08097334,1.0
2455311.584172,0.9950535,1.92816607,3.28632212,-0.08097575,1.10047435,2.71468369,-0.08097505,1.0
2455311.590526,1.01262,1.92812406,3.2863538,-0.08097746,1.10049269,2.71462502,-0.08097676,1.0
2455311.596892,1.022931,1.92808196,3.28638554,-0.08097917,1.10051107,2.71456624,-0.08097847,1.0
2455311.603246,1.042909,1.92803995,3.28641723,-0.08098088,1.10052943,2.71450758,-0.08098018,1.0
2455311.609601,1.065238,1.92799793,3.28644891,-0.08098259,1.10054779,2.71444892,-0.08098189,1.0
2455311.615955,1.075094,1.92795592,3.28648059,-0.08098430000000001,1.10056617,2.71439027,-0.0809836,1.0
2455311.622864,1.081052,1.92791023,3.28651504,-0.08098616,1.10058616,2.7143265,-0.08098546,1.0
2455311.63011,1.0741040000000002,1.92786232,3.28655117,-0.08098811,1.10060713,2.71425963,-0.08098741,1.0
2455311.636464,1.067202,1.92782031,3.28658285,-0.08098982,1.10062554,2.714201,-0.08098913,1.0
2455311.642818,1.045795,1.92777829,3.28661453,-0.08099153,1.10064395,2.71414238,-0.08099084,1.0
2455311.649172,1.011688,1.92773627,3.2866462,-0.08099324,1.10066237,2.71408376,-0.08099255,1.0
