2438593.0578900003,102141.0,-0.9535102,1.919772,-0.4525542,-0.5316774999999999,0.9950155,-0.4526056,1.0
2438593.06347,101859.1,-0.9535707,1.919737,-0.4525525,-0.5316518,0.9950184,-0.452604,1.0
2438593.07685,101111.4,-0.9537156,1.919651,-0.4525485,-0.5315901999999999,0.9950254,-0.4525999,1.0
2438593.08085,101484.6,-0.9537589,1.919625,-0.4525473,-0.5315718,0.9950275,-0.4525987,1.0
2438593.08406,98627.95,-0.9537937,1.919605,-0.4525464,-0.531557,0.9950291,-0.4525978,1.0
2438593.09047,95499.26,-0.9538632,1.919563,-0.4525444000000001,-0.5315274999999999,0.9950325,-0.4525959,1.0
2438593.09447,93669.89,-0.9539065,1.919538,-0.4525433,-0.531509,0.9950345,-0.4525947,1.0
2438593.09847,93239.51,-0.9539499,1.919512,-0.4525421,-0.5314906,0.9950366,-0.4525935,1.0
2438593.1030200003,93497.5,-0.9539991,1.9194830000000005,-0.4525407,-0.5314696999999999,0.995039,-0.4525921,1.0
2438593.10968,94188.96,-0.9540713,1.91944,-0.4525387,-0.531439,0.9950424,-0.4525901,1.0
2438593.11956,88307.99,-0.9541783,1.919377,-0.4525358,-0.5313936,0.9950476,-0.4525871,1.0
2438593.13027,91201.08,-0.9542943000000002,1.919308,-0.4525326,-0.5313443,0.9950531,-0.4525839,1.0
2438593.13402,91033.24,-0.9543349,1.919284,-0.4525314,-0.531327,0.9950551,-0.4525828,1.0
2438593.13802,91537.7,-0.9543783,1.919259,-0.4525302,-0.5313085999999999,0.9950571,-0.4525816,1.0
2438593.14093,89371.7,-0.9544099,1.91924,-0.4525294,-0.5312951,0.9950586,-0.4525807,1.0
2438593.14627,93067.92,-0.9544676,1.919206,-0.4525278,-0.5312706,0.9950614,-0.4525791,1.0
2438593.15002,94015.62,-0.9545083,1.919182,-0.4525266,-0.5312533,0.9950634,-0.452578,1.0
2438593.16418,97633.76,-0.9546618,1.919091,-0.4525224,-0.5311880999999999,0.9950707,-0.4525737,1.0
2438593.22935,97543.87,-0.9553678,1.918673,-0.4525029,-0.5308881,0.9951045,-0.4525542,1.0
2438593.23552,96649.59,-0.9554346,1.918634,-0.4525010999999999,-0.5308596999999999,0.9951077,-0.4525523,1.0
2438593.24002,94798.18,-0.9554833,1.918605,-0.4524997,-0.5308390000000001,0.9951101,-0.452551,1.0
2438593.24352,97994.12,-0.9555212,1.918582,-0.4524987,-0.5308229,0.9951119,-0.4525499,1.0
2438593.25285,92811.12,-0.9556224,1.918522,-0.4524959,-0.5307799,0.9951167,-0.4525471,1.0
2438593.2606,96560.61,-0.9557063,1.918473,-0.4524936,-0.5307441999999999,0.9951208,-0.4525448,1.0
2438593.26677,97364.36,-0.9557731,1.9184330000000005,-0.4524917000000001,-0.5307158000000001,0.995124,-0.452543,1.0
2438593.27502,96116.95,-0.9558625,1.91838,-0.4524893,-0.5306778,0.9951282,-0.4525405,1.0
2438593.28356,95587.26,-0.9559551,1.918326,-0.4524867,-0.5306385,0.9951327,-0.4525379,1.0
2438593.29481,90698.48,-0.9560769,1.918253,-0.4524834,-0.5305867,0.9951385,-0.4525346,1.0
2438593.29827,90949.43,-0.9561144,1.918231,-0.4524823000000001,-0.5305708,0.9951403,-0.4525335,1.0
2444279.59613,57.002,2.888244,-1.172786,0.4720807,2.123812,-0.5489063,0.4720927,1.0
2444279.60429,55.91008000000001,2.888269,-1.17272,0.47207,2.123746,-0.5489498,0.472082,1.0
2444279.61088,54.83906999999999,2.888289,-1.172667,0.4720614000000001,2.123692,-0.5489849,0.4720734,1.0
2444279.61471,56.27171,2.888301,-1.172636,0.4720564,2.123661,-0.5490053,0.4720684,1.0
2444279.62042,56.79239000000001,2.888318,-1.17259,0.4720489000000001,2.123615,-0.5490358,0.4720609000000001,1.0
2444279.67367,50.10604,2.888481,-1.17216,0.4719794,2.123185,-0.5493196,0.4719914000000001,1.0
2444279.67754,50.8499,2.888493,-1.172128,0.4719743,2.123154,-0.5493403,0.4719863,1.0
2444279.68367,53.34456,2.8885110000000003,-1.172079,0.4719663,2.123104,-0.5493729,0.4719783,1.0
2444279.68913,51.69995,2.888528,-1.172035,0.4719592000000001,2.12306,-0.5494020000000001,0.4719712,1.0
2444279.69342,58.65298000000001,2.888541,-1.172,0.4719536,2.123025,-0.5494249,0.4719656,1.0
2444279.6992900004,57.58245,2.888559,-1.171953,0.4719459,2.122978,-0.5494562,0.4719579,1.0
2444279.70496,57.1071,2.888576,-1.171907,0.4719385,2.122932,-0.5494864,0.4719505,1.0
2444279.70904,52.66112,2.888589,-1.171874,0.4719332000000001,2.1228990000000003,-0.5495081999999999,0.4719452,1.0
2444279.72517,53.93741,2.8886380000000003,-1.171744,0.4719121,2.122769,-0.5495941999999999,0.4719241,1.0
2444279.72971,58.65298000000001,2.888652,-1.171707,0.4719062,2.122732,-0.5496184000000001,0.4719182,1.0
2444279.7365,58.2224,2.888672,-1.171652,0.4718973,2.122677,-0.5496545999999999,0.4719093,1.0
2444279.75621,54.94018000000001,2.888732,-1.171493,0.4718716,2.122518,-0.5497597,0.4718836,1.0
2444279.75984,52.75822,2.888743,-1.171463,0.4718669,2.122488,-0.549779,0.4718789000000001,1.0
2444279.7820900003,55.55076999999999,2.888811,-1.171284,0.4718378,2.1223080000000003,-0.5498976,0.4718498,1.0
2444279.78842,54.78859,2.888831,-1.171232,0.4718295,2.122257,-0.5499314000000001,0.4718415,1.0
2444279.79204,56.7401,2.888842,-1.171203,0.4718247999999999,2.122228,-0.5499507,0.4718368,1.0
2444279.79796,52.51582,2.88886,-1.171155,0.4718170999999999,2.12218,-0.5499821999999999,0.4718291,1.0
2444279.80317,54.78859,2.888876,-1.1711129999999998,0.4718103,2.122138,-0.55001,0.4718223,1.0
2444279.8067900003,50.80309000000001,2.888887,-1.171084,0.4718055,2.122109,-0.5500293,0.4718175,1.0
2444279.81271,53.00174000000001,2.888905,-1.171036,0.4717978,2.122061,-0.5500609000000001,0.4718098,1.0
2444279.81813,53.44291,2.888921,-1.170992,0.4717907,2.122017,-0.5500897,0.4718027,1.0
2444279.82175,50.8499,2.888932,-1.170963,0.471786,2.121988,-0.5501090999999999,0.471798,1.0
2444279.82742,52.70965,2.88895,-1.170917,0.4717786,2.121942,-0.5501393,0.4717906,1.0
2444279.83242,51.41503,2.888965,-1.170877,0.4717721,2.121902,-0.5501659000000001,0.4717840999999999,1.0
2444279.8355900003,52.9042,2.888975,-1.170851,0.4717679,2.121876,-0.5501828000000001,0.4717799,1.0
2444279.8410400003,53.24638,2.888991,-1.170807,0.4717608,2.121832,-0.5502119000000001,0.4717728,1.0
2444279.84579,51.32041,2.889006,-1.170769,0.4717545999999999,2.121793,-0.5502372,0.4717666,1.0
2444279.84942,49.32761,2.889017,-1.170739,0.4717499,2.121764,-0.5502566,0.4717619000000001,1.0
2444279.85509,49.87583,2.889034,-1.170694,0.4717425,2.121718,-0.5502868000000001,0.4717545,1.0
2444279.85984,52.80683000000001,2.889048,-1.170655,0.4717363000000001,2.12168,-0.5503121,0.4717483,1.0
2444279.86234,52.03435,2.889056,-1.170635,0.471733,2.12166,-0.5503254,0.471745,1.0
2444279.8673400003,53.98711,2.889071,-1.170595,0.4717265000000001,2.121619,-0.5503521,0.4717385,1.0
2444280.55496,59.93207,2.891159,-1.165034,0.4708262,2.116134,-0.5540828000000001,0.4708382,1.0
2444280.56371,55.67488,2.891185,-1.164963,0.4708147,2.1160650000000003,-0.554131,0.4708267,1.0
2444280.56754,53.41451,2.891197,-1.164932,0.4708097,2.116035,-0.5541520999999999,0.4708217000000001,1.0
2444280.5745,57.34021,2.891218,-1.164876,0.4708005,2.11598,-0.5541904999999999,0.4708125,1.0
2444280.58146,60.93394,2.891239,-1.164819,0.4707914000000001,2.115925,-0.5542288000000001,0.4708034,1.0
2444280.58596,56.55347,2.891252,-1.164783,0.4707855,2.1158900000000003,-0.5542536,0.4707975,1.0
2444280.60417,59.60179,2.891307,-1.164636,0.4707616,2.1157470000000003,-0.554354,0.4707736,1.0
2444280.61542,59.27332,2.891341,-1.1645450000000002,0.4707469,2.1156580000000003,-0.5544159000000001,0.4707589,1.0
2444280.62171,62.00965,2.89136,-1.164494,0.4707386,2.1156080000000004,-0.5544505999999999,0.4707506,1.0
2444280.62729,57.55185,2.891377,-1.164448,0.4707313,2.115565,-0.5544814,0.4707433,1.0
2444280.63025,55.67488,2.891386,-1.164424,0.4707274,2.115541,-0.5544977,0.4707394,1.0
2444280.63583,58.51393,2.891403,-1.164379,0.4707201,2.115497,-0.5545284,0.4707321,1.0
2444280.65833,54.80993,2.891471,-1.164197,0.4706906,2.11532,-0.5546524,0.4707026,1.0
2444280.66192,56.97171,2.891482,-1.164168,0.4706859000000001,2.115292,-0.5546722,0.4706979,1.0
2444280.67542,54.50788000000001,2.891523,-1.164059,0.4706682,2.115186,-0.5547465,0.4706802,1.0
2444280.68171,54.60838,2.891542,-1.164008,0.47066,2.115136,-0.5547812,0.470672,1.0
2444280.7162900004,55.52126,2.891646,-1.163728,0.4706146,2.114864,-0.5549718000000001,0.4706266,1.0
2444280.72237,53.02239,2.891665,-1.163679,0.4706067,2.114816,-0.5550053,0.4706187,1.0
2444280.72662,56.39743000000001,2.891677,-1.163645,0.4706011,2.114782,-0.5550286999999999,0.4706131,1.0
2444280.73358,55.06293,2.891699,-1.1635879999999998,0.470592,2.114728,-0.555067,0.470604,1.0
2444280.74125,57.07676,2.891722,-1.163526,0.4705819000000001,2.114667,-0.5551093,0.4705939,1.0
2444280.74437,56.55347,2.891731,-1.163501,0.4705778000000001,2.114643,-0.5551265000000001,0.4705898,1.0
2444280.75046,58.62181999999999,2.89175,-1.1634520000000002,0.4705699,2.114595,-0.55516,0.4705819000000001,1.0
2444280.75629,57.9241,2.891767,-1.163404,0.4705622,2.114549,-0.5551921999999999,0.4705742,1.0
2444280.75946,56.29363000000001,2.8917770000000003,-1.1633790000000002,0.4705581,2.1145240000000003,-0.5552096,0.4705701,1.0
2444280.76662,56.08662,2.891798,-1.1633209999999998,0.4705487,2.114467,-0.5552491,0.4705607,1.0
2444280.77271,55.31708,2.891817,-1.163272,0.4705407,2.114419,-0.5552826,0.4705527,1.0
2444280.77608,54.96159,2.891827,-1.163244,0.4705363,2.114393,-0.5553011999999999,0.4705483,1.0
2444280.78437,53.80954000000001,2.891852,-1.163177,0.4705254,2.114328,-0.5553469,0.4705374,1.0
2444280.79067,51.3404,2.891871,-1.163126,0.4705170999999999,2.114278,-0.5553816,0.4705291,1.0
2444280.80371,50.86971,2.891911,-1.163021,0.4705,2.114175,-0.5554534000000001,0.470512,1.0
2444280.808,50.58937,2.891923,-1.162986,0.4704944,2.114142,-0.5554771,0.4705064000000001,1.0
2444280.81404,56.60558,2.891942,-1.162937,0.4704865,2.114094,-0.5555104000000001,0.4704985,1.0
2444280.82058,54.30743,2.891962,-1.162884,0.4704779000000001,2.114043,-0.5555464,0.4704899,1.0
2444280.82462,55.67488,2.8919740000000003,-1.162851,0.4704726,2.114011,-0.5555687,0.4704846,1.0
2444280.83025,59.54691999999999,2.891991,-1.162806,0.4704652,2.113966,-0.5555996999999999,0.4704772,1.0
2444280.83383,59.21876,2.892002,-1.162777,0.4704605,2.113938,-0.5556194000000001,0.4704725,1.0
2444280.83946,59.65671,2.892019,-1.162731,0.4704532,2.113894,-0.5556504,0.4704652,1.0
2444280.8455,57.87076999999999,2.892037,-1.162682,0.4704453,2.113846,-0.5556837,0.4704573,1.0
2444280.84887,58.56785,2.8920470000000003,-1.162655,0.4704408,2.11382,-0.5557023,0.4704528,1.0
2444280.8545,56.34551,2.892064,-1.16261,0.4704335,2.113775,-0.5557333000000001,0.4704455,1.0
2444282.55124,59.68434,2.897146,-1.148858,0.4682022,2.100779,-0.5653771,0.4682132000000001,1.0
2444282.55919,60.45891999999999,2.89717,-1.148794,0.4681917,2.10072,-0.5654236999999999,0.4682027,1.0
2444282.56261,62.38216,2.89718,-1.148766,0.4681872,2.100695,-0.5654437,0.4681982,1.0
2444282.61986,60.2921,2.89735,-1.148301,0.4681117,2.100269,-0.5657789000000001,0.4681227,1.0
2444282.62649,60.40326,2.89737,-1.148248,0.468103,2.100219,-0.5658177,0.468114,1.0
2444282.63444,59.84948000000001,2.897393,-1.148183,0.4680925,2.10016,-0.5658641999999999,0.4681035,1.0
2444282.6405700003,61.4696,2.897412,-1.148133,0.4680844,2.100114,-0.5659001,0.4680954000000001,1.0
2444282.64486,59.02832,2.897424,-1.148098,0.4680787,2.100082,-0.5659251999999999,0.4680897,1.0
2444282.65078,58.64897,2.897442,-1.14805,0.4680709,2.100038,-0.5659599000000001,0.4680819000000001,1.0
2444282.65624,56.3716,2.8974580000000003,-1.148006,0.4680637,2.099998,-0.5659918,0.4680747,1.0
2444282.66011,56.47554,2.89747,-1.147975,0.4680586,2.099969,-0.5660145000000001,0.4680696,1.0
2444282.66578,53.53778000000001,2.897486,-1.147929,0.4680511,2.099927,-0.5660476999999999,0.4680621,1.0
2444282.67236,54.28256999999999,2.897506,-1.147875,0.4680425,2.099878,-0.5660861999999999,0.4680535,1.0
2444282.6787400004,56.16431,2.897525,-1.147824,0.468034,2.09983,-0.5661235,0.468045,1.0
2444282.7030700003,55.24086,2.897597,-1.147626,0.468002,2.0996490000000003,-0.5662659999999999,0.468013,1.0
2444282.70986,54.53313000000001,2.897617,-1.147571,0.4679930000000001,2.099599,-0.5663057,0.468004,1.0
2444282.71353,55.85479,2.897628,-1.147541,0.4679882000000001,2.099571,-0.5663272,0.4679992,1.0
2444282.71919,55.13919,2.897645,-1.1474950000000002,0.4679807,2.099529,-0.5663604,0.4679917,1.0
2444282.72782,57.15581,2.897671,-1.147425,0.4679693,2.0994650000000004,-0.5664109,0.4679803,1.0
2444282.73328,57.41963000000001,2.897687,-1.147381,0.4679621,2.099424,-0.5664428,0.4679731,1.0
2444282.73715,56.26786,2.897698,-1.14735,0.467957,2.099395,-0.5664655,0.4679680000000001,1.0
2444282.7437400003,61.35647,2.897718,-1.147296,0.4679483,2.099346,-0.566504,0.4679593,1.0
2444282.7516900003,61.9242,2.897741,-1.147231,0.4679378,2.099287,-0.5665505999999999,0.4679488000000001,1.0
2444282.75603,61.9242,2.897754,-1.147196,0.4679321,2.099255,-0.566576,0.4679431,1.0
2444282.76215,61.29999,2.897772,-1.147147,0.467924,2.099209,-0.5666118,0.4679350000000001,1.0
2444282.76853,59.13715,2.897791,-1.147095,0.4679156,2.099162,-0.5666492,0.4679266,1.0
2444282.77215,58.3795,2.897802,-1.147065,0.4679108,2.099135,-0.5666704,0.4679218,1.0
2444282.77899,55.54697,2.897822,-1.14701,0.4679018,2.099084,-0.5667104000000001,0.4679128,1.0
2444282.78465,55.75199,2.897839,-1.146964,0.4678943,2.099042,-0.5667436,0.4679053,1.0
2444282.78853,53.68592,2.897851,-1.146933,0.4678892,2.099013,-0.5667661999999999,0.4679002,1.0
2444282.7969400003,51.60127,2.897876,-1.146864,0.4678781,2.09895,-0.5668155,0.4678891,1.0
2444282.80419,56.21606,2.897897,-1.146805,0.4678686,2.098896,-0.566858,0.4678796,1.0
2444282.80782,56.8932,2.897908,-1.146776,0.4678638,2.098869,-0.5668791999999999,0.4678748,1.0
2444282.81486,54.88585,2.897929,-1.146719,0.4678545,2.098817,-0.5669204000000001,0.4678655,1.0
2444282.81944,55.85479,2.897943,-1.146682,0.4678485,2.098783,-0.5669472,0.4678595,1.0
2444282.82486,58.27206,2.897959,-1.1466379999999998,0.4678413,2.098743,-0.5669789000000001,0.4678523,1.0
2444282.82986,56.57966999999999,2.897973,-1.146597,0.4678347,2.098705,-0.5670082,0.4678457,1.0
2444282.83603,57.41963000000001,2.897992,-1.146547,0.4678266,2.098659,-0.5670443000000001,0.4678376,1.0
2444282.84261,62.61241,2.898011,-1.146494,0.4678179,2.09861,-0.5670828,0.4678289000000001,1.0
2444282.8464900004,58.48714,2.898023,-1.146462,0.4678128,2.098582,-0.5671055,0.4678238,1.0
2444282.85215,63.83523,2.89804,-1.146416,0.4678053,2.098539,-0.5671387,0.4678163,1.0
2444282.85828,58.75711,2.898058,-1.146367,0.4677972,2.098494,-0.5671746,0.4678082,1.0
2444282.86215,59.62939,2.898069,-1.146335,0.4677920999999999,2.098465,-0.5671972,0.4678031,1.0
2444283.54331,56.58763,2.900081,-1.140803,0.4668925,2.093469,-0.5712406999999999,0.4669025,1.0
2444283.54669,53.54532,2.900091,-1.140776,0.466888,2.093445,-0.571261,0.466898,1.0
2444283.55302,57.63968000000001,2.90011,-1.140724,0.4668796,2.093399,-0.5712991999999999,0.4668896,1.0
2444283.55935,53.1033,2.900128,-1.140673,0.4668712,2.093353,-0.5713373,0.4668812,1.0
2444283.56319,54.79255,2.90014,-1.140642,0.4668661,2.093325,-0.5713604,0.4668761,1.0
2444283.56998,54.84304,2.90016,-1.140587,0.4668571,2.093276,-0.5714013000000001,0.4668672,1.0
2444283.57748,57.26926,2.900182,-1.140526,0.4668472,2.093222,-0.5714464,0.4668572,1.0
2444283.58198,57.63968000000001,2.900195,-1.140489,0.4668413,2.0931900000000003,-0.5714735,0.4668513,1.0
2444283.58785,58.54928,2.900212,-1.140441,0.4668335,2.093147,-0.5715089,0.4668435,1.0
2444283.5951,58.11946,2.900234,-1.140382,0.4668239000000001,2.093095,-0.5715525,0.4668339,1.0
2444283.59939,62.62122,2.900246,-1.140348,0.4668182,2.093064,-0.5715784,0.4668282,1.0
2444283.61094,61.8759,2.90028,-1.140254,0.4668029,2.09298,-0.5716478,0.4668129,1.0
2444283.61839,59.69274,2.900302,-1.140193,0.466793,2.092927,-0.5716926999999999,0.466803,1.0
2444283.62227,58.06595,2.900313,-1.140162,0.4667879,2.092899,-0.5717161000000001,0.4667979,1.0
2444283.62906,59.74775,2.9003330000000003,-1.1401059999999998,0.4667789000000001,2.092849,-0.5717569,0.4667889,1.0
2444283.6356,60.07884,2.900353,-1.140053,0.4667703,2.092802,-0.5717963,0.4667803,1.0
2444283.63923,57.5336,2.900363,-1.140024,0.4667655,2.092776,-0.5718181999999999,0.4667755,1.0
2444283.65981,53.2993,2.900424,-1.139857,0.4667382000000001,2.092627,-0.5719420999999999,0.4667482,1.0
2444283.66819,57.63968000000001,2.900448,-1.139789,0.4667271,2.092567,-0.5719925,0.4667371,1.0
2444283.67248,57.74595,2.900461,-1.1397540000000002,0.4667214,2.092536,-0.5720183000000001,0.4667314,1.0
2444283.7064400003,60.97075,2.900561,-1.139478,0.4666765000000001,2.092291,-0.5722227,0.4666865,1.0
2444283.71319,60.46743000000001,2.9005810000000003,-1.139423,0.4666675,2.092242,-0.5722634,0.4666775,1.0
2444283.7281400003,60.30059,2.900625,-1.139301,0.4666477,2.092134,-0.5723534,0.4666577,1.0
2444283.7686400004,64.25716,2.900744,-1.138972,0.4665941,2.091841,-0.5725972,0.4666041,1.0
2444283.77294,61.36511,2.9007560000000003,-1.138937,0.4665884,2.09181,-0.5726230999999999,0.4665984,1.0
2444283.7792700003,60.85854000000001,2.900775,-1.138886,0.46658,2.091764,-0.5726611999999999,0.46659,1.0
2444283.7853900003,60.80251,2.900793,-1.138836,0.4665719,2.09172,-0.5726981,0.4665819000000001,1.0
2444283.7941900003,58.60323,2.900819,-1.138765,0.4665603,2.091657,-0.572751,0.4665703,1.0
2444283.79827,59.30913,2.900831,-1.138731,0.4665549,2.091627,-0.5727755999999999,0.4665649000000001,1.0
2444283.80485,55.60598,2.90085,-1.138678,0.4665462,2.09158,-0.5728152,0.4665562,1.0
2444283.81277,56.43149,2.900874,-1.138614,0.4665357,2.0915220000000003,-0.5728629,0.4665457,1.0
2444283.81752,57.111230000000006,2.900888,-1.138575,0.4665294,2.091488,-0.5728915,0.4665394000000001,1.0
2444283.82406,58.17301,2.900907,-1.138522,0.4665207,2.091441,-0.5729308000000001,0.4665307,1.0
2444283.8306400003,56.48349,2.900926,-1.138468,0.466512,2.091393,-0.5729704999999999,0.4665220000000001,1.0
2444283.83581,55.04546,2.900941,-1.138426,0.4665052,2.091356,-0.5730016,0.4665152,1.0
2444283.84127,54.59106,2.900957,-1.138382,0.466498,2.091316,-0.5730344,0.466508,1.0
2444283.84919,52.13406,2.9009810000000003,-1.138318,0.4664875,2.091259,-0.5730821,0.4664975,1.0
2444283.85235,54.89358000000001,2.90099,-1.138292,0.4664833,2.091236,-0.5731012,0.4664933,1.0
2444312.5504,58.91339,2.973825,-0.9009077,0.4266916,1.985135,-0.7952522,0.4266896,1.0
2444312.5614,58.37327,2.973849,-0.9008152,0.4266757000000001,1.985136,-0.7953486,0.4266737,1.0
2444312.5674,58.2122,2.973862,-0.9007647,0.426667,1.985136,-0.7954013000000001,0.426665,1.0
2444312.5764,57.57236,2.973881,-0.9006890999999999,0.426654,1.985137,-0.7954802,0.426652,1.0
2444312.5824,55.79741,2.973894,-0.9006386000000001,0.4266453,1.985137,-0.7955328,0.4266433,1.0
2444312.5854,54.82946999999999,2.9739,-0.9006134,0.4266409000000001,1.985137,-0.7955591,0.4266389,1.0
2444312.5914,53.18805,2.973913,-0.9005629999999999,0.4266322,1.985138,-0.7956116999999999,0.4266302,1.0
2444312.5944,53.43355,2.973919,-0.9005378,0.4266279000000001,1.985138,-0.795638,0.4266259,1.0
2444312.5964,51.64331,2.973923,-0.9005209000000001,0.426625,1.985138,-0.7956555999999999,0.426623,1.0
2444312.5994,52.21726,2.97393,-0.9004957,0.4266207,1.985138,-0.7956819,0.4266187,1.0
2444312.6024,52.555,2.973936,-0.9004705,0.4266163,1.985139,-0.7957082,0.4266143,1.0
2444312.6044,52.99246,2.97394,-0.9004537,0.4266134,1.985139,-0.7957257,0.4266114,1.0
2444312.6104,53.63077,2.973953,-0.9004032,0.4266047000000001,1.985139,-0.7957783,0.4266027,1.0
2444312.6124,53.53207,2.973957,-0.9003863999999999,0.4266018,1.985139,-0.7957959,0.4265998,1.0
2444312.6144,53.87832,2.973962,-0.9003696,0.4265989000000001,1.985139,-0.7958134,0.4265969,1.0
2444312.6184,53.68019,2.97397,-0.900336,0.4265932,1.98514,-0.7958485,0.4265912,1.0
2444312.6204,53.97766,2.973974,-0.9003191999999999,0.4265903,1.98514,-0.795866,0.4265883,1.0
2444312.6254,55.13331,2.973985,-0.9002771,0.426583,1.98514,-0.7959099000000001,0.426581,1.0
2444312.6274,56.417530000000006,2.973989,-0.9002603000000001,0.4265801,1.98514,-0.7959274000000001,0.4265781,1.0
2444312.6314,55.64345,2.973998,-0.9002266999999999,0.4265743,1.98514,-0.7959625,0.4265723,1.0
2444312.6434,58.75084,2.974023,-0.9001258,0.426557,1.985141,-0.7960676999999999,0.426555,1.0
2444312.6484,58.80497,2.974034,-0.9000838,0.4265497,1.985142,-0.7961115,0.4265477,1.0
2444312.6534,59.62303000000001,2.9740450000000003,-0.9000417,0.4265425,1.985142,-0.7961554,0.4265405,1.0
2444312.6574,59.788,2.974053,-0.9000081,0.4265367000000001,1.985142,-0.7961905,0.4265347,1.0
2444312.6614,59.62303000000001,2.974062,-0.8999745000000001,0.4265309000000001,1.985142,-0.7962255,0.4265289,1.0
2444312.6664,59.29445,2.974072,-0.8999324000000001,0.4265236,1.985143,-0.7962694,0.4265216,1.0
2444312.6704,59.18533000000001,2.974081,-0.8998988000000001,0.4265179,1.985143,-0.7963045,0.4265159000000001,1.0
2444312.6724,60.17471999999999,2.974085,-0.899882,0.426515,1.985143,-0.796322,0.426513,1.0
2444312.6764,60.28566,2.974094,-0.8998484,0.4265092,1.985143,-0.7963571,0.4265072,1.0
2444312.6784,60.6756,2.974098,-0.8998315999999998,0.4265063,1.985144,-0.7963746,0.4265043,1.0
2444312.6854,60.61974,2.974113,-0.8997726999999999,0.4264960999999999,1.985144,-0.7964359999999999,0.4264941,1.0
2444312.6904,60.6756,2.974124,-0.8997306999999999,0.4264889,1.985144,-0.7964798000000001,0.4264869000000001,1.0
2444312.6934,61.29345,2.97413,-0.8997055,0.4264846,1.985145,-0.7965061999999999,0.4264826,1.0
2444312.6954,60.84348000000001,2.974134,-0.8996886000000001,0.4264817,1.985145,-0.7965237,0.4264797000000001,1.0
2444312.7074,60.563930000000006,2.97416,-0.8995878,0.4264643,1.985145,-0.7966289000000001,0.4264623,1.0
2444312.7114,60.45247,2.974168,-0.8995540999999999,0.4264585,1.985146,-0.796664,0.4264565,1.0
2444312.7174,60.39682,2.974181,-0.8995037,0.4264497999999999,1.985146,-0.7967166,0.4264478,1.0
2444312.7224,59.95343,2.974192,-0.8994617,0.4264426,1.985146,-0.7967605,0.4264406,1.0
2444312.7274,58.37327,2.974202,-0.8994196,0.4264353,1.985147,-0.7968043,0.4264333,1.0
2444312.7304,57.78486,2.974209,-0.8993943999999999,0.4264310000000001,1.985147,-0.7968306,0.426429,1.0
2444312.7334,58.37327,2.974215,-0.8993691999999999,0.4264266,1.985147,-0.7968569000000001,0.4264246,1.0
2444312.7354,57.94474,2.974219,-0.8993523999999999,0.4264237,1.985147,-0.7968744000000001,0.4264217000000001,1.0
2444312.7374,56.99202,2.974224,-0.8993356,0.4264208,1.985147,-0.796892,0.4264188,1.0
2444312.7424,57.0971,2.974234,-0.8992935,0.4264136,1.985148,-0.7969358,0.4264116,1.0
2444312.7454,56.46951,2.974241,-0.8992683000000001,0.4264093,1.985148,-0.7969621,0.4264073,1.0
2444312.7504,55.43883,2.974251,-0.8992263,0.4264020000000001,1.985148,-0.797006,0.4264,1.0
2444312.7534,55.3368,2.9742580000000003,-0.899201,0.4263977,1.985149,-0.7970323,0.4263957,1.0
2444312.7574,55.3368,2.974266,-0.8991674000000001,0.4263919,1.985149,-0.7970674,0.4263899,1.0
2444312.7594,54.52731,2.974271,-0.8991505999999999,0.426389,1.985149,-0.7970849,0.426387,1.0
2444312.7634,54.87999,2.974279,-0.899117,0.4263832,1.985149,-0.7971199999999999,0.4263812,1.0
2444312.7674,54.67818000000001,2.974288,-0.8990833,0.4263774,1.985149,-0.7971550999999999,0.4263754,1.0
2444312.7694,54.22681,2.974292,-0.8990665000000001,0.4263745,1.98515,-0.7971726,0.4263725,1.0
2444312.7744,54.0274,2.974302,-0.8990245000000001,0.4263673,1.98515,-0.7972164,0.4263653,1.0
2444312.7774,54.72856,2.974309,-0.8989993000000001,0.4263629,1.98515,-0.7972427,0.4263609,1.0
2444313.53093,57.02713000000001,2.975904,-0.8926609000000001,0.4252705,1.985287,-0.8038571999999999,0.4252685000000001,1.0
2444313.53797,56.81742,2.975918,-0.8926016999999999,0.4252603,1.98529,-0.8039191,0.4252583,1.0
2444313.54384,58.57085,2.975931,-0.8925521999999999,0.4252517,1.985292,-0.8039706999999999,0.4252497,1.0
2444313.54739,58.67884,2.975938,-0.8925224,0.4252465999999999,1.985293,-0.8040018,0.4252446,1.0
2444313.55326,58.78703,2.975951,-0.892473,0.4252381,1.985295,-0.8040534,0.4252361,1.0
2444313.5568,59.05838000000001,2.9759580000000003,-0.8924431999999999,0.4252329000000001,1.985296,-0.8040845999999999,0.4252309,1.0
2444313.5603400003,57.92706,2.975965,-0.8924133,0.4252278,1.985297,-0.8041156999999999,0.4252258,1.0
2444313.56739,58.30174,2.97598,-0.8923540999999999,0.4252176,1.985299,-0.8041775999999999,0.4252156,1.0
2444313.57093,58.78703,2.975988,-0.8923243000000001,0.4252124,1.985301,-0.8042087,0.4252104,1.0
2444313.57326,57.76723000000001,2.975993,-0.8923046,0.425209,1.985301,-0.8042292,0.425207,1.0
2444313.57326,57.66091,2.975993,-0.8923046,0.425209,1.985301,-0.8042292,0.425207,1.0
2444313.58384,56.92218,2.9760150000000003,-0.8922155999999999,0.4251937,1.985305,-0.8043222,0.4251917000000001,1.0
2444313.58855,56.08949000000001,2.976025,-0.8921759,0.4251868,1.985307,-0.8043636,0.4251848,1.0
2444313.59093,56.08949000000001,2.97603,-0.892156,0.4251834,1.985307,-0.8043845000000001,0.4251814,1.0
2444313.5968,56.45228,2.976042,-0.8921065,0.4251748,1.985309,-0.8044361,0.4251728,1.0
2444313.59914,56.29652,2.9760470000000003,-0.8920869,0.4251715,1.98531,-0.8044566,0.4251695,1.0
2444313.60505,55.47298000000001,2.976059,-0.8920370999999999,0.4251629,1.985312,-0.8045085999999999,0.4251609000000001,1.0
2444313.60739,54.9644,2.976064,-0.8920174000000001,0.4251595,1.985313,-0.8045291,0.4251575,1.0
2444313.61093,54.76228,2.9760720000000003,-0.8919876,0.4251543,1.985314,-0.8045602,0.4251523,1.0
2444313.61209,54.76228,2.976074,-0.8919778,0.4251526,1.985314,-0.8045705,0.4251505999999999,1.0
2444313.61564,53.22081,2.976082,-0.891948,0.4251475,1.985316,-0.8046015999999999,0.4251455,1.0
2444313.62151,52.87879,2.976094,-0.8918985999999999,0.425139,1.985318,-0.8046532,0.425137,1.0
2444313.62384,53.46647,2.976099,-0.8918789,0.4251356,1.985318,-0.8046736999999999,0.4251336,1.0
2444313.62855,53.12286999999999,2.976109,-0.8918393,0.4251287,1.98532,-0.8047151,0.4251267,1.0
2444313.63209,53.31894000000001,2.976116,-0.8918094999999999,0.4251236,1.985321,-0.8047462,0.4251215999999999,1.0
2444313.6368,53.31894000000001,2.976126,-0.8917699,0.4251168,1.985323,-0.8047876,0.4251148,1.0
2444313.63914,53.56505,2.976131,-0.8917502,0.4251134,1.985324,-0.8048081,0.4251114,1.0
2444313.64151,53.8123,2.976136,-0.8917303,0.4251099,1.985324,-0.804829,0.4251079,1.0
2444313.64855,52.29757,2.976151,-0.8916709999999999,0.4250997,1.985327,-0.8048909000000001,0.4250977,1.0
2444313.65326,52.63584,2.9761610000000003,-0.8916314000000001,0.4250929,1.985328,-0.8049323,0.4250909000000001,1.0
2444313.6568,52.44226999999999,2.976168,-0.8916016,0.4250877000000001,1.985329,-0.8049634,0.4250857,1.0
2444313.66739,54.16036,2.9761900000000003,-0.8915125,0.4250724,1.985333,-0.8050564,0.4250704000000001,1.0
2444313.66855,54.16036,2.976193,-0.8915027,0.4250707,1.985333,-0.8050666,0.4250687,1.0
2444313.6768,55.31992,2.97621,-0.8914332,0.4250587000000001,1.985336,-0.8051391,0.4250567,1.0
2444313.67443,55.93473,2.976205,-0.8914532,0.4250621,1.985335,-0.8051183000000001,0.4250601,1.0
2444313.68268,56.55637,2.976223,-0.8913838,0.4250502,1.985338,-0.8051908,0.4250482,1.0
2444313.68505,56.81742,2.976228,-0.8913638,0.4250467000000001,1.985339,-0.8052116,0.4250447,1.0
2444313.69093,56.45228,2.97624,-0.8913144000000001,0.4250382,1.985341,-0.8052633000000001,0.4250362,1.0
2444313.69326,57.02713000000001,2.976245,-0.8912947,0.4250348,1.985342,-0.8052838000000001,0.4250327999999999,1.0
2444313.69914,57.29036,2.976257,-0.8912453000000001,0.4250263,1.985344,-0.8053354,0.4250243,1.0
2444313.70268,57.29036,2.976265,-0.8912155,0.4250210999999999,1.985345,-0.8053665,0.4250191,1.0
2444313.70739,57.76723000000001,2.976275,-0.8911758,0.4250143,1.985346,-0.8054079000000001,0.4250123,1.0
2444313.71093,57.92706,2.976282,-0.8911459999999999,0.4250090999999999,1.985348,-0.805439,0.4250071,1.0
2444313.71093,57.76723000000001,2.976282,-0.8911459999999999,0.4250090999999999,1.985348,-0.805439,0.4250071,1.0
2444313.71443,57.18492,2.976289,-0.8911165999999999,0.4250041,1.9853490000000005,-0.8054698,0.4250021,1.0
2444313.7168,56.66065,2.976294,-0.8910966,0.4250006,1.98535,-0.8054906999999999,0.4249986,1.0
2444313.7168,56.55637,2.976294,-0.8910966,0.4250006,1.98535,-0.8054906999999999,0.4249986,1.0
2444313.72384,55.57526,2.976309,-0.8910372999999999,0.4249904000000001,1.985352,-0.8055525,0.4249884,1.0
2444313.72855,55.21811,2.976319,-0.8909976999999999,0.4249835,1.985354,-0.8055939000000001,0.4249815,1.0
2444313.72972,54.26022,2.976321,-0.8909879,0.4249818,1.985354,-0.8056042,0.4249798,1.0
2444313.73326,53.46647,2.976329,-0.8909581,0.4249767,1.985355,-0.8056353,0.4249747,1.0
2444313.73209,53.46647,2.976326,-0.8909679,0.4249784,1.985355,-0.805625,0.4249764,1.0
2444313.73564,53.8123,2.976334,-0.8909381,0.4249733,1.985356,-0.8056562,0.4249713,1.0
2444313.73914,52.78147,2.976341,-0.8909085999999999,0.4249682,1.985357,-0.8056869000000001,0.4249662,1.0
2444313.74268,52.63584,2.9763490000000004,-0.8908788000000001,0.424963,1.985358,-0.805718,0.424961,1.0
2444313.74505,50.96611,2.976354,-0.8908588,0.4249596,1.985359,-0.8057389,0.4249576,1.0
2444313.74739,50.40592,2.976359,-0.8908391999999999,0.4249562,1.98536,-0.8057594,0.4249542000000001,1.0
2444313.75093,50.31315,2.976366,-0.8908094000000001,0.4249511,1.985361,-0.8057905,0.4249491,1.0
2444313.75564,50.31315,2.976376,-0.8907698000000001,0.4249442,1.985363,-0.8058319,0.4249422000000001,1.0
2444313.75914,51.29577000000001,2.976383,-0.8907403,0.4249391,1.985364,-0.8058626999999999,0.4249371,1.0
2444313.76505,52.29757,2.976396,-0.8906905,0.4249305,1.985366,-0.8059147,0.4249285,1.0
2444313.76739,51.72274,2.976401,-0.8906709,0.4249272,1.985367,-0.8059352,0.4249252000000001,1.0
2446706.29181,648243.6,-2.2030380000000003,-0.359756,-0.1167572,-1.215956,-0.1949783,-0.1167542,1.0
2446706.29993,616223.5,-2.203034,-0.3598546,-0.1167378,-1.215979,-0.1949397,-0.1167348,1.0
2446706.30398,657261.6,-2.203033,-0.3599038,-0.1167281,-1.21599,-0.1949204,-0.1167251,1.0
2446706.31614,663954.4,-2.203027,-0.3600514,-0.116699,-1.216023,-0.1948626,-0.116696,1.0
2446706.33022,660295.3,-2.203021,-0.3602223,-0.1166653,-1.216062,-0.1947956,-0.1166623,1.0
2446706.33348,692688.9,-2.20302,-0.3602618,-0.1166575,-1.216071,-0.1947801,-0.1166545,1.0
2446706.33835,719346.7,-2.203018,-0.3603209000000001,-0.1166458,-1.216084,-0.194757,-0.1166428,1.0
2446706.34806,711439.9,-2.203014,-0.3604388,-0.1166226,-1.2161110000000002,-0.1947108,-0.11661960000000003,1.0
2446706.35131,688871.5,-2.203012,-0.3604782,-0.11661480000000002,-1.216119,-0.1946953,-0.1166118,1.0
2446706.35698,705566.9,-2.20301,-0.3605471,-0.1166012,-1.216135,-0.1946683,-0.1165982,1.0
2446706.35943,726671.7,-2.203009,-0.3605768,-0.1165954,-1.216142,-0.1946567,-0.1165924,1.0
2446706.36864,711439.9,-2.203005,-0.3606886,-0.1165733,-1.216167,-0.1946129,-0.1165703,1.0
2446706.37514,724666.6,-2.203002,-0.3607675,-0.1165578,-1.216185,-0.1945819,-0.1165548,1.0
2446706.37839,713408.4,-2.203001,-0.3608069,-0.11655,-1.216194,-0.1945665,-0.116547,1.0
2446706.38972,712095.5,-2.202996,-0.3609445,-0.1165229,-1.216225,-0.1945126,-0.11651989999999998,1.0
2446706.3986400003,692688.9,-2.202992,-0.3610527,-0.1165015,-1.216249,-0.1944702,-0.1164985,1.0
2446706.4011,688871.5,-2.202991,-0.3610826,-0.1164957,-1.216256,-0.1944584,-0.1164927,1.0
2446706.40839,643484.7,-2.202988,-0.3611711,-0.1164782,-1.216276,-0.1944238,-0.1164752,1.0
2446706.41443,629416.7,-2.202985,-0.3612444,-0.1164638,-1.216292,-0.194395,-0.1164608,1.0
2446706.41843,619638.3,-2.202983,-0.361293,-0.1164542,-1.216303,-0.194376,-0.1164512,1.0
2446706.42572,624796.0,-2.20298,-0.3613814,-0.1164367,-1.216323,-0.1943413,-0.1164337,1.0
2446706.42898,629416.7,-2.202979,-0.361421,-0.1164289,-1.216332,-0.1943258,-0.1164259,1.0
2446706.44681,616223.5,-2.202971,-0.3616374,-0.1163863,-1.216381,-0.194241,-0.1163833,1.0
2446706.45931,658473.4,-2.202966,-0.3617892,-0.11635639999999997,-1.216415,-0.1941815,-0.11635339999999998,1.0
2446706.4641400003,657261.6,-2.202963,-0.3618478,-0.1163448,-1.216429,-0.1941586,-0.1163418,1.0
2446706.47064,651835.8,-2.202961,-0.3619267000000001,-0.1163292,-1.2164469999999998,-0.1941276,-0.1163262,1.0
2446706.47714,653639.4,-2.202958,-0.3620056,-0.1163137,-1.216464,-0.1940967,-0.1163107,1.0
2446706.48035,671333.4,-2.202956,-0.3620445,-0.116306,-1.216473,-0.1940815,-0.116303,1.0
2446706.49285,657261.6,-2.202951,-0.3621963,-0.1162761,-1.216507,-0.194022,-0.1162731,1.0
2446706.4952700003,658473.4,-2.20295,-0.3622256,-0.1162703,-1.216514,-0.1940105,-0.1162673,1.0
2446706.50339,678169.5,-2.202947,-0.3623242,-0.1162509,-1.216536,-0.1939719,-0.1162479,1.0
2446706.51068,674432.1,-2.202943,-0.3624127,-0.1162334,-1.216556,-0.1939372,-0.11623039999999997,1.0
2446706.51393,678169.5,-2.202942,-0.3624521,-0.1162257,-1.216565,-0.1939217,-0.11622269999999997,1.0
2446706.52448,671333.4,-2.202937,-0.3625802,-0.1162004,-1.216594,-0.1938715,-0.1161974,1.0
2446706.53014,680045.9,-2.202935,-0.3626489,-0.1161869,-1.21661,-0.1938446,-0.1161839,1.0
2446706.53939,663954.4,-2.202931,-0.3627612,-0.1161647,-1.216635,-0.1938006,-0.1161617,1.0
2446706.54181,657261.6,-2.20293,-0.3627905,-0.1161589,-1.216642,-0.1937891,-0.1161559,1.0
2446706.54748,639938.5,-2.202927,-0.3628594,-0.1161454,-1.216657,-0.1937621,-0.1161424,1.0
2446706.55072,639938.5,-2.202926,-0.3628987,-0.1161376,-1.216666,-0.1937467,-0.1161346,1.0
2446706.55885,621352.8,-2.202923,-0.3629974,-0.1161182,-1.216688,-0.193708,-0.1161152,1.0
2446706.56206,615089.4,-2.202921,-0.3630363,-0.1161105,-1.216697,-0.1936928,-0.1161075,1.0
2446706.56856,604976.1,-2.202918,-0.3631152,-0.1160949,-1.216715,-0.1936618,-0.11609189999999997,1.0
2446706.57506,603306.8,-2.202916,-0.3631941,-0.1160794,-1.216733,-0.1936309,-0.1160764,1.0
2446706.5786,629416.7,-2.202914,-0.3632371,-0.11607089999999998,-1.216742,-0.1936141,-0.1160679,1.0
2446706.58431,619638.3,-2.202912,-0.3633064,-0.1160572,-1.216758,-0.1935869,-0.1160542,1.0
2446706.5916,639938.5,-2.2029080000000003,-0.3633949,-0.1160398,-1.216778,-0.1935522,-0.1160368,1.0
2450011.45633,43893.48,-1.617463,-1.90274,0.2329566,-0.7314170999999999,-1.448621,0.2329536,1.0
2450011.4678700003,42894.34,-1.617381,-1.902836,0.2329822,-0.7314305999999999,-1.448543,0.2329792,1.0
2450011.48012,41956.57,-1.617295,-1.902939,0.2330094,-0.7314448,-1.448459,0.2330064,1.0
2450011.48829,41686.94,-1.617238,-1.903007,0.2330276,-0.7314544,-1.448403,0.2330246,1.0
2450011.49608,41380.91,-1.617183,-1.903072,0.2330449,-0.7314634,-1.44835,0.2330419,1.0
2450011.50362,41879.36,-1.61713,-1.903136,0.2330616,-0.7314722,-1.448298,0.23305860000000006,1.0
2450011.51025,42189.07,-1.617084,-1.903191,0.2330764,-0.7314799,-1.448253,0.2330734,1.0
2450011.5170400003,43291.24,-1.617036,-1.903248,0.2330915,-0.7314879,-1.448206,0.23308850000000006,1.0
2450011.52154,43853.07,-1.617004,-1.903286,0.2331015,-0.7314931,-1.448175,0.2330985,1.0
2450011.5260400004,43853.07,-1.616973,-1.903323,0.2331115,-0.7314983,-1.448145,0.2331085,1.0
2450011.5305,43974.41,-1.616941,-1.903361,0.2331214,-0.7315035,-1.448114,0.2331184,1.0
2450011.535,44998.7,-1.61691,-1.903398,0.2331314,-0.7315088000000001,-1.448083,0.2331284,1.0
2450011.53946,45456.92,-1.616878,-1.903436,0.2331413,-0.731514,-1.448053,0.2331383,1.0
2450011.54441,46216.81,-1.616843,-1.903477,0.2331523,-0.7315196999999999,-1.448019,0.2331493,1.0
2450011.5510400003,46387.4,-1.616797,-1.903533,0.233167,-0.7315275,-1.447974,0.233164,1.0
2450011.5555,45331.49,-1.616766,-1.90357,0.2331769,-0.7315326999999999,-1.447943,0.2331739,1.0
2450011.56,45708.82,-1.616734,-1.903608,0.2331869,-0.7315379,-1.447912,0.2331839,1.0
2450011.5645,45040.17,-1.616702,-1.903645,0.2331969,-0.7315431,-1.447882,0.2331939,1.0
2450011.57487,43974.41,-1.616629,-1.903732,0.23322,-0.7315552,-1.447811,0.233217,1.0
2450011.59037,41840.8,-1.6165200000000002,-1.903862,0.2332544,-0.7315733,-1.447705,0.23325140000000005,1.0
2450011.59696,41001.52,-1.616474,-1.903917,0.233269,-0.731581,-1.44766,0.233266,1.0
2450011.60316,40401.73,-1.616431,-1.903969,0.2332828,-0.7315881999999999,-1.447617,0.2332798,1.0
2450011.60941,40550.85,-1.616387,-1.904021,0.2332967,-0.7315955,-1.447575,0.2332937,1.0
2450011.6156200003,41304.75,-1.616343,-1.904073,0.2333105,-0.7316026999999999,-1.447532,0.2333075,1.0
2450011.6225,42775.98,-1.616295,-1.904131,0.2333258,-0.7316107,-1.447485,0.2333228,1.0
2450011.62862,43893.48,-1.616252,-1.904182,0.2333394,-0.7316178000000001,-1.447443,0.2333364,1.0
2450011.63429,44709.52,-1.616212,-1.90423,0.233352,-0.7316244000000001,-1.447404,0.233349,1.0
2450011.63991,44957.28,-1.616172,-1.904277,0.2333645,-0.731631,-1.447366,0.2333615,1.0
2450011.64558,44833.23,-1.616132,-1.904324,0.23337710000000006,-0.7316376,-1.447327,0.2333741,1.0
2450011.65121,45040.17,-1.616093,-1.904371,0.23338960000000006,-0.7316441999999999,-1.447289,0.2333866,1.0
2450011.65687,44915.89,-1.616053,-1.904419,0.2334022,-0.7316508,-1.44725,0.23339920000000006,1.0
2450011.6625,44998.7,-1.6160139999999998,-1.904466,0.2334147,-0.7316573000000001,-1.447211,0.23341170000000006,1.0
2450011.66875,45248.06,-1.61597,-1.904518,0.2334286,-0.7316646,-1.447169,0.2334256,1.0
2450011.68187,45123.21,-1.615877,-1.904628,0.2334577,-0.7316799,-1.447079,0.2334547,1.0
2450011.68637,45624.7,-1.615846,-1.904666,0.2334677,-0.7316851,-1.447048,0.2334647,1.0
2450011.69133,46174.27,-1.615811,-1.904707,0.23347870000000004,-0.7316909,-1.447014,0.2334757,1.0
2450011.6962900003,46216.81,-1.615776,-1.904749,0.2334898,-0.7316967,-1.44698,0.2334868,1.0
2450011.70079,46131.76,-1.615744,-1.904787,0.2334998,-0.7317019,-1.44695,0.2334968,1.0
2450011.70571,46859.75,-1.61571,-1.904828,0.2335107,-0.7317076,-1.446916,0.2335077,1.0
2450011.71021,46472.92,-1.6156780000000002,-1.9048650000000005,0.23352070000000005,-0.7317129,-1.446885,0.2335177,1.0
2450011.71471,46730.45,-1.6156469999999998,-1.904903,0.23353070000000006,-0.7317180999999999,-1.446854,0.2335277,1.0
2450011.72196,46644.45,-1.6155959999999998,-1.904964,0.2335468,-0.7317266,-1.446805,0.2335438,1.0
2450079.19383,55616.03,-1.082675,-2.386052,0.3721101,-1.177076,-1.407199,0.3720981,1.0
2450079.21459,55309.53,-1.082496,-2.386174,0.3721488,-1.177258,-1.407357,0.3721368,1.0
2450079.22118,56182.36,-1.082439,-2.386212,0.3721611,-1.177316,-1.407407,0.3721491,1.0
2450079.22521,56702.21,-1.0824049999999998,-2.386236,0.3721687,-1.177351,-1.407438,0.3721567,1.0
2450079.23847,58938.63,-1.08229,-2.386314,0.3721934,-1.177468,-1.407539,0.3721814000000001,1.0
2450079.24246,59319.84,-1.082256,-2.386337,0.3722009,-1.177503,-1.40757,0.3721889,1.0
2450079.24643,59156.16,-1.082222,-2.38636,0.3722083,-1.177538,-1.4076,0.3721963,1.0
2450079.25041,58884.37,-1.082187,-2.3863830000000004,0.3722157,-1.1775719999999998,-1.40763,0.3722037,1.0
2450079.25605,59101.7,-1.082139,-2.386416,0.3722262,-1.177622,-1.407673,0.3722142000000001,1.0
2450079.26004,59156.16,-1.0821040000000002,-2.3864400000000003,0.3722337,-1.177657,-1.407704,0.3722217,1.0
2450079.26402,59047.29,-1.08207,-2.386463,0.3722411,-1.177692,-1.407734,0.3722291,1.0
2450079.26799,59429.22,-1.082036,-2.386486,0.3722485,-1.177727,-1.407765,0.3722365,1.0
2450079.2738,59593.65,-1.081986,-2.38652,0.3722594,-1.177778,-1.407809,0.3722474,1.0
2450079.2778,60089.7,-1.081951,-2.386544,0.3722669,-1.177813,-1.4078389999999998,0.3722549000000001,1.0
2450079.28182,60589.87,-1.081916,-2.386567,0.3722744,-1.177848,-1.4078700000000002,0.3722624000000001,1.0
2450079.28581,61206.85,-1.081882,-2.386591,0.3722818,-1.177883,-1.4079,0.3722698,1.0
2450079.29149,61489.36,-1.081833,-2.3866240000000003,0.3722924,-1.177933,-1.407944,0.3722804,1.0
2450079.30369,62517.27,-1.081728,-2.386695,0.3723152,-1.17804,-1.408037,0.3723032,1.0
2450079.30769,62287.37,-1.081693,-2.386719,0.3723227,-1.178075,-1.408067,0.3723107,1.0
2450079.31184,62344.77,-1.081657,-2.386743,0.3723304,-1.178111,-1.408099,0.3723184,1.0
2450079.31588,62001.19,-1.081623,-2.386767,0.3723379000000001,-1.1781469999999998,-1.40813,0.3723259,1.0
2450079.32748,61432.76,-1.081523,-2.386835,0.3723596,-1.178249,-1.408219,0.3723476,1.0
2450079.33146,61489.36,-1.081488,-2.386858,0.372367,-1.178284,-1.408249,0.372355,1.0
2450079.34196,60200.49,-1.081398,-2.386919,0.3723866,-1.178376,-1.4083290000000002,0.3723746,1.0
2450079.34605,59265.23,-1.0813620000000002,-2.386943,0.3723943,-1.178412,-1.40836,0.3723823,1.0
2450079.35008,58938.63,-1.081328,-2.386967,0.3724018,-1.178447,-1.408391,0.3723898,1.0
2450079.35984,57226.87,-1.081243,-2.3870240000000003,0.37242,-1.178533,-1.408465,0.372408,1.0
2450079.36381,56754.46,-1.081209,-2.387047,0.3724274,-1.178567,-1.408496,0.3724154000000001,1.0
2450079.36788,55975.76,-1.081174,-2.387071,0.372435,-1.178603,-1.408527,0.372423,1.0
2450079.37981,54350.06,-1.081071,-2.387141,0.3724573,-1.178708,-1.408618,0.3724453,1.0
2450079.38393,54250.03,-1.081036,-2.387165,0.372465,-1.178744,-1.408649,0.372453,1.0
2450079.3879400003,54450.27,-1.081001,-2.387188,0.3724725,-1.178779,-1.40868,0.3724605,1.0
2450079.39196,55156.92,-1.080966,-2.387212,0.37248,-1.178814,-1.408711,0.372468,1.0
2450079.39763,56441.69,-1.080917,-2.387245,0.3724906,-1.178864,-1.408754,0.3724786,1.0
2450079.40908,57597.02,-1.080819,-2.387312,0.372512,-1.178965,-1.408841,0.3725,1.0
2450079.41312,57862.87,-1.080784,-2.387336,0.3725195,-1.179,-1.408872,0.3725075,1.0
2450079.41714,58398.27,-1.080749,-2.387359,0.372527,-1.179035,-1.408903,0.372515,1.0
2450079.42126,58776.0,-1.080714,-2.3873830000000003,0.3725347,-1.179072,-1.408934,0.3725227,1.0
2450079.4270200003,59979.11,-1.0806639999999998,-2.387417,0.3725454,-1.179122,-1.408978,0.3725334,1.0
2450079.43786,60701.58,-1.08057,-2.387481,0.3725657,-1.179217,-1.409061,0.3725537,1.0
2450079.44191,60422.68,-1.080535,-2.3875040000000003,0.3725732,-1.179253,-1.409092,0.3725612,1.0
2450079.44599,60255.96,-1.0805,-2.387528,0.3725809,-1.179289,-1.409123,0.3725689,1.0
2450079.4569,59868.72,-1.080406,-2.387592,0.3726012,-1.179384,-1.409206,0.3725892,1.0
2450079.4632200003,59156.16,-1.080352,-2.387629,0.372613,-1.17944,-1.409255,0.372601,1.0
2450079.4672,58721.89,-1.080317,-2.387652,0.3726205,-1.179475,-1.409285,0.3726085,1.0
2450079.47862,56337.82,-1.080219,-2.387719,0.3726418,-1.179575,-1.4093719999999998,0.3726298,1.0
2450079.48262,54752.0,-1.080184,-2.387743,0.3726493,-1.17961,-1.409403,0.3726373,1.0
2450079.48668,54300.02,-1.080149,-2.387766,0.3726568,-1.179646,-1.409434,0.3726448,1.0
2450079.49071,54200.09,-1.080115,-2.3877900000000003,0.3726644,-1.179681,-1.409464,0.3726524000000001,1.0
2450079.49648,54150.19,-1.080065,-2.387824,0.3726751,-1.179732,-1.409508,0.3726631,1.0
2450079.50858,56285.95,-1.07996,-2.387895,0.3726977,-1.179838,-1.409601,0.3726857,1.0
2450461.31512,53.10746999999999,2.2358290000000003,-2.134728,0.6038315,1.856328,-1.227394,0.6038195,1.0
2450461.3210400003,53.00973000000001,2.235867,-2.134692,0.6038279000000001,1.856271,-1.227398,0.6038159000000001,1.0
2450461.32428,52.96093000000001,2.235888,-2.134673,0.6038259,1.856239,-1.227401,0.6038139,1.0
2450461.32674,53.45097,2.235903,-2.1346580000000004,0.6038243000000001,1.856215,-1.227403,0.6038123000000001,1.0
2450461.33139,53.94555,2.235933,-2.134631,0.6038215,1.856169,-1.227406,0.6038095,1.0
2450461.33319,53.59887,2.235944,-2.13462,0.6038204,1.856152,-1.227408,0.6038084,1.0
2450461.33682,54.64565,2.235967,-2.134598,0.6038180999999999,1.856116,-1.22741,0.6038061,1.0
2450461.34137,54.3445,2.235996,-2.134571,0.6038153,1.856072,-1.227414,0.6038033,1.0
2450461.3448400004,54.7464,2.236019,-2.134551,0.6038131,1.856038,-1.227417,0.6038011,1.0
2450461.34832,54.89788000000001,2.236041,-2.13453,0.603811,1.856004,-1.227419,0.603799,1.0
2450461.35179,55.04978000000001,2.236063,-2.134509,0.6038088,1.85597,-1.227422,0.6037968,1.0
2450461.35526,55.04978000000001,2.236085,-2.134489,0.6038066999999999,1.855936,-1.227425,0.6037946999999999,1.0
2450461.35874,54.84734,2.236107,-2.134468,0.6038045,1.855902,-1.227427,0.6037925000000001,1.0
2450461.36221,55.30388000000001,2.236129,-2.134447,0.6038024000000001,1.855868,-1.22743,0.6037904000000001,1.0
2450461.36568,54.94846999999999,2.236151,-2.134426,0.6038001999999999,1.855834,-1.227433,0.6037882,1.0
2450461.36915,54.69600000000001,2.236173,-2.134406,0.6037981,1.8558,-1.227435,0.6037861,1.0
2450461.37262,54.24449,2.236196,-2.134385,0.6037958999999999,1.855767,-1.227438,0.6037839,1.0
2450461.37673,54.29447,2.236222,-2.134361,0.6037934,1.855726,-1.227441,0.6037814,1.0
2450461.3802,53.99526,2.236244,-2.1343400000000003,0.6037913,1.855692,-1.227444,0.6037793,1.0
2450461.38368,53.89588000000001,2.236266,-2.134319,0.6037891,1.855659,-1.2274459999999998,0.6037771,1.0
2450461.38715,53.74717,2.236288,-2.134299,0.603787,1.855625,-1.227449,0.603775,1.0
2450461.39062,52.42707,2.23631,-2.134278,0.6037848000000001,1.855591,-1.227452,0.6037728,1.0
2450461.39409,52.42707,2.236332,-2.134257,0.6037826999999999,1.855557,-1.227454,0.6037707,1.0
2450461.39757,51.75539000000001,2.236354,-2.134237,0.6037805,1.855523,-1.227457,0.6037685,1.0
2450461.4010400004,51.75539000000001,2.236377,-2.134216,0.6037784,1.855489,-1.22746,0.6037664,1.0
2450461.4045,51.42279,2.236399,-2.134195,0.6037762,1.855455,-1.227462,0.6037642,1.0
2450461.40797,51.09232,2.236421,-2.134175,0.6037741,1.855421,-1.227465,0.6037621,1.0
2450461.41209,50.6239,2.236447,-2.13415,0.6037715,1.855381,-1.227468,0.6037595,1.0
2450461.41603,49.83743,2.236472,-2.134127,0.6037691,1.855342,-1.227471,0.6037571,1.0
2450461.43551,48.79278,2.236596,-2.13401,0.603757,1.855152,-1.227486,0.603745,1.0
2450461.4379,48.21205,2.236611,-2.133996,0.6037555,1.855129,-1.227488,0.6037435,1.0
2450461.44137,48.30094,2.236634,-2.133976,0.6037534000000001,1.855095,-1.227491,0.6037414000000001,1.0
2450461.44484,48.70299,2.236656,-2.133955,0.6037511999999999,1.855061,-1.227494,0.6037392,1.0
2450461.44832,49.19892,2.236678,-2.133934,0.6037491,1.855027,-1.227496,0.6037371,1.0
2450461.4517900003,49.24426,2.2367,-2.133913,0.6037469,1.854993,-1.227499,0.6037349,1.0
2450461.45526,50.02137000000001,2.2367220000000003,-2.133893,0.6037448000000001,1.854959,-1.227502,0.6037328000000001,1.0
2450461.45874,50.1136,2.236744,-2.133872,0.6037425999999999,1.854925,-1.2275040000000002,0.6037306,1.0
2450461.46221,50.48421,2.236766,-2.133851,0.6037405,1.854891,-1.227507,0.6037285,1.0
2450461.46568,50.90443,2.236788,-2.1338310000000003,0.6037383000000001,1.854857,-1.22751,0.6037263,1.0
2450461.46915,51.37545,2.236811,-2.13381,0.6037362,1.854823,-1.2275120000000002,0.6037241999999999,1.0
2450461.4753,52.33059,2.23685,-2.133773,0.6037324000000001,1.854763,-1.227517,0.6037204,1.0
2450461.4783400004,52.09015,2.236869,-2.133755,0.6037305000000001,1.854733,-1.227519,0.6037185,1.0
2450461.48223,52.33059,2.236894,-2.133732,0.6037281,1.854695,-1.227522,0.6037161,1.0
2450461.48223,52.23428,2.236894,-2.133732,0.6037281,1.854695,-1.227522,0.6037161,1.0
2450461.48917,53.30348000000001,2.2369380000000003,-2.133691,0.6037238,1.854628,-1.2275280000000002,0.6037118,1.0
2450461.49265,53.00973000000001,2.23696,-2.13367,0.6037216,1.854594,-1.22753,0.6037096,1.0
2450461.49611,53.40176,2.236982,-2.133649,0.6037195,1.85456,-1.227533,0.6037075,1.0
2450461.49958,53.058580000000006,2.237004,-2.133629,0.6037174,1.854526,-1.227536,0.6037054000000001,1.0
2450461.50305,52.57213,2.237027,-2.133608,0.6037151999999999,1.854492,-1.227538,0.6037031999999999,1.0
2450461.5065200003,52.42707,2.2370490000000003,-2.133587,0.6037130999999999,1.854458,-1.227541,0.6037011,1.0
2450461.50999,52.62058,2.237071,-2.133567,0.6037109,1.854424,-1.227544,0.6036989,1.0
2450461.51347,52.18619,2.237093,-2.133546,0.6037088,1.85439,-1.2275459999999998,0.6036968,1.0
2450461.51811,51.47017,2.2371220000000003,-2.133518,0.6037059,1.854345,-1.22755,0.6036939,1.0
2450461.52158,50.3913,2.237145,-2.133498,0.6037037,1.854311,-1.227553,0.6036916999999999,1.0
2450461.52505,49.97532,2.237167,-2.133477,0.6037016,1.854277,-1.227555,0.6036895999999999,1.0
2450461.52853,49.38051,2.237189,-2.133456,0.6036994000000001,1.854243,-1.227558,0.6036874,1.0
2450461.532,49.28964000000001,2.237211,-2.133436,0.6036973000000001,1.854209,-1.227561,0.6036853,1.0
2450461.53547,48.74787,2.237233,-2.1334150000000003,0.6036951,1.854175,-1.227563,0.6036831,1.0
2450461.5389400003,48.83774,2.237255,-2.133394,0.603693,1.854141,-1.227566,0.603681,1.0
2450461.54589,48.74787,2.237299,-2.133353,0.6036887,1.854073,-1.227571,0.6036767,1.0
2450461.55182,49.15363,2.237337,-2.133318,0.603685,1.854015,-1.227576,0.6036729999999999,1.0
2450494.5207,1044515.0,2.435437,-1.926232,0.5801803000000001,1.612619,-1.379787,0.5801713000000001,1.0
2450494.5207,1044515.0,2.435437,-1.926232,0.5801803000000001,1.612619,-1.379787,0.5801713000000001,1.0
2450494.52642,1048370.0,2.43547,-1.926195,0.5801757,1.612595,-1.379832,0.5801666999999999,1.0
2450494.52642,1048370.0,2.43547,-1.926195,0.5801757,1.612595,-1.379832,0.5801666999999999,1.0
2450494.53215,1055151.0,2.435502,-1.926157,0.5801710999999999,1.612572,-1.379876,0.5801621,1.0
2450494.53787,1051271.0,2.435534,-1.926119,0.5801665,1.612548,-1.379921,0.5801575,1.0
2450494.5436,1056123.0,2.435566,-1.926081,0.5801619,1.612525,-1.379966,0.5801529000000001,1.0
2450494.5499400003,1059045.0,2.435602,-1.926039,0.5801568,1.612499,-1.380016,0.5801478,1.0
2450494.55567,1062954.0,2.435634,-1.926002,0.5801522,1.612475,-1.380061,0.5801432,1.0
2450494.56139,1075758.0,2.435667,-1.925964,0.5801476,1.612452,-1.380105,0.5801386,1.0
2450494.5671200003,1085712.0,2.435699,-1.925926,0.5801430000000001,1.612428,-1.38015,0.580134,1.0
2450494.57283,1094749.0,2.435731,-1.925889,0.5801384,1.6124040000000002,-1.380195,0.5801294,1.0
2450494.5787,1103861.0,2.435764,-1.92585,0.5801335999999999,1.61238,-1.380241,0.5801246,1.0
2450494.58442,1106916.0,2.435796,-1.925812,0.580129,1.612357,-1.380286,0.58012,1.0
2450494.59015,1103861.0,2.435829,-1.925774,0.5801244000000001,1.612333,-1.380331,0.5801154000000001,1.0
2450494.59588,1092734.0,2.435861,-1.925737,0.5801198000000001,1.61231,-1.380376,0.5801108,1.0
2450494.6016,1087713.0,2.435893,-1.925699,0.5801151999999999,1.612286,-1.38042,0.5801062,1.0
2450494.60746,1074767.0,2.435926,-1.92566,0.5801105,1.612262,-1.380466,0.5801015,1.0
2450494.61318,1073778.0,2.435959,-1.925622,0.5801059000000001,1.6122379999999998,-1.380511,0.5800969,1.0
2450494.61891,1060998.0,2.435991,-1.925585,0.5801013,1.612215,-1.380556,0.5800923000000001,1.0
2450494.62464,1050303.0,2.436023,-1.925547,0.5800966999999999,1.612191,-1.380601,0.5800877,1.0
2450494.63036,1037802.0,2.436055,-1.925509,0.5800920999999999,1.612168,-1.3806459999999998,0.5800831,1.0
2450494.63621,1028287.0,2.4360880000000003,-1.925471,0.5800874,1.612144,-1.380691,0.5800783,1.0
2450494.64194,1018860.0,2.436121,-1.925433,0.5800827,1.61212,-1.380736,0.5800736999999999,1.0
2450494.64766,1006733.0,2.436153,-1.925395,0.5800781,1.612096,-1.380781,0.5800691,1.0
2450494.65338,994751.3,2.436185,-1.925357,0.5800735,1.612073,-1.380826,0.5800645000000001,1.0
2450494.6591,984724.0,2.436217,-1.92532,0.5800689,1.612049,-1.380871,0.5800599,1.0
2450494.66495,974797.7,2.43625,-1.925281,0.5800642,1.612025,-1.380917,0.5800552,1.0
2450494.67068,977494.9,2.436283,-1.925243,0.5800596,1.612002,-1.380961,0.5800506,1.0
2450494.6764,988358.5,2.436315,-1.925206,0.580055,1.611978,-1.381006,0.580046,1.0
2450494.68212,1005807.0,2.436347,-1.925168,0.5800504,1.611955,-1.381051,0.5800414,1.0
2450494.68785,1025450.0,2.43638,-1.92513,0.5800458000000001,1.611931,-1.381096,0.5800368,1.0
2450494.6937,1037802.0,2.436412,-1.925092,0.5800411,1.611907,-1.381142,0.5800320999999999,1.0
2450494.69942,1049336.0,2.436445,-1.925054,0.5800365,1.611883,-1.381186,0.5800274999999999,1.0
2450494.70514,1062954.0,2.436477,-1.925016,0.5800319,1.61186,-1.381231,0.5800229,1.0
2450494.71085,1069829.0,2.436509,-1.924978,0.5800273,1.611836,-1.381276,0.5800183000000001,1.0
2450494.71658,1073778.0,2.436541,-1.924941,0.5800227,1.611813,-1.381321,0.5800137,1.0
2450494.72274,1070815.0,2.436576,-1.9249,0.5800177,1.611787,-1.381369,0.5800086999999999,1.0
2450494.72846,1067860.0,2.436608,-1.924862,0.5800131,1.611764,-1.381414,0.5800041,1.0
2450494.73418,1060998.0,2.436641,-1.924825,0.5800085,1.61174,-1.381459,0.5799995,1.0
2450494.7398900003,1048370.0,2.436673,-1.924787,0.5800039,1.611717,-1.381503,0.5799949000000001,1.0
2450494.74562,1028287.0,2.436705,-1.9247490000000005,0.5799993,1.611693,-1.381548,0.5799903000000001,1.0
2450494.75179,1011380.0,2.4367400000000004,-1.924708,0.5799943000000001,1.611668,-1.381597,0.5799853,1.0
2450494.75751,996585.4,2.436772,-1.924671,0.5799896999999999,1.611644,-1.381641,0.5799807,1.0
2450494.76324,987448.6,2.436804,-1.9246330000000005,0.5799850999999999,1.611621,-1.381686,0.5799761,1.0
2450494.76896,985631.3,2.436837,-1.924595,0.5799805,1.611597,-1.381731,0.5799715,1.0
2450494.7746900003,986539.6,2.436869,-1.924557,0.5799759,1.611574,-1.381776,0.5799669,1.0
2450494.78112,992006.5,2.436905,-1.924515,0.5799707,1.6115469999999998,-1.381826,0.5799616999999999,1.0
2450494.78685,1000264.0,2.436938,-1.924477,0.5799661,1.611524,-1.3818709999999998,0.5799571,1.0
2450494.79257,1025450.0,2.43697,-1.92444,0.5799615,1.6115,-1.381916,0.5799525,1.0
2450494.79831,1035892.0,2.437002,-1.924402,0.5799569,1.611476,-1.381961,0.5799479000000001,1.0
2450494.80403,1054179.0,2.437034,-1.924364,0.5799523,1.611453,-1.3820059999999998,0.5799433,1.0
2450494.80989,1051271.0,2.437067,-1.924325,0.5799475000000001,1.611429,-1.382052,0.5799385,1.0
