2443405.262667,0.9867599,-2.4368211,-0.22374326,-0.22414145,-1.43465352,-0.29331335,-0.22414104,1.0
2443405.271375,0.9501924,-2.43682384,-0.22384396,-0.2241429,-1.43464833,-0.29326518,-0.22414248,1.0
2443405.275708,0.9904021,-2.4368252,-0.22389406,-0.22414361,-1.43464576,-0.29324121,-0.22414319,1.0
2443405.280083,0.9858515,-2.43682657,-0.22394465,-0.22414434,-1.43464316,-0.29321701,-0.22414392,1.0
2443405.284417,1.030413,-2.43682793,-0.22399477,-0.22414506,-1.4346406,-0.29319304,-0.22414463,1.0
2443405.293125,1.047639,-2.43683066,-0.22409547,-0.22414650000000005,-1.43463546,-0.29314486,-0.22414606,1.0
2443405.300375,1.114324,-2.43683292,-0.22417931,-0.22414771,-1.43463119,-0.29310475,-0.22414726,1.0
2443405.3047080003,1.111249,-2.43683428,-0.22422941,-0.22414843,-1.43462864,-0.29308078,-0.22414797,1.0
2443405.306167,1.057332,-2.43683473,-0.22424628,-0.22414867,-1.43462779,-0.29307271,-0.22414821,1.0
2443405.313417,1.080965,-2.436837,-0.22433012,-0.22414987,-1.43462354,-0.2930326,-0.22414941,1.0
2443405.322083,1.016276,-2.4368397,-0.22443033,-0.22415131,-1.43461849,-0.29298465,-0.22415083,1.0
2443405.327917,1.006958,-2.43684152,-0.22449779,-0.22415227,-1.43461509,-0.29295237,-0.22415179,1.0
2443405.3337080004,0.9501924,-2.43684332,-0.22456476,-0.22415323,-1.43461173,-0.29292033,-0.22415275,1.0
2443405.3395,0.9528214,-2.43684512,-0.22463173,-0.22415419,-1.43460838,-0.29288828,-0.22415370000000004,1.0
2443405.345292,0.9458266,-2.43684692,-0.22469871,-0.22415515,-1.43460504,-0.29285623,-0.22415465,1.0
2443405.351083,0.9423484,-2.43684872,-0.22476567,-0.22415611,-1.4346017,-0.29282419,-0.22415561,1.0
2443405.359792,0.9687496,-2.43685142,-0.22486638,-0.22415755,-1.4345967,-0.29277599,-0.22415704,1.0
2443405.369917,0.9913146,-2.43685455,-0.22498346,-0.22415923,-1.43459091,-0.29271996,-0.22415871,1.0
2443405.372833,0.9858515,-2.43685545,-0.22501718,-0.22415971,-1.43458924,-0.29270382,-0.22415918,1.0
2443405.3757080003,0.9750156,-2.43685634,-0.22505042,-0.22416019,-1.43458761,-0.29268791,-0.22415966,1.0
2443405.382958,0.9687496,-2.43685858,-0.22513426,-0.22416139,-1.43458349,-0.29264779,-0.22416085,1.0
2443405.387333,0.981322,-2.43685993,-0.22518485,-0.22416211,-1.434581,-0.29262358,-0.22416157,1.0
2443405.393125,0.9958903,-2.43686172,-0.22525182,-0.22416307,-1.43457773,-0.29259152,-0.22416252,1.0
2443405.40325,1.002332,-2.43686484,-0.2253689,-0.22416475,-1.43457202,-0.29253548,-0.22416418,1.0
2443405.411958,1.000487,-2.43686751,-0.22546959,-0.22416619,-1.43456713,-0.29248728,-0.22416561,1.0
2443405.41775,1.008815,-2.43686929,-0.22553657,-0.22416714,-1.43456389,-0.29245522,-0.22416657,1.0
2443405.425,1.014405,-2.43687152,-0.2256204,-0.22416834,-1.43455984,-0.29241509,-0.22416776,1.0
2443405.43225,1.020967,-2.43687374,-0.22570423,-0.22416954,-1.43455581,-0.29237496,-0.22416895,1.0
2443405.438042,1.008815,-2.43687551,-0.22577121,-0.2241705,-1.43455259,-0.2923429,-0.2241699,1.0
2443405.445292,1.030413,-2.43687773,-0.22585504,-0.2241717,-1.43454858,-0.29230276,-0.22417109,1.0
2443405.458333,0.9750156,-2.43688171,-0.22600583,-0.22417385,-1.4345414,-0.29223057,-0.22417323,1.0
2443405.4655830003,0.9554579,-2.43688392,-0.22608966,-0.22417505,-1.43453742,-0.29219043,-0.22417442,1.0
2443405.469917,0.9328494,-2.43688524,-0.22613978,-0.22417576,-1.43453505,-0.29216644,-0.22417513,1.0
2443405.481542,0.9397482,-2.43688878,-0.2262742,-0.22417768,-1.43452872,-0.29210207,-0.22417703,1.0
2443405.48875,0.9732211,-2.43689097,-0.22635754,-0.22417887,-1.43452481,-0.29206216,-0.22417821,1.0
2443405.50325,0.9995661,-2.43689536,-0.2265252,-0.22418126,-1.43451698,-0.29198187,-0.22418059,1.0
2443405.514875,0.981322,-2.43689888,-0.22665962,-0.22418318,-1.43451074,-0.2919175,-0.22418249,1.0
2443405.519208,0.9750156,-2.43690019,-0.22670972,-0.2241839,-1.43450842,-0.29189351,-0.22418320000000005,1.0
2443405.5264580003,1.016276,-2.43690238,-0.22679355,-0.22418509,-1.43450455,-0.29185336,-0.22418439,1.0
2443405.533708,1.056359,-2.43690457,-0.22687738,-0.22418629,-1.4345007,-0.29181321,-0.22418558,1.0
2443405.542375,1.069083,-2.43690718,-0.22697759,-0.22418771,-1.43449611,-0.29176521,-0.224187,1.0
2443405.549625,1.0710540000000002,-2.43690936,-0.22706142,-0.22418891,-1.43449228,-0.29172506,-0.22418818,1.0
2443405.559792,1.096002,-2.43691241,-0.22717898,-0.22419058,-1.43448694,-0.29166875,-0.22418985,1.0
2443405.568458,1.046674,-2.43691501,-0.22727918,-0.22419201,-1.4344823999999998,-0.29162075,-0.22419126,1.0
2443405.572833,1.025679,-2.43691632,-0.22732976,-0.22419273,-1.43448012,-0.29159652,-0.22419198,1.0
2443405.577167,0.9777133,-2.43691762,-0.22737988,-0.22419344,-1.43447786,-0.29157251,-0.22419269,1.0
2443405.580083,0.9904021,-2.43691849,-0.22741359,-0.22419392,-1.43447634,-0.29155636,-0.22419317,1.0
2443405.585875,0.9484436,-2.43692022,-0.22748056,-0.22419488,-1.43447334,-0.29152428,-0.22419411,1.0
2443405.596,0.9328494,-2.43692324,-0.22759763,-0.22419654,-1.43446811,-0.29146819,-0.22419577,1.0
2443405.607625,0.9589843,-2.43692671,-0.22773204,-0.22419846,-1.43446213,-0.2914038,-0.22419767,1.0
2443405.6119580003,0.9678577,-2.436928,-0.22778214,-0.22419917,-1.43445991,-0.29137979,-0.22419837,1.0
2443427.622531,0.9641796,-2.43185645,-0.48084919,-0.22674593,-1.4824918,-0.17234524,-0.22672125,1.0
2443427.628781,0.9976035,-2.43185175,-0.48092052,-0.22674635,-1.48252209,-0.17231470000000002,-0.22672167,1.0
2443427.637114,1.000364,-2.43184548,-0.48101562,-0.22674691,-1.48256249,-0.17227399,-0.22672222,1.0
2443427.645448,1.012414,-2.43183921,-0.48111073,-0.22674747,-1.48260291,-0.17223329,-0.22672277,1.0
2443427.66003,1.00962,-2.43182824,-0.48127715,-0.22674845,-1.48267368,-0.17216207,-0.22672374,1.0
2443427.662113,1.004056,-2.43182667,-0.48130092,-0.22674859,-1.48268379,-0.1721519,-0.22672388,1.0
2443427.680863,1.050408,-2.43181254,-0.4815149,-0.22674985,-1.48277486,-0.17206036,-0.22672511,1.0
2443427.689196,1.06502,-2.43180625,-0.48161001,-0.22675041,-1.48281537,-0.17201969,-0.22672566,1.0
2443427.695446,1.073885,-2.43180153,-0.48168133,-0.22675083,-1.48284576,-0.17198919,-0.22672608,1.0
2443427.7037790003,1.095867,-2.43179524,-0.48177643,-0.22675139,-1.48288629,-0.17194853,-0.22672663,1.0
2443427.712112,1.0868209999999998,-2.43178895,-0.48187152,-0.22675195,-1.48292684,-0.17190787,-0.22672718,1.0
2443427.720446,1.062082,-2.43178265,-0.48196663,-0.22675251,-1.48296741,-0.17186722,-0.22672773,1.0
2443427.7329450003,1.004056,-2.4317732000000003,-0.48210927,-0.22675334,-1.48302828,-0.17180625,-0.22672855,1.0
2443427.749611,0.94571,-2.43176058,-0.48229945,-0.22675446,-1.48310951,-0.17172498,-0.22672965,1.0
2443427.755861,0.9615193,-2.43175585,-0.48237077,-0.22675487,-1.48313999,-0.17169451,-0.22673006,1.0
2443427.757945,0.9431004,-2.43175427,-0.48239456,-0.22675501,-1.48315015,-0.17168435,-0.22673019,1.0
2443427.770444,0.9893683,-2.4317448,-0.4825372000000001,-0.22675585,-1.48321114,-0.17162343,-0.22673102,1.0
2443427.782944,1.006834,-2.43173532,-0.48267983,-0.22675668,-1.48327216,-0.17156251,-0.22673184,1.0
2443427.789194,0.994851,-2.43173057,-0.48275115,-0.2267571,-1.48330269,-0.17153206,-0.22673225,1.0
2443427.80586,1.00962,-2.43171791,-0.48294133,-0.22675821,-1.48338414,-0.17145087,-0.22673334,1.0
2443427.814193,1.012414,-2.43171158,-0.48303643,-0.22675876,-1.48342489,-0.17141028,-0.22673388,1.0
2443427.816276,1.029338,-2.43170999,-0.48306019,-0.2267589,-1.48343508,-0.17140014,-0.22673402,1.0
2443427.826693,1.012414,-2.43170207,-0.48317906,-0.22675959,-1.48348604,-0.17134941,-0.2267347,1.0
2443427.835026,1.035042,-2.43169573,-0.48327414,-0.22676014,-1.48352683,-0.17130884,-0.22673525,1.0
2443427.849609,1.029338,-2.43168462,-0.48344054,-0.22676111,-1.48359825,-0.17123786,-0.2267362,1.0
2443427.860025,1.015215,-2.43167668,-0.4835594,-0.2267618,-1.4836493,-0.17118716,-0.22673688,1.0
2443427.870442,0.9509507,-2.43166874,-0.48367827,-0.22676249,-1.48370037,-0.17113648,-0.22673756,1.0
2443427.870442,0.9431004,-2.43166874,-0.48367827,-0.22676249,-1.48370037,-0.17113648,-0.22673756,1.0
2443427.8808580004,0.9431004,-2.43166079,-0.48379711,-0.22676318,-1.48375147,-0.17108579999999998,-0.22673824,1.0
2443427.891274,0.9641796,-2.43165284,-0.48391596,-0.22676387,-1.48380259,-0.17103514,-0.22673892,1.0
2443427.895441,0.9839158,-2.43164965,-0.48396349,-0.22676415,-1.48382304,-0.17101488,-0.22673919,1.0
2443427.903774,0.9757938,-2.43164329,-0.48405854,-0.2267647,-1.48386395,-0.17097437,-0.22673973,1.0
2443427.912107,0.9866382,-2.43163692,-0.48415359,-0.22676525,-1.48390488,-0.17093386,-0.22674027,1.0
2443427.918357,0.9757938,-2.43163214,-0.48422488,-0.22676566,-1.48393559,-0.17090348,-0.22674068,1.0
2443427.920441,0.9615193,-2.43163054,-0.48424866,-0.2267658,-1.48394583,-0.17089335,-0.22674082,1.0
2443427.926691,0.9588663,-2.43162576,-0.48431995,-0.22676621,-1.48397655,-0.17086298,-0.22674122,1.0
2443427.928774,0.9588663,-2.43162416,-0.48434371,-0.22676635,-1.48398679,-0.17085286,-0.22674136,1.0
2443427.93294,1.00962,-2.43162097,-0.48439124,-0.22676663,-1.48400728,-0.17083261,-0.22674163,1.0
2443427.935023,1.006834,-2.43161938,-0.484415,-0.22676676,-1.48401752,-0.17082249,-0.22674176,1.0
2445320.624725,0.9922561,-1.44680073,-2.41952129,-0.15872215,-1.36251458,-1.439085,-0.15866852,1.0
2445320.631934,0.9931705,-1.44674519,-2.41956853,-0.15871765,-1.3625846,-1.43912209,-0.15866403,1.0
2445320.632974,0.9741455,-1.44673717,-2.41957535,-0.158717,-1.36259471,-1.43912745,-0.15866338,1.0
2445320.642558,0.9795437,-1.44666333,-2.41963816,-0.15871103,-1.3626878,-1.43917679,-0.15865739999999998,1.0
2445320.650182,1.000515,-1.44660458,-2.41968813,-0.15870628,-1.36276186,-1.43921606,-0.15865265,1.0
2445320.65889,1.028546,-1.44653749,-2.41974519,-0.15870085,-1.36284644,-1.43926093,-0.15864722,1.0
2445320.6755560003,1.064201,-1.44640907,-2.4198544,-0.15869046,-1.36300832,-1.43934686,-0.15863683,1.0
2445320.684346,1.075038,-1.44634134,-2.41991199,-0.15868498,-1.36309371,-1.43939222,-0.15863135,1.0
2445320.693555,1.059312,-1.44627038,-2.41997233,-0.15867923,-1.36318316,-1.43943975,-0.15862561,1.0
2445320.701762,1.0332940000000002,-1.44620713,-2.4200261000000003,-0.15867412,-1.36326288,-1.43948214,-0.15862049,1.0
2445320.716178,0.9687769,-1.44609604,-2.42012055,-0.15866513,-1.36340292,-1.43955664,-0.1586115,1.0
2445320.725553,0.9546052,-1.44602379,-2.42018196,-0.15865928,-1.36349398,-1.43960511,-0.15860565,1.0
2445320.73526,0.9537265,-1.44594898,-2.42024555,-0.15865323,-1.36358828,-1.43965534,-0.1585996,1.0
2445320.744177,0.9795437,-1.44588026,-2.42030396,-0.15864767,-1.36367489,-1.43970149,-0.15859404,1.0
2445320.759884,0.982254,-1.44575921,-2.42040684,-0.15863787,-1.36382747,-1.43978284,-0.15858424,1.0
2445320.767175,0.9922561,-1.44570301,-2.4204546,-0.15863332,-1.3638983,-1.43982063,-0.1585797,1.0
2445320.7743,0.9968363,-1.4456481,-2.42050126,-0.15862888,-1.36396751,-1.43985757,-0.15857525,1.0
2445320.780175,0.9977548,-1.44560282,-2.42053973,-0.15862522,-1.36402458,-1.43988804,-0.15857159,1.0
2445320.797174,1.03902,-1.4454718,-2.42065106,-0.15861461,-1.36418971,-1.43997625,-0.15856099,1.0
2445320.8082560003,1.038063,-1.44538637,-2.42072363,-0.15860770000000002,-1.36429737,-1.4400338,-0.15855407,1.0
2445320.816338,1.036153,-1.44532407,-2.42077655,-0.15860266,-1.36437589,-1.4400758,-0.15854903,1.0
2445320.824713,1.024764,-1.44525952,-2.42083139,-0.15859744,-1.36445724,-1.44011933,-0.15854381,1.0
2445320.839962,0.9554848,-1.44514197,-2.42093123,-0.15858792,-1.36460538,-1.44019865,-0.1585343,1.0
2445320.854336,0.9528484,-1.44503116,-2.42102534,-0.15857896,-1.36474502,-1.44027347,-0.15852533,1.0
2445320.865003,0.9528484,-1.44494894,-2.42109517,-0.1585723,-1.36484864,-1.44032903,-0.15851867,1.0
2445320.874294,0.9750431,-1.44487731,-2.42115599,-0.15856651,-1.3649388999999998,-1.44037745,-0.15851288,1.0
2454131.35019,0.994,1.95718,-2.55297,0.150054,1.31753,-1.80379,0.150031,1.0
2454131.35728,0.9813,1.95723,-2.55293,0.150059,1.31748,-1.80383,0.150036,1.0
2454131.36438,1.0163,1.95728,-2.5529,0.150064,1.31744,-1.80388,0.150041,1.0
2454131.37206,1.0304,1.95733,-2.55286,0.150069,1.31739,-1.80392,0.150047,1.0
2454131.37986,1.0457,1.95739,-2.55282,0.150075,1.31734,-1.80397,0.150052,1.0
2454131.38748,1.0447,1.95744,-2.55278,0.15008,1.31729,-1.80402,0.150057,1.0
2454131.39464,1.0285,1.95749,-2.55274,0.150085,1.31724,-1.80406,0.150062,1.0
2454131.40173,1.006,1.95754,-2.5527,0.15009,1.3172,-1.8041,0.150067,1.0
2454131.4092900003,0.9599,1.9576,-2.55266,0.150095,1.31715,-1.80415,0.150072,1.0
2454131.41638,0.9406,1.95765,-2.55263,0.1501,1.31711,-1.80419,0.150077,1.0
2454131.42349,0.967,1.9577,-2.5525900000000004,0.150105,1.31706,-1.80423,0.150082,1.0
2454131.431069,0.9714,1.95775,-2.55255,0.15011,1.31701,-1.80428,0.150087,1.0
2454131.438169,0.9777,1.9578,-2.55251,0.150115,1.31697,-1.80432,0.150092,1.0
2454131.445269,0.9877,1.95785,-2.55248,0.15012,1.31692,-1.80437,0.150097,1.0
2454131.452829,0.9886,1.9579,-2.5524400000000003,0.150125,1.3168799999999998,-1.80441,0.150103,1.0
2454131.459929,0.9813,1.95795,-2.5524,0.15013,1.31683,-1.80445,0.150107,1.0
2454131.467029,0.9931,1.958,-2.55236,0.150135,1.31679,-1.8045,0.150112,1.0
2454131.474589,1.0097,1.95805,-2.55232,0.15014,1.31674,-1.8045400000000005,0.150118,1.0
2454131.481679,1.0313,1.9581,-2.55229,0.150145,1.31669,-1.80459,0.150123,1.0
2454131.488769,1.0505,1.95815,-2.55225,0.15015,1.31665,-1.80463,0.150127,1.0
2454131.496339,1.0593,1.95821,-2.55221,0.15015499999999998,1.3166,-1.80467,0.150133,1.0
2454131.5034290003,1.0525,1.95826,-2.5521700000000003,0.15016,1.31656,-1.80472,0.15013800000000002,1.0
2454131.5105290003,1.0409,1.95831,-2.55214,0.15016500000000002,1.31651,-1.80476,0.150143,1.0
2454131.518099,1.0428,1.95836,-2.5521,0.15017,1.31646,-1.80481,0.150148,1.0
2454131.5251990003,0.994,1.95841,-2.55206,0.150175,1.31642,-1.80485,0.150153,1.0
2454131.5322990003,0.9607,1.95846,-2.55202,0.15018,1.31637,-1.80489,0.150158,1.0
2454131.539869,0.9389,1.95851,-2.55198,0.150185,1.31633,-1.80494,0.15016300000000002,1.0
2454131.546969,0.9458,1.95856,-2.55195,0.15019000000000002,1.31628,-1.80498,0.150168,1.0
2454131.554769,0.975,1.95862,-2.55191,0.150196,1.31623,-1.80503,0.150173,1.0
2454131.562339,0.9849,1.95867,-2.55187,0.150201,1.31619,-1.80507,0.150178,1.0
2454131.569428,0.9858,1.95872,-2.55183,0.150206,1.31614,-1.80512,0.15018299999999998,1.0
2454131.576988,0.9652,1.95877,-2.55179,0.15021099999999998,1.31609,-1.80516,0.15018900000000002,1.0
2454131.584088,0.9813,1.95882,-2.55175,0.15021600000000002,1.31605,-1.80521,0.150194,1.0
2454131.591178,1.0135,1.95887,-2.55172,0.150221,1.3159999999999998,-1.80525,0.150198,1.0
2454131.599468,1.0125,1.95893,-2.55167,0.150227,1.31595,-1.8053,0.150204,1.0
2454131.606568,0.9922,1.95898,-2.5516400000000004,0.150232,1.31591,-1.80534,0.15020899999999998,1.0
2454131.613658,0.9986,1.95903,-2.5516,0.15023599999999998,1.31586,-1.80539,0.150214,1.0
2454131.623348,1.0428,1.9591,-2.55155,0.15024300000000002,1.3158,-1.80545,0.150221,1.0
2454131.632578,1.0602,1.95916,-2.5515,0.15025,1.31574,-1.8055,0.150227,1.0
2454131.6423580004,1.0447,1.95923,-2.55145,0.150256,1.31568,-1.80556,0.15023399999999998,1.0
2454131.650878,1.0023,1.95929,-2.55141,0.15026199999999998,1.31563,-1.80561,0.15024,1.0
2454131.661998,0.9546,1.95937,-2.55135,0.15027,1.31556,-1.80568,0.150247,1.0
2454131.672648,0.9415,1.95944,-2.5512900000000003,0.150277,1.31549,-1.80575,0.150255,1.0
2454527.381064,1.048301,2.85141601,0.65390886,0.26566937,1.91116806,0.96730961,0.26566804,1.0
2454527.386203,1.025109,2.85139758,0.65395528,0.2656682,1.9111202,0.96727183,0.26566686,1.0
2454527.396482,0.9955018,2.8513607000000003,0.65404813,0.26566585,1.91102448,0.96719624,0.26566452,1.0
2454527.403091,0.9991669,2.85133699,0.65410783,0.26566434,1.91096295,0.96714763,0.26566301,1.0
2454527.408195,0.969898,2.85131867,0.65415393,0.26566318,1.91091544,0.96711009,0.26566184,1.0
2454527.413786,0.9729489,2.85129861,0.65420444,0.2656619,1.91086341,0.96706897,0.26566057,1.0
2454527.419655,0.9399615,2.85127755,0.65425745,0.26566056,1.9108088,0.9670258,0.26565923,1.0
2454527.425847,0.968898,2.85125533,0.65431338,0.26565915,1.91075119,0.96698025,0.26565781,1.0
2454527.432005,0.9873384,2.85123323,0.65436901,0.26565774,1.91069391,0.96693494,0.26565641,1.0
2454527.448754,1.015393,2.85117311,0.6545203,0.26565392,1.91053816,0.9668117,0.26565258,1.0
2454527.4538,1.04287,2.851155,0.65456587,0.26565276,1.91049124,0.96677455,0.26565143,1.0
2454527.458859,1.031768,2.85113684,0.65461157,0.26565161,1.91044422,0.96673732,0.26565027,1.0
2454527.46394,1.043244,2.8511186,0.65465746,0.26565045,1.91039699,0.96669992,0.26564911,1.0
2454527.468952,1.048301,2.8511006,0.65470273,0.2656493,1.91035042,0.96666303,0.26564796,1.0
2454527.473964,1.059181,2.85108261,0.65474801,0.26564816,1.91030385,0.96662613,0.26564682,1.0
2454527.478999,1.070577,2.85106453,0.65479348,0.26564701,1.91025708,0.96658907,0.26564567,1.0
2454527.49591,1.048243,2.85100381,0.65494623,0.26564314,1.91010002,0.96646454,0.2656418,1.0
2454527.500922,1.058352,2.85098581,0.6549915,0.265642,1.91005348,0.96642763,0.26564066,1.0
2454527.512149,1.043292,2.85094549,0.6550929,0.26563943,1.90994926,0.96634493,0.26563809,1.0
2454527.522567,1.014916,2.85090807,0.655187,0.26563705,1.90985259,0.9662682,0.26563571,1.0
2454527.5287470003,1.000373,2.85088587,0.65524282,0.26563563,1.90979524,0.96622266,0.26563429,1.0
2454527.533817,0.9987161,2.85086765,0.65528861,0.26563448,1.90974822,0.96618531,0.26563313,1.0
2454527.538829,0.9645884,2.85084965,0.65533388,0.26563333,1.90970173,0.96614837,0.26563199,1.0
2454527.543899,0.9367723,2.85083143,0.65537967,0.26563217,1.90965471,0.96611102,0.26563083,1.0
2454527.548946,0.9417813,2.8508133,0.65542525,0.26563102,1.90960791,0.96607382,0.26562967,1.0
2454527.554004,0.9444219,2.85079513,0.65547094,0.26562986,1.90956102,0.96603655,0.26562851,1.0
2454527.570926,0.9575777,2.85073432,0.65562377,0.26562599,1.90940417,0.9659118,0.26562464,1.0
2454527.575938,0.9282096,2.85071631,0.65566904,0.26562484,1.90935774,0.96587486,0.2656235,1.0
2454527.579966,0.9438306,2.85070183,0.65570542,0.26562392,1.90932042,0.96584516,0.26562257,1.0
2454527.588022,0.9499966,2.85067288,0.65577818,0.26562208,1.90924579,0.96578575,0.26562073,1.0
2454527.592073,0.9574014,2.85065832,0.65581476,0.26562115,1.90920827,0.96575588,0.2656198,1.0
2454527.606519,0.9859299,2.85060639,0.65594523,0.26561784,1.90907452,0.96564935,0.26561649,1.0
2454527.610582,0.9861206,2.85059179,0.65598193,0.26561691,1.90903691,0.96561938,0.26561556,1.0
2454527.61461,0.9978334,2.85057731,0.6560183,0.26561599,1.90899963,0.96558967,0.26561464,1.0
2454527.6186490003,0.9975945,2.85056279,0.65605478,0.26561507,1.90896224,0.96555987,0.26561372,1.0
2454527.6227,1.030457,2.85054822,0.65609137,0.26561414,1.90892475,0.96552998,0.26561279,1.0
2454528.379255,1.018357,2.84781862,0.66292183,0.26544004,1.90199668,0.95991938,0.26543859,1.0
2454528.384394,1.016567,2.84780001,0.66296821,0.26543885,1.90195011,0.95988107,0.26543740000000005,1.0
2454528.3894990003,1.00346,2.84778153,0.66301429,0.26543767,1.90190387,0.95984301,0.26543622,1.0
2454528.395553,1.008705,2.84775961,0.66306893,0.26543627,1.90184903,0.95979788,0.26543482,1.0
2454528.4014560003,1.001116,2.84773823,0.6631222,0.26543490000000003,1.90179558,0.95975387,0.26543345,1.0
2454528.406583,0.9905587,2.84771967,0.66316848,0.26543372,1.90174914,0.95971563,0.26543226,1.0
2454528.4116990003,1.0033219999999998,2.84770114,0.66321465,0.26543253,1.90170282,0.95967748,0.26543108,1.0
2454528.417522,0.9606124,2.84768005,0.6632672,0.26543119,1.90165012,0.95963406,0.26542973,1.0
2454528.423726,0.9498876,2.84765758,0.66332319,0.26542975,1.90159396,0.95958779,0.2654283,1.0
2454528.430289,0.9687511,2.84763381,0.66338243,0.26542823,1.90153458,0.95953884,0.26542678,1.0
2454528.435301,0.9641046999999998,2.84761565,0.66342766,0.26542707,1.90148923,0.95950145,0.26542561,1.0
2454528.442014,0.9925587,2.84759133,0.66348824,0.26542552,1.9014285,0.95945137,0.26542406,1.0
2454528.447061,0.9961488000000002,2.84757305,0.66353379,0.26542435,1.90138285,0.95941372,0.26542289,1.0
2454528.45213,1.009253,2.84755469,0.66357954,0.26542317,1.901337,0.95937589,0.26542172,1.0
2454528.457165,1.035343,2.84753644,0.66362498,0.26542201,1.90129148,0.95933832,0.26542055,1.0
2454528.462166,1.040706,2.84751832,0.66367011,0.26542085,1.90124627,0.95930101,0.26541939,1.0
2454528.46727,1.045837,2.84749983,0.66371618,0.26541967,1.90120013,0.95926292,0.26541821,1.0
2454528.473312,1.056069,2.84747794,0.6637706999999999,0.26541827,1.90114552,0.95921783,0.26541681,1.0
2454528.480107,1.048094,2.84745331,0.66383203,0.2654167,1.90108412,0.95916711,0.26541523,1.0
2454528.487816,1.047708,2.84742538,0.6639016,0.26541491,1.90101447,0.95910957,0.26541345,1.0
2454528.4938580003,1.031783,2.84740348,0.66395612,0.26541351,1.90095989,0.95906447,0.26541204,1.0
2454528.499911,1.03014,2.84738154,0.66401075,0.26541211,1.90090522,0.95901927,0.26541064,1.0
2454528.50674,1.034228,2.84735679,0.66407238,0.26541053,1.90084355,0.95896828,0.26540906,1.0
2454528.512921,1.045356,2.84733438,0.66412816,0.26540909,1.90078775,0.95892212,0.26540762,1.0
2454528.518975,1.060973,2.84731243,0.66418279,0.26540769,1.9007331000000005,0.95887692,0.26540622,1.0
2454528.526591,1.028377,2.84728482,0.66425152,0.26540593,1.90066437,0.95882004,0.26540445,1.0
2454528.532633,1.019174,2.84726292,0.66430605,0.26540453,1.90060985,0.95877491,0.26540305,1.0
2454528.538745,0.9724342,2.84724076,0.6643611999999999,0.26540311,1.90055472,0.95872926,0.26540164,1.0
2454528.544868,0.9680732,2.84721856,0.66441646,0.26540169,1.90049949,0.95868352,0.26540021,1.0
2454528.5509450003,0.9546325,2.84719652,0.6644713000000001,0.26540028,1.90044469,0.95863812,0.2653988,1.0
2454528.557785,0.9317431,2.84717172,0.66453302,0.2653987,1.900383,0.95858701,0.26539722,1.0
2454528.564522,0.9472491,2.84714728,0.66459382,0.26539713,1.90032227,0.95853667,0.26539565,1.0
2454528.571305,0.9603559000000002,2.84712268,0.66465503,0.26539556,1.90026114,0.95848599,0.26539408,1.0
2454528.576421,0.9622772,2.84710413,0.66470119,0.26539437,1.90021503,0.95844775,0.26539289,1.0
2454528.581479,0.9326361,2.84708578,0.66474684,0.26539320000000005,1.90016945,0.95840995,0.26539172,1.0
2454528.586537,0.9431488,2.84706743,0.66479248,0.26539203,1.90012388,0.95837214,0.26539054,1.0
2454528.591584,0.9676988,2.84704913,0.66483802,0.26539086,1.90007842,0.95833442,0.26538937,1.0
2454528.608773,0.9593127,2.84698677,0.66499313,0.26538687,1.89992363,0.95820591,0.26538538,1.0
2454528.613831,0.994856,2.84696841,0.66503877,0.2653857,1.8998781,0.9581681,0.26538421,1.0
2454528.618935,0.9974249,2.84694989,0.66508483,0.26538451,1.89983215,0.95812993,0.26538302,1.0
2454553.308675,1.026487,2.74719589,0.88520338,0.25870457,1.75739963,0.75668302,0.25871179,1.0
2454553.3131540003,1.016636,2.74717595,0.88524277,0.25870318,1.75738832,0.75664572,0.25871041,1.0
2454553.320747,1.00895,2.74714214,0.88530955,0.25870083,1.75736918,0.75658249,0.25870806,1.0
2454553.32518,1.014709,2.7471224,0.88534854,0.25869946,1.75735801,0.75654557,0.25870669,1.0
2454553.334521,0.9992672,2.7470807999999995,0.88543069,0.25869657,1.75733448,0.75646779,0.2587038,1.0
2454553.339046,0.9794576,2.74706065,0.88547048,0.25869517,1.75732309,0.75643009,0.2587024,1.0
2454553.347403,0.960306,2.74702343,0.88554398,0.25869259,1.75730208,0.75636051,0.25869982,1.0
2454553.35289,0.9701383,2.74699899,0.88559223,0.25869089,1.75728829,0.75631482,0.25869812,1.0
2454553.362519,1.003307,2.7469561,0.88567691,0.25868791,1.7572641,0.75623463,0.25869514,1.0
2454553.367971,1.022995,2.74693181,0.88572486,0.25868622,1.75725043,0.75618924,0.25869345,1.0
2454553.37921,1.045417,2.74688175,0.8858236999999999,0.25868275,1.75722225,0.75609566,0.25868998,1.0
2454553.384685,1.037723,2.74685736,0.88587185,0.25868105,1.75720854,0.75605008,0.25868828,1.0
2454553.394338,1.062286,2.74681435,0.88595674,0.25867806,1.75718438,0.7559697,0.2586853,1.0
2454553.399824,1.045995,2.74678991,0.88600498,0.25867637,1.75717065,0.75592403,0.2586836,1.0
2454553.409604,1.04886,2.74674633,0.88609098,0.25867334,1.75714621,0.7558425999999999,0.25868057,1.0
2454553.416746,1.027556,2.74671451,0.88615379,0.25867113,1.75712838,0.75578314,0.25867836,1.0
2454553.427174,1.051036,2.74666804,0.88624549,0.2586679,1.75710237,0.75569632,0.25867514,1.0
2454553.432695,1.053517,2.74664343,0.88629404,0.25866619,1.75708861,0.75565035,0.25867343,1.0
2454553.443147,1.068498,2.74659685,0.88638595,0.25866295,1.75706258,0.75556335,0.25867019,1.0
2454553.453969,1.015588,2.74654861,0.88648111,0.2586596,1.75703566,0.75547326,0.25866684,1.0
2454553.46015,1.002549,2.74652106,0.88653546,0.25865769,1.7570203000000002,0.75542181,0.25866493,1.0
2454553.469838,0.9415896,2.74647787,0.88662065,0.25865469,1.75699624,0.75534117,0.25866193,1.0
2454553.475312,0.9352197,2.74645347,0.88666878,0.25865299,1.75698266,0.7552956000000001,0.25866023,1.0
2454553.484966,0.9448734,2.74641043,0.88675367,0.25865,1.75695873,0.75521525,0.25865724,1.0
2454553.491262,0.9373152,2.74638236,0.88680903,0.25864805,1.75694313,0.75516283,0.25865529,1.0
2454553.502385,0.9567129,2.74633276,0.88690684,0.2586446,1.7569156000000004,0.75507026,0.25865185,1.0
2454553.507848,0.9356591,2.7463084,0.88695487,0.25864291,1.75690209,0.75502479,0.25865016,1.0
2454553.515557,0.9467638,2.74627403,0.88702265,0.25864052,1.75688304,0.75496063,0.25864777,1.0
2454553.5200360003,0.9567129,2.74625405,0.88706204,0.25863913,1.75687198,0.75492335,0.25864638,1.0
2454553.527698,0.957568,2.74621988,0.8871294,0.25863676,1.75685307,0.75485958,0.25864401,1.0
2454553.532189,0.9863377,2.74619985,0.88716889,0.25863537,1.7568419999999998,0.75482221,0.25864261,1.0
2454553.54131,0.9827559,2.74615917,0.88724909,0.25863254,1.75681952,0.7547463000000001,0.25863979,1.0
2454553.545766,0.9866739,2.7461393,0.88728827,0.25863116,1.75680854,0.75470922,0.25863841,1.0
2454553.553428,1.019449,2.74610512,0.88735563,0.25862878,1.75678968,0.75464545,0.25863603,1.0
2454553.5579310004,1.033803,2.74608503,0.88739522,0.25862739,1.75677861,0.75460799,0.25863464,1.0
2454553.564274,1.061269,2.74605674,0.88745099,0.25862542,1.75676302,0.7545552,0.25863267,1.0
2454553.570778,1.00051,2.74602772,0.88750818,0.2586234,1.75674704,0.75450108,0.25863066,1.0
2454553.576438,0.9963906,2.74600247,0.88755794,0.25862165,1.75673315,0.75445398,0.2586289,1.0
2454553.580605,0.9897412,2.74598388,0.88759458,0.25862036,1.75672292,0.75441931,0.25862761,1.0
2454553.5869130003,0.9447255,2.74595574,0.88765004,0.2586184,1.75670745,0.75436682,0.25862565,1.0
2454553.5903740004,0.9639747,2.74594029,0.88768046,0.25861733,1.75669897,0.75433803,0.25862458,1.0
2454553.5959880003,0.9590685,2.74591524,0.88772982,0.25861559,1.75668522,0.75429131,0.25862284,1.0
2454553.5994720003,0.9363229,2.7458997000000003,0.88776045,0.25861451,1.75667669,0.75426232,0.25862176,1.0
2454553.605085,0.9488414,2.74587465,0.8878098,0.25861276,1.75666295,0.75421562,0.25862002,1.0
2454553.608546,0.9885477,2.7458592,0.88784023,0.25861169,1.75665448,0.75418682,0.25861895,1.0
2454553.621093,1.009433,2.74580321,0.88795054,0.2586078,1.75662382,0.75408244,0.25861505,1.0
2454553.623523,1.0179200000000002,2.74579237,0.8879719000000001,0.25860705,1.75661788,0.75406222,0.2586143,1.0
2454553.6271,1.021592,2.7457764,0.88800335,0.25860594,1.75660915,0.75403246,0.25861319,1.0
2454553.629542,0.9988347,2.7457655,0.88802482,0.25860518,1.75660319,0.75401214,0.25861243,1.0
2454553.633118,1.019027,2.74574954,0.88805625,0.25860407,1.75659446,0.75398239,0.25861132,1.0
2454553.635549,1.013766,2.74573869,0.88807763,0.25860331,1.75658853,0.75396216,0.25861057,1.0
2454553.639079,1.048368,2.74572293,0.88810866,0.25860222,1.75657992,0.75393279,0.25860948,1.0
2455009.45379,0.941831,-1.58500345,1.67565126,-0.12570228,-1.4905568,0.66348809,-0.12567889,1.0
2455009.460225,0.9284468,-1.58506026,1.67559719,-0.12570802,-1.49050516,0.66344393,-0.12568462,1.0
2455009.464485,0.9213168,-1.58509786,1.67556139,-0.12571181,-1.49047097,0.66341471,-0.12568841,1.0
2455009.468675,0.935494,-1.58513485,1.67552618,-0.12571554,-1.49043734,0.66338596,-0.12569214,1.0
2455009.472842,0.9529125,-1.58517163,1.67549116,-0.12571925,-1.4904038999999998,0.66335738,-0.12569585,1.0
2455009.477008,0.9575314,-1.5852084,1.67545614,-0.12572296,-1.49037046,0.66332881,-0.12569956,1.0
2455009.481187,0.9651282,-1.58524529,1.67542102,-0.12572668,-1.49033692,0.66330015,-0.12570328,1.0
2455009.486407,0.9755847,-1.58529136,1.67537715,-0.12573133,-1.49029503,0.66326436,-0.12570792,1.0
2455009.490505,0.9910076,-1.58532753,1.67534271,-0.12573498,-1.49026214,0.66323628,-0.12571157,1.0
2455009.494509,1.010846,-1.58536287,1.67530905,-0.12573855,-1.49023,0.66320884,-0.12571513,1.0
2455009.499325,1.036413,-1.58540537,1.67526858,-0.12574284,-1.49019136,0.66317584,-0.12571942,1.0
2455009.504128,1.032678,-1.58544776,1.6752281999999998,-0.12574711,-1.4901528,0.66314292,-0.12572370000000002,1.0
2455009.508121,1.035555,-1.585483,1.67519464,-0.12575067,-1.49012075,0.66311557,-0.12572725,1.0
2455009.512138,1.042003,-1.58551846,1.67516088,-0.12575425,-1.49008852,0.66308806,-0.12573082,1.0
2455009.516177,1.0602129999999998,-1.5855541000000002,1.67512693,-0.12575784,-1.4900561,0.6630604,-0.12573442,1.0
2455009.520182,1.048733,-1.58558945,1.67509326,-0.12576141,-1.49002395,0.66303298,-0.12573798,1.0
2455009.524222,1.0578040000000002,-1.5856251,1.6750593,-0.12576501,-1.48999153,0.66300532,-0.12574158,1.0
2455009.529002,1.054486,-1.58566728,1.67501912,-0.12576926,-1.48995316,0.6629725999999999,-0.12574583,1.0
2455009.533111,1.043569,-1.58570354,1.67498457,-0.12577292,-1.48992018,0.66294448,-0.12574949,1.0
2455009.537174,1.039224,-1.58573939,1.67495042,-0.12577654,-1.48988758,0.66291668,-0.1257531,1.0
2455009.541989,1.007602,-1.58578188,1.67490994,-0.12578083,-1.48984893,0.66288373,-0.12575739,1.0
2455009.546908,0.9670323,-1.58582529,1.67486859,-0.12578521,-1.48980944,0.66285008,-0.12576177,1.0
2455009.550902,0.939561,-1.58586053,1.67483501,-0.12578876,-1.48977739,0.66282277,-0.12576532,1.0
2455009.554895,0.94415,-1.58589577,1.67480144,-0.12579232,-1.48974534,0.66279546,-0.12576887,1.0
2455009.5589,0.9406174,-1.5859311000000005,1.67476776,-0.12579588,-1.48971319,0.66276807,-0.12577244,1.0
2455009.562963,0.9500468,-1.58596695,1.6747336,-0.12579949999999998,-1.48968058,0.66274029,-0.12577605,1.0
2455009.567037,0.9488051,-1.5860028999999998,1.67469935,-0.12580313,-1.48964788,0.66271244,-0.12577968,1.0
2455009.571123,0.9618537,-1.58603895,1.674665,-0.12580677,-1.48961509,0.66268452,-0.12578331,1.0
2455009.575128,0.9650215,-1.58607429,1.67463132,-0.12581033,-1.48958294,0.66265715,-0.12578688,1.0
2455009.579167,0.9750098,-1.58610992,1.67459736,-0.12581393,-1.48955052,0.66262955,-0.12579047,1.0
2455009.584816,0.9892749,-1.58615976,1.67454986,-0.12581896,-1.48950518,0.66259097,-0.1257955,1.0
2455009.588855,0.9920304,-1.5861954,1.6745159,-0.12582255,-1.48947275,0.66256337,-0.12579909,1.0
2455009.592976,1.005581,-1.58623175,1.67448124,-0.12582622,-1.48943968,0.66253523,-0.12580276,1.0
2455009.59705,1.013848,-1.58626769,1.67444699,-0.12582985,-1.48940698,0.66250741,-0.12580638,1.0
2455009.601749,1.016073,-1.58630915,1.67440747,-0.12583403,-1.48936926,0.66247533,-0.12581056,1.0
2455009.605778,1.019035,-1.58634469,1.67437359,-0.12583762,-1.48933692,0.66244783,-0.12581415,1.0
2455009.609829,1.029013,-1.58638043,1.67433952,-0.12584122,-1.4893044,0.66242018,-0.12581775,1.0
2455009.613845,1.038334,-1.58641586,1.67430575,-0.1258448,-1.48927217,0.66239277,-0.12582132,1.0
2455009.617896,1.049951,-1.58645159,1.67427168,-0.1258484,-1.48923965,0.66236513,-0.12582493,1.0
2455009.622746,1.066923,-1.58649437,1.67423089,-0.12585272,-1.48920071,0.66233204,-0.12582924,1.0
2455009.627434,1.07169,-1.58653573,1.67419146,-0.12585689,-1.48916309,0.66230007,-0.12583341,1.0
2455009.631462,1.079357,-1.58657126,1.67415759,-0.12586048,-1.48913075,0.6622726,-0.12583699999999998,1.0
2455009.635501,1.080501,-1.58660688,1.67412362,-0.12586408,-1.48909833,0.66224505,-0.12584059,1.0
2455009.639495,1.093566,-1.58664211,1.67409002,-0.12586763,-1.48906628,0.66221783,-0.12584414,1.0
2455009.643523,1.0962690000000002,-1.58667764,1.67405615,-0.12587122,-1.48903394,0.66219037,-0.12584773,1.0
2455009.66019,1.060828,-1.58682464,1.67391595,-0.12588605,-1.48890014,0.66207679,-0.12586255,1.0
2455009.665098,1.027962,-1.58686793,1.67387467,-0.12589042,-1.48886075,0.66204336,-0.12586692,1.0
2455009.669091,1.012887,-1.58690315,1.67384108,-0.12589397,-1.48882869,0.66201616,-0.12587047,1.0
2455009.673177,0.988865,-1.58693918,1.67380671,-0.12589761,-1.48879589,0.66198834,-0.12587411,1.0
2455029.399209,1.025941,-1.7532366,1.50032032,-0.14283844,-1.33424923,0.57434043,-0.14282204,1.0
2455029.404961,1.03005,-1.75328278,1.50026761,-0.14284319,-1.33420683,0.57432813,-0.14282679,1.0
2455029.409927,1.030648,-1.75332265,1.5002221000000002,-0.14284729999999998,-1.33417023,0.57431751,-0.1428309,1.0
2455029.414105,1.022902,-1.75335619,1.50018381,-0.14285075,-1.33413944,0.57430858,-0.14283435,1.0
2455029.418295,1.038356,-1.75338983,1.50014542,-0.14285421,-1.33410856,0.57429963,-0.14283781,1.0
2455029.422566,1.025459,-1.75342412,1.50010628,-0.14285774,-1.33407709,0.57429051,-0.14284134,1.0
2455029.4267450003,1.009035,-1.75345766,1.50006798,-0.14286119,-1.3340463,0.57428159,-0.14284479,1.0
2455029.432011,0.9862936,-1.75349994,1.50001972,-0.14286554,-1.3340075,0.57427036,-0.14284914,1.0
2455029.436027,0.9509512,-1.75353217,1.49998291,-0.14286886,-1.33397791,0.5742618,-0.14285246,1.0
2455029.440032,0.9288599,-1.75356432,1.49994621,-0.14287217,-1.3339484,0.57425326,-0.14285577,1.0
2455029.4449400003,0.9340931999999998,-1.75360372,1.49990123,-0.14287622,-1.33391225,0.57424281,-0.14285983,1.0
2455029.44972,0.9522834,-1.75364209,1.49985742,-0.14288017,-1.33387703,0.57423263,-0.14286377,1.0
2455029.453737,0.9344805,-1.75367433,1.4998206,-0.14288349,-1.33384745,0.57422409,-0.14286709,1.0
2455029.457776,0.9540919,-1.75370675,1.49978358,-0.14288683,-1.33381768,0.57421549,-0.14287043,1.0
2455029.461816,0.9689519,-1.75373917,1.49974655,-0.14289017,-1.33378793,0.5742069000000001,-0.14287377,1.0
2455029.465844,0.968265,-1.7537715,1.49970963,-0.14289349,-1.33375826,0.57419834,-0.14287709,1.0
2455029.470844,0.9844603,-1.75381163,1.4996638,-0.14289762,-1.33372143,0.57418772,-0.14288122,1.0
2455029.476562,0.9933956,-1.75385752,1.49961139,-0.14290235,-1.33367932,0.57417558,-0.14288595,1.0
2455029.481562,0.9864481,-1.75389765,1.49956556,-0.14290648,-1.3336424999999998,0.57416497,-0.14289008,1.0
2455029.487372,0.9957223,-1.75394428,1.4995123,-0.14291128,-1.33359971,0.57415265,-0.14289488,1.0
2455029.4933680003,1.004464,-1.75399239,1.49945734,-0.14291623,-1.33355556,0.57413994,-0.14289983,1.0
2455029.49838,1.010532,-1.75403261,1.4994114,-0.14292037,-1.33351866,0.57412933,-0.14290397,1.0
2455029.503415,1.026045,-1.75407302,1.49936524,-0.14292453,-1.33348159,0.57411867,-0.14290813,1.0
2455029.508473,1.057475,-1.7541136000000002,1.49931887,-0.14292871,-1.33344435,0.57410797,-0.14291231,1.0
2455029.514457,1.050989,-1.75416162,1.49926401,-0.14293365,-1.33340029,0.57409531,-0.14291725,1.0
2455029.520476,1.06558,-1.75420991,1.49920883,-0.14293862,-1.33335598,0.57408259,-0.14292222,1.0
2455029.527409,1.093458,-1.75426554,1.49914527,-0.14294434,-1.33330495,0.57406795,-0.14292794,1.0
2455029.534388,1.090552,-1.75432154,1.49908129,-0.14295011,-1.33325357,0.57405322,-0.14293371,1.0
2455029.5405,1.080036,-1.75437057,1.49902525,-0.14295516,-1.33320859,0.57404034,-0.14293876,1.0
2455029.547213,1.056346,-1.75442443,1.4989636999999998,-0.14296070000000002,-1.33315919,0.57402619,-0.1429443,1.0
2455029.553255,1.019225,-1.7544729,1.49890831,-0.14296569,-1.33311473,0.57401347,-0.14294929,1.0
2455029.559262,0.9963094,-1.75452109,1.49885323,-0.14297065,-1.33307052,0.57400083,-0.14295425,1.0
2455029.565385,0.9674716,-1.75457021,1.49879708,-0.14297571,-1.33302547,0.57398795,-0.14295931,1.0
2455029.573371,0.9282014,-1.75463427,1.49872386,-0.14298229999999998,-1.33296671,0.57397117,-0.14296589999999998,1.0
2455029.57939,0.9344202,-1.75468255,1.49866866,-0.14298727,-1.33292242,0.57395853,-0.14297087,1.0
2455029.585467,0.946059,-1.75473129,1.49861294,-0.14299229,-1.33287772,0.57394578,-0.14297589,1.0
2455029.591509,0.950312,-1.75477975,1.49855753,-0.14299728,-1.33283327,0.5739331,-0.14298088,1.0
2455029.597528,0.9485194,-1.75482803,1.49850233,-0.14300225,-1.332789,0.57392049,-0.14298584,1.0
2455029.603546,0.9496296,-1.7548762999999998,1.49844715,-0.14300721,-1.33274473,0.57390788,-0.14299081,1.0
2455029.609565,0.9436571,-1.75492457,1.49839195,-0.14301218,-1.33270047,0.57389529,-0.14299578,1.0
2455029.617864,0.9543908,-1.75499112,1.49831584,-0.14301904,-1.33263943,0.57387793,-0.14300263,1.0
2455029.623952,0.975309,-1.75503995,1.49826,-0.14302406,-1.33259466,0.57386521,-0.14300766,1.0
2455029.629983,0.9828839,-1.75508831,1.49820469,-0.14302904,-1.33255032,0.57385261,-0.14301264,1.0
2455029.636036,1.00652,-1.75513685,1.49814917,-0.14303404,-1.33250581,0.57383998,-0.14301763,1.0
2455029.641904,1.016778,-1.7551839,1.49809535,-0.14303888,-1.33246266,0.57382774,-0.14302248,1.0
2455029.658826,1.042304,-1.75531959,1.49794013,-0.14305285,-1.33233826,0.57379249,-0.14303645,1.0
2455032.391487,0.9709517,-1.77707219,1.47274116,-0.14529559,-1.31254975,0.56894343,-0.14527858,1.0
2455032.3971240004,0.9906166,-1.77711674,1.47268891,-0.14530019,-1.31250959,0.56893515,-0.14528317,1.0
2455032.402043,1.006917,-1.77715561,1.47264331,-0.14530420000000002,-1.31247454,0.56892793,-0.14528719,1.0
2455032.406244,0.9981725,-1.7771887999999998,1.47260437,-0.14530763,-1.31244459,0.56892176,-0.14529061,1.0
2455032.410539,1.019008,-1.77722274,1.47256455,-0.14531114,-1.312414,0.56891547,-0.14529412,1.0
2455032.41474,1.016271,-1.77725594,1.4725256000000002,-0.14531456,-1.31238407,0.56890931,-0.14529754,1.0
2455032.419034,1.036902,-1.77728986,1.4724858,-0.14531807,-1.31235347,0.56890303,-0.14530104,1.0
2455032.424254,1.043705,-1.77733111,1.4724374,-0.14532233,-1.31231629,0.56889539,-0.1453053,1.0
2455032.428282,1.046332,-1.77736293,1.47240006,-0.14532561,-1.31228759,0.5688895,-0.14530859,1.0
2455032.43231,1.045822,-1.77739476,1.47236271,-0.1453289,-1.3122589,0.56888361,-0.14531187,1.0
2455032.4371490004,1.043368,-1.77743299,1.47231785,-0.14533285,-1.31222444,0.56887655,-0.14531582,1.0
2455032.441964,1.035756,-1.77747103,1.47227321,-0.14533677,-1.31219015,0.56886953,-0.14531974,1.0
2455032.446026,1.018445,-1.77750312,1.47223555,-0.14534009,-1.31216121,0.5688635999999999,-0.14532305,1.0
2455032.450019,1.007919,-1.77753466,1.47219852,-0.14534335,-1.31213278,0.56885778,-0.14532631,1.0
2455032.454047,0.9816974,-1.77756648,1.47216118,-0.14534663,-1.31210409,0.56885192,-0.14532959,1.0
2455032.458075,0.9585563,-1.7775983,1.47212383,-0.14534992,-1.31207542,0.56884606,-0.14533288,1.0
2455032.463203,0.9331546,-1.77763881,1.47207628,-0.1453541,-1.3120389,0.5688386,-0.14533706,1.0
2455032.468921,0.9421794,-1.77768398,1.47202326,-0.14535876,-1.3119982,0.56883029,-0.14534172,1.0
2455032.4739900003,0.9463889,-1.77772402,1.47197626,-0.1453629,-1.3119621,0.56882293,-0.14534586,1.0
2455032.479824,0.9573652,-1.7777701,1.47192216,-0.14536766,-1.31192057,0.56881446,-0.14535061,1.0
2455032.485657,0.9655919,-1.77781617,1.47186807,-0.14537242,-1.31187905,0.56880601,-0.14535537,1.0
2455032.490669,0.9819958,-1.77785576,1.47182159,-0.14537650000000002,-1.31184337,0.56879875,-0.14535945,1.0
2455032.495669,0.9936504,-1.77789525,1.47177523,-0.14538058,-1.31180778,0.56879151,-0.14536353,1.0
2455032.5006810003,0.9945477,-1.77793483,1.47172875,-0.14538467,-1.31177211,0.56878427,-0.14536762,1.0
2455032.506688,0.9913194,-1.77798227,1.47167304,-0.14538957,-1.31172936,0.56877559,-0.14537251,1.0
2455032.512707,0.9977497,-1.77802981,1.47161722,-0.14539448,-1.31168654,0.5687669,-0.14537742,1.0
2455032.519548,1.021235,-1.77808383,1.47155377,-0.14540006,-1.31163786,0.56875703,-0.14538299,1.0
2455032.5264,1.035327,-1.77813794,1.47149023,-0.14540565,-1.31158911,0.56874716,-0.14538858,1.0
2455032.532419,1.053983,-1.77818547,1.4714344,-0.14541055,-1.31154629,0.5687385,-0.14539349,1.0
2455032.5396060003,1.078524,-1.77824222,1.47136774,-0.14541642,-1.31149516,0.56872817,-0.14539934,1.0
2455032.545648,1.08685,-1.77828993,1.4713117,-0.14542134,-1.31145218,0.56871949,-0.14540427,1.0
2455032.551736,1.088824,-1.7783380000000002,1.47125523,-0.14542631,-1.31140888,0.56871075,-0.14540923,1.0
2455032.557952,1.088894,-1.77838707,1.47119758,-0.14543138,-1.31136468,0.56870184,-0.14541429999999994,1.0
2455032.571078,1.040576,-1.7784907,1.47107582,-0.14544208,-1.31127134,0.56868305,-0.14542499,1.0
2455032.57705,1.012245,-1.77853785,1.47102042,-0.14544695,-1.31122888,0.56867452,-0.14542986,1.0
2455032.583138,0.976629,-1.77858591,1.47096395,-0.14545191,-1.31118559,0.56866582,-0.14543482,1.0
2455032.589134,0.9556209,-1.77863324,1.47090833,-0.1454568,-1.31114296,0.56865727,-0.14543971,1.0
2455032.595234,0.927098,-1.7786813999999995,1.47085174,-0.14546177,-1.31109961,0.56864858,-0.14544468,1.0
2455032.601287,0.9397874,-1.77872918,1.47079558,-0.14546671,-1.31105658,0.56863996,-0.14544961,1.0
2455032.6095740004,0.962564,-1.77879459,1.4707187,-0.14547346,-1.31099768,0.56862817,-0.14545636,1.0
2455032.615628,0.9609607,-1.77884237,1.47066254,-0.14547839999999998,-1.31095465,0.56861957,-0.1454613,1.0
2455032.621612,0.9508886,-1.7788896,1.47060702,-0.14548328,-1.31091213,0.56861107,-0.14546617,1.0
2455032.627665,0.9563252,-1.77893738,1.47055086,-0.14548821,-1.31086911,0.56860249,-0.14547111,1.0
2455032.633522,0.9601644,-1.7789836,1.47049651,-0.14549299,-1.3108275,0.56859419,-0.14547588,1.0
2455037.378308,0.9430214,-1.81594788,1.42608115,-0.14932113,-1.27820306,0.56432496,-0.14930193,1.0
2455037.38391,0.9507746,-1.81599095,1.42602826,-0.1493256,-1.27816592,0.56432277,-0.14930639999999998,1.0
2455037.388771,0.957321,-1.81602832,1.42598236,-0.14932948,-1.27813369,0.56432087,-0.14931028,1.0
2455037.39295,0.9644896,-1.81606045,1.42594289,-0.14933282,-1.27810599,0.56431924,-0.14931361,1.0
2455037.39714,0.9645874,-1.81609266,1.42590333,-0.14933616,-1.27807822,0.56431761,-0.14931696,1.0
2455037.401353,0.9651028,-1.81612505,1.42586354,-0.14933953,-1.2780503,0.56431598,-0.14932032,1.0
2455037.405543,0.9664014,-1.81615726,1.42582397,-0.14934287,-1.27802252,0.56431436,-0.14932366,1.0
2455037.410728,0.9548377,-1.81619712,1.42577501,-0.14934701,-1.27798816,0.56431236,-0.14932779999999998,1.0
2455037.414849,0.9574444,-1.81622879,1.42573609,-0.1493503,-1.27796086,0.56431077,-0.14933109,1.0
2455037.418934,0.9692807,-1.81626019,1.42569751,-0.14935356,-1.27793379,0.5643092,-0.14933435,1.0
2455037.423969,0.9706207,-1.81629889,1.42564996,-0.14935758,-1.27790043,0.56430727,-0.14933836,1.0
2455037.428807,0.9827014,-1.81633608,1.42560427,-0.14936144,-1.27786838,0.56430542,-0.14934222,1.0
2455037.432812,0.998531,-1.81636686,1.42556645,-0.14936464,-1.27784185,0.56430389,-0.14934542,1.0
2455037.436852,1.008838,-1.81639791,1.42552829,-0.14936786,-1.27781509,0.56430236,-0.14934864,1.0
2455037.440903,1.008281,-1.81642905,1.42549003,-0.1493711,-1.27778826,0.56430082,-0.14935188,1.0
2455037.444907,1.028266,-1.81645982,1.42545221,-0.14937429,-1.27776173,0.5642993000000001,-0.14935507,1.0
2455037.4499310004,1.031254,-1.81649843,1.42540476,-0.1493783,-1.27772846,0.5642974000000001,-0.14935908,1.0
2455037.455741,1.057328,-1.81654308,1.42534989,-0.14938294,-1.27768999,0.56429522,-0.14936371,1.0
2455037.460753,1.059365,-1.8165816000000004,1.42530255,-0.14938694,-1.2776568,0.56429333,-0.14936771,1.0
2455037.4666560004,1.057552,-1.81662696,1.42524679,-0.14939165,-1.27761771,0.56429112,-0.14937242,1.0
2455037.472501,1.065235,-1.81667187,1.42519158,-0.14939632,-1.27757902,0.56428894,-0.14937709,1.0
2455037.477548,1.059765,-1.81671065,1.42514391,-0.14940034,-1.27754561,0.56428706,-0.14938111,1.0
2455037.482559,1.033783,-1.81674916,1.42509657,-0.14940434,-1.27751244,0.56428521,-0.14938511,1.0
2455037.487606,1.005684,-1.81678794,1.4250489,-0.14940837,-1.27747904,0.56428334,-0.14938914,1.0
2455037.493682,0.9582472,-1.81683462,1.4249915000000002,-0.14941322,-1.27743883,0.5642811,-0.14939398,1.0
2455037.499771,0.9494182,-1.81688141,1.42493398,-0.14941808,-1.27739854,0.56427886,-0.14939884,1.0
2455037.506553,0.9579031,-1.81693351,1.42486992,-0.14942349,-1.27735367,0.56427638,-0.14940425,1.0
2455037.513428,0.9686827,-1.81698633,1.42480497,-0.14942898,-1.27730818,0.56427387,-0.14940973,1.0
2455037.519482,0.980658,-1.81703284,1.42474777,-0.14943381,-1.27726813,0.56427167,-0.14941456,1.0
2455037.526241,0.9943552,-1.81708476,1.42468392,-0.1494392,-1.27722342,0.56426922,-0.14941995,1.0
2455037.532306,1.001626,-1.81713135,1.42462662,-0.14944404,-1.27718331,0.56426704,-0.14942479,1.0
2455037.538371,1.001792,-1.81717794,1.42456932,-0.14944888,-1.2771431999999998,0.56426486,-0.14942963,1.0
2455037.54439,1.004777,-1.81722417,1.42451245,-0.14945368,-1.27710341,0.5642626999999999,-0.14943443,1.0
2455037.55189,1.019675,-1.81728178,1.42444159,-0.14945966,-1.27705382,0.56426003,-0.14944041,1.0
2455037.5578860003,1.040211,-1.81732783,1.42438493,-0.14946445,-1.27701418,0.5642579000000001,-0.14944519,1.0
2455037.563986,1.0560040000000002,-1.81737468,1.4243273,-0.14946931,-1.27697386,0.56425574,-0.14945006,1.0
2455037.569981,1.056948,-1.81742072,1.42427065,-0.14947409,-1.27693424,0.56425362,-0.14945484,1.0
2455037.576023,1.076677,-1.81746712,1.42421356,-0.14947891,-1.2768943,0.5642515,-0.14945965,1.0
2455037.582077,1.09628,-1.81751362,1.42415635,-0.14948374,-1.2768543,0.56424938,-0.14946448,1.0
2455037.588882,1.095806,-1.81756587,1.42409205,-0.14948917,-1.27680933,0.564247,-0.14946991,1.0
2455037.596556,1.08664,-1.8176248,1.42401953,-0.14949529,-1.27675864,0.56424434,-0.14947603,1.0
2455037.602598,1.06169,-1.8176712,1.42396243,-0.14950011,-1.27671872,0.56424225,-0.14948084,1.0
2455037.60871,1.033003,-1.81771813,1.42390467,-0.14950499,-1.27667836,0.56424014,-0.14948572,1.0
2455037.6157580004,0.9936411,-1.81777224,1.42383806,-0.14951061,-1.2766318,0.56423772,-0.14949134,1.0
2455037.620816,0.9784296,-1.81781108,1.42379026,-0.14951464,-1.2765984,0.56423599,-0.14949537,1.0
2455037.6258630003,0.9446905,-1.81784983,1.42374256,-0.14951867,-1.27656508,0.56423427,-0.14949939,1.0
2455037.631592,0.925153,-1.81789381,1.42368842,-0.14952324,-1.27652725,0.56423232,-0.14950396,1.0
2455038.375183,0.9714351,-1.82359056,1.41665124,-0.15011526,-1.27164885,0.5640377,-0.15009581,1.0
2455038.38222,0.9305116,-1.82364436,1.41658455,-0.15012086,-1.27160298,0.56403641,-0.15010141,1.0
2455038.38641,0.92552,-1.82367639,1.41654485,-0.15012419,-1.27157567,0.56403565,-0.15010474,1.0
2455038.390623,0.9436823,-1.82370859,1.41650492,-0.15012754,-1.27154822,0.56403488,-0.15010808,1.0
2455038.394859,0.953318,-1.82374097,1.41646478,-0.15013089999999998,-1.27152061,0.56403411,-0.15011145,1.0
2455038.399084,0.952037,-1.82377327,1.41642474,-0.15013426,-1.27149309,0.56403335,-0.15011481,1.0
2455038.403262,0.9625024,-1.82380521,1.41638514,-0.15013758,-1.27146586,0.56403261,-0.15011813,1.0
2455038.408483,0.9647745,-1.82384511,1.41633566,-0.15014173,-1.27143185,0.56403168,-0.15012227,1.0
2455038.4124990003,0.9611027,-1.82387581,1.4162976,-0.15014492,-1.27140568,0.56403096,-0.15012547,1.0
2455038.416538,0.9548031,-1.82390668,1.41625932,-0.15014813,-1.27137937,0.56403025,-0.15012867,1.0
2455038.421353,0.9589806,-1.82394348,1.41621368,-0.15015196,-1.27134801,0.56402941,-0.1501325,1.0
2455038.426238,0.964579,-1.82398082,1.41616738,-0.15015584,-1.2713162,0.56402856,-0.15013638,1.0
2455038.430254,0.9673638,-1.82401151,1.41612932,-0.15015903,-1.27129004,0.56402786,-0.15013957,1.0
2455038.434294,0.9760449,-1.82404238,1.41609102,-0.15016224,-1.27126373,0.56402716,-0.15014278,1.0
2455038.438345,0.9952904,-1.82407334,1.41605263,-0.15016546,-1.27123735,0.56402647,-0.150146,1.0
2455038.442361,1.0036770000000002,-1.82410403,1.41601456,-0.15016865,-1.2712112,0.56402578,-0.15014919,1.0
2455038.447407,1.007325,-1.8241426,1.41596673,-0.15017266,-1.27117835,0.56402492,-0.1501532,1.0
2455038.4533450003,1.0195530000000002,-1.82418797,1.41591045,-0.15017738,-1.27113969,0.56402392,-0.15015792,1.0
2455038.45838,1.043503,-1.82422645,1.41586272,-0.15018138,-1.27110692,0.56402307,-0.15016192,1.0
2455038.464202,1.042994,-1.82427093,1.41580753,-0.15018601,-1.27106903,0.5640221,-0.15016654,1.0
2455038.470128,1.058556,-1.82431621,1.41575135,-0.15019071,-1.27103046,0.56402112,-0.15017125,1.0
2455038.47514,1.058556,-1.82435451,1.41570384,-0.1501947,-1.27099785,0.5640203,-0.15017523,1.0
2455038.480244,1.062111,-1.82439351,1.41565546,-0.15019875,-1.27096463,0.56401947,-0.15017928,1.0
2455038.485337,1.054926,-1.82443242,1.41560718,-0.15020279999999994,-1.2709315,0.56401864,-0.15018333,1.0
2455038.491425,1.02053,-1.82447893,1.41554946,-0.15020763,-1.2708919,0.56401766,-0.15018816,1.0
2455038.497467,0.9854028,-1.82452509,1.41549218,-0.15021243,-1.27085259,0.56401669,-0.15019296,1.0
2455038.504238,0.9488768,-1.82457682,1.41542799,-0.15021781,-1.27080855,0.56401562,-0.15019834,1.0
2455038.511125,0.9591307,-1.82462943,1.41536269,-0.15022328,-1.27076376,0.56401454,-0.15020381,1.0
2455038.517167,0.9628482,-1.82467558,1.41530541,-0.15022808,-1.27072448,0.5640136,-0.15020861,1.0
2455038.523938,0.9849764,-1.8247273,1.41524121,-0.15023346,-1.27068045,0.56401255,-0.15021399,1.0
2455038.52991,0.9872288,-1.82477292,1.41518459,-0.15023820000000002,-1.27064162,0.56401164,-0.15021873,1.0
2455038.536392,0.9965562,-1.82482243,1.41512313,-0.15024335,-1.27059949,0.56401066,-0.15022388,1.0
2455038.542434,1.00041,-1.82486858,1.41506584,-0.15024815,-1.27056022,0.56400975,-0.15022867,1.0
2455038.549923,0.9947863,-1.82492578,1.41499482,-0.15025410000000006,-1.27051155,0.56400863,-0.15023462,1.0
2455038.555918,1.00475,-1.82497156,1.41493798,-0.15025886,-1.27047259,0.56400774,-0.15023938,1.0
2455038.56196,1.031273,-1.8250177,1.41488068,-0.15026366,-1.27043333,0.56400686,-0.15024418,1.0
2455038.567944,1.03172,-1.8250634,1.41482394,-0.15026841,-1.27039445,0.56400599,-0.15024893,1.0
2455038.573963,1.059639,-1.82510937,1.41476686,-0.15027319,-1.27035536,0.56400512,-0.15025371,1.0
2455038.57997,1.067387,-1.82515524,1.41470989,-0.15027796,-1.27031634,0.56400427,-0.15025848,1.0
2455038.586764,1.08534,-1.82520711,1.41464546,-0.15028336,-1.27027221,0.56400331,-0.15026387,1.0
2455038.594369,1.092179,-1.82526518,1.41457334,-0.1502894,-1.27022283,0.56400224,-0.15026991,1.0
2455038.60041,1.090822,-1.82531131,1.41451605,-0.15029419,-1.2701836000000002,0.56400141,-0.15027471,1.0
2455038.606533,1.070508,-1.82535806,1.41445798,-0.15029905,-1.27014384,0.56400057,-0.15027957,1.0
2455038.613466,1.049711,-1.82541099,1.41439222,-0.15030456,-1.27009884,0.56399962,-0.15028507,1.0
2455038.618582,1.01689,-1.82545005,1.4143437,-0.15030862,-1.27006563,0.56399893,-0.15028913,1.0
2455038.623617,0.9920049,-1.82548848,1.41429595,-0.15031262,-1.27003295,0.56399826,-0.15029313,1.0
2455046.3595970003,0.986069,-1.88322971,1.3399306,-0.15634576,-1.22354683,0.56893243,-0.15632946,1.0
2455046.363775,1.005207,-1.88326017,1.33988991,-0.15634896,-1.22352388,0.5689382,-0.15633266,1.0
2455046.367942,1.023659,-1.88329056,1.33984933,-0.15635215,-1.22350099,0.56894396,-0.15633585,1.0
2455046.372167,1.038091,-1.88332137,1.33980819,-0.15635539,-1.22347778,0.5689498000000001,-0.15633909,1.0
2455046.376403,1.038301,-1.88335225,1.33976693,-0.15635863,-1.22345452,0.56895566,-0.15634234,1.0
2455046.3806740004,1.0364950000000002,-1.88338339,1.33972533,-0.1563619,-1.22343107,0.56896158,-0.15634561,1.0
2455046.385882,1.04443,-1.88342137,1.33967461,-0.15636589,-1.22340247,0.56896879,-0.1563496,1.0
2455046.38991,1.049212,-1.88345073,1.33963538,-0.15636897,-1.22338036,0.56897438,-0.15635269,1.0
2455046.394401,1.068837,-1.88348348,1.33959164,-0.15637241,-1.22335571,0.56898061,-0.15635613,1.0
2455046.398649,1.074601,-1.88351445,1.33955026,-0.15637566,-1.2233324,0.5689865,-0.15635939,1.0
2455046.402735,1.072248,-1.88354424,1.33951047,-0.15637879,-1.22330998,0.56899218,-0.15636252,1.0
2455046.406948,1.071774,-1.88357495,1.33946943,-0.15638201,-1.22328686,0.56899803,-0.15636575,1.0
2455046.4113,1.043151,-1.88360668,1.33942704,-0.15638535,-1.22326298,0.56900408,-0.15636908,1.0
2455046.415293,1.032779,-1.88363578,1.33938815,-0.1563884,-1.22324107,0.56900964,-0.15637214,1.0
2455046.419309,1.017418,-1.88366506,1.33934903,-0.15639148,-1.22321904,0.56901523,-0.15637522,1.0
2455046.423337,0.9977168,-1.88369442,1.3393098,-0.15639456,-1.22319695,0.56902083,-0.15637831,1.0
2455046.429147,0.9594786,-1.88373677,1.3392532,-0.15639901,-1.22316508,0.56902893,-0.15638276,1.0
2455046.434113,0.9452339,-1.88377297,1.33920483,-0.15640281,-1.22313786,0.56903585,-0.15638656,1.0
2455046.439159,0.9190334,-1.88380975,1.33915568,-0.15640667,-1.22311019,0.5690429,-0.15639043,1.0
2455046.444217,0.9309606,-1.88384661,1.3391064,-0.15641054,-1.22308246,0.56904996,-0.1563943,1.0
2455046.449264,0.9440767,-1.8838834,1.33905724,-0.1564144,-1.2230548,0.56905701,-0.15639817,1.0
2455046.454298,0.9648844,-1.88392009,1.3390082,-0.15641825,-1.22302721,0.56906405,-0.15640203,1.0
2455046.459275,0.9508835,-1.88395636,1.33895971,-0.15642206,-1.22299994,0.56907101,-0.15640584,1.0
2455046.464252,0.9562144,-1.88399263,1.33891123,-0.15642587,-1.22297267,0.56907798,-0.15640965,1.0
2455046.470271,0.9526367,-1.88403649,1.33885259,-0.15643048,-1.22293969,0.56908641,-0.15641427,1.0
2455046.476255,0.959187,-1.8840801,1.33879429,-0.15643506,-1.22290692,0.5690948,-0.15641885,1.0
2455046.482343,0.9527507,-1.88412446,1.33873498,-0.15643972,-1.22287357,0.56910334,-0.15642351,1.0
2455046.488396,0.9678929,-1.88416856,1.33867601,-0.15644435,-1.22284042,0.56911185,-0.15642815,1.0
2455046.494496,0.9987189,-1.88421301,1.33861658,-0.15644901,-1.22280703,0.56912042,-0.15643282,1.0
2455046.501232,0.9880053,-1.88426209,1.33855095,-0.15645417,-1.22277016,0.56912989,-0.15643798,1.0
2455046.507251,1.0101440000000002,-1.88430594,1.3384923,-0.15645877,-1.22273721,0.56913837,-0.15644259,1.0
2455046.5142650004,1.025622,-1.88435704,1.33842396,-0.15646414,-1.22269883,0.56914825,-0.15644796,1.0
2455046.52143,1.0467799999999998,-1.88440924,1.33835415,-0.15646962,-1.22265963,0.56915836,-0.15645345,1.0
2455046.529196,1.051728,-1.88446581,1.33827848,-0.15647556,-1.22261715,0.56916932,-0.1564594,1.0
2455046.536268,1.042729,-1.88451733,1.33820957,-0.15648097,-1.22257848,0.56917931,-0.15646482,1.0
2455046.543351,1.027399,-1.88456892,1.33814055,-0.15648639,-1.22253974,0.56918933,-0.15647024,1.0
2455046.56466,0.9468023,-1.88472413,1.33793289,-0.15650269,-1.22242327,0.56921953,-0.15648656,1.0
2455046.5733060003,0.9553517,-1.8847871,1.33784864,-0.1565093,-1.22237603,0.5692318000000001,-0.15649318,1.0
2455046.580401,0.9655689,-1.88483876,1.33777949,-0.15651473,-1.22233727,0.56924189,-0.15649861,1.0
2455046.587484,0.9733282,-1.88489034,1.33771046,-0.15652015,-1.22229858,0.56925196,-0.15650404,1.0
2455046.594325,0.98877,-1.88494016,1.33764379,-0.15652538,-1.22226123,0.5692617,-0.15650927,1.0
2455046.6003900003,0.9787309,-1.88498432,1.33758468,-0.15653002,-1.22222812,0.56927034,-0.15651392,1.0
2455046.607184,0.9773616,-1.88503379,1.33751846,-0.15653521,-1.22219103,0.56928003,-0.15651912,1.0
2455059.314333,0.9466391,-1.97388484,1.21118423,-0.1659461,-1.16543468,0.60132949,-0.1659368,1.0
2455059.3174,0.9456282,-1.97390539,1.21115315,-0.16594829,-1.16542428,0.60134035,-0.16593899,1.0
2455059.320433,0.9645493,-1.97392571,1.21112243,-0.16595047,-1.16541401,0.60135108,-0.16594116,1.0
2455059.325051,0.960153,-1.97395665,1.21107564,-0.16595377,-1.16539837,0.60136743,-0.16594447,1.0
2455059.3280720003,0.9636524,-1.97397688,1.21104504,-0.16595594,-1.16538814,0.60137813,-0.16594663,1.0
2455059.331127,0.9814957,-1.97399735,1.21101409,-0.16595812,-1.16537779,0.60138895,-0.16594882,1.0
2455059.33416,0.9749457,-1.97401766,1.21098336,-0.16596029,-1.16536753,0.60139969,-0.16595099,1.0
2455059.337181,0.9860897,-1.9740379,1.21095275,-0.16596246,-1.1653573,0.60141039,-0.16595315,1.0
2455059.3402360003,0.9741109,-1.97405836,1.2109218000000002,-0.16596465,-1.16534696,0.60142121,-0.16595534,1.0
2455059.343245,0.9800865,-1.97407852,1.21089132,-0.1659668,-1.16533678,0.60143188,-0.16595749,1.0
2455059.346289,0.9962777,-1.97409891,1.21086048,-0.16596898,-1.16532648,0.60144266,-0.16595967,1.0
2455059.350329,1.003211,-1.97412597,1.21081954,-0.16597187,-1.16531282,0.60145698,-0.16596256,1.0
2455059.354357,1.005802,-1.97415295,1.21077873,-0.16597475,-1.1652992,0.60147126,-0.16596544,1.0
2455059.35835,1.016437,-1.97417969,1.21073828,-0.16597761,-1.16528569,0.60148541,-0.1659683,1.0
2455059.363257,1.027326,-1.97421255,1.21068856,-0.16598113,-1.16526911,0.60150281,-0.16597181,1.0
2455059.368037,1.034857,-1.97424456,1.21064013,-0.16598455,-1.16525295,0.60151977,-0.16597523,1.0
2455059.372135,1.034505,-1.97427201,1.21059861,-0.16598748,-1.16523911,0.6015343000000001,-0.16597817,1.0
2455059.376197,1.036717,-1.97429921,1.21055745,-0.16599039,-1.16522539,0.60154872,-0.16598107,1.0
2455059.380271,1.022041,-1.97432649,1.21051617,-0.16599331,-1.16521163,0.60156317,-0.16598399,1.0
2455059.384322,1.012811,-1.97435362,1.21047512,-0.1659962,-1.16519795,0.60157755,-0.16598689,1.0
2455059.388408,0.9955806,-1.97438098,1.21043372,-0.16599913,-1.16518416,0.60159205,-0.16598981,1.0
2455059.39416,0.9644516,-1.97441949,1.21037544,-0.16600325,-1.16516475,0.60161248,-0.16599393,1.0
2455059.399218,0.9475463,-1.97445336,1.21032418,-0.16600687,-1.16514769,0.60163044,-0.16599755,1.0
2455059.40504,0.9612235999999998,-1.97449234,1.21026519,-0.16601103,-1.16512805,0.60165112,-0.16600171,1.0
2455059.4107810003,0.9667639,-1.97453078,1.21020701,-0.16601514,-1.1651087,0.60167151,-0.16600582,1.0
2455059.415792,0.9780486,-1.97456433,1.21015623,-0.16601873,-1.1650918,0.60168932,-0.1660094,1.0
2455059.420873,0.9886633,-1.97459834,1.21010474,-0.16602236,-1.16507468,0.60170738,-0.16601304,1.0
2455059.425873,0.997747,-1.97463181,1.21005408,-0.16602594,-1.16505784,0.60172516,-0.16601662,1.0
2455059.431961,1.001614,-1.97467257,1.20999238,-0.1660303,-1.16503734,0.60174681,-0.16602097,1.0
2455059.43798,1.009747,-1.97471286,1.20993138,-0.16603461,-1.16501707,0.60176821,-0.16602528,1.0
2455059.444172,1.002694,-1.9747543,1.20986863,-0.16603904,-1.16499623,0.60179024,-0.16602971,1.0
2455059.4516950003,1.015501,-1.97480466,1.20979239,-0.16604442,-1.16497092,0.60181702,-0.16603509,1.0
2455059.45776,1.0348,-1.97484525,1.20973092,-0.16604876,-1.16495053,0.60183861,-0.16603943,1.0
2455059.4646,1.049138,-1.97489103,1.2096616000000002,-0.16605365,-1.16492753,0.60186296,-0.16604432,1.0
2455059.470642,1.060006,-1.97493146,1.20960037,-0.16605798,-1.16490723,0.60188448,-0.16604864,1.0
2455059.477726,1.073041,-1.97497887,1.20952857,-0.16606304,-1.16488343,0.60190971,-0.16605371,1.0
2455059.484809,1.094008,-1.97502627,1.20945678,-0.16606811,-1.16485965,0.60193495,-0.16605877,1.0
2455059.49261,1.098521,-1.97507846,1.20937771,-0.16607369,-1.16483346,0.60196276,-0.16606435,1.0
2455059.499705,1.086006,-1.97512594,1.2093058,-0.16607877,-1.16480966,0.60198806,-0.16606943,1.0
2455059.506754,1.063821,-1.9751731,1.20923435,-0.16608381,-1.16478601,0.6020131999999999,-0.16607447,1.0
2455059.513872,1.0203950000000002,-1.97522072,1.2091622,-0.16608889999999998,-1.16476215,0.6020386,-0.16607956,1.0
2455059.537761,0.9681629,-1.97538053,1.20892004,-0.16610599,-1.16468212,0.60212389,-0.16609664,1.0
2455059.544867,0.9841118,-1.97542806,1.20884801,-0.16611107,-1.16465834,0.60214927,-0.16610172,1.0
2455059.551881,0.9869529,-1.97547497,1.2087769,-0.16611609,-1.16463487,0.60217434,-0.16610673,1.0
2455059.558768,0.9858627,-1.97552104,1.20870709,-0.16612101,-1.16461184,0.60219895,-0.16611165,1.0
2455059.564856,0.9867438,-1.97556175,1.20864537,-0.16612536,-1.16459148,0.60222072,-0.16611601,1.0
2455059.571685,0.9759969,-1.97560742,1.20857614,-0.16613025,-1.16456866,0.60224514,-0.16612089,1.0
2455064.303183,0.976929,-2.00672433,1.16029317,-0.16946924,-1.15087769,0.62073876,-0.16945836,1.0
2455064.306227,0.9673575,-2.00674401,1.16026191,-0.16947135,-1.15087029,0.62075162,-0.16946048,1.0
2455064.311737,0.9472378,-2.00677963,1.16020532,-0.16947519,-1.15085688,0.62077491,-0.16946432,1.0
2455064.3148040003,0.9518292,-2.00679946,1.16017382,-0.16947733,-1.15084942,0.62078787,-0.16946645,1.0
2455064.317848,0.9536368,-2.00681914,1.16014256,-0.16947945,-1.15084202,0.62080074,-0.16946857,1.0
2455064.32088,0.9622569,-2.00683874,1.16011142,-0.16948156,-1.15083465,0.62081356,-0.16947068,1.0
2455064.323901,0.9657195,-2.00685826,1.16008039,-0.16948366,-1.15082731,0.62082633,-0.16947278,1.0
2455064.326922,0.9708207,-2.00687779,1.16004936,-0.16948576,-1.15081997,0.62083911,-0.16947489,1.0
2455064.329954,0.977037,-2.00689739,1.16001822,-0.16948787,-1.1508126,0.62085193,-0.169477,1.0
2455064.33301,0.9809052,-2.00691714,1.15998683,-0.16949,-1.15080518,0.62086486,-0.16947912,1.0
2455064.337049,0.9803994,-2.00694325,1.15994535,-0.16949281,-1.15079538,0.62088194,-0.16948193,1.0
2455064.341054,0.9718048,-2.00696914,1.15990421,-0.16949560000000002,-1.15078566,0.62089888,-0.16948472,1.0
2455064.345116,0.971751,-2.00699539,1.15986249,-0.16949843,-1.1507758,0.62091607,-0.16948755,1.0
2455064.349954,0.9736234,-2.00702666,1.1598128,-0.16950179999999998,-1.15076407,0.62093655,-0.16949091,1.0
2455064.354769,0.9631435,-2.00705778,1.15976334,-0.16950515,-1.1507524,0.62095692,-0.16949426,1.0
2455064.35882,0.9710532,-2.00708396,1.15972173,-0.16950797,-1.15074258,0.62097407,-0.16949708,1.0
2455064.362836,0.9791811,-2.00710991,1.15968048,-0.16951076,-1.15073285,0.62099107,-0.16949988,1.0
2455064.366864,0.990109,-2.00713594,1.1596391,-0.16951357,-1.1507231000000002,0.62100812,-0.16950268,1.0
2455064.370903,0.9969721,-2.00716204,1.15959761,-0.16951638,-1.15071332,0.62102523,-0.16950549,1.0
2455064.374896,0.9914231,-2.00718784,1.1595566000000002,-0.16951916,-1.15070365,0.62104214,-0.16950827,1.0
2455064.38066,1.011372,-2.00722509,1.15949739,-0.16952317,-1.15068971,0.62106655,-0.16951228,1.0
2455064.38566,1.023753,-2.0072574,1.15944603,-0.16952665,-1.15067762,0.62108773,-0.16951576,1.0
2455064.391482,1.037994,-2.00729501,1.15938622,-0.1695307,-1.15066355,0.6211124,-0.16951981,1.0
2455064.397281,1.049501,-2.00733248,1.15932665,-0.16953474,-1.15064954,0.62113697,-0.16952384,1.0
2455064.402489,1.05776,-2.00736613,1.15927315,-0.16953836,-1.15063696,0.62115904,-0.16952747,1.0
2455064.4075240004,1.060901,-2.00739865,1.15922142,-0.16954187,-1.15062481,0.62118039,-0.16953097,1.0
2455064.412628,1.0499459999999998,-2.00743163,1.15916899,-0.16954542,-1.15061249,0.62120202,-0.16953452,1.0
2455064.418658,1.034863,-2.00747058,1.15910704,-0.16954961,-1.15059795,0.62122759,-0.16953871,1.0
2455064.424804,1.001832,-2.00751028,1.1590439,-0.16955389,-1.15058314,0.62125366,-0.16954299,1.0
2455064.430869,0.9689715,-2.00754945,1.15898159,-0.16955811,-1.15056853,0.62127938,-0.16954721,1.0
2455064.437721,0.955096,-2.00759371,1.15891119,-0.16956288,-1.15055203,0.62130846,-0.16955197,1.0
2455064.443716,0.9682578000000002,-2.00763243,1.1588496,-0.16956705,-1.1505376,0.6213339,-0.16955614,1.0
2455064.449827,0.9906198,-2.0076719,1.15878682,-0.1695713,-1.1505229,0.62135983,-0.16956039,1.0
2455064.456679,1.002885,-2.00771615,1.15871642,-0.16957607,-1.15050642,0.62138892,-0.16956516,1.0
2455064.463716,1.004475,-2.00776159,1.15864412,-0.16958096,-1.15048952,0.6214188,-0.16957005,1.0
2455064.47073,1.006466,-2.00780688,1.15857205,-0.16958584,-1.15047267,0.62144858,-0.16957493,1.0
2455064.479295,1.001039,-2.00786219,1.15848405,-0.1695918,-1.15045212,0.62148497,-0.16958088,1.0
2455064.486297,1.008294,-2.0079074,1.1584121,-0.16959667,-1.15043533,0.62151472,-0.16958575,1.0
2455064.49338,1.034511,-2.00795313,1.15833932,-0.16960160000000002,-1.15041835,0.62154482,-0.16959068,1.0
2455064.5014130003,1.052522,-2.00800499,1.15825678,-0.16960718,-1.15039911,0.62157896,-0.16959626,1.0
2455064.50948,1.068659,-2.00805707,1.15817388,-0.16961279,-1.1503798,0.62161326,-0.16960187,1.0
2455064.518334,1.084514,-2.00811422,1.1580829,-0.16961895,-1.15035862,0.62165092,-0.16960803,1.0
2455064.527975,1.0843040000000002,-2.00817645,1.15798383,-0.16962565,-1.15033557,0.62169193,-0.16961473,1.0
2455064.535984,1.076364,-2.00822814,1.15790152,-0.16963122,-1.15031644,0.62172601,-0.1696203,1.0
2455064.543924,1.052376,-2.00827939,1.15781992,-0.16963674,-1.15029749,0.6217598000000001,-0.16962582,1.0
2455064.551019,1.004225,-2.00832518,1.15774701,-0.16964168,-1.15028057,0.62179,-0.16963075,1.0
2455064.558774,0.9625494,-2.00837522,1.15766731,-0.16964707,-1.15026208,0.62182302,-0.16963614,1.0
2455068.289932,1.035916,-2.03212227,1.11913404,-0.17221325,-1.14278168,0.63855611,-0.17220244,1.0
2455068.292988,1.050317,-2.03214145,1.11910232,-0.17221533,-1.14277673,0.63857047,-0.17220452,1.0
2455068.296043,1.053184,-2.03216062,1.11907062,-0.17221741,-1.14277178,0.63858484,-0.17220660000000002,1.0
2455068.300696,1.066725,-2.03218982,1.11902234,-0.17222058,-1.14276424,0.63860671,-0.17220977,1.0
2455068.303775,1.069647,-2.03220914,1.11899038,-0.17222267,-1.14275926,0.63862119,-0.17221186,1.0
2455068.30683,1.058124,-2.03222831,1.11895868,-0.17222475,-1.14275432,0.63863556,-0.17221394,1.0
2455068.309886,1.053582,-2.03224749,1.11892697,-0.17222683,-1.14274937,0.63864993,-0.17221602,1.0
2455068.31293,1.045799,-2.03226659,1.11889538,-0.1722289,-1.14274445,0.63866425,-0.17221809,1.0
2455068.315962,1.038763,-2.03228561,1.11886391,-0.17223096,-1.14273955,0.63867851,-0.17222015,1.0
2455068.319029,1.020686,-2.03230485,1.11883208,-0.17223305,-1.1427346,0.63869294,-0.17222224,1.0
2455068.322062,1.008529,-2.03232388,1.11880061,-0.17223511,-1.1427296999999998,0.6387071999999999,-0.17222431,1.0
2455068.326136,0.9839304,-2.03234944,1.11875833,-0.17223788,-1.14272313,0.63872637,-0.17222708,1.0
2455068.330152,0.9540263,-2.03237464,1.11871665,-0.17224061,-1.14271665,0.63874527,-0.17222981,1.0
2455068.334145,0.9344076,-2.03239969,1.11867521,-0.17224333,-1.14271021,0.63876406,-0.17223253,1.0
2455068.339029,0.9187987,-2.03243033,1.11862452,-0.17224665,-1.14270234,0.63878704,-0.17223585,1.0
2455068.34389,0.9324389,-2.03246083,1.11857407,-0.17224995,-1.14269451,0.63880992,-0.17223916,1.0
2455068.347999,0.9384613000000002,-2.0324866000000004,1.11853143,-0.17225275,-1.1426879,0.63882926,-0.17224195,1.0
2455068.352027,0.9476945,-2.03251187,1.11848962,-0.17225549,-1.14268142,0.63884822,-0.17224469,1.0
2455068.356066,0.9548615,-2.0325372,1.1184477,-0.17225823,-1.14267493,0.63886724,-0.17224744,1.0
2455068.360094,0.9572213,-2.03256247,1.1184059,-0.17226097,-1.14266845,0.6388862,-0.17225018,1.0
2455068.3641560003,0.9616219,-2.03258795,1.11836374,-0.17226373,-1.14266193,0.63890534,-0.17225294,1.0
2455068.369885,0.9611969,-2.03262388,1.11830427,-0.17226763,-1.14265273,0.63893232,-0.17225684,1.0
2455068.37492,0.9620117,-2.03265546,1.11825201,-0.17227105,-1.14264466,0.63895603,-0.17226027,1.0
2455068.3808580004,0.9465518,-2.0326927,1.11819038,-0.17227509,-1.14263514,0.638984,-0.17226431,1.0
2455068.386714,0.9451579,-2.03272942,1.1181296,-0.17227907,-1.14262576,0.63901159,-0.17226829,1.0
2455068.391737,0.9689299,-2.03276092,1.11807746,-0.17228249,-1.14261772,0.63903526,-0.17227171,1.0
2455068.396749,0.9844652,-2.03279235,1.11802544,-0.17228589,-1.14260971,0.63905887,-0.17227511,1.0
2455068.401807,0.9857627,-2.03282407,1.11797294,-0.17228933,-1.14260162,0.63908271,-0.17227855,1.0
2455068.407848,0.9918463,-2.03286195,1.11791023,-0.17229344,-1.14259197,0.63911119,-0.17228266,1.0
2455068.413936,1.0077120000000002,-2.03290012,1.11784704,-0.17229758,-1.14258226,0.63913989,-0.1722868,1.0
2455068.420094,1.029922,-2.03293872,1.11778311,-0.17230176,-1.14257244,0.63916892,-0.17229099,1.0
2455068.427744,1.039931,-2.03298669,1.1177037,-0.17230696,-1.14256025,0.639205,-0.17229619,1.0
2455068.433855,1.044971,-2.03302499,1.11764026,-0.17231111,-1.14255052,0.63923382,-0.17230035,1.0
2455068.440672,1.036966,-2.03306773,1.1175695,-0.17231575,-1.14253968,0.63926598,-0.17230498,1.0
2455068.446691,1.017476,-2.03310546,1.11750701,-0.17231984,-1.14253012,0.63929437,-0.17230908,1.0
2455068.453751,0.9751252,-2.03314971,1.11743372,-0.17232464,-1.14251891,0.63932769,-0.17231388,1.0
2455068.460776,0.9384267,-2.03319374,1.11736079,-0.17232941,-1.14250777,0.63936084,-0.17231865,1.0
2455068.469306,0.9428191,-2.0332472,1.11727224,-0.17233521,-1.14249425,0.63940111,-0.17232445,1.0
2455068.476621,0.9622155,-2.03329304,1.11719629,-0.17234018,-1.14248267,0.63943564,-0.17232943,1.0
2455068.48367,0.9752329,-2.03333722,1.11712311,-0.17234497,-1.14247153,0.63946892,-0.17233422,1.0
2455068.491795,0.9817036,-2.03338813,1.11703875,-0.17235049,-1.14245869,0.63950729,-0.17233974,1.0
2455068.499977,0.9866983,-2.0334394,1.1169538,-0.17235605,-1.14244578,0.63954595,-0.1723453,1.0
2455068.5096650003,0.9713246,-2.0335001,1.11685322,-0.17236263,-1.14243051,0.63959172,-0.17235189,1.0
2455068.518554,1.0024540000000002,-2.03355579,1.11676092,-0.17236867,-1.14241651,0.63963372,-0.17235793,1.0
2455068.526655,1.012988,-2.03360654,1.11667681,-0.17237417,-1.14240377,0.63967202,-0.17236344,1.0
2455068.53456,1.023577,-2.03365606,1.11659473,-0.17237954,-1.14239135,0.63970939,-0.17236881,1.0
2455068.5415740004,1.043721,-2.03369999,1.1165219,-0.1723843,-1.14238035,0.63974255,-0.17237358,1.0
2455068.550255,1.06335,-2.03375436,1.11643175,-0.1723902,-1.14236674,0.6397835999999999,-0.17237947,1.0
2455068.289955,1.041033,-2.03212241,1.1191338,-0.17221327,-1.14278164,0.63855621,-0.17220246,1.0
2455068.293023,1.051595,-2.03214167,1.11910196,-0.17221536,-1.14277667,0.63857063,-0.17220454,1.0
2455068.296078,1.061521,-2.03216084,1.11907026,-0.17221743,-1.14277172,0.6385850000000001,-0.17220662,1.0
2455068.300719,1.065194,-2.03218996,1.1190221000000002,-0.17222059,-1.1427642,0.63860682,-0.17220978,1.0
2455068.303809,1.05679,-2.03220935,1.11899003,-0.17222269,-1.1427592,0.63862135,-0.17221189,1.0
2455068.306865,1.059694,-2.03222853,1.11895832,-0.17222477,-1.14275426,0.63863572,-0.17221396,1.0
2455068.309921,1.056556,-2.03224771,1.1189266000000002,-0.17222685,-1.14274932,0.63865009,-0.17221604,1.0
2455068.312965,1.048365,-2.03226681,1.11889501,-0.17222892,-1.1427444,0.63866441,-0.17221811,1.0
2455068.3159970003,1.042194,-2.03228583,1.11886355,-0.17223098,-1.1427395,0.63867867,-0.17222018,1.0
2455068.319064,1.026958,-2.03230507,1.11883172,-0.17223307,-1.14273454,0.6386931,-0.17222227,1.0
2455068.322096,1.009422,-2.0323241000000003,1.11880025,-0.17223513,-1.14272965,0.63870736,-0.17222433,1.0
2455068.32617,0.9872442,-2.03234966,1.11875797,-0.1722379,-1.14272307,0.63872653,-0.1722271,1.0
2455068.330187,0.9537281,-2.03237486,1.11871629,-0.17224063,-1.14271659,0.63874543,-0.17222983,1.0
2455068.334168,0.9376928,-2.03239984,1.11867497,-0.17224334,-1.14271017,0.63876416,-0.17223254,1.0
2455068.339064,0.9178687,-2.03243055,1.11862416,-0.17224667,-1.14270228,0.6387871999999999,-0.17223587,1.0
2455068.343925,0.9360791,-2.03246105,1.11857371,-0.17224998,-1.14269446,0.63881008,-0.17223918,1.0
2455068.348034,0.9451496,-2.03248682,1.11853106,-0.17225277,-1.14268784,0.63882943,-0.17224198,1.0
2455068.352062,0.9478172,-2.03251209,1.11848926,-0.17225551,-1.14268136,0.63884839,-0.17224472,1.0
2455068.356101,0.9570895,-2.03253742,1.11844734,-0.17225826,-1.14267487,0.6388674,-0.17224746,1.0
2455068.360129,0.9630317,-2.03256269,1.11840553,-0.172261,-1.1426684,0.63888637,-0.17225020000000002,1.0
2455068.364191,0.9665862,-2.03258817,1.11836337,-0.17226376,-1.14266187,0.6389055,-0.17225297,1.0
2455068.36992,0.9543695,-2.0326241,1.11830391,-0.17226765,-1.14265268,0.63893248,-0.17225687,1.0
2455068.374955,0.9465958,-2.03265568,1.11825165,-0.17227108,-1.1426446,0.63895619,-0.17226029,1.0
2455068.380892,0.9496959,-2.03269291,1.11819003,-0.17227511,-1.14263509,0.63898416,-0.17226433,1.0
2455068.3867490003,0.947119,-2.03272964,1.11812924,-0.17227909,-1.14262571,0.63901175,-0.17226831,1.0
2455068.391772,0.9640611,-2.03276114,1.1180771,-0.17228251,-1.14261767,0.63903542,-0.17227173,1.0
2455068.3967830003,0.9749909,-2.03279256,1.11802509,-0.17228592,-1.14260965,0.63905904,-0.17227514,1.0
2455068.401841,0.9746318000000002,-2.03282428,1.11797258,-0.17228935,-1.14260157,0.63908288,-0.17227858,1.0
2455068.407883,0.9861354,-2.03286216,1.11790987,-0.17229346,-1.14259192,0.63911135,-0.17228269,1.0
2455068.413971,0.994472,-2.03290034,1.11784667,-0.17229760000000002,-1.1425822,0.63914005,-0.17228683,1.0
2455068.420128,1.010082,-2.03293894,1.11778276,-0.17230178,-1.14257239,0.63916909,-0.17229101,1.0
2455068.4277790003,1.034848,-2.0329869,1.11770334,-0.17230699,-1.1425602,0.63920516,-0.17229622,1.0
2455068.43389,1.037119,-2.03302521,1.1176399,-0.17231114,-1.14255047,0.63923398,-0.17230037,1.0
2455068.440707,1.032573,-2.03306795,1.11756913,-0.17231577,-1.14253963,0.63926614,-0.17230501,1.0
2455068.446725,1.013931,-2.03310567,1.11750666,-0.17231986,-1.14253007,0.63929454,-0.17230910000000002,1.0
2455068.453785,0.9756916,-2.03314992,1.11743337,-0.17232466,-1.14251886,0.63932785,-0.1723139,1.0
2455068.460811,0.9379174,-2.03319396,1.11736043,-0.17232943,-1.14250771,0.63936101,-0.17231868,1.0
2455068.469341,0.9506236,-2.03324742,1.11727187,-0.17233523,-1.1424942,0.63940127,-0.17232448,1.0
2455068.476656,0.9635995,-2.03329326,1.11719593,-0.1723402,-1.14248262,0.63943581,-0.17232945,1.0
2455068.483704,0.9740754,-2.03333743,1.11712276,-0.17234499,-1.14247147,0.63946909,-0.17233424,1.0
2455068.491829,0.9879355,-2.03338834,1.1170383999999998,-0.17235051,-1.14245864,0.63950746,-0.17233976,1.0
2455068.500012,0.9802674,-2.03343962,1.11695344,-0.17235607,-1.14244572,0.63954611,-0.17234533,1.0
2455068.5097,0.9746138,-2.03350032,1.11685285,-0.17236265,-1.14243045,0.63959188,-0.17235191,1.0
2455068.518588,0.9990255,-2.033556,1.11676057,-0.17236869,-1.14241646,0.63963388,-0.17235795,1.0
2455068.52669,1.025823,-2.03360676,1.11667644,-0.17237419,-1.14240372,0.63967218,-0.17236346,1.0
2455068.534595,1.033524,-2.03365628,1.11659436,-0.17237956,-1.1423913,0.63970955,-0.17236883,1.0
2455068.541609,1.043587,-2.03370021,1.11652153,-0.17238433,-1.14238029,0.63974271,-0.17237360000000002,1.0
2455081.254833,1.034259,-2.10943377,0.98248286,-0.18068749,-1.13993935,0.70727408,-0.18068695,1.0
2455081.258305,1.035384,-2.10945338,0.98244573,-0.18068966,-1.13994362,0.70729416,-0.18068913,1.0
2455081.2693580003,1.052721,-2.1095158,0.98232751,-0.18069659,-1.13995721,0.7073581,-0.18069606,1.0
2455081.284624,1.03076,-2.109602,0.98216422,-0.18070615,-1.13997603,0.70744642,-0.18070563,1.0
2455081.28813,1.011825,-2.1096218,0.98212672,-0.18070835,-1.13998036,0.70746671,-0.18070783,1.0
2455081.29386,0.968513,-2.10965415,0.98206543,-0.18071194,-1.13998744,0.70749986,-0.18071143,1.0
2455081.297378,0.943108,-2.10967401,0.9820278,-0.18071414,-1.1399918,0.70752022,-0.18071363,1.0
2455081.303813,0.9483255,-2.10971034,0.98195896,-0.18071817,-1.13999977,0.70755745,-0.18071767,1.0
2455081.308084,0.9560607,-2.10973445,0.98191328,-0.18072085,-1.14000506,0.70758217,-0.18072035,1.0
2455081.31372,0.9556205,-2.10976626,0.98185299,-0.18072438,-1.14001205,0.70761479,-0.18072388,1.0
2455081.317169,0.9820768,-2.10978573,0.9818161,-0.18072654,-1.14001634,0.70763475,-0.18072604,1.0
2455081.322852,0.9777266,-2.10981781,0.9817553,-0.1807301,-1.1400233999999998,0.70766764,-0.18072961,1.0
2455081.326324,0.9943824,-2.10983741,0.98171816,-0.18073228,-1.14002772,0.70768774,-0.18073178,1.0
2455081.331949,0.9976942,-2.10986915,0.98165799,-0.1807358,-1.14003472,0.7077203000000001,-0.18073531,1.0
2455081.33615,1.002816,-2.10989286,0.98161305,-0.18073843,-1.14003995,0.70774461,-0.18073794,1.0
2455081.341787,1.003694,-2.10992468,0.98155275,-0.18074196,-1.14004698,0.70777724,-0.18074148,1.0
2455081.346023,0.992068,-2.10994858,0.98150743,-0.18074461,-1.14005227,0.70780177,-0.18074413,1.0
2455081.352446,1.002909,-2.10998483,0.98143872,-0.18074864,-1.1400603,0.70783895,-0.18074816,1.0
2455081.35593,1.007965,-2.11000449,0.98140145,-0.18075082,-1.14006465,0.70785912,-0.18075034,1.0
2455081.361601,1.022675,-2.11003649,0.98134078,-0.18075437,-1.14007175,0.70789196,-0.1807539,1.0
2455081.365143,1.019637,-2.11005647,0.98130289,-0.18075659,-1.14007619,0.70791247,-0.18075612,1.0
2455081.370895,1.049662,-2.11008893,0.98124135,-0.18076019,-1.1400834,0.70794577,-0.18075972,1.0
2455081.374367,1.061748,-2.11010851,0.98120421,-0.18076236,-1.14008776,0.70796588,-0.1807619,1.0
2455081.380073,1.056704,-2.11014071,0.98114316,-0.18076594,-1.14009493,0.70799892,-0.18076547,1.0
2455081.383533,1.077937,-2.11016022,0.98110614,-0.1807681,-1.14009927,0.70801896,-0.18076764,1.0
2455081.390582,1.092581,-2.11019999,0.98103073,-0.18077252,-1.14010814,0.70805979,-0.18077206,1.0
2455081.3940310003,1.080213,-2.11021945,0.98099383,-0.18077468,-1.14011249,0.70807976,-0.18077422,1.0
2455081.399632,1.077411,-2.11025104,0.9809339,-0.18077818,-1.14011955,0.70811221,-0.18077773,1.0
2455081.406843,1.038392,-2.11029171,0.98085675,-0.1807827,-1.14012865,0.70815397,-0.18078225,1.0
2455081.412468,1.036739,-2.11032344,0.98079657,-0.18078622,-1.14013575,0.70818655,-0.18078577,1.0
2455081.416067,0.9896496,-2.11034374,0.98075806,-0.18078847,-1.1401403,0.70820741,-0.18078803,1.0
2455081.421669,0.9565627,-2.11037533,0.98069813,-0.18079198,-1.14014739,0.70823986,-0.18079154,1.0
2455081.425153,0.9448817,-2.11039498,0.98066085,-0.18079416,-1.14015181,0.70826005,-0.18079372,1.0
2455081.432722,0.9223706,-2.11043766,0.98057986,-0.1807989,-1.1401614,0.7083039000000001,-0.18079846,1.0
2455081.438324,0.942127,-2.11046925,0.98051992,-0.1808024,-1.14016851,0.70833636,-0.18080197,1.0
2455081.441819,0.9547407,-2.11048895,0.98048253,-0.18080459,-1.14017295,0.70835661,-0.18080416,1.0
2455081.447594,0.9639121,-2.11052152,0.98042073,-0.18080821,-1.1401803,0.70839008,-0.18080778,1.0
2455081.451078,0.9590946,-2.11054116,0.98038346,-0.18081039,-1.14018473,0.70841027,-0.18080996,1.0
2455081.4590060003,0.9468506,-2.11058586,0.98029862,-0.18081535,-1.14019483,0.70845622,-0.18081493,1.0
2455081.463647,0.9450384,-2.11061202,0.98024896,-0.18081825,-1.14020075,0.70848311,-0.18081784,1.0
2455081.472964,0.9575941,-2.11066454,0.98014927,-0.18082408,-1.14021264,0.70853711,-0.18082367,1.0
2455081.478334,0.9589709,-2.11069481,0.9800918,-0.18082744,-1.14021951,0.70856825,-0.18082703,1.0
2455081.486297,0.976161,-2.1107397,0.98000659,-0.18083242,-1.1402297,0.7086144,-0.18083202,1.0
2455081.490996,0.9783752,-2.11076618,0.97995631,-0.18083536,-1.14023572,0.70864165,-0.18083496,1.0
2455081.498727,1.002106,-2.11080975,0.97987358,-0.1808402,-1.14024564,0.70868647,-0.1808398,1.0
2455081.512245,1.026184,-2.11088593,0.97972892,-0.18084866,-1.14026302,0.70876485,-0.18084827,1.0
2455081.515891,1.010903,-2.11090648,0.9796899,-0.18085094,-1.14026771,0.70878599,-0.18085055,1.0
